1.661415576428832769e+09 1.378528122206244648e-16 -2.367949187755584717e-01 1.128897309303283691e+00 -6.125128269195556641e-01 6.125135421752929688e-01 3.533097505569458008e-01 3.533093035221099854e-01 0.000000000000000000e+00 0.000000000000000000e+00 0.000000000000000000e+00 0.000000000000000000e+00 0.000000000000000000e+00 0.000000000000000000e+00 0.000000000000000000e+00
1.661415576461975574e+09 -1.709738746285438538e-02 -2.167675197124481201e-01 1.148944973945617676e+00 6.131255030632019043e-01 -6.047564744949340820e-01 -3.605389595031738281e-01 -3.582712709903717041e-01 9.985791199791340667e-01 7.610306628574515786e-01 -9.122187487136328432e-01 1.207609331092239113e+00 -8.171980615889418154e-01 3.008627096833637049e-01 8.209017965695175612e-01
1.661415576495475054e+09 -3.216939046978950500e-02 -1.966991126537322998e-01 1.169239401817321777e+00 6.101545095443725586e-01 -6.005408763885498047e-01 -3.650782406330108643e-01 -3.657594919204711914e-01 9.634914720696399204e-01 7.200449291996720014e-01 -9.141641087489690287e-01 1.235931779152052767e+00 -1.500675392933154884e+00 2.266488250620523615e-01 1.531806176677176001e+00
1.661415576528755665e+09 -5.071513727307319641e-02 -1.766577810049057007e-01 1.189338564872741699e+00 6.114559173583984375e-01 -5.917814373970031738e-01 -3.742540776729583740e-01 -3.685787022113800049e-01 1.018773320052923426e+00 6.778226940460813088e-01 -9.303896589836323505e-01 1.264157908490679771e+00 -3.744060949399150018e-01 2.490286352572982920e-01 3.961936619966927586e-01
1.661415576562055349e+09 -6.542378664016723633e-02 -1.564723849296569824e-01 1.210019350051879883e+00 6.062032580375671387e-01 -5.898033380508422852e-01 -3.783560097217559814e-01 -3.761600852012634277e-01 9.737833443110359699e-01 6.598358023310033627e-01 -9.460562586019588549e-01 1.327866136387685803e+00 -1.726639818167854834e+00 9.569618042148958503e-02 1.820870058159415272e+00
1.661415576595140696e+09 -8.429032564163208008e-02 -1.364191919565200806e-01 1.230165362358093262e+00 6.071145534515380859e-01 -5.811676383018493652e-01 -3.874565362930297852e-01 -3.788582682609558105e-01 1.031167845077967105e+00 6.189662352913355425e-01 -9.585306165321781924e-01 1.339439415154899393e+00 -3.369235998008309751e-01 1.968769176861875636e-01 3.269262348089322368e-01
1.661415576628684282e+09 -9.645365178585052490e-02 -1.160369068384170532e-01 1.252115607261657715e+00 5.964909195899963379e-01 -5.848776102066040039e-01 -3.858626782894134521e-01 -3.914419114589691162e-01 9.638060341794459918e-01 6.512141815392764599e-01 -9.806718218306628154e-01 1.462859862570900171e+00 -3.014543411354246416e+00 -2.571041802482742500e-01 3.047604816901303248e+00
1.661415576662164927e+09 -1.129415929317474365e-01 -9.582137316465377808e-02 1.273213982582092285e+00 5.918013453483581543e-01 -5.851032733917236328e-01 -3.878101706504821777e-01 -3.962683081626892090e-01 1.002097756645126125e+00 6.202496784954832920e-01 -1.021101229812479971e+00 1.541904267891351932e+00 -1.500176918151522543e+00 -4.101747741611554976e-01 1.591186245292872892e+00
1.661415576695447206e+09 -1.278537660837173462e-01 -7.555613666772842407e-02 1.294565796852111816e+00 -5.847096443176269531e-01 5.847700238227844238e-01 3.908114433288574219e-01 4.042586982250213623e-01 9.914970735429088355e-01 5.595798827559583799e-01 -1.012184471583045697e+00 1.524408175280577815e+00 -1.721129495231367601e+00 -2.566326760119437833e-01 1.747271158333451480e+00
1.661415576728700876e+09 -1.447115093469619751e-01 -5.553418770432472229e-02 1.314711451530456543e+00 5.837513208389282227e-01 -5.777752399444580078e-01 -3.991447389125823975e-01 -4.075459241867065430e-01 9.932412616458113908e-01 4.376312143283238032e-01 -9.878716888609313518e-01 1.476894777335278075e+00 -3.031645257543527650e-01 6.304763970934555706e-02 2.452541568439702002e-01
1.661415576761899710e+09 -1.606869250535964966e-01 -3.501274436712265015e-02 1.329855203628540039e+00 -5.745730996131896973e-01 5.795196890830993652e-01 3.985297977924346924e-01 4.185650050640106201e-01 9.064916139550984742e-01 6.221002550968268707e-01 -1.067482489202995488e+00 1.360367107982597412e+00 -2.535702434395470828e+00 -3.065418302669101203e-01 2.450666255822297579e+00
1.661415576795270205e+09 -1.750804632902145386e-01 -1.556019019335508347e-02 1.348181962966918945e+00 5.791198015213012695e-01 -5.662550926208496094e-01 -4.141406714916229248e-01 -4.152866005897521973e-01 9.096457142648417538e-01 1.164073340015489844e-01 -8.998735455743742673e-01 1.375176482497220354e+00 1.580562923615470350e+00 5.694024144722487080e-01 -1.579434620832749880e+00
1.661415576828802347e+09 -1.858464777469635010e-01 5.160185508430004120e-03 1.351385474205017090e+00 5.695527791976928711e-01 -5.684407353401184082e-01 -4.147477746009826660e-01 -4.248164594173431396e-01 7.028814842701603949e-01 3.648523103726845629e-01 -9.785826229154280798e-01 8.177056816611666390e-01 -2.359706562407650310e+00 1.977985017398939394e-01 2.387716646027642220e+00
1.661415576861998320e+09 -1.979067474603652954e-01 2.586430311203002930e-02 1.360162973403930664e+00 -5.603208541870117188e-01 5.700308680534362793e-01 4.142154753208160400e-01 4.353514909744262695e-01 7.686998959913990959e-01 4.041065039757938959e-01 -1.038173926475266073e+00 1.152566573005645134e+00 -2.310260160337943791e+00 -1.721129505712303831e-01 2.204021463136489167e+00
1.661415576895353794e+09 -2.038653790950775146e-01 4.535967484116554260e-02 1.369748592376708984e+00 5.621954798698425293e-01 -5.591438412666320801e-01 -4.263038039207458496e-01 -4.353843331336975098e-01 6.753568582820137500e-01 -1.141418950076674849e-01 -8.134536509820636807e-01 9.875022423474685285e-01 9.717310299474194446e-01 8.423788744802872541e-01 -1.044060228331374685e+00
1.661415576928443432e+09 -2.061415165662765503e-01 6.624092906713485718e-02 1.371289372444152832e+00 -5.520240664482116699e-01 5.616874694824218750e-01 4.258289933204650879e-01 4.454730451107025146e-01 6.364946248671994322e-01 6.484089331951675694e-02 -9.276096566052154380e-01 7.873542190085486281e-01 -2.142799546388107768e+00 1.507566235581331848e-01 2.112116109709892608e+00
1.661415576961572647e+09 -2.133996933698654175e-01 8.578110486268997192e-02 1.375402927398681641e+00 5.538095831871032715e-01 -5.507113933563232422e-01 -4.378928244113922119e-01 -4.452659487724304199e-01 6.413272588387743944e-01 -7.099104178446714875e-02 -8.192946152572813112e-01 7.944544072427874859e-01 6.937095486836659664e-01 1.010371140093016651e+00 -7.286879972660057492e-01
1.661415576995543480e+09 -2.163368612527847290e-01 1.064094454050064087e-01 1.379305243492126465e+00 -5.477904677391052246e-01 5.485450029373168945e-01 4.404316544532775879e-01 4.528177082538604736e-01 6.240255152806126748e-01 -2.411441027842189336e-03 -8.850862339583468463e-01 8.961984805158693668e-01 -1.221499578414772191e+00 2.893319516411374526e-01 1.100476067462665686e+00
1.661415577028779745e+09 -2.201496511697769165e-01 1.261212676763534546e-01 1.380340218544006348e+00 5.477263927459716797e-01 -5.395135283470153809e-01 -4.500542283058166504e-01 -4.542820751667022705e-01 6.048766986268244716e-01 -1.273883744024423836e-01 -8.084235528465441023e-01 6.983101976859084070e-01 2.668850972505804608e-01 9.559217939887278970e-01 -3.147726545865334735e-01
1.661415577062128067e+09 -2.207829058170318604e-01 1.475079655647277832e-01 1.380834221839904785e+00 -5.391452908515930176e-01 5.406671166419982910e-01 4.507997334003448486e-01 4.623644948005676270e-01 6.417646225819224615e-01 -2.831674025122884672e-02 -9.296296300510820121e-01 8.589220591530173365e-01 -1.847789872760312369e+00 1.643122624675210919e-01 1.833491236443134609e+00
1.661415577095125914e+09 -2.307056486606597900e-01 1.664833575487136841e-01 1.381316423416137695e+00 5.419122576713562012e-01 -5.276225209236145020e-01 -4.652964770793914795e-01 -4.598312675952911377e-01 6.490925521391740505e-01 -2.885982082424259909e-02 -8.219841430932154358e-01 7.157086246447201816e-01 9.281924596724047127e-01 1.244300442557608299e+00 -8.859903090070565534e-01
1.661415577128593922e+09 -2.294578850269317627e-01 1.873006075620651245e-01 1.391178011894226074e+00 5.337517261505126953e-01 -5.275081992149353027e-01 -4.672757387161254883e-01 -4.674373865127563477e-01 6.892766889705751465e-01 -9.523901143581510464e-02 -9.247974918946053613e-01 1.313120737634074997e+00 -1.004999842742642091e+00 -7.048835095733682610e-02 9.437371108867526059e-01
1.661415577162193298e+09 -2.208171188831329346e-01 2.068776339292526245e-01 1.397720336914062500e+00 5.282238721847534180e-01 -5.239977836608886719e-01 -4.729605615139007568e-01 -4.719260036945343018e-01 6.659909656627445163e-01 -3.637497460884595024e-01 -7.666230756237852884e-01 9.981201078829896600e-01 1.445169618714526316e-01 4.817075304655622503e-01 -1.318956382342195977e-01
1.661415577195479393e+09 -2.194195985794067383e-01 2.289966046810150146e-01 1.402536511421203613e+00 -5.186185240745544434e-01 5.271883606910705566e-01 4.702346920967102051e-01 4.816498458385467529e-01 6.813755831187033873e-01 -3.160203561533624778e-02 -1.024551700636368912e+00 1.299210298776583894e+00 -1.918569540935136430e+00 -3.643771003467086711e-01 1.792060695395486070e+00
1.661415577228551865e+09 -2.286436408758163452e-01 2.497431188821792603e-01 1.403887152671813965e+00 -5.155354142189025879e-01 5.225497484207153320e-01 4.755041003227233887e-01 4.848308563232421875e-01 6.877254519415342271e-01 1.112611649841596106e-01 -1.005021371304425370e+00 1.129117874073962469e+00 -7.333782193648892278e-01 2.716138904435664303e-01 6.866035866853393843e-01
1.661415577261752605e+09 -2.336373925209045410e-01 2.695217430591583252e-01 1.404335379600524902e+00 -5.139750242233276367e-01 5.143623352050781250e-01 4.847477674484252930e-01 4.860870540142059326e-01 6.145714060595783845e-01 -6.017891796313928204e-02 -8.935293994381100502e-01 9.451037620619462398e-01 -4.213733484750435687e-02 7.510095207671501072e-01 5.354720608578101421e-02
1.661415577295280218e+09 -2.392795234918594360e-01 2.916867434978485107e-01 1.410647988319396973e+00 -5.057107806205749512e-01 5.147113204002380371e-01 4.846205115318298340e-01 4.944409132003784180e-01 7.076849546970689353e-01 1.103678392776822059e-01 -1.127966334429959527e+00 1.574335681640061990e+00 -1.510700713447905352e+00 -4.018834281385126883e-01 1.355817225277602622e+00
1.661415577328799486e+09 -2.471464872360229492e-01 3.135658800601959229e-01 1.407483339309692383e+00 -5.020607113838195801e-01 5.100625157356262207e-01 4.896059930324554443e-01 4.980534315109252930e-01 7.000416318456242903e-01 6.497472382302670046e-02 -1.056508098744853408e+00 1.089595211387583973e+00 -1.059250296687568760e+00 3.293985816652825194e-01 1.012710831107816789e+00
1.661415577362173796e+09 -2.519410848617553711e-01 3.334553837776184082e-01 1.406585931777954102e+00 -5.004263520240783691e-01 5.017965435981750488e-01 4.981785416603088379e-01 4.995916187763214111e-01 6.136130744956793670e-01 -6.026228468167249552e-02 -9.393715005813103591e-01 1.039504342613828847e+00 -1.770807334665372434e-01 6.853249348129292207e-01 1.574545931560549228e-01
1.661415577395332575e+09 -2.533976137638092041e-01 3.557251393795013428e-01 1.408972620964050293e+00 -4.929608106613159180e-01 5.008913278579711914e-01 4.987931251525878906e-01 5.072505474090576172e-01 6.768823839336748360e-01 -1.973399591278074752e-02 -1.141862798046183514e+00 1.527671666033790565e+00 -1.192865913878244699e+00 -2.097490091318860717e-01 1.039071067247305802e+00
1.661415577428333044e+09 -2.502096891403198242e-01 3.764731585979461670e-01 1.393318295478820801e+00 -4.898626208305358887e-01 5.142909288406372070e-01 4.855071604251861572e-01 5.097277164459228516e-01 7.935006725265097982e-01 -3.412117238531407748e-02 -1.010544506716298141e+00 9.018546698128528938e-01 -6.090933268155116487e-01 -1.067536150310526066e+00 6.153981028697953493e-01
1.661415577461909533e+09 -2.552486360073089600e-01 4.006107151508331299e-01 1.391972303390502930e+00 -4.780780971050262451e-01 5.179588198661804199e-01 4.807707071304321289e-01 5.215548872947692871e-01 7.354736100861174464e-01 1.418790457711346931e-01 -1.357317054336109496e+00 1.765853500064286541e+00 -2.070092802265789178e+00 -8.335544251334422450e-01 1.809897457073398774e+00
1.661415577495458364e+09 -2.565211355686187744e-01 4.184092581272125244e-01 1.379889249801635742e+00 -4.770857691764831543e-01 5.257354974746704102e-01 4.740157127380371094e-01 5.208651423454284668e-01 6.423507590594375039e-01 3.500511687555509909e-03 -9.265939278865984452e-01 9.582889199798247937e-01 2.957384148981800909e-01 -6.296448797225278060e-01 -2.229838839008722873e-01
1.661415577528770924e+09 -2.537349462509155273e-01 4.400004744529724121e-01 1.377690792083740234e+00 -4.685095846652984619e-01 5.248414278030395508e-01 4.721186161041259766e-01 5.311723947525024414e-01 6.568383502153640752e-01 -8.758202557743990924e-02 -1.174320259277165546e+00 1.514049073613050744e+00 -1.241520248794313552e+00 -2.889902537209090849e-01 9.303693922760229995e-01
1.661415577561929226e+09 -2.412829697132110596e-01 4.569739401340484619e-01 1.369882583618164062e+00 -4.605428278446197510e-01 5.399920344352722168e-01 4.583454132080078125e-01 5.350034236907958984e-01 6.771329970111273910e-01 -1.917058750147428992e-01 -9.413065461411016521e-01 1.258308767589396915e+00 2.221148264753257384e-01 -1.323268812054602561e+00 -1.828352258567348676e-01
1.661415577595052719e+09 -2.399486303329467773e-01 4.753047227859497070e-01 1.367688894271850586e+00 -4.588405191898345947e-01 5.320472717285156250e-01 4.628761708736419678e-01 5.404968261718750000e-01 5.588099027267235952e-01 -1.427922797935206045e-01 -9.881110837884020670e-01 1.270912095574455725e+00 -2.632930858715318290e-01 4.456044447415012377e-01 -3.230701977855848783e-02
1.661415577628530502e+09 -2.419957369565963745e-01 4.851933717727661133e-01 1.361316323280334473e+00 -4.612512290477752686e-01 5.370529890060424805e-01 4.615441262722015381e-01 5.346012711524963379e-01 3.566820640152253974e-01 -9.112742117795544217e-03 -5.829280203706481700e-01 7.797102684841792364e-01 1.329285737967710768e+00 -3.170344417949151339e-01 -1.095647080935193474e+00
1.661415577662259102e+09 -2.429092079401016235e-01 4.966420233249664307e-01 1.352229595184326172e+00 -4.635961055755615234e-01 5.292323827743530273e-01 4.615490138530731201e-01 5.403371453285217285e-01 4.341998851104297286e-01 -5.185282558774428202e-02 -5.573201543301402605e-01 3.786182611567563416e-01 -7.705087334675293498e-01 4.650124178268469355e-01 3.175234990183544714e-01
