1.661415585829059362e+09 1.378528122206244648e-16 -2.367949187755584717e-01 1.128897309303283691e+00 -6.125128269195556641e-01 6.125135421752929688e-01 3.533097505569458008e-01 3.533093035221099854e-01 0.000000000000000000e+00 0.000000000000000000e+00 0.000000000000000000e+00 0.000000000000000000e+00 0.000000000000000000e+00 0.000000000000000000e+00 0.000000000000000000e+00
1.661415585862470627e+09 -1.785410195589065552e-02 -2.167693823575973511e-01 1.148916482925415039e+00 6.140429973602294922e-01 -6.038192510604858398e-01 -3.616724312305450439e-01 -3.571365475654602051e-01 1.001899897243389015e+00 7.518336729376160488e-01 -9.052225595095474420e-01 1.196682749020557601e+00 -5.557493523538440394e-01 3.037322652229597630e-01 5.721157757399680799e-01
1.661415585895725727e+09 -3.493512421846389771e-02 -1.966952830553054810e-01 1.169014811515808105e+00 6.143928170204162598e-01 -5.961429476737976074e-01 -3.684547245502471924e-01 -3.624585866928100586e-01 9.967266776153984598e-01 7.228757173974357242e-01 -9.222806561793270852e-01 1.235809517912245026e+00 -8.672075758251417410e-01 2.709385316179869219e-01 8.287309827570804588e-01
1.661415585929124355e+09 -4.941227287054061890e-02 -1.765491217374801636e-01 1.189502120018005371e+00 6.107075214385986328e-01 -5.925437808036804199e-01 -3.713784813880920410e-01 -3.714919388294219971e-01 9.633419037323768253e-01 6.952262683767279627e-01 -9.299770512447581572e-01 1.279817900922965768e+00 -1.799119651701857281e+00 1.680309299385933097e-01 1.744929582810786695e+00
1.661415585962220192e+09 -6.530861556529998779e-02 -1.564165353775024414e-01 1.210063338279724121e+00 6.087961196899414062e-01 -5.869582891464233398e-01 -3.755578696727752686e-01 -3.792144060134887695e-01 9.933332484695266418e-01 6.702922715204721049e-01 -9.498146927557729047e-01 1.326194478140221289e+00 -1.428511407047394988e+00 1.269395000417557484e-01 1.309231892609661552e+00
1.661415585995602608e+09 -8.198100328445434570e-02 -1.362758874893188477e-01 1.230664730072021484e+00 6.074718236923217773e-01 -5.805896520614624023e-01 -3.803901970386505127e-01 -3.862603306770324707e-01 9.971449682848445573e-01 6.353326309389785154e-01 -9.538526964365265925e-01 1.349660545265624956e+00 -1.221310726558408444e+00 9.435887012925783801e-02 1.075995360907106679e+00
1.661415586028999567e+09 -9.672537446022033691e-02 -1.160203143954277039e-01 1.251992464065551758e+00 5.994789600372314453e-01 -5.815241932868957520e-01 -3.841655850410461426e-01 -3.935370445251464844e-01 9.851864973394985903e-01 6.193200093630133463e-01 -9.775580218320583104e-01 1.434966746561082473e+00 -1.921672840579021768e+00 -1.216091009084302871e-01 2.126396406082687207e+00
1.661415586062404871e+09 -1.137807965278625488e-01 -9.583750367164611816e-02 1.272892475128173828e+00 5.963505506515502930e-01 -5.769958496093750000e-01 -3.891609311103820801e-01 -3.999944925308227539e-01 1.008534756941211086e+00 5.932577318297250768e-01 -9.862053677612724334e-01 1.444789927430581766e+00 -1.249952805935871991e+00 -5.094837799160588376e-02 1.182837380711902142e+00
1.661415586095738649e+09 -1.310605257749557495e-01 -7.561993598937988281e-02 1.293877363204956055e+00 5.917564630508422852e-01 -5.740278959274291992e-01 -3.948073983192443848e-01 -4.055162668228149414e-01 1.016320112133098474e+00 5.730899198114396409e-01 -1.008144330215010376e+00 1.499978351405713894e+00 -1.218983118618318429e+00 -1.169698281877488005e-01 1.265825870121858543e+00
1.661415586128698349e+09 -1.380045562982559204e-01 -5.520184338092803955e-02 1.310142874717712402e+00 5.806583166122436523e-01 -5.777840018272399902e-01 -3.928732275962829590e-01 -4.179140627384185791e-01 8.195669627431955151e-01 3.575770858100945082e-01 -9.941914155245337170e-01 1.321158420770131459e+00 -2.503739012459824664e+00 -2.606016816494318711e-01 2.433099072555788833e+00
1.661415586161809683e+09 -1.552265733480453491e-01 -3.488259762525558472e-02 1.331772685050964355e+00 -5.738639235496520996e-01 5.767872333526611328e-01 3.945538699626922607e-01 4.269940257072448730e-01 1.036263672971427852e+00 6.065109948170755994e-01 -1.073274253954033641e+00 1.650555349843391584e+00 -1.814383941048386184e+00 -4.510967392079268667e-01 1.682156131760019102e+00
1.661415586195789814e+09 -1.728339642286300659e-01 -1.506518945097923279e-02 1.340699315071105957e+00 5.768665671348571777e-01 -5.654227137565612793e-01 -4.078933000564575195e-01 -4.256116747856140137e-01 8.231878919932927863e-01 2.808052386159408664e-01 -9.062038324682023527e-01 9.614246548508972312e-01 5.322541699964180584e-01 7.531764105298671685e-01 -5.061431439472214855e-01
1.661415586229027271e+09 -1.875183582305908203e-01 5.403604358434677124e-03 1.350253582000732422e+00 5.695940852165222168e-01 -5.651620030403137207e-01 -4.124478101730346680e-01 -4.313250780105590820e-01 8.106001997061624831e-01 4.149030852127695845e-01 -1.017567879475356429e+00 1.134252860188449397e+00 -1.559760382029665271e+00 7.504180344357123944e-02 1.681448513743853512e+00
1.661415586262497187e+09 -1.932862848043441772e-01 2.600019238889217377e-02 1.361974835395812988e+00 -5.585421323776245117e-01 5.684771537780761719e-01 4.116299748420715332e-01 4.420690834522247314e-01 7.287166309491633909e-01 2.087360957688074448e-01 -9.835100341513955957e-01 1.232260899656911990e+00 -2.029402434985505099e+00 -2.675669462220710004e-01 1.975110682651072702e+00
1.661415586295420408e+09 -1.992557644844055176e-01 4.573931917548179626e-02 1.364931821823120117e+00 5.599207282066345215e-01 -5.583035349845886230e-01 -4.231113493442535400e-01 -4.424508512020111084e-01 6.327735756832775227e-01 -1.020591512150639674e-01 -8.118485907770899290e-01 6.915615381252335769e-01 5.271361158411204118e-01 1.059966188136107101e+00 -5.548240707362999125e-01
1.661415586328522444e+09 -2.092270553112030029e-01 6.667581945657730103e-02 1.365003108978271484e+00 -5.515505075454711914e-01 5.592559576034545898e-01 4.249915182590484619e-01 4.498964846134185791e-01 7.005563711885719469e-01 2.612497363459134747e-01 -9.900277534735881790e-01 7.836407930961761803e-01 -2.120136613457276553e+00 1.947593707234553106e-01 2.182906555291775241e+00
1.661415586362401009e+09 -2.144226878881454468e-01 8.636885136365890503e-02 1.366133809089660645e+00 5.527460575103759766e-01 -5.489669442176818848e-01 -4.364973902702331543e-01 -4.500856399536132812e-01 6.020989876327434986e-01 -1.245262293007468046e-01 -7.812438656297551187e-01 6.287933450842160266e-01 4.405374911112724945e-01 1.090223123150889428e+00 -4.596431060586231299e-01
1.661415586395629644e+09 -2.179326713085174561e-01 1.076486110687255859e-01 1.367015123367309570e+00 -5.431817770004272461e-01 5.512762665748596191e-01 4.361911416053771973e-01 4.591136872768402100e-01 6.495991314215900925e-01 8.148781940900713672e-02 -9.626074232056506252e-01 8.579951694046349386e-01 -2.202048896828908919e+00 2.914773188366645909e-02 2.194851893021457556e+00
1.661415586429113388e+09 -2.256028801202774048e-01 1.273181736469268799e-01 1.369483351707458496e+00 5.441097617149353027e-01 -5.410430431365966797e-01 -4.475753307342529297e-01 -4.592313170433044434e-01 6.348143988481357303e-01 -4.391539961506640832e-02 -8.319050348562461172e-01 7.846301950528852265e-01 3.057672181883233087e-01 9.712502933563027518e-01 -3.295567682133680454e-01
1.661415586462136984e+09 -2.321971058845520020e-01 1.484293490648269653e-01 1.379858374595642090e+00 -5.351206064224243164e-01 5.422209501266479492e-01 4.477312564849853516e-01 4.681656956672668457e-01 7.397627573641604171e-01 1.585506193099863459e-01 -1.033660728223070979e+00 1.413433833474689871e+00 -1.677548222380689458e+00 -3.717866647319010287e-01 1.570090822538572572e+00
1.661415586495177984e+09 -2.309751659631729126e-01 1.682356595993041992e-01 1.385572433471679688e+00 -5.318729281425476074e-01 5.362724065780639648e-01 4.551152586936950684e-01 4.715858399868011475e-01 6.249891696480394110e-01 -2.172387909908584380e-01 -8.180585525144421499e-01 9.727825109208477761e-01 -2.006051401083887038e-03 6.186163068741816762e-01 -4.045928233683671743e-02
1.661415586528863430e+09 -2.428457587957382202e-01 1.867237836122512817e-01 1.391492486000061035e+00 5.344839692115783691e-01 -5.228798985481262207e-01 -4.703113436698913574e-01 -4.687544107437133789e-01 6.755003963854449012e-01 1.972910750292841339e-02 -8.304774323909438483e-01 9.901565574256813163e-01 1.099985385424571804e+00 1.051508650965282898e+00 -1.065366265047474004e+00
1.661415586562391281e+09 -2.303352206945419312e-01 2.072149515151977539e-01 1.402397036552429199e+00 5.246329903602600098e-01 -5.239511132240295410e-01 -4.710014462471008301e-01 -4.779050052165985107e-01 7.864728816182868787e-01 -3.800565136682203526e-01 -8.240665070597238406e-01 1.266762701386593637e+00 -6.923877483965266144e-01 -3.652264170926858289e-02 6.126969741053214236e-01
1.661415586595824718e+09 -2.245612889528274536e-01 2.291089445352554321e-01 1.406024336814880371e+00 -5.146965980529785156e-01 5.262285470962524414e-01 4.697307646274566650e-01 4.873643219470977783e-01 6.858779214291472748e-01 -1.711571492459263988e-01 -9.549361101366953264e-01 1.145138878935353821e+00 -1.664069086589964552e+00 -1.358491298744202991e-01 1.579888749917727209e+00
1.661415586628566265e+09 -2.408288419246673584e-01 2.498652189970016479e-01 1.409770131111145020e+00 -5.112206339836120605e-01 5.232011675834655762e-01 4.741555452346801758e-01 4.899903237819671631e-01 8.135290898982506791e-01 3.143518463665772589e-01 -1.119083946071828262e+00 1.404906031972324332e+00 -8.282225133099475611e-01 -9.674197727676023262e-02 8.011317283278406309e-01
1.661415586662234068e+09 -2.414393126964569092e-01 2.704567611217498779e-01 1.418046951293945312e+00 -5.037218332290649414e-01 5.215330123901367188e-01 4.766950309276580811e-01 4.970206618309020996e-01 6.594171585125478963e-01 -5.609188623639727034e-02 -9.847991610350756986e-01 1.431247725724519748e+00 -7.556103778158435036e-01 -9.707332853391961724e-02 6.459892350183370491e-01
1.661415586695640087e+09 -2.393346130847930908e-01 2.900645732879638672e-01 1.428649544715881348e+00 -4.966988265514373779e-01 5.185207724571228027e-01 4.806136488914489746e-01 5.034253001213073730e-01 6.702377890064482591e-01 -1.394686341796017026e-01 -9.490785215149685206e-01 1.510321859484183182e+00 -2.526044949391101913e-01 3.042033378125758979e-03 1.443566429483592595e-01
1.661415586729061365e+09 -2.286126315593719482e-01 3.097933828830718994e-01 1.430447697639465332e+00 -4.918626546859741211e-01 5.133424997329711914e-01 4.863599836826324463e-01 5.079414844512939453e-01 6.740014180293741886e-01 -3.986233804821677773e-01 -7.997526649031987400e-01 9.455463194100339752e-01 -1.070637736459514877e-01 6.431183163369166289e-01 9.424536779455806867e-02
1.661415586762547731e+09 -2.275189161300659180e-01 3.322957456111907959e-01 1.428347229957580566e+00 -4.846982955932617188e-01 5.122420191764831543e-01 4.870898425579071045e-01 5.151884555816650391e-01 6.756968639889370243e-01 -8.615096536427023499e-02 -1.064814586683705544e+00 1.185484321929678897e+00 -1.401995508855676587e+00 2.858759119133022844e-02 1.289262836097032405e+00
1.661415586795252085e+09 -2.302840948104858398e-01 3.515603244304656982e-01 1.411574959754943848e+00 -4.860747158527374268e-01 5.202110409736633301e-01 4.801292717456817627e-01 5.124331116676330566e-01 7.855837235468116075e-01 2.109310276341222826e-02 -9.198090525576104737e-01 6.633911380488923815e-01 8.642773308869000637e-02 -4.861709410633799355e-01 4.259022737043614143e-02
1.661415586828446388e+09 -2.387063652276992798e-01 3.733335137367248535e-01 1.404450416564941406e+00 -4.824128746986389160e-01 5.193754434585571289e-01 4.799753725528717041e-01 5.168660879135131836e-01 7.353161833937086334e-01 1.296458022755029860e-01 -1.139676850862387569e+00 1.195345985823706991e+00 -1.109347858859879743e+00 -1.378391946025859516e-01 9.818475254497032179e-01
1.661415586862045288e+09 -2.306257635354995728e-01 3.940772414207458496e-01 1.404957413673400879e+00 -4.754199683666229248e-01 5.166848897933959961e-01 4.822182655334472656e-01 5.239066481590270996e-01 6.627541715281962675e-01 -2.570497659448524042e-01 -9.781819742643772519e-01 1.258130334842199050e+00 -6.916061695247451846e-01 1.712951022922731548e-01 5.766603347609293717e-01
1.661415586895630360e+09 -2.354753911495208740e-01 4.117484986782073975e-01 1.392634510993957520e+00 -4.767007827758789062e-01 5.214792490005493164e-01 4.776741564273834229e-01 5.221524238586425781e-01 6.575156928180010407e-01 5.728860370021471304e-02 -9.121924764050809431e-01 8.947126580877589053e-01 3.641239134819321266e-01 -4.094071229165446302e-01 -3.313063158739003589e-01
1.661415586928963423e+09 -2.356836199760437012e-01 4.289945065975189209e-01 1.379939794540405273e+00 -4.776422977447509766e-01 5.287886857986450195e-01 4.684130251407623291e-01 5.223309993743896484e-01 6.424704419451801041e-01 -7.236392076573257628e-03 -9.055843511629362297e-01 9.330327821237394126e-01 3.592679772611770961e-01 -7.029113555244272948e-01 -4.579377873805797750e-01
1.661415586961755037e+09 -2.381408065557479858e-01 4.497056007385253906e-01 1.377703428268432617e+00 -4.701633155345916748e-01 5.266715288162231445e-01 4.720104932785034180e-01 5.279864072799682617e-01 6.396727830885622357e-01 -9.800400942507524193e-03 -1.177493072938664342e+00 1.521354777968103367e+00 -8.473120359140011715e-01 -2.161075811438764246e-02 8.090281459159106570e-01
1.661415586995130062e+09 -2.295509427785873413e-01 4.639289081096649170e-01 1.366845726966857910e+00 -4.707319736480712891e-01 5.340217351913452148e-01 4.627441167831420898e-01 5.282992720603942871e-01 5.947224582437559137e-01 -1.904335947964176656e-01 -7.032403934137664292e-01 7.508384027003188743e-01 6.229558444222330627e-01 -5.725464594478295588e-01 -7.025614540838649447e-01
1.661415587028768063e+09 -2.333789765834808350e-01 4.796697199344635010e-01 1.363060355186462402e+00 -4.637108743190765381e-01 5.317969322204589844e-01 4.662764370441436768e-01 5.336201190948486328e-01 4.945593088227123180e-01 4.294756755622759076e-02 -9.214112898884460057e-01 1.121874215307768319e+00 -1.041504760893163350e+00 1.973805913166437262e-02 1.014593328719113563e+00
1.661415587061939001e+09 -2.429539412260055542e-01 4.923705756664276123e-01 1.350989222526550293e+00 -4.653415381908416748e-01 5.383427739143371582e-01 4.578383266925811768e-01 5.329433679580688477e-01 6.019598123058651495e-01 2.107297034001081593e-01 -8.626139131427706941e-01 9.865922436755972802e-01 3.473677440732853006e-01 -8.545404434991938913e-01 -4.798628962588264990e-01
1.661415587095404148e+09 -2.524772882461547852e-01 4.973271489143371582e-01 1.350555777549743652e+00 -4.610742330551147461e-01 5.339782834053039551e-01 4.638317525386810303e-01 5.358524322509765625e-01 3.210728166884042056e-01 1.730750328064956656e-01 -3.770295205298782037e-01 4.346988224525308309e-01 -9.875632282298515419e-01 2.137756951111964843e-01 1.003052287636623241e+00
