1.661415592445652008e+09 1.378528122206244648e-16 -2.367949187755584717e-01 1.128897309303283691e+00 -6.125128269195556641e-01 6.125135421752929688e-01 3.533097505569458008e-01 3.533093035221099854e-01 0.000000000000000000e+00 0.000000000000000000e+00 0.000000000000000000e+00 0.000000000000000000e+00 0.000000000000000000e+00 0.000000000000000000e+00 0.000000000000000000e+00
1.661415592479187727e+09 -1.975989528000354767e-02 -2.167991399765014648e-01 1.148887276649475098e+00 6.160611510276794434e-01 -6.017488241195678711e-01 -3.647579550743103027e-01 -3.540037274360656738e-01 1.028595421056416326e+00 7.394048294469599547e-01 -9.022383307777308570e-01 1.190899999876470439e+00 1.017772824996063669e-01 3.080274075685831003e-01 -2.058924926366265812e-02
1.661415592512405872e+09 -3.956126794219017029e-02 -1.967983245849609375e-01 1.168871879577636719e+00 6.192147135734558105e-01 -5.910936594009399414e-01 -3.758530318737030029e-01 -3.548463582992553711e-01 1.039139148711860861e+00 7.116976050325801717e-01 -9.260179014122066343e-01 1.232983308671054434e+00 9.218430076839786991e-02 2.956819846593046197e-01 -3.357399223064327226e-02
1.661415592545660257e+09 -5.639247596263885498e-02 -1.766149699687957764e-01 1.188913583755493164e+00 6.187410950660705566e-01 -5.840523242950439453e-01 -3.820311427116394043e-01 -3.606862127780914307e-01 9.938651636211844886e-01 6.897652621842873533e-01 -9.385247237787983643e-01 1.266866928188337127e+00 -9.773986157818511655e-01 2.656831008124924121e-01 9.258868918236824452e-01
1.661415592578762293e+09 -7.425413280725479126e-02 -1.564639210700988770e-01 1.208974123001098633e+00 6.176995038986206055e-01 -5.774497389793395996e-01 -3.907804191112518311e-01 -3.637166321277618408e-01 1.014399718156666186e+00 6.459582098743570366e-01 -9.537380440445583085e-01 1.305425958884715021e+00 -5.699203116984623563e-01 2.402977998708833718e-01 6.908493420342524116e-01
1.661415592612309217e+09 -8.869361877441406250e-02 -1.360579133033752441e-01 1.229482054710388184e+00 6.123770475387573242e-01 -5.754448771476745605e-01 -3.939759135246276855e-01 -3.723446726799011230e-01 9.638400756868414909e-01 6.247954650007113697e-01 -9.544991712555673802e-01 1.345965805896271350e+00 -1.851374151133182044e+00 1.196255888236086723e-01 1.864654816933437820e+00
1.661415592645714998e+09 -1.052119880914688110e-01 -1.157737001776695251e-01 1.249943733215332031e+00 6.083433032035827637e-01 -5.719349980354309082e-01 -4.006210565567016602e-01 -3.772420287132263184e-01 9.941762764428508925e-01 5.888167653802914847e-01 -9.693386158833871002e-01 1.384178560316563056e+00 -1.134871974327509747e+00 1.007462728407232111e-01 1.262086267844161336e+00
1.661415592678626299e+09 -1.205164790153503418e-01 -9.535821527242660522e-02 1.270888090133666992e+00 6.033319234848022461e-01 -5.694926977157592773e-01 -4.034927189350128174e-01 -3.858267068862915039e-01 1.003010664192905299e+00 5.986945635078416705e-01 -1.003905897741390829e+00 1.473067258765178300e+00 -1.832209215756706921e+00 -4.375648778986952758e-02 1.758448931761499967e+00
1.661415592712272644e+09 -1.372147053480148315e-01 -7.502560317516326904e-02 1.291726350784301758e+00 5.980602502822875977e-01 -5.672061443328857422e-01 -4.094520211219787598e-01 -3.910883665084838867e-01 9.975246844516200140e-01 5.505877096726216058e-01 -9.951169235363241938e-01 1.476153772515645946e+00 -1.268352844534388346e+00 -4.971175884418144175e-02 1.383071354063788672e+00
1.661415592745750427e+09 -1.505048125982284546e-01 -5.428621545433998108e-02 1.309552788734436035e+00 5.867388844490051270e-01 -5.716686248779296875e-01 -4.070538580417633057e-01 -4.040292203426361084e-01 9.082471768304409832e-01 6.108829295749352850e-01 -1.041107720726025532e+00 1.424419119743093098e+00 -3.153560729229106130e+00 -3.290991938312498033e-01 3.116467416666237611e+00
1.661415592778911114e+09 -1.663666367530822754e-01 -3.374221175909042358e-02 1.325136065483093262e+00 5.785381197929382324e-01 -5.725139379501342773e-01 -4.083269834518432617e-01 -4.132681488990783691e-01 9.129370708602831952e-01 5.737174582730836248e-01 -1.054520297894206760e+00 1.371585009354096441e+00 -2.237132819299914033e+00 -2.063738563691371042e-01 2.216787135878015125e+00
1.661415592812289715e+09 -1.790394484996795654e-01 -1.316573750227689743e-02 1.346258521080017090e+00 -5.670371055603027344e-01 5.765016674995422363e-01 4.063803255558013916e-01 4.254052937030792236e-01 9.615724547368816877e-01 5.111260157126683579e-01 -1.082546670660456289e+00 1.676755122621783167e+00 -2.472591348237639153e+00 -6.882217938195615003e-01 2.372934168449988945e+00
1.661415592845518112e+09 -1.961454153060913086e-01 6.619480438530445099e-03 1.360201239585876465e+00 5.690461993217468262e-01 -5.659670233726501465e-01 -4.177803099155426025e-01 -4.258256554603576660e-01 8.919770158679886096e-01 2.864504665682228723e-01 -9.634388147190957596e-01 1.272340246360394111e+00 3.866947878304523578e-01 4.747240937701335817e-01 -4.719340961567628501e-01
1.661415592879207611e+09 -2.108938992023468018e-01 2.754746936261653900e-02 1.366054773330688477e+00 -5.581203103065490723e-01 5.694709420204162598e-01 4.161294698715209961e-01 4.370820820331573486e-01 7.795701344260743682e-01 5.095590081475562805e-01 -1.069368688399354062e+00 1.058622182630395203e+00 -2.787463782638641696e+00 -2.375736198540052968e-01 2.740180215879755909e+00
1.661415592912335873e+09 -2.142275571823120117e-01 4.737639427185058594e-02 1.364648580551147461e+00 -5.589829087257385254e-01 5.623978376388549805e-01 4.245222210884094238e-01 4.370670914649963379e-01 6.084325324766213239e-01 -1.613747282907987968e-01 -7.943515724423815261e-01 5.373755446888811571e-01 3.378714230799355067e-01 9.462710043441701080e-01 -3.168172396131003210e-01
1.661415592945653439e+09 -2.214752882719039917e-01 6.711211800575256348e-02 1.374081134796142578e+00 5.580440163612365723e-01 -5.544430613517761230e-01 -4.341832399368286133e-01 -4.389358460903167725e-01 6.916312357529179611e-01 -1.579590958244799295e-02 -8.662981162515785982e-01 1.063909436585965151e+00 3.051202438346943269e-01 6.031342344413962442e-01 -3.534778909130731339e-01
1.661415592978942633e+09 -2.287465631961822510e-01 8.851379156112670898e-02 1.375621557235717773e+00 -5.464144349098205566e-01 5.588207840919494629e-01 4.307561516761779785e-01 4.512203037738800049e-01 6.805690347696242704e-01 2.607267423205514301e-01 -1.029031814988365712e+00 9.312064735276512906e-01 -2.899362015438428752e+00 -2.265628888674994235e-01 2.796174679513160122e+00
1.661415593012431145e+09 -2.305982708930969238e-01 1.081075444817543030e-01 1.378853082656860352e+00 -5.468493700027465820e-01 5.501482486724853516e-01 4.400770962238311768e-01 4.523547887802124023e-01 5.955651750257817678e-01 -1.995736296024885892e-01 -7.766977990970338475e-01 7.636328809608881052e-01 4.636881553319223692e-01 8.890097580074859396e-01 -5.301017895262288837e-01
1.661415593045851946e+09 -2.338352501392364502e-01 1.280093491077423096e-01 1.383595585823059082e+00 5.444084405899047852e-01 -5.435774326324462891e-01 -4.482583403587341309e-01 -4.552006423473358154e-01 6.197802074794110938e-01 -1.081036130889718172e-01 -8.357527843899098530e-01 9.010605735042929165e-01 -4.448092838527144266e-02 6.650742718543483090e-01 1.511938045691451488e-02
1.661415593078697920e+09 -2.323291003704071045e-01 1.489917486906051636e-01 1.389531254768371582e+00 -5.350452661514282227e-01 5.449101924896240234e-01 4.486053884029388428e-01 4.642765522003173828e-01 6.654624305145697694e-01 -8.545103556399456790e-02 -9.318215119228289156e-01 1.105124256294820917e+00 -1.529724454683131452e+00 -3.141212096539579279e-02 1.453121180541700364e+00
1.661415593111840010e+09 -2.381175160408020020e-01 1.682943850755691528e-01 1.382628679275512695e+00 5.387509465217590332e-01 -5.313500165939331055e-01 -4.634379446506500244e-01 -4.611288607120513916e-01 6.427248847375133245e-01 -1.728317075562180449e-01 -7.486284418294754106e-01 3.145067044696124858e-01 7.376815787902160082e-01 1.621845632195835218e+00 -6.601912600145452004e-01
1.661415593145810127e+09 -2.248694300651550293e-01 1.890293508768081665e-01 1.392517924308776855e+00 -5.283677577972412109e-01 5.332798361778259277e-01 4.628049135208129883e-01 4.714359045028686523e-01 7.806513725281586380e-01 -3.817152201145638801e-01 -8.080891615077487877e-01 1.181427460538044594e+00 -9.760599107180214506e-01 -6.641119561442385133e-02 8.601723354513479691e-01
1.661415593178617716e+09 -2.268083244562149048e-01 2.072167843580245972e-01 1.398031234741210938e+00 5.290840268135070801e-01 -5.214123129844665527e-01 -4.761762917041778564e-01 -4.705905914306640625e-01 5.822850160999558655e-01 -2.154592958098093813e-01 -7.605892795051327759e-01 9.086673353457948021e-01 1.253734438001489870e+00 1.099232579370160057e+00 -1.231405299891160432e+00
1.661415593212310314e+09 -2.219135761260986328e-01 2.290800362825393677e-01 1.396074295043945312e+00 5.221705436706542969e-01 -5.207583904266357422e-01 -4.776548743247985840e-01 -4.774878323078155518e-01 6.674989655650716003e-01 -2.025045219431589327e-01 -9.002993384683566358e-01 8.283563636685579157e-01 -1.415191801026447926e+00 3.308675284977906084e-01 1.375131465509299433e+00
1.661415593244976282e+09 -2.256209552288055420e-01 2.518651783466339111e-01 1.399042963981628418e+00 -5.135116577148437500e-01 5.225107073783874512e-01 4.761338829994201660e-01 4.863999187946319580e-01 7.125117739502905279e-01 8.362363978474562920e-02 -1.117963649957411043e+00 1.355053384053708898e+00 -2.096053488901655548e+00 -3.377223282096739609e-01 1.965902784499044209e+00
1.661415593278347015e+09 -2.378071546554565430e-01 2.716263532638549805e-01 1.398507833480834961e+00 -5.134745836257934570e-01 5.175086855888366699e-01 4.814158678054809570e-01 4.865874350070953369e-01 6.959002401535208104e-01 1.573158323678460480e-01 -9.812108060101575324e-01 1.100406739810236845e+00 -1.154747104591505868e-01 2.420358427567129711e-01 8.867364755458916059e-02
1.661415593312479019e+09 -2.414202094078063965e-01 2.935436964035034180e-01 1.400054097175598145e+00 -5.071861147880554199e-01 5.157141685485839844e-01 4.836576581001281738e-01 4.928247630596160889e-01 6.523761225394578700e-01 1.126955935554370056e-02 -1.027460633496136921e+00 1.233176020276186335e+00 -1.213136610689379946e+00 1.234793836808679990e-02 1.127314599879210455e+00
1.661415593345761061e+09 -2.445378154516220093e-01 3.111041784286499023e-01 1.397430896759033203e+00 5.093620419502258301e-01 -5.056115984916687012e-01 -4.944068789482116699e-01 -4.903765022754669189e-01 5.416421622349762988e-01 -1.515656290802246120e-01 -7.634823666559987787e-01 7.319528274143706215e-01 8.792477556553945917e-01 1.019860209727703415e+00 -8.220987314829468762e-01
1.661415593378871441e+09 -2.430431842803955078e-01 3.335983157157897949e-01 1.402395009994506836e+00 -5.005676746368408203e-01 5.064845085144042969e-01 4.932747781276702881e-01 4.995853602886199951e-01 6.971776145011172598e-01 -6.098987177158533834e-02 -1.117843218601133559e+00 1.573505973778054789e+00 -1.384979850375986254e+00 -3.679239544707453291e-01 1.211818871637579953e+00
1.661415593411806107e+09 -2.464987933635711670e-01 3.538163006305694580e-01 1.408133745193481445e+00 -4.945567548274993896e-01 5.041068196296691895e-01 4.958402514457702637e-01 5.054031610488891602e-01 6.467002075151150331e-01 1.138227652762789470e-02 -1.074363080478653698e+00 1.582576944437891209e+00 -5.288285982260583218e-01 -1.541515593419753027e-01 4.050217747425619574e-01
1.661415593445214272e+09 -2.437631040811538696e-01 3.715251684188842773e-01 1.396202921867370605e+00 -4.955097436904907227e-01 5.117091536521911621e-01 4.884951412677764893e-01 5.039805173873901367e-01 6.443779047810704874e-01 -9.968589873969993520e-02 -8.213409246771530281e-01 7.691792946896647276e-01 5.154504986708289271e-01 -5.195082800731902761e-01 -4.621264448894425447e-01
1.661415593478937387e+09 -2.466091811656951904e-01 3.928948938846588135e-01 1.393926620483398438e+00 -4.910229146480560303e-01 5.071439146995544434e-01 4.924122095108032227e-01 5.091480016708374023e-01 6.428308118180224850e-01 -3.515143162081874745e-02 -1.068399940543361293e+00 1.265259456988956810e+00 -8.169229249812288707e-01 2.325923848622289403e-01 6.971680142900903432e-01
1.661415593512272120e+09 -2.441817373037338257e-01 4.106535613536834717e-01 1.383230328559875488e+00 -4.893867075443267822e-01 5.173019766807556152e-01 4.840343892574310303e-01 5.085372328758239746e-01 6.261574631211406228e-01 -5.524524184163039781e-02 -8.985280767622580989e-01 9.890388616090631801e-01 3.301194786793267277e-01 -8.062423806245395674e-01 -2.242779671840260669e-01
1.661415593545828581e+09 -2.410256564617156982e-01 4.312658011913299561e-01 1.381178617477416992e+00 -4.845556318759918213e-01 5.131503343582153320e-01 4.858081042766571045e-01 5.156288146972656250e-01 6.244149813771660007e-01 -1.461208460560746714e-01 -1.038209853490408507e+00 1.295154258372708700e+00 -7.095851468118703487e-01 1.647385959226156937e-01 4.787720934792567551e-01
1.661415593578950644e+09 -2.404685169458389282e-01 4.440555572509765625e-01 1.372540473937988281e+00 -4.811596870422363281e-01 5.249866247177124023e-01 4.767825901508331299e-01 5.153182744979858398e-01 4.662642167445628094e-01 3.538101051966422578e-02 -7.359040515177259767e-01 8.881785390061250895e-01 7.326953132911004363e-02 -1.025276983149268517e+00 6.942773976240682043e-02
1.661415593612868309e+09 -2.415402978658676147e-01 4.660554230213165283e-01 1.367355823516845703e+00 -4.743221402168273926e-01 5.230754017829895020e-01 4.746542870998382568e-01 5.254653096199035645e-01 6.671430337189346860e-01 -2.112740073031091695e-03 -1.226539214109238385e+00 1.516024965871417329e+00 -1.355079488679506561e+00 -2.439912682548945888e-01 9.831607231419057236e-01
1.661415593646322727e+09 -2.396699935197830200e-01 4.815631508827209473e-01 1.362650513648986816e+00 -4.676899909973144531e-01 5.354483127593994141e-01 4.677929878234863281e-01 5.251008272171020508e-01 4.876311937275121799e-01 -2.733711987282987348e-03 -9.850224914938719989e-01 1.469827324229286747e+00 4.939274523216911628e-01 -1.139430510782770245e+00 -2.531649062396516547e-01
1.661415593679230928e+09 -2.411252409219741821e-01 4.969560801982879639e-01 1.363731980323791504e+00 -4.616492092609405518e-01 5.351406931877136230e-01 4.622216224670410156e-01 5.355890393257141113e-01 4.709871996530738958e-01 5.602906756287900220e-02 -1.089994172208887502e+00 1.699274146666545304e+00 -7.049526580280391919e-01 -6.929080225338308807e-01 1.488599069795591701e-01
1.661415593712469578e+09 -2.455507069826126099e-01 4.927592277526855469e-01 1.357011079788208008e+00 -4.740390479564666748e-01 5.321742892265319824e-01 4.651343524456024170e-01 5.250976681709289551e-01 2.730474125224670034e-01 -5.771818124543544488e-03 3.865192738381109661e-01 -7.815410615922210313e-01 1.592957579956832515e+00 5.792690106199702704e-01 -1.410822085268490289e+00
1.661415593745415449e+09 -2.448148727416992188e-01 5.122547745704650879e-01 1.353471040725708008e+00 -4.652984440326690674e-01 5.306335687637329102e-01 4.674270749092102051e-01 5.323883295059204102e-01 6.018357221458143780e-01 -5.372058820246843058e-02 -1.229508774720010855e+00 1.664523004670855677e+00 -8.463085747874764531e-01 -1.176793622760592822e-01 7.356020217775280923e-01
1.661415593778926611e+09 -2.493575662374496460e-01 5.059520006179809570e-01 1.348270654678344727e+00 -4.738123416900634766e-01 5.286697745323181152e-01 4.694161117076873779e-01 5.250320434570312500e-01 2.789836488050647101e-01 4.371289490987367854e-02 4.844159270999702227e-01 -9.261601216441941453e-01 7.618096238937240861e-01 4.580338353983168798e-01 -6.104255808918765958e-01
