1.661415554046019077e+09 1.378528122206244648e-16 -2.367949187755584717e-01 1.128897309303283691e+00 -6.125128269195556641e-01 6.125135421752929688e-01 3.533097505569458008e-01 3.533093035221099854e-01 0.000000000000000000e+00 0.000000000000000000e+00 0.000000000000000000e+00 0.000000000000000000e+00 0.000000000000000000e+00 0.000000000000000000e+00 0.000000000000000000e+00
1.661415554078411341e+09 -1.680616289377212524e-02 -2.167693674564361572e-01 1.148961305618286133e+00 6.132547855377197266e-01 -6.046205163002014160e-01 -3.596662580966949463e-01 -3.591556549072265625e-01 1.017373376463631685e+00 7.836628780239731640e-01 -9.331049130736915886e-01 1.236102383413454353e+00 -9.673483442544660305e-01 3.053387036214685879e-01 9.075937654795477316e-01
1.661415554112181664e+09 -3.136221319437026978e-02 -1.967149674892425537e-01 1.169331908226013184e+00 6.093613505363464355e-01 -6.013542413711547852e-01 -3.636507987976074219e-01 -3.671647012233734131e-01 9.498969360385436378e-01 7.148739742691921917e-01 -9.063222782682236467e-01 1.229383174305825888e+00 -1.651658615097535199e+00 2.088578240091265581e-01 1.705759724114823461e+00
1.661415554144944668e+09 -4.767361283302307129e-02 -1.766474992036819458e-01 1.189721822738647461e+00 6.072459816932678223e-01 -5.961861014366149902e-01 -3.699524402618408203e-01 -3.727593123912811279e-01 1.005156750086473538e+00 6.962465733847023053e-01 -9.455399562298025806e-01 1.299269779811677239e+00 -1.153133030445018248e+00 1.834993972097639370e-01 1.212282413115936874e+00
1.661415554178505898e+09 -6.546255946159362793e-02 -1.565764397382736206e-01 1.210005879402160645e+00 6.073533296585083008e-01 -5.885607600212097168e-01 -3.775064349174499512e-01 -3.771036863327026367e-01 1.001942819833455234e+00 6.469311603717051717e-01 -9.338677113943772978e-01 1.293935009117314516e+00 -7.001072306651644483e-01 1.831099780600951021e-01 6.681720910541100178e-01
1.661415554211547613e+09 -8.213783055543899536e-02 -1.364267468452453613e-01 1.230571389198303223e+00 6.043450832366943359e-01 -5.841302275657653809e-01 -3.840057849884033203e-01 -3.822283446788787842e-01 1.006964500867981727e+00 6.300143713748205254e-01 -9.643842259699378916e-01 1.365885173843181644e+00 -1.115483312892766365e+00 9.533802567187818489e-02 1.192054728606460445e+00
1.661415554244988680e+09 -9.486663341522216797e-02 -1.161184385418891907e-01 1.252556443214416504e+00 5.943839550018310547e-01 -5.870813131332397461e-01 -3.827494382858276367e-01 -3.943934738636016846e-01 9.725682782699608397e-01 6.598944271587705579e-01 -9.851480320357852705e-01 1.469434421948698999e+00 -2.879564478149518880e+00 -2.808275227688194486e-01 2.892033331071578228e+00
1.661415554278879404e+09 -1.087907478213310242e-01 -9.583172947168350220e-02 1.274942755699157715e+00 -5.840351581573486328e-01 5.923715233802795410e-01 3.785637617111206055e-01 4.058180749416351318e-01 9.815451187173123149e-01 6.958065480776627343e-01 -1.031569809752130862e+00 1.584538343629134927e+00 -2.891272312285032786e+00 -7.064586566921569055e-01 2.890813953060278330e+00
1.661415554311563730e+09 -1.201022192835807800e-01 -7.587753981351852417e-02 1.294765233993530273e+00 -5.833924412727355957e-01 5.851055383682250977e-01 3.872291445732116699e-01 4.090944230556488037e-01 9.275342750806552239e-01 2.420562215963878439e-01 -9.416281655261904415e-01 1.407748631784243365e+00 7.190493715735295222e-02 1.868487748788258407e-01 -1.544277477825555800e-01
1.661415554344953060e+09 -1.342325061559677124e-01 -5.605081096291542053e-02 1.314129233360290527e+00 5.857982039451599121e-01 -5.759481787681579590e-01 -3.968952894210815430e-01 -4.093877375125885010e-01 9.316849867514311878e-01 2.652749745473934606e-01 -9.422561765807795364e-01 1.427872875333776603e+00 6.028296582838462703e-01 1.496146424356983029e-01 -6.894723824211816954e-01
1.661415554378773689e+09 -1.517543494701385498e-01 -3.576598316431045532e-02 1.335286736488342285e+00 5.793685913085937500e-01 -5.747323036193847656e-01 -4.012856185436248779e-01 -4.159142374992370605e-01 1.009698352693520818e+00 5.676119591072166237e-01 -1.033401996079153617e+00 1.581322681307177902e+00 -1.431145800898166565e+00 -2.783712347090862571e-01 1.465132041215105874e+00
1.661415554412008762e+09 -1.686700433492660522e-01 -1.554371975362300873e-02 1.356139779090881348e+00 5.733231306076049805e-01 -5.729403495788574219e-01 -4.067382216453552246e-01 -4.214308857917785645e-01 1.011414407630550683e+00 5.016833867021512905e-01 -1.056967105404462703e+00 1.635099030932132269e+00 -1.114124820252299308e+00 -2.558627350023954805e-01 1.154602192298396890e+00
1.661415554445203781e+09 -1.832269728183746338e-01 5.152855999767780304e-03 1.364321947097778320e+00 -5.622622370719909668e-01 5.764223933219909668e-01 4.054363369941711426e-01 4.326891303062438965e-01 8.011213478547021261e-01 5.474719215043661880e-01 -1.065577373924906368e+00 1.117426290773195108e+00 -2.724251870948501519e+00 -2.092045214516874974e-01 2.691037065145943430e+00
1.661415554478300095e+09 -1.866928488016128540e-01 2.516820095479488373e-02 1.369179010391235352e+00 -5.595619082450866699e-01 5.750623941421508789e-01 4.082146584987640381e-01 4.353787302970886230e-01 6.310617652975316627e-01 -3.156375139084478115e-02 -8.886913107200691275e-01 9.185252860535609853e-01 -2.685818352533302367e-01 2.230142195351229595e-01 2.686845577123821993e-01
1.661415554511915684e+09 -2.016506791114807129e-01 4.542684555053710938e-02 1.372521758079528809e+00 -5.579655766487121582e-01 5.684657692909240723e-01 4.146448373794555664e-01 4.399895370006561279e-01 7.556974491064875066e-01 3.033783319474106510e-01 -9.458079221631326972e-01 8.439964948394891309e-01 -8.814401365098618601e-01 5.203942772541806372e-01 7.647041474748784706e-01
1.661415554544991493e+09 -2.078737616539001465e-01 6.514170020818710327e-02 1.369035124778747559e+00 5.606154203414916992e-01 -5.570268034934997559e-01 -4.275211989879608154e-01 -4.389272332191467285e-01 6.338668485811395081e-01 -1.276214990152603757e-01 -7.694346963255834781e-01 3.855979921155328616e-01 6.292650790357399160e-01 1.373799388721146375e+00 -5.989004907458654881e-01
1.661415554578249454e+09 -2.114871442317962646e-01 8.606389164924621582e-02 1.377553820610046387e+00 -5.491803884506225586e-01 5.607272982597351074e-01 4.256053268909454346e-01 4.503841996192932129e-01 6.878691063035370368e-01 1.382978645948460261e-01 -9.847182381146611929e-01 1.184210554848247998e+00 -2.205001695204938716e+00 -2.774994888854652175e-01 2.108226212804692246e+00
1.661415554611615181e+09 -2.121392488479614258e-01 1.055591702461242676e-01 1.374659299850463867e+00 5.512672662734985352e-01 -5.493956804275512695e-01 -4.383347928524017334e-01 -4.495903253555297852e-01 5.910187891206178934e-01 -2.880671585666201295e-01 -7.107029397043813645e-01 3.948712779124288197e-01 8.156074583505104059e-01 1.407194775920755037e+00 -7.960940576365197474e-01
1.661415554645231962e+09 -2.161030024290084839e-01 1.266092658042907715e-01 1.375265955924987793e+00 -5.438408255577087402e-01 5.490998029708862305e-01 4.400843381881713867e-01 4.572223424911499023e-01 6.374382830547924428e-01 5.166667506587725028e-02 -9.252546378179016262e-01 8.258017366810286308e-01 -1.696750791461416386e+00 2.422392092226278160e-01 1.659959473492850668e+00
1.661415554678984880e+09 -2.266197949647903442e-01 1.457247138023376465e-01 1.379260778427124023e+00 5.464396476745605469e-01 -5.375585556030273438e-01 -4.529133439064025879e-01 -4.553065299987792969e-01 6.571346998923667249e-01 1.127172745612702552e-02 -8.307341774930062650e-01 8.823469937661648776e-01 8.955589862590196404e-01 9.352412297066013958e-01 -8.910718570846295483e-01
1.661415554712204456e+09 -2.385270446538925171e-01 1.669076979160308838e-01 1.393253207206726074e+00 -5.372005701065063477e-01 5.389706492424011230e-01 4.533296227455139160e-01 4.641319215297698975e-01 8.441063114356559538e-01 3.151417686984433475e-01 -1.112349481983114119e+00 1.689450813383797323e+00 -1.761257550459412569e+00 -5.794124685846997469e-01 1.653520646090022250e+00
1.661415554744942188e+09 -2.470702081918716431e-01 1.856995970010757446e-01 1.402058601379394531e+00 5.374208092689514160e-01 -5.285221338272094727e-01 -4.658300876617431641e-01 -4.635143578052520752e-01 6.855173526984265076e-01 -2.234368736682859971e-02 -8.728414250831599830e-01 1.183302041229954638e+00 9.181425492495628449e-01 7.525806265285460706e-01 -9.023004765908811953e-01
1.661415554778388500e+09 -2.389380782842636108e-01 2.055799216032028198e-01 1.407627224922180176e+00 5.313711166381835938e-01 -5.276176929473876953e-01 -4.685878753662109375e-01 -4.687107503414154053e-01 6.634326715340901348e-01 -3.223339724106626392e-01 -8.015440472830733798e-01 1.039188993188395527e+00 -1.530244060897679448e-01 2.280782213001967262e-01 1.405082788952842776e-01
1.661415554811721563e+09 -2.257598936557769775e-01 2.268892079591751099e-01 1.413672924041748047e+00 -5.202208757400512695e-01 5.305117964744567871e-01 4.664840996265411377e-01 4.799167215824127197e-01 7.732272206322221564e-01 -3.517096654328072391e-01 -8.743478078322984848e-01 1.147433724087128848e+00 -1.436278745850373850e+00 -9.392892720552085961e-02 1.301597305375160163e+00
1.661415554845440626e+09 -2.283886820077896118e-01 2.476273328065872192e-01 1.418015360832214355e+00 -5.140375494956970215e-01 5.278603434562683105e-01 4.704294204711914062e-01 4.856180548667907715e-01 6.331831409585287895e-01 -2.457066119956726954e-02 -9.562909197901779956e-01 1.186904151710128641e+00 -8.458900651380770741e-01 1.602259609408107077e-01 7.949477284053778625e-01
1.661415554878760815e+09 -2.232790440320968628e-01 2.695781588554382324e-01 1.411457777023315430e+00 -5.078613758087158203e-01 5.260316133499145508e-01 4.728714525699615479e-01 4.916912317276000977e-01 7.044469241157378381e-01 -2.241833073186146330e-01 -8.979526078277111356e-01 6.694417214843220165e-01 -1.371336257060040920e+00 5.227694718644891880e-01 1.358002217696065772e+00
1.661415554911582708e+09 -2.324589937925338745e-01 2.921315133571624756e-01 1.408073663711547852e+00 -5.021246075630187988e-01 5.240961313247680664e-01 4.749405980110168457e-01 4.976199567317962646e-01 7.490149901241703878e-01 1.564520050079503122e-01 -1.126723265407576946e+00 1.137104767207318012e+00 -1.733429966980140735e+00 5.259030836068637194e-02 1.645944815777683035e+00
1.661415554945071220e+09 -2.436756938695907593e-01 3.146096467971801758e-01 1.404946684837341309e+00 -4.960333406925201416e-01 5.242858529090881348e-01 4.748101234436035156e-01 5.036177635192871094e-01 7.559365398390293089e-01 2.224240562897593365e-01 -1.167291486399673284e+00 1.284817109407166980e+00 -1.621439699434580550e+00 -2.847021477990900329e-01 1.517912282545105240e+00
1.661415554978577852e+09 -2.477559000253677368e-01 3.363196551799774170e-01 1.403132557868957520e+00 -4.891884922981262207e-01 5.252702236175537109e-01 4.737644493579864502e-01 5.102286338806152344e-01 6.614949310009303751e-01 5.431905647234974710e-02 -1.098211187651305654e+00 1.296900652899344752e+00 -1.224895212999111305e+00 -3.063401807025555312e-01 1.110835130843075280e+00
1.661415555011881590e+09 -2.405978441238403320e-01 3.578415215015411377e-01 1.398640513420104980e+00 -4.840328097343444824e-01 5.215255022048950195e-01 4.776446521282196045e-01 5.153435468673706055e-01 6.942634892308180428e-01 -2.857572135780254707e-01 -9.258196964519358474e-01 9.137397070424039258e-01 -8.632593625001340198e-01 4.973252761724260562e-01 8.291087942227455265e-01
1.661415555044934034e+09 -2.430924475193023682e-01 3.775481581687927246e-01 1.399403214454650879e+00 -4.811550974845886230e-01 5.144693851470947266e-01 4.849822819232940674e-01 5.182694792747497559e-01 6.014241516889243799e-01 -8.676496159214036608e-02 -9.783272117024266468e-01 1.231447903182350423e+00 -2.614347825882165632e-01 4.973178250434883707e-01 2.023579907147668444e-01
1.661415555078222752e+09 -2.427969723939895630e-01 3.955404758453369141e-01 1.388956427574157715e+00 -4.793194234371185303e-01 5.248178839683532715e-01 4.742912650108337402e-01 5.194870829582214355e-01 6.250573752732173638e-01 1.228104961358141185e-02 -9.437638932687046900e-01 1.049824069911705182e+00 2.220922015208188216e-01 -9.738559766334862200e-01 -2.516449296341686237e-01
1.661415555111556053e+09 -2.371312230825424194e-01 4.171949326992034912e-01 1.384371995925903320e+00 -4.730955958366394043e-01 5.221252441406250000e-01 4.763365387916564941e-01 5.259935855865478516e-01 6.854420497175511828e-01 -2.078455029031054113e-01 -1.038918577329506876e+00 1.163165669236665201e+00 -9.577096708560962623e-01 2.121777562028856756e-01 8.515843163064237276e-01
1.661415555145436049e+09 -2.358171790838241577e-01 4.350520968437194824e-01 1.370808601379394531e+00 -4.710235297679901123e-01 5.326016545295715332e-01 4.662512540817260742e-01 5.263857841491699219e-01 6.630063219534287899e-01 -1.379956985846221042e-02 -9.326955921462498633e-01 9.584989839539562739e-01 1.964050887241580168e-01 -8.685516865847936474e-01 -1.585347487634993224e-01
1.661415555178561449e+09 -2.375096529722213745e-01 4.556835293769836426e-01 1.369883537292480469e+00 -4.632267355918884277e-01 5.304294824600219727e-01 4.665741026401519775e-01 5.351395010948181152e-01 6.255439897699182072e-01 1.622206057788471876e-03 -1.198960066033726735e+00 1.622354820083812710e+00 -9.984875765631016087e-01 -2.487782893361928094e-01 7.316871289364171860e-01
1.661415555212048292e+09 -2.338949143886566162e-01 4.713865220546722412e-01 1.358632326126098633e+00 -4.636852741241455078e-01 5.360145568847656250e-01 4.623187184333801270e-01 5.328655242919921875e-01 5.868869522644515335e-01 -1.246699637091019386e-01 -8.063008275486845955e-01 8.678366388709873869e-01 7.776372825191310012e-01 -3.221945263362369638e-01 -6.660399610948050109e-01
1.661415555244936228e+09 -2.414734512567520142e-01 4.913845658302307129e-01 1.351174950599670410e+00 -4.617587327957153320e-01 5.288662910461425781e-01 4.657418727874755859e-01 5.386685729026794434e-01 6.886660969949170985e-01 6.530122391475640109e-02 -1.185967275933610843e+00 1.372153895316478245e+00 -7.791197611777160859e-01 2.444972091281759352e-01 4.592646830488960608e-01
1.661415555278420448e+09 -2.552166283130645752e-01 5.027455687522888184e-01 1.343936204910278320e+00 -4.657173752784729004e-01 5.317851901054382324e-01 4.674395620822906494e-01 5.308597683906555176e-01 5.747302697799411275e-01 2.050002992717826211e-01 -7.956099190967590440e-01 1.084374370494005424e+00 1.527075100686595244e+00 -3.036858945391592290e-01 -1.269596825949588892e+00
