1.661415594729049683e+09 1.378528122206244648e-16 -2.367949187755584717e-01 1.128897309303283691e+00 -6.125128269195556641e-01 6.125135421752929688e-01 3.533097505569458008e-01 3.533093035221099854e-01 0.000000000000000000e+00 0.000000000000000000e+00 0.000000000000000000e+00 0.000000000000000000e+00 0.000000000000000000e+00 0.000000000000000000e+00 0.000000000000000000e+00
1.661415594762189388e+09 -1.722163893282413483e-02 -2.167665362358093262e-01 1.148937344551086426e+00 6.128101944923400879e-01 -6.050783991813659668e-01 -3.611455559730529785e-01 -3.576558828353881836e-01 1.000493338862638248e+00 7.570547746764036967e-01 -9.124077499869153174e-01 1.207483493364511329e+00 -7.469034574532467108e-01 3.020601291494957596e-01 8.076899848106318114e-01
1.661415594795844793e+09 -3.099150396883487701e-02 -1.967121809720993042e-01 1.169375538825988770e+00 6.084695458412170410e-01 -6.022822260856628418e-01 -3.634554743766784668e-01 -3.673161268234252930e-01 9.440601356055923210e-01 7.251246365095501689e-01 -9.093814882863877624e-01 1.236961099385630813e+00 -1.956966270379093986e+00 1.964912895903482559e-01 1.938138998440205318e+00
1.661415594829323053e+09 -4.760841280221939087e-02 -1.766530573368072510e-01 1.189738512039184570e+00 6.075826287269592285e-01 -5.958310961723327637e-01 -3.694533407688140869e-01 -3.732731044292449951e-01 9.875865561366938827e-01 6.858760195148092542e-01 -9.248418930887495337e-01 1.269228500611053745e+00 -1.073844872099916303e+00 1.861408795477118017e-01 1.035289927705183688e+00
1.661415594862303972e+09 -5.939644202589988708e-02 -1.565842628479003906e-01 1.211360692977905273e+00 -5.970251560211181641e-01 5.994322299957275391e-01 3.690216541290283203e-01 3.847921788692474365e-01 9.632365166354199815e-01 6.998519741411152184e-01 -9.597556802143526467e-01 1.391765259049191794e+00 -2.899257367300395405e+00 -1.341309174788744563e-01 3.057757442764401645e+00
1.661415594895536661e+09 -7.978510856628417969e-02 -1.366123408079147339e-01 1.231243848800659180e+00 5.998070836067199707e-01 -5.890320539474487305e-01 -3.810862004756927490e-01 -3.847674727439880371e-01 1.046675355060779911e+00 5.996252331066787011e-01 -9.442020072147994103e-01 1.314993188924185930e+00 2.493591372855378518e-01 2.675242080889839169e-01 -1.978638541131247930e-01
1.661415594929000616e+09 -9.851665049791336060e-02 -1.165505573153495789e-01 1.251503944396972656e+00 6.000781655311584473e-01 -5.810249447822570801e-01 -3.896504044532775879e-01 -3.879288733005523682e-01 1.019448136950310335e+00 5.881694637380538992e-01 -9.595368233166434724e-01 1.364859130875567983e+00 -4.464857116139199777e-01 1.417441092990111284e-01 4.170479224326782974e-01
1.661415594962466002e+09 -1.145138218998908997e-01 -9.628219902515411377e-02 1.272661209106445312e+00 5.958456993103027344e-01 -5.777164697647094727e-01 -3.924264609813690186e-01 -3.965010344982147217e-01 9.975028325703440002e-01 6.071501171925312024e-01 -9.901244882527187041e-01 1.458362005336608425e+00 -1.701030093730328430e+00 -1.136808676516403160e-01 1.568867518703261688e+00
1.661415594995760202e+09 -1.313596963882446289e-01 -7.607150077819824219e-02 1.293520331382751465e+00 5.910119414329528809e-01 -5.750513672828674316e-01 -3.989332020282745361e-01 -4.010899066925048828e-01 1.008468837097427073e+00 5.451245421927264356e-01 -1.003049294208714359e+00 1.491949685034703821e+00 -1.081226764899941406e+00 -8.316102113598639045e-02 1.200704647121383362e+00
1.661415595028584003e+09 -1.443475186824798584e-01 -5.562983080744743347e-02 1.315526723861694336e+00 5.815036296844482422e-01 -5.771919488906860352e-01 -3.981938660144805908e-01 -4.124858975410461426e-01 9.969439128677363149e-01 5.566619692138604636e-01 -1.055938827893142529e+00 1.630924967153291716e+00 -2.426510122778807954e+00 -4.765136309337094089e-01 2.333973457702930077e+00
1.661415595062120438e+09 -1.623421311378479004e-01 -3.538735955953598022e-02 1.335916280746459961e+00 5.777876377105712891e-01 -5.729401707649230957e-01 -4.016975164413452148e-01 -4.201669692993164062e-01 1.010879512165435701e+00 5.593699730661233493e-01 -1.044936800076444072e+00 1.560233292467469557e+00 -1.320453555568883663e+00 -2.257259990387427417e-01 1.113015012777120116e+00
1.661415595095881224e+09 -1.742950379848480225e-01 -1.482605654746294022e-02 1.344528079032897949e+00 -5.685009956359863281e-01 5.746082067489624023e-01 4.009140729904174805e-01 4.311611950397491455e-01 7.492216629922336946e-01 4.352224256461650342e-01 -1.006123500245703628e+00 1.046258287271016219e+00 -2.374308050610542509e+00 -8.125426164503120330e-02 2.275863352116999749e+00
1.661415595129110098e+09 -1.839016824960708618e-01 5.235812161117792130e-03 1.353423357009887695e+00 -5.660879611968994141e-01 5.687935948371887207e-01 4.084011912345886230e-01 4.350019395351409912e-01 7.209406607224390084e-01 1.351394470985821106e-01 -9.125666768644917770e-01 1.004103501530029474e+00 -3.866224084195203914e-01 4.738660002369234903e-01 3.396961815435137200e-01
1.661415595161772251e+09 -1.913597583770751953e-01 2.512697689235210419e-02 1.367168784141540527e+00 5.644423961639404297e-01 -5.617473721504211426e-01 -4.156221449375152588e-01 -4.394347667694091797e-01 7.746743226142533967e-01 5.189378627867084759e-02 -9.197846080487177556e-01 1.256647121561053071e+00 -2.137656181846010403e-02 3.479968338449777598e-01 -1.554462891028084437e-01
1.661415595195391893e+09 -1.991555541753768921e-01 4.569531977176666260e-02 1.376140117645263672e+00 -5.558282732963562012e-01 5.623686313629150391e-01 4.163939952850341797e-01 4.487901031970977783e-01 7.065909791962413644e-01 2.184877999321099828e-01 -9.738980560400297692e-01 1.125272284133792544e+00 -1.749565955933810590e+00 -6.545235479432989778e-02 1.651870002300649620e+00
1.661415595228811741e+09 -2.039995640516281128e-01 6.605914980173110962e-02 1.376435518264770508e+00 -5.513969659805297852e-01 5.585663318634033203e-01 4.218133091926574707e-01 4.539147019386291504e-01 6.263977505255392542e-01 3.621383354211553905e-03 -8.626802186246619319e-01 6.596356440549531186e-01 -9.228117142910046145e-01 6.251853293932672084e-01 9.110860525603658999e-01
1.661415595262013197e+09 -2.104574739933013916e-01 8.602939546108245850e-02 1.378826618194580078e+00 -5.499012470245361328e-01 5.514467358589172363e-01 4.313783645629882812e-01 4.554424881935119629e-01 6.362437832200414922e-01 -3.124656113221220208e-02 -8.473854608639120878e-01 7.566025943735364967e-01 -7.341888464362744671e-02 8.202812955464170441e-01 1.195806533101758662e-01
1.661415595295787334e+09 -2.142339497804641724e-01 1.061883270740509033e-01 1.381189346313476562e+00 5.470206737518310547e-01 -5.456421971321105957e-01 -4.385743439197540283e-01 -4.590159356594085693e-01 6.112742452651585001e-01 -6.974854078003570046e-02 -8.368076518302136613e-01 7.706373415845529928e-01 -3.877403615444624529e-01 6.770967634400291146e-01 3.615267382269485297e-01
1.661415595328459024e+09 -2.131371945142745972e-01 1.272483766078948975e-01 1.384911894798278809e+00 -5.372055172920227051e-01 5.476815104484558105e-01 4.383850991725921631e-01 4.682666659355163574e-01 6.554487829397017684e-01 -5.812768651348439175e-02 -9.366440145016998731e-01 9.789436298526668079e-01 -1.818076174600022687e+00 1.202131267577037643e-02 1.774451700706078716e+00
1.661415595361812115e+09 -2.167900651693344116e-01 1.463847160339355469e-01 1.387103676795959473e+00 5.390116572380065918e-01 -5.359950661659240723e-01 -4.520696699619293213e-01 -4.666998684406280518e-01 5.877945960285541060e-01 -1.942245244717067942e-01 -7.582778526702887989e-01 7.066689157773222707e-01 9.448064431540942332e-01 1.219813471925862647e+00 -8.964800931215111124e-01
1.661415595395406246e+09 -2.215680927038192749e-01 1.683378517627716064e-01 1.394167304039001465e+00 -5.270611643791198730e-01 5.407795906066894531e-01 4.483055174350738525e-01 4.783159196376800537e-01 7.010545069125070361e-01 1.780773559581768362e-01 -1.066665598617740907e+00 1.339296562052476158e+00 -2.538859003057266417e+00 -5.958626424587172288e-01 2.415622517197926644e+00
1.661415595429033995e+09 -2.272513955831527710e-01 1.877381205558776855e-01 1.396081447601318359e+00 -5.276923775672912598e-01 5.307518243789672852e-01 4.599013924598693848e-01 4.778430461883544922e-01 6.038470436054154122e-01 -9.519388238519109480e-02 -8.137192459351697549e-01 8.163693677107674018e-01 4.256035928954162717e-01 9.705902408826115879e-01 -3.982220086138439918e-01
1.661415595462274790e+09 -2.378692328929901123e-01 2.061182409524917603e-01 1.398977875709533691e+00 5.302904248237609863e-01 -5.172386765480041504e-01 -4.755270779132843018e-01 -4.744789004325866699e-01 6.444873562280883927e-01 -1.794864601576187310e-02 -8.181058146829222055e-01 8.629681142048450937e-01 1.114756023042239308e+00 1.198999612563053097e+00 -1.026755771591841171e+00
1.661415595495226383e+09 -2.382062822580337524e-01 2.288527637720108032e-01 1.398123621940612793e+00 5.215575695037841797e-01 -5.193322300910949707e-01 -4.748761653900146484e-01 -4.824565649032592773e-01 6.904996309685152989e-01 -2.956266263609558936e-02 -1.036737853761246386e+00 1.054455229814727169e+00 -2.087082879021125326e+00 -6.672482433946150260e-02 2.056161617939732622e+00
1.661415595528529406e+09 -2.356982082128524780e-01 2.498687803745269775e-01 1.406645059585571289e+00 -5.125744938850402832e-01 5.217924714088439941e-01 4.736547768115997314e-01 4.905622303485870361e-01 6.851085326627686101e-01 -8.787620542564830717e-02 -9.896010101616020682e-01 1.461597671073433968e+00 -1.027078653883997106e+00 -4.175469428473393418e-01 9.372638289606861628e-01
1.661415595561788321e+09 -2.393324524164199829e-01 2.701740860939025879e-01 1.403649568557739258e+00 -5.098497867584228516e-01 5.231554508209228516e-01 4.729775488376617432e-01 4.925990700721740723e-01 6.267291372442370667e-01 8.633034830756936701e-03 -9.615709169785128241e-01 1.036361461006211293e+00 -4.471113632382036629e-01 -1.461074931888445283e-01 4.506006683312778205e-01
1.661415595595597029e+09 -2.434872537851333618e-01 2.883894443511962891e-01 1.408043146133422852e+00 -5.092521309852600098e-01 5.153543353080749512e-01 4.823138713836669922e-01 4.923875331878662109e-01 5.676892962062753956e-01 -8.607923843475849546e-02 -8.329935702808555220e-01 1.101647635012620086e+00 6.585197325639401411e-01 5.946812557796079535e-01 -6.291434769206774025e-01
1.661415595628674507e+09 -2.494035810232162476e-01 3.069156706333160400e-01 1.416078329086303711e+00 -5.062735676765441895e-01 5.076056718826293945e-01 4.914572238922119141e-01 4.944626688957214355e-01 6.361588918137884852e-01 -1.612224026348409861e-02 -9.348325678717398501e-01 1.384876346417736714e+00 3.331476919487111332e-01 4.215201103397916982e-01 -3.535568276462963122e-01
1.661415595661900759e+09 -2.577956914901733398e-01 3.273008465766906738e-01 1.415924787521362305e+00 5.035495162010192871e-01 -5.008120536804199219e-01 -4.989365935325622559e-01 -4.966765046119689941e-01 6.634981031019953068e-01 4.893692556268417621e-02 -1.021334147551509197e+00 1.182703103080579909e+00 -4.194399144473141550e-01 4.626522558104360083e-01 3.977121497570198505e-01
1.661415595695247173e+09 -2.499127537012100220e-01 3.507792055606842041e-01 1.413529753684997559e+00 -4.947499036788940430e-01 5.020775794982910156e-01 4.977768063545227051e-01 5.053305029869079590e-01 7.461649538862746844e-01 -2.297990551417086746e-01 -1.068494249737211188e+00 1.218622843777033227e+00 -1.565747351227152029e+00 -5.410461452708634905e-02 1.467486418357403011e+00
1.661415595728763103e+09 -2.463542073965072632e-01 3.682094812393188477e-01 1.401285171508789062e+00 -4.961807429790496826e-01 5.090572237968444824e-01 4.914167225360870361e-01 5.031651258468627930e-01 6.443643596396407824e-01 -1.329228063602708731e-01 -7.820614435838909584e-01 6.951454945378122696e-01 6.493856635956964940e-01 -4.023506697519824149e-01 -5.620613105812758414e-01
1.661415595762371302e+09 -2.501880824565887451e-01 3.905674517154693604e-01 1.391906857490539551e+00 -4.942244291305541992e-01 5.026224851608276367e-01 4.965533316135406494e-01 5.065053105354309082e-01 7.303721187632097323e-01 -5.312050055324420844e-02 -1.056613838181865939e+00 9.356816306870003874e-01 -9.605093489201621537e-01 5.965891315339282297e-01 8.676867056799870692e-01
1.661415595795682669e+09 -2.487405091524124146e-01 4.077459275722503662e-01 1.378962397575378418e+00 -4.946554899215698242e-01 5.103545784950256348e-01 4.914067089557647705e-01 5.033624172210693359e-01 6.471714744689305299e-01 -7.758608702986691252e-02 -8.250176684103730507e-01 7.651886096727005260e-01 6.204733955197240247e-01 -4.433545286239398697e-01 -4.241062913016641067e-01
1.661415595828963280e+09 -2.506393194198608398e-01 4.272623658180236816e-01 1.372357845306396484e+00 -4.950805008411407471e-01 5.009735226631164551e-01 4.976228475570678711e-01 5.062533020973205566e-01 6.217129611837096670e-01 -1.131552760902725385e-01 -9.459989568050016784e-01 9.396675332844859341e-01 -2.071486895564899622e-01 7.466727461738819072e-01 1.012771876283947298e-02
1.661415595861690283e+09 -2.506051063537597656e-01 4.430511295795440674e-01 1.364315271377563477e+00 -4.937573969364166260e-01 5.097473263740539551e-01 4.923900067806243896e-01 5.038983225822448730e-01 5.414237522335225705e-01 -1.678547555569367272e-02 -8.675046793338787587e-01 1.078931633947276092e+00 7.630346467455451087e-01 -7.339151002594482831e-01 -5.599270214782269273e-01
1.661415595895418644e+09 -2.474931329488754272e-01 4.635991454124450684e-01 1.360600113868713379e+00 -4.903880655765533447e-01 5.049704313278198242e-01 4.917395710945129395e-01 5.125590562820434570e-01 6.259358744817219433e-01 -1.302132475606083417e-01 -1.068237533318745713e+00 1.331906021325899969e+00 -7.661964045334259676e-01 8.039676870044497325e-02 3.577138266048681126e-01
1.661415595929024220e+09 -2.567325830459594727e-01 4.801787137985229492e-01 1.340932011604309082e+00 -4.928894639015197754e-01 5.093643069267272949e-01 4.933558404445648193e-01 5.041906833648681641e-01 8.133422141479202949e-01 9.595371432619102803e-02 -8.802095266120277817e-01 6.203688537596596664e-01 6.966707616992198204e-01 -3.520722785751110879e-03 -2.560319239007786685e-01
1.661415595961843491e+09 -2.498746216297149658e-01 4.986522197723388672e-01 1.345981955528259277e+00 -4.859914779663085938e-01 5.092193484306335449e-01 4.855378866195678711e-01 5.184215903282165527e-01 6.198240258261876745e-01 -1.113867736719350576e-01 -1.163307344656734577e+00 1.963808358702759715e+00 -8.218678915473386359e-01 -8.016926107843311833e-01 1.282138811185992711e-01
