1.661415607695722580e+09 1.378528122206244648e-16 -2.367949187755584717e-01 1.128897309303283691e+00 -6.125128269195556641e-01 6.125135421752929688e-01 3.533097505569458008e-01 3.533093035221099854e-01 0.000000000000000000e+00 0.000000000000000000e+00 0.000000000000000000e+00 0.000000000000000000e+00 0.000000000000000000e+00 0.000000000000000000e+00 0.000000000000000000e+00
1.661415607727819681e+09 -1.602209173142910004e-02 -2.167738378047943115e-01 1.149000287055969238e+00 6.115250587463378906e-01 -6.063892245292663574e-01 -3.591788113117218018e-01 -3.596105277538299561e-01 1.015152233198410858e+00 7.882630205265415135e-01 -9.413225184121309930e-01 1.249525672801731435e+00 -1.203458028775072242e+00 2.995924466001725905e-01 1.224069439451088481e+00
1.661415607760975599e+09 -2.926884032785892487e-02 -1.967685222625732422e-01 1.169585347175598145e+00 6.056451201438903809e-01 -6.051828861236572266e-01 -3.613739311695098877e-01 -3.692649900913238525e-01 9.534895460971206660e-01 7.340805839893471685e-01 -9.220558764503836713e-01 1.262673759896867365e+00 -2.131665430278709916e+00 1.636283822120808973e-01 2.203755075288560406e+00
1.661415607794331074e+09 -4.399079829454421997e-02 -1.767597943544387817e-01 1.190355896949768066e+00 6.022124290466308594e-01 -6.013970971107482910e-01 -3.642242550849914551e-01 -3.781564533710479736e-01 9.707721240057006762e-01 7.046109516010699014e-01 -9.286407122923791002e-01 1.293965299223638565e+00 -1.788110925301763077e+00 8.918027405171145838e-02 1.717843622413748106e+00
1.661415607827611923e+09 -6.175142526626586914e-02 -1.567248255014419556e-01 1.210742115974426270e+00 6.021862626075744629e-01 -5.940004587173461914e-01 -3.717261552810668945e-01 -3.825635015964508057e-01 1.011143445439171673e+00 6.547979337912759323e-01 -9.392634956070473606e-01 1.308417546053495251e+00 -7.419939499452349319e-01 1.578548997342178184e-01 7.130733802012819700e-01
1.661415607861057281e+09 -7.594627887010574341e-02 -1.366128921508789062e-01 1.232210755348205566e+00 5.957264304161071777e-01 -5.932127237319946289e-01 -3.728360235691070557e-01 -3.926855623722076416e-01 9.766145672101456121e-01 6.685254211548934400e-01 -9.614260375481268328e-01 1.398022219476905859e+00 -2.222541473984197768e+00 -1.352068861998679539e-01 2.182779727608232800e+00
1.661415607894472361e+09 -9.368623048067092896e-02 -1.165361851453781128e-01 1.252869129180908203e+00 5.944259762763977051e-01 -5.869144201278686523e-01 -3.792502582073211670e-01 -3.979429006576538086e-01 1.012452362974489040e+00 6.091123307352930283e-01 -9.650036300136163314e-01 1.388767684525296309e+00 -9.241750885100484814e-01 3.412994391396061145e-02 8.530775829845390623e-01
1.661415607927674055e+09 -1.099820956587791443e-01 -9.635186940431594849e-02 1.273797869682312012e+00 5.898348093032836914e-01 -5.839280486106872559e-01 -3.818898797035217285e-01 -4.065503478050231934e-01 1.003902877816450934e+00 6.278371755341151106e-01 -1.001602938834191603e+00 1.461989563435502681e+00 -1.729192638459504439e+00 -1.725617236788527797e-01 1.604413996281438104e+00
1.661415607961218596e+09 -1.214989870786666870e-01 -7.619525492191314697e-02 1.293403029441833496e+00 5.845477581024169922e-01 -5.814648270606994629e-01 -3.848555386066436768e-01 -4.148358702659606934e-01 9.058311752129404315e-01 3.996215963120345882e-01 -9.650693162498866773e-01 1.398581691311397979e+00 -1.329777558582655672e+00 -1.091459365169769324e-01 1.208905313265340453e+00
1.661415607995284319e+09 -1.365535110235214233e-01 -5.594545602798461914e-02 1.314959764480590820e+00 -5.765573382377624512e-01 5.819326043128967285e-01 3.875716924667358398e-01 4.227579832077026367e-01 9.742089937420765899e-01 5.360616268869451417e-01 -1.010030741450000491e+00 1.544756214141956185e+00 -1.661858471538993909e+00 -3.769040772618150736e-01 1.695594165740200499e+00
1.661415608028022528e+09 -1.534425616264343262e-01 -3.604831174015998840e-02 1.334600687026977539e+00 5.767557621002197266e-01 -5.736299157142639160e-01 -3.983951210975646973e-01 -4.237722158432006836e-01 9.977170534622924469e-01 3.656748396381704902e-01 -9.908523357802655473e-01 1.496951515987543724e+00 2.306438905818951612e-01 1.887396478674173705e-01 -2.327274363843527816e-01
1.661415608060815573e+09 -1.714195311069488525e-01 -1.574874110519886017e-02 1.346907377243041992e+00 5.718060731887817383e-01 -5.708332657814025879e-01 -4.041241109371185303e-01 -4.288017153739929199e-01 9.080427005699172049e-01 5.219683638702802275e-01 -1.045055806981228574e+00 1.247183531944833446e+00 -1.297986656985867793e+00 7.964467374715959724e-02 1.346411971314968481e+00
1.661415608094354868e+09 -1.802503019571304321e-01 4.557296168059110641e-03 1.343528985977172852e+00 5.685133337974548340e-01 -5.662395954132080078e-01 -4.109374880790710449e-01 -4.327767789363861084e-01 6.678541335957035585e-01 1.275667762260637161e-01 -8.688441513014851791e-01 4.215921739841499982e-01 -9.529965987994056809e-01 8.835280812186306898e-01 1.011847589021242833e+00
1.661415608127862453e+09 -1.894154250621795654e-01 2.522341161966323853e-02 1.348705768585205078e+00 -5.600691437721252441e-01 5.670511722564697266e-01 4.112071096897125244e-01 4.423620998859405518e-01 6.921533797737227101e-01 2.825172850123939816e-01 -9.772172017807926325e-01 9.316994722605828061e-01 -2.121767911051879896e+00 4.180897807317524029e-02 2.049750857387482750e+00
1.661415608162665844e+09 -1.938427537679672241e-01 4.550110921263694763e-02 1.355534911155700684e+00 -5.542755126953125000e-01 5.647221207618713379e-01 4.160459339618682861e-01 4.480775594711303711e-01 6.278130194683142484e-01 1.915249614552860108e-02 -8.533168642210744448e-01 9.101123222692818482e-01 -8.390825677513044090e-01 3.196819505792564686e-01 8.357093539452176145e-01
1.661415608195880413e+09 -2.025364935398101807e-01 6.513373553752899170e-02 1.367804050445556641e+00 -5.545036792755126953e-01 5.554496049880981445e-01 4.264834821224212646e-01 4.495701193809509277e-01 7.445406169069667124e-01 1.994817783437225975e-02 -8.754748764023200236e-01 1.189091158971016471e+00 5.072676237656342790e-01 5.712215649693799246e-01 -6.024871924751311614e-01
1.661415608228471756e+09 -2.053557485342025757e-01 8.518947660923004150e-02 1.379226446151733398e+00 -5.493782758712768555e-01 5.519114136695861816e-01 4.320256412029266357e-01 4.548969268798828125e-01 7.134387269523647657e-01 -5.107918313806142363e-02 -9.039893926806246149e-01 1.221396630628589053e+00 -3.866880496817283741e-01 2.432500909994449456e-01 3.243936645427465404e-01
1.661415608262912035e+09 -2.152339220046997070e-01 1.049132719635963440e-01 1.381541967391967773e+00 5.503021478652954102e-01 -5.418294668197631836e-01 -4.435867369174957275e-01 -4.547736346721649170e-01 6.440236112367355714e-01 2.577870793984886333e-02 -8.268884035958016243e-01 7.491446108929179504e-01 3.185066302310122222e-01 9.187334073381969723e-01 -3.074821343247665650e-01
1.661415608295684099e+09 -2.248248010873794556e-01 1.264391094446182251e-01 1.386560201644897461e+00 -5.401834845542907715e-01 5.447503328323364258e-01 4.425556659698486328e-01 4.643203616142272949e-01 7.352047103328160915e-01 2.858568809467361693e-01 -1.078535817210832359e+00 1.193644743949394016e+00 -2.483793581631632996e+00 -3.050347781862012275e-01 2.435920347501537186e+00
1.661415608328197718e+09 -2.378652244806289673e-01 1.457409411668777466e-01 1.392999529838562012e+00 5.419000983238220215e-01 -5.349478721618652344e-01 -4.535120725631713867e-01 -4.631434679031372070e-01 7.433104348752570534e-01 1.121012550923633361e-01 -9.298155988584456688e-01 1.122176653882190234e+00 6.185735485824516156e-01 6.653217431675657600e-01 -6.337626920022069177e-01
1.661415608360882282e+09 -2.429896593093872070e-01 1.672040969133377075e-01 1.401841878890991211e+00 -5.311744809150695801e-01 5.379456877708435059e-01 4.517464339733123779e-01 4.737017750740051270e-01 7.273196792104058561e-01 1.475347772052723605e-01 -1.075647249151447271e+00 1.430352032226204662e+00 -2.076531038817002184e+00 -4.813713587493644308e-01 1.939243802695362229e+00
1.661415608394326210e+09 -2.440647780895233154e-01 1.870261430740356445e-01 1.400505185127258301e+00 -5.298042893409729004e-01 5.300648212432861328e-01 4.621827304363250732e-01 4.740525484085083008e-01 5.949102046539815891e-01 -2.059107096735011966e-01 -7.845217993556166114e-01 6.456010049074194512e-01 1.159819442038834830e-01 1.021536364796550744e+00 -1.699253688401599141e-02
1.661415608427640915e+09 -2.394685745239257812e-01 2.066472470760345459e-01 1.404031515121459961e+00 5.264670252799987793e-01 -5.236918926239013672e-01 -4.698880016803741455e-01 -4.772678315639495850e-01 6.140964230569760929e-01 -3.067890509711427849e-01 -7.758268234833994859e-01 8.677022739865436485e-01 1.314510409858075657e-01 7.507286944259826678e-01 -1.455270132296078989e-01
1.661415608460973501e+09 -2.380549907684326172e-01 2.288256138563156128e-01 1.413898825645446777e+00 -5.132921338081359863e-01 5.292834043502807617e-01 4.651192128658294678e-01 4.899534285068511963e-01 7.294803917174372820e-01 1.469248928934677179e-02 -1.085216800876835475e+00 1.587659372215000086e+00 -2.176783358663179957e+00 -7.709309519569421676e-01 1.995820261588925781e+00
1.661415608494365215e+09 -2.252147197723388672e-01 2.491190880537033081e-01 1.418754696846008301e+00 -5.054051280021667480e-01 5.278640985488891602e-01 4.682575464248657227e-01 4.966487288475036621e-01 7.337315415416055808e-01 -4.243937266753007309e-01 -8.014026983119053593e-01 1.020511721863607058e+00 -4.580722748299562719e-01 3.430053873850375523e-01 4.451874339333247166e-01
1.661415608527717352e+09 -2.291971743106842041e-01 2.709241807460784912e-01 1.417128801345825195e+00 -4.991229474544525146e-01 5.259975790977478027e-01 4.711514413356781006e-01 5.022143125534057617e-01 6.663841652406196081e-01 1.382734152331880663e-02 -1.018362292119991963e+00 1.045228354664744286e+00 -1.363968635559915876e+00 1.576956394148723850e-01 1.335768130166155698e+00
1.661415608560986280e+09 -2.300207912921905518e-01 2.921043336391448975e-01 1.419409036636352539e+00 -4.923102259635925293e-01 5.239713788032531738e-01 4.741621613502502441e-01 5.081881284713745117e-01 6.407918725247396807e-01 -6.255306334573274007e-02 -1.003842130101367136e+00 1.226020000747505057e+00 -9.816951979480325052e-01 8.135932082354802031e-02 9.273796937700523602e-01
1.661415608594343662e+09 -2.294538617134094238e-01 3.147360086441040039e-01 1.416685700416564941e+00 -4.838897883892059326e-01 5.242872834205627441e-01 4.741514027118682861e-01 5.159009099006652832e-01 6.835664949576882865e-01 -6.043312005292026529e-02 -1.068171265505901024e+00 1.136616151824129339e+00 -1.630876849008471741e+00 -8.380620568070767940e-02 1.553790836780593043e+00
1.661415608627695560e+09 -2.281902283430099487e-01 3.368392884731292725e-01 1.413913249969482422e+00 -4.769193232059478760e-01 5.226779580116271973e-01 4.761449098587036133e-01 5.221510529518127441e-01 6.689960684283720038e-01 -1.068899573334110148e-01 -1.037997863144118904e+00 1.121225343594242085e+00 -1.245541653072385291e+00 1.024710252638109803e-01 1.192308603443060777e+00
1.661415608661022186e+09 -2.360859811305999756e-01 3.604244589805603027e-01 1.407505631446838379e+00 -4.684775173664093018e-01 5.232848525047302246e-01 4.766613245010375977e-01 5.286737084388732910e-01 7.706709313751513024e-01 1.409695298712250189e-01 -1.229936966954257693e+00 1.278381054588563437e+00 -1.807779672720730035e+00 -2.790274306526109860e-01 1.780058160740096707e+00
1.661415608694807053e+09 -2.374825328588485718e-01 3.780181109905242920e-01 1.400619864463806152e+00 -4.658484160900115967e-01 5.335708260536193848e-01 4.636374413967132568e-01 5.322857499122619629e-01 5.607444304548786507e-01 7.686961141519386975e-02 -9.693759511555801733e-01 1.217778660006378910e+00 2.945020987432871440e-01 -1.195516614535747424e+00 -4.988049312171219385e-01
1.661415608727921247e+09 -2.315191924571990967e-01 4.004605412483215332e-01 1.395029902458190918e+00 -4.553234577178955078e-01 5.350275039672851562e-01 4.638204872608184814e-01 5.397190451622009277e-01 7.212783268448751395e-01 -1.749053322791852549e-01 -1.105564654206703024e+00 1.200717996922811892e+00 -1.367199099611964952e+00 -1.394973452727027718e-01 1.393507350289807434e+00
1.661415608761271238e+09 -2.338842749595642090e-01 4.178928732872009277e-01 1.382399201393127441e+00 -4.555865526199340820e-01 5.424633622169494629e-01 4.529640674591064453e-01 5.412928462028503418e-01 6.493777154893227710e-01 5.386119535501229794e-02 -9.550872342963496742e-01 9.931765539048822422e-01 3.113527072401353069e-01 -8.226367710229319785e-01 -4.978978074630797113e-01
1.661415608794342518e+09 -2.363116890192031860e-01 4.380820095539093018e-01 1.381126642227172852e+00 -4.463763833045959473e-01 5.419523715972900391e-01 4.564179182052612305e-01 5.465513467788696289e-01 6.160729674535135869e-01 -5.456240466317809892e-04 -1.157058073107017471e+00 1.532296574911444331e+00 -7.442129008177443827e-01 -1.800329536247961826e-01 7.811824357124098617e-01
1.661415608827828646e+09 -2.339054197072982788e-01 4.530090093612670898e-01 1.369911789894104004e+00 -4.527791440486907959e-01 5.431632995605468750e-01 4.521357119083404541e-01 5.436338782310485840e-01 5.621713008495381469e-01 -1.456908289535389367e-01 -7.120118322912217801e-01 7.190544489084552682e-01 1.144704463629079738e+00 6.132260221742777406e-03 -1.265184964018029712e+00
1.661415608861152649e+09 -2.373373359441757202e-01 4.693350791931152344e-01 1.368271350860595703e+00 -4.471042156219482422e-01 5.463221073150634766e-01 4.564818739891052246e-01 5.415295362472534180e-01 5.030410722408358293e-01 8.575726896679748343e-03 -9.944914951016545768e-01 1.454776800464491426e+00 5.217494144247486476e-01 -2.424455050801481715e-01 -1.754335685694164426e-01
1.661415608894427299e+09 -2.476498335599899292e-01 4.796153903007507324e-01 1.359494686126708984e+00 -4.475277960300445557e-01 5.477444529533386230e-01 4.445736110210418701e-01 5.495900511741638184e-01 5.109544477273459950e-01 2.690381157263131984e-01 -7.757908654887312183e-01 8.714858824865285847e-01 -6.772065268204623401e-01 -8.697760040226201195e-01 -2.219568826462912925e-02
1.661415608927818537e+09 -2.420413643121719360e-01 4.967656135559082031e-01 1.355502247810363770e+00 -4.368506371974945068e-01 5.544780492782592773e-01 4.467859268188476562e-01 5.496343970298767090e-01 5.534501572934522606e-01 -1.447888348595305352e-01 -1.032408943602119988e+00 1.454553576451203645e+00 1.134679146362120722e-01 -4.065881409313516492e-01 3.260344777398263005e-01
1.661415608961100340e+09 -2.500922083854675293e-01 4.978949725627899170e-01 1.347103357315063477e+00 -4.507600367069244385e-01 5.448844432830810547e-01 4.484546184539794922e-01 5.466304421424865723e-01 3.512131769178620244e-01 5.515565487421605906e-02 7.448390260518343575e-02 -4.731763452899476197e-01 4.555586481174390689e-01 8.087976558296910978e-01 -8.167018061557107522e-01
