1.661415556228737116e+09 1.378528122206244648e-16 -2.367949187755584717e-01 1.128897309303283691e+00 -6.125128269195556641e-01 6.125135421752929688e-01 3.533097505569458008e-01 3.533093035221099854e-01 0.000000000000000000e+00 0.000000000000000000e+00 0.000000000000000000e+00 0.000000000000000000e+00 0.000000000000000000e+00 0.000000000000000000e+00 0.000000000000000000e+00
1.661415556262058496e+09 -1.827321201562881470e-02 -2.167729735374450684e-01 1.148905158042907715e+00 6.146528124809265137e-01 -6.031954288482666016e-01 -3.622050583362579346e-01 -3.566015660762786865e-01 1.011101065308591229e+00 7.529520991016779297e-01 -9.078005409380633939e-01 1.199407981711364535e+00 -4.220063207661022830e-01 3.066810444585457152e-01 4.334069760524036918e-01
1.661415556295227051e+09 -3.687508404254913330e-02 -1.967280954122543335e-01 1.168916583061218262e+00 6.153952479362487793e-01 -5.950927138328552246e-01 -3.725317120552062988e-01 -3.582924306392669678e-01 1.021640492300334380e+00 7.085651194990453261e-01 -9.254414789748416359e-01 1.235284939913517732e+00 -2.585294257576515875e-01 2.901744750912390591e-01 4.170059082494377289e-01
1.661415556328172445e+09 -5.154000967741012573e-02 -1.765303313732147217e-01 1.189252376556396484e+00 6.121753454208374023e-01 -5.910285115242004395e-01 -3.756479918956756592e-01 -3.671720921993255615e-01 9.772401418426110986e-01 7.038834854591246026e-01 -9.444362782221861208e-01 1.291913002081534589e+00 -1.750839135226728294e+00 2.033664692910648331e-01 1.680188074257854103e+00
1.661415556361813784e+09 -6.704332679510116577e-02 -1.563406139612197876e-01 1.209744691848754883e+00 6.075674295425415039e-01 -5.883519649505615234e-01 -3.814506530761718750e-01 -3.730941116809844971e-01 9.713921140931144338e-01 6.436644693510076287e-01 -9.359720842700526289e-01 1.305166952236141320e+00 -1.383123884737040399e+00 1.377314156035357728e-01 1.540480099255927549e+00
1.661415556395231247e+09 -8.470986038446426392e-02 -1.362122148275375366e-01 1.230054974555969238e+00 6.058380007743835449e-01 -5.825189352035522461e-01 -3.897207081317901611e-01 -3.764967918395996094e-01 1.005821363936308721e+00 6.128493957446684570e-01 -9.518818316030119853e-01 1.336878937405023393e+00 -7.035108105951665136e-01 1.568004606406749046e-01 8.097749557402127429e-01
1.661415556428438902e+09 -1.010483279824256897e-01 -1.159687414765357971e-01 1.250728607177734375e+00 6.023849248886108398e-01 -5.784651041030883789e-01 -3.949320316314697266e-01 -3.828044831752777100e-01 1.000632072812396300e+00 6.068659657099509941e-01 -9.755909475117403584e-01 1.403147290518838020e+00 -1.321807327226748763e+00 4.389556004300419062e-02 1.322249846550842323e+00
1.661415556461884737e+09 -1.142845824360847473e-01 -9.551023691892623901e-02 1.272675037384033203e+00 5.920960307121276855e-01 -5.817753672599792480e-01 -3.946211338043212891e-01 -3.939973413944244385e-01 9.804871115898392553e-01 6.306543476792861869e-01 -1.002609746101013499e+00 1.511419154814586774e+00 -2.751296992824425303e+00 -3.008012896916939516e-01 2.816396680074535475e+00
1.661415556494895220e+09 -1.326307505369186401e-01 -7.537497580051422119e-02 1.290800929069519043e+00 5.900693535804748535e-01 -5.760239958763122559e-01 -4.027203023433685303e-01 -3.972795307636260986e-01 9.911818500670511733e-01 5.463284901018901074e-01 -9.997361894371348257e-01 1.369234143830085904e+00 -6.849383894895362257e-01 1.295985377309477604e-01 7.332512733977172292e-01
1.661415556528274536e+09 -1.467317044734954834e-01 -5.477700382471084595e-02 1.313567876815795898e+00 -5.779876708984375000e-01 5.810458064079284668e-01 3.993995189666748047e-01 4.108479917049407959e-01 1.012163070925478969e+00 6.644957847178039057e-01 -1.073634761307456831e+00 1.672284662956340373e+00 -3.148192443637608307e+00 -6.766578610616494904e-01 3.077732034795415572e+00
1.661415556562109470e+09 -1.576493829488754272e-01 -3.472807258367538452e-02 1.331683039665222168e+00 5.755909681320190430e-01 -5.753338336944580078e-01 -4.049686193466186523e-01 -4.167570471763610840e-01 8.613287141921357470e-01 2.464087016341030001e-01 -9.412278346960304409e-01 1.369405342188472652e+00 -4.962395911095343060e-01 7.126211612900958114e-02 3.113455070707875083e-01
1.661415556595022440e+09 -1.784238368272781372e-01 -1.491588074713945389e-02 1.351150989532470703e+00 5.768082737922668457e-01 -5.656986236572265625e-01 -4.173301458358764648e-01 -4.160683453083038330e-01 1.053862975561437931e+00 4.436009966764505874e-01 -1.023228500498443827e+00 1.542680444447609212e+00 4.182135756264421245e-01 2.143153019305306384e-01 -3.788903311065202062e-01
1.661415556628423929e+09 -1.906418055295944214e-01 5.576301366090774536e-03 1.358804583549499512e+00 5.698899626731872559e-01 -5.648729205131530762e-01 -4.208848178386688232e-01 -4.230838716030120850e-01 7.501358285749876176e-01 3.395521693944163477e-01 -9.836081240401870485e-01 1.016526976539196658e+00 -1.595529800168913992e+00 2.047061192495467086e-01 1.611900260055022516e+00
1.661415556661656618e+09 -1.993294656276702881e-01 2.584208548069000244e-02 1.363153457641601562e+00 5.654849410057067871e-01 -5.611343979835510254e-01 -4.274512529373168945e-01 -4.273645579814910889e-01 6.762682018505575821e-01 1.294359975750059011e-01 -9.097193811688546461e-01 8.287279690315111358e-01 -7.752095433922319145e-01 5.489074824392446983e-01 8.184686963062137721e-01
1.661415556695159197e+09 -2.024626135826110840e-01 4.645622149109840393e-02 1.376923084259033203e+00 -5.547527074813842773e-01 5.639906525611877441e-01 4.261882007122039795e-01 4.387797415256500244e-01 7.458301545272876254e-01 1.195666278433475532e-01 -9.685972036521496298e-01 1.339513419084160883e+00 -1.879672243834214163e+00 -3.105124297664746402e-01 1.739106324743216359e+00
1.661415556728425741e+09 -2.228213697671890259e-01 6.629285961389541626e-02 1.384339690208435059e+00 5.569548010826110840e-01 -5.529881715774536133e-01 -4.378046393394470215e-01 -4.385573863983154297e-01 8.830635798752296539e-01 3.524140419483051678e-01 -9.840913769855921256e-01 1.084742759389334621e+00 1.283548513438957372e-01 6.452012313236745733e-01 -1.823810411358915140e-01
1.661415556761689186e+09 -2.214770764112472534e-01 8.718652278184890747e-02 1.395227432250976562e+00 -5.443966984748840332e-01 5.576409101486206055e-01 4.341917037963867188e-01 4.518256783485412598e-01 7.094462826469360994e-01 8.437320815244160263e-03 -9.613794897771793524e-01 1.273065086014522285e+00 -2.169416297177753528e+00 -3.934550716131568482e-01 1.979899569969105988e+00
1.661415556795114756e+09 -2.298477888107299805e-01 1.067445799708366394e-01 1.396437883377075195e+00 5.466387271881103516e-01 -5.461474657058715820e-01 -4.465890824794769287e-01 -4.510734379291534424e-01 6.374906191645938192e-01 -5.315385141229068966e-02 -8.113304618417281899e-01 6.865195032237244588e-01 5.937597144783287595e-01 1.107714574894210546e+00 -6.037424239099317136e-01
1.661415556828268766e+09 -2.347096800804138184e-01 1.280748546123504639e-01 1.402393460273742676e+00 -5.354964733123779297e-01 5.495786666870117188e-01 4.441657066345214844e-01 4.625186920166015625e-01 6.838840067455416172e-01 1.590375195463601121e-01 -1.029670823796505985e+00 1.187433688316624325e+00 -2.355168083609330054e+00 -3.268794694248915444e-01 2.214393184562356787e+00
1.661415556861740351e+09 -2.410154193639755249e-01 1.481000930070877075e-01 1.395918250083923340e+00 -5.369358062744140625e-01 5.391494631767272949e-01 4.551112949848175049e-01 4.624839723110198975e-01 6.563912307171445581e-01 -9.514260717882210006e-02 -7.926772160596620154e-01 3.803200382528283408e-01 -3.155829525089715731e-02 1.270036070691699548e+00 4.556346692377253454e-02
1.661415556895291090e+09 -2.444546073675155640e-01 1.668423712253570557e-01 1.391717433929443359e+00 5.405423641204833984e-01 -5.249516963958740234e-01 -4.706104695796966553e-01 -4.590920209884643555e-01 5.815896151225463662e-01 -2.473083370031262662e-01 -6.987934661877061027e-01 3.758559755317457118e-01 1.200589449321936009e+00 1.612314772030102761e+00 -1.123804284817423449e+00
1.661415556928505659e+09 -2.396200895309448242e-01 1.884237825870513916e-01 1.406692028045654297e+00 -5.276840925216674805e-01 5.302159190177917480e-01 4.659703373908996582e-01 4.725382328033447266e-01 8.041337598601924208e-01 -8.100677406138524772e-02 -1.011309287920752809e+00 1.663524150092364318e+00 -1.971851817458397216e+00 -7.487962795237772529e-01 1.746477987507186524e+00
1.661415556961680889e+09 -2.430543005466461182e-01 2.090057581663131714e-01 1.410888671875000000e+00 -5.225832462310791016e-01 5.265023708343505859e-01 4.708060920238494873e-01 4.775391817092895508e-01 6.415733972599622081e-01 -3.372481926525867924e-02 -9.397293836273544754e-01 1.107656131488348850e+00 -7.387773540912843107e-01 2.928138709820987118e-01 6.837759562586190887e-01
1.661415556994952679e+09 -2.302884757518768311e-01 2.292910069227218628e-01 1.412284255027770996e+00 -5.165886282920837402e-01 5.232564806938171387e-01 4.747952818870544434e-01 4.836407005786895752e-01 7.215855111045278436e-01 -4.604153229282832993e-01 -7.550545920487488072e-01 7.827578371789011280e-01 -3.843897080264918609e-01 6.227305571132698558e-01 3.405836000179017220e-01
1.661415557028299093e+09 -2.247179895639419556e-01 2.488480955362319946e-01 1.411857366561889648e+00 -5.140569806098937988e-01 5.158101320266723633e-01 4.833929836750030518e-01 4.858153462409973145e-01 6.099434268227525990e-01 -3.327608142787030765e-01 -7.645032882098935501e-01 7.186754224238554034e-01 1.662244037296409238e-01 9.470650334459376207e-01 -1.334512723688910663e-01
1.661415557061927319e+09 -2.343311607837677002e-01 2.693816423416137695e-01 1.412533044815063477e+00 -5.113998055458068848e-01 5.141527652740478516e-01 4.856180548667907715e-01 4.881518781185150146e-01 6.745080145648063574e-01 1.443262295373584359e-01 -1.017832678266636037e+00 1.212082370067503412e+00 -5.744164022288843485e-01 -6.532436971090907485e-02 5.385726077250249100e-01
1.661415557095054626e+09 -2.419627904891967773e-01 2.912437617778778076e-01 1.418617963790893555e+00 -5.039994120597839355e-01 5.133359432220458984e-01 4.864641427993774414e-01 4.958058595657348633e-01 7.227275801636272590e-01 1.455732679068605373e-01 -1.145126059121420514e+00 1.584844045542681101e+00 -1.396988792662052337e+00 -3.296388044411112661e-01 1.232297037878249402e+00
1.661415557128566980e+09 -2.342719137668609619e-01 3.113303780555725098e-01 1.417230963706970215e+00 -5.003802180290222168e-01 5.072204470634460449e-01 4.928393363952636719e-01 4.994561672210693359e-01 6.431454456981570145e-01 -3.389696879781988192e-01 -8.130332068241831189e-01 8.229662136558482111e-01 -2.050493660787806316e-01 7.595914296243319042e-01 1.936951868737455673e-01
1.661415557161610126e+09 -2.387449294328689575e-01 3.337544798851013184e-01 1.419769287109375000e+00 -4.929400682449340820e-01 5.067658424377441406e-01 4.928027987480163574e-01 5.072907209396362305e-01 6.962512466086890894e-01 6.772810327090403315e-02 -1.169357324223169403e+00 1.539199457395806991e+00 -1.420237984827837918e+00 -2.981667752610242528e-01 1.245600980508774880e+00
1.661415557195070982e+09 -2.439886182546615601e-01 3.512852787971496582e-01 1.411154627799987793e+00 -4.919653832912445068e-01 5.111196041107177734e-01 4.973741471767425537e-01 4.993452429771423340e-01 6.044279552607081385e-01 6.504799923595259645e-04 -8.423302552758845652e-01 8.298470132444286662e-01 9.247145501249567356e-01 2.477978028561847457e-02 -3.445769900865475743e-01
1.661415557228661537e+09 -2.498713284730911255e-01 3.708895146846771240e-01 1.398923754692077637e+00 -4.978421032428741455e-01 5.016702413558959961e-01 4.975579977035522461e-01 5.029079318046569824e-01 7.098363134794360985e-01 -1.740777577894594627e-02 -9.016416439685838169e-01 6.452949055691205027e-01 -2.899121430003352984e-01 5.955165947664970982e-01 -2.214560881584334562e-01
1.661415557261694193e+09 -2.482436150312423706e-01 3.886464238166809082e-01 1.391119003295898438e+00 -4.940696656703948975e-01 5.093294382095336914e-01 4.985827505588531494e-01 4.978894889354705811e-01 5.892538522193820905e-01 -1.066791185958791133e-01 -8.594414090580217991e-01 9.433042714425683428e-01 6.577800269898204100e-01 -2.639249736106918931e-01 -1.188561985303665941e-01
1.661415557295202971e+09 -2.499416321516036987e-01 4.071708023548126221e-01 1.390210986137390137e+00 -4.947910904884338379e-01 5.039886236190795898e-01 4.948475360870361328e-01 5.062639713287353516e-01 5.558002635817989034e-01 -2.373207797861423204e-02 -9.740337123552124110e-01 1.292500633853012060e+00 -2.907733987634589790e-01 -1.342844457825767002e-01 -3.340270935471658653e-01
1.661415557328265429e+09 -2.500145435333251953e-01 4.250272810459136963e-01 1.382106661796569824e+00 -4.904678761959075928e-01 5.144685506820678711e-01 4.912890195846557617e-01 5.033872723579406738e-01 5.931099127361204593e-01 -1.462995237879955585e-02 -9.596336720827663980e-01 1.172681497584587174e+00 3.458634607456550492e-01 -7.395186363756391934e-01 4.456744878458159670e-02
1.661415557361616850e+09 -2.471237778663635254e-01 4.462306499481201172e-01 1.378539323806762695e+00 -4.862121045589447021e-01 5.127087235450744629e-01 4.851529002189636230e-01 5.151254534721374512e-01 6.504916613168307826e-01 -7.606681811777597779e-02 -1.145778605260842964e+00 1.469159904000421735e+00 -1.200229631696428934e+00 -3.576656951973167797e-01 5.978465207028416106e-01
1.661415557395247459e+09 -2.422281801700592041e-01 4.636331796646118164e-01 1.369345545768737793e+00 -4.809567034244537354e-01 5.204294919967651367e-01 4.867702722549438477e-01 5.107728242874145508e-01 6.030675806914763681e-01 -1.608592146154657898e-01 -8.737623106684966334e-01 9.908142768055017147e-01 5.104040899726804970e-01 -2.293626180360839595e-01 4.891256046122435114e-02
1.661415557428440332e+09 -2.420345544815063477e-01 4.809594750404357910e-01 1.364176034927368164e+00 -4.807991087436676025e-01 5.175778269767761230e-01 4.797441959381103516e-01 5.203757286071777344e-01 5.447580958749875801e-01 -2.130486459333601548e-02 -1.010358828576015444e+00 1.299526406831790659e+00 -5.838971239793374624e-01 -3.536070866177354333e-01 -1.066512578870552064e-01
1.661415557461892128e+09 -2.428558915853500366e-01 4.933252334594726562e-01 1.353479504585266113e+00 -4.732525646686553955e-01 5.292121171951293945e-01 4.767083227634429932e-01 5.183781385421752930e-01 4.893841017093525925e-01 5.081003949651673179e-02 -7.379212320884074305e-01 7.865695403922906559e-01 -5.019035902739414912e-01 -7.161040841220666087e-01 9.829804895821925292e-01
1.661415557494919777e+09 -2.435498833656311035e-01 5.105665326118469238e-01 1.350503802299499512e+00 -4.712880849838256836e-01 5.255540609359741211e-01 4.712134599685668945e-01 5.288086533546447754e-01 5.301607642651150476e-01 -4.178835180229717645e-04 -1.119594094580875554e+00 1.580856819116488010e+00 -5.578186409500561771e-01 -3.861096323243061734e-01 -1.399482468650664613e-01
1.661415557528254032e+09 -2.487533092498779297e-01 4.997698664665222168e-01 1.340304970741271973e+00 -4.813012480735778809e-01 5.220124721527099609e-01 4.813113510608673096e-01 5.139955878257751465e-01 4.721032693238644273e-01 -3.020041082185068431e-03 8.792485284720795713e-01 -1.792728028068463431e+00 1.017257786815635612e+00 1.214236334698522546e+00 -3.556442951678238096e-01
