1.661415558478851795e+09 1.378528122206244648e-16 -2.367949187755584717e-01 1.128897309303283691e+00 -6.125128269195556641e-01 6.125135421752929688e-01 3.533097505569458008e-01 3.533093035221099854e-01 0.000000000000000000e+00 0.000000000000000000e+00 0.000000000000000000e+00 0.000000000000000000e+00 0.000000000000000000e+00 0.000000000000000000e+00 0.000000000000000000e+00
1.661415558512006283e+09 -1.572108641266822815e-02 -2.167809605598449707e-01 1.149027705192565918e+00 6.122131943702697754e-01 -6.056751608848571777e-01 -3.577723801136016846e-01 -3.610422909259796143e-01 9.787241399000548014e-01 7.724650857253139158e-01 -9.108194747360793819e-01 1.210238765366763891e+00 -1.331631404552419795e+00 2.867338727895793471e-01 1.221444377781214508e+00
1.661415558545216084e+09 -2.971491776406764984e-02 -1.967661678791046143e-01 1.169529914855957031e+00 6.066880822181701660e-01 -6.041057109832763672e-01 -3.616554737091064453e-01 -3.690409958362579346e-01 9.601584827294995517e-01 7.242299654873607384e-01 -9.206996308093255976e-01 1.256703004462701223e+00 -1.831475053119350882e+00 1.800399486203025923e-01 1.984223802626697175e+00
1.661415558578254938e+09 -4.510062560439109802e-02 -1.767313778400421143e-01 1.189983606338500977e+00 6.046668887138366699e-01 -5.988556742668151855e-01 -3.672897517681121826e-01 -3.752973079681396484e-01 9.837909974548493253e-01 6.612783405389800473e-01 -9.337310792720265873e-01 1.288961701003306093e+00 -1.184027718578529287e+00 1.637952873506620943e-01 1.186670495526076285e+00
1.661415558611860752e+09 -5.762279406189918518e-02 -1.567048132419586182e-01 1.211540341377258301e+00 -5.952939391136169434e-01 6.011936068534851074e-01 3.676162958145141602e-01 3.860693871974945068e-01 9.515468035864279583e-01 6.883860280733112846e-01 -9.407080463262496028e-01 1.361598152477997203e+00 -2.617170653864178576e+00 -1.251854115067994877e-01 2.745071279213396664e+00
1.661415558645225763e+09 -7.249066978693008423e-02 -1.367074102163314819e-01 1.231599211692810059e+00 5.964779257774353027e-01 -5.926058292388916016e-01 -3.759797811508178711e-01 -3.894504308700561523e-01 9.587644844900242713e-01 4.543835230235350742e-01 -9.249360318441289808e-01 1.310983803263310321e+00 -1.523034089497190269e-01 1.892126769133742059e-01 5.209951846865626401e-02
1.661415558678356171e+09 -9.101995080709457397e-02 -1.166540309786796570e-01 1.251947879791259766e+00 5.966639518737792969e-01 -5.847387313842773438e-01 -3.839851021766662598e-01 -3.932279348373413086e-01 1.027817950372996503e+00 6.044998757265743761e-01 -9.643533934284045372e-01 1.378747330075198452e+00 -5.629346734142507414e-01 1.184991606471961362e-01 5.031872010635853876e-01
1.661415558711897373e+09 -1.065718755125999451e-01 -9.642080217599868774e-02 1.273408293724060059e+00 5.910317301750183105e-01 -5.829038023948669434e-01 -3.857960700988769531e-01 -4.025742113590240479e-01 9.941084903677711582e-01 6.277328736431664336e-01 -9.891792248196212833e-01 1.469731820831940095e+00 -1.950351813405081014e+00 -2.013410106586896731e-01 1.847938170592626994e+00
1.661415558744812012e+09 -1.254237294197082520e-01 -7.634796947240829468e-02 1.292579889297485352e+00 5.895813703536987305e-01 -5.765929222106933594e-01 -3.947774469852447510e-01 -4.050742983818054199e-01 1.019420386144296531e+00 5.498658114961101351e-01 -9.983914515201437467e-01 1.416011257373086751e+00 -4.808200616789656268e-01 1.051404248997125090e-01 5.453558639195968949e-01
1.661415558778458834e+09 -1.399094611406326294e-01 -5.584486201405525208e-02 1.307962536811828613e+00 -5.786446332931518555e-01 5.804073214530944824e-01 3.936142027378082275e-01 4.163719415664672852e-01 8.750348341071708669e-01 6.248600919958726685e-01 -1.033375817901792226e+00 1.303689362178534372e+00 -2.833754632061172618e+00 -3.058878737063822628e-01 2.865463388915233889e+00
1.661415558812058687e+09 -1.579710245132446289e-01 -3.615035861730575562e-02 1.326880097389221191e+00 5.820944309234619141e-01 -5.684962272644042969e-01 -4.074566662311553955e-01 -4.146772921085357666e-01 9.744362961887901298e-01 3.112026833027684014e-01 -9.383793425982304148e-01 1.398365191978154121e+00 9.656672919611808403e-01 3.974548350546779352e-01 -9.779169052930142270e-01
1.661415558845054150e+09 -1.767541170120239258e-01 -1.599680632352828979e-02 1.347465753555297852e+00 5.795176625251770020e-01 -5.629214644432067871e-01 -4.136996865272521973e-01 -4.196799099445343018e-01 1.042294213183192042e+00 5.157520454813717681e-01 -1.057213924723326315e+00 1.621073659362749941e+00 -7.979742017194997317e-01 -1.301709081658258271e-01 6.798323545221111042e-01
1.661415558878823996e+09 -1.880476772785186768e-01 4.415262490510940552e-03 1.347360610961914062e+00 5.751144886016845703e-01 -5.594910383224487305e-01 -4.195042848587036133e-01 -4.245341420173645020e-01 6.908017447580105941e-01 2.403281075843399506e-01 -9.113674595610490314e-01 6.051878490329752891e-01 -1.186586320666189742e+00 6.749719967338925208e-01 1.234768190077673911e+00
1.661415558911630869e+09 -1.977608203887939453e-01 2.508384920656681061e-02 1.360571503639221191e+00 5.654288530349731445e-01 -5.615892410278320312e-01 -4.193444550037384033e-01 -4.348079264163970947e-01 8.041915952817635382e-01 3.304149294268088899e-01 -1.038189792168016767e+00 1.353010156520266571e+00 -2.126559063944353234e+00 -2.801385986526223060e-01 2.041650565418151153e+00
1.661415558944899321e+09 -2.020322382450103760e-01 4.539636150002479553e-02 1.377220511436462402e+00 -5.566584467887878418e-01 5.621693730354309082e-01 4.210917949676513672e-01 4.435974359512329102e-01 7.998232898509463062e-01 9.193176448196686834e-02 -9.646342067294917388e-01 1.461117646715197393e+00 -1.164844364545833955e+00 -2.424742802833630140e-01 1.066777163105521176e+00
1.661415558978754044e+09 -2.125019133090972900e-01 6.529213488101959229e-02 1.375215172767639160e+00 5.581878423690795898e-01 -5.519096255302429199e-01 -4.328739047050476074e-01 -4.432180821895599365e-01 6.667194813639989448e-01 3.445270055580323260e-02 -8.226447122903962628e-01 5.117604756886523498e-01 1.962720451060212812e-01 1.128638324397286397e+00 -1.583956081315708864e-01
1.661415559011749268e+09 -2.222618311643600464e-01 8.607094734907150269e-02 1.382048845291137695e+00 -5.503012537956237793e-01 5.519729852676391602e-01 4.352893531322479248e-01 4.505746960639953613e-01 7.259332516775028887e-01 2.343843381015222327e-01 -1.010427395985727506e+00 1.133469234147256977e+00 -1.674303907950380088e+00 -2.685707421762630314e-04 1.661538313323399407e+00
1.661415559045043945e+09 -2.309371680021286011e-01 1.056406944990158081e-01 1.380948305130004883e+00 5.525994300842285156e-01 -5.403084754943847656e-01 -4.482617676258087158e-01 -4.491792619228363037e-01 6.437884887511996501e-01 -5.395793846524964826e-02 -8.100821624344290983e-01 5.778973871350129299e-01 5.936961961409228383e-01 1.225762137632259163e+00 -5.659170965828848043e-01
1.661415559078236341e+09 -2.297257632017135620e-01 1.262124180793762207e-01 1.382102012634277344e+00 5.464938282966613770e-01 -5.381508469581604004e-01 -4.529561400413513184e-01 -4.544985294342041016e-01 6.218180379381603728e-01 -1.645616203978031433e-01 -8.430976502406263284e-01 7.567200409854885068e-01 -8.563771836294382656e-01 5.419090777236009737e-01 8.858718110455938710e-01
1.661415559111728430e+09 -2.382321506738662720e-01 1.477428376674652100e-01 1.386792182922363281e+00 -5.377494096755981445e-01 5.395425558090209961e-01 4.532058835029602051e-01 4.629512727260589600e-01 7.052480681072963442e-01 2.055769129516425153e-01 -1.037652026595250465e+00 1.168074787998800268e+00 -2.064259109882216947e+00 -1.831255275153823303e-01 2.007152355012578049e+00
1.661415559145344019e+09 -2.484586089849472046e-01 1.675196439027786255e-01 1.381041646003723145e+00 5.402095317840576172e-01 -5.276138186454772949e-01 -4.661914706230163574e-01 -4.609369635581970215e-01 6.840583759977252321e-01 -1.491948896409382719e-02 -8.310352980705834058e-01 4.727009962478501137e-01 2.091615439875791904e-01 1.311465110354635533e+00 -1.582422988132056452e-01
1.661415559178392887e+09 -2.413167506456375122e-01 1.890430003404617310e-01 1.388446569442749023e+00 -5.294345021247863770e-01 5.307937264442443848e-01 4.641443490982055664e-01 4.717278182506561279e-01 7.218307448160179440e-01 -2.055121054459579655e-01 -9.238966898902156721e-01 1.224632059859953159e+00 -1.668237714135472283e+00 -2.482135428558677748e-01 1.546426871013795390e+00
1.661415559211865902e+09 -2.379843294620513916e-01 2.086573988199234009e-01 1.389558911323547363e+00 5.271061062812805176e-01 -5.233870744705200195e-01 -4.732911288738250732e-01 -4.735193848609924316e-01 5.953015963999728211e-01 -2.950936457007189984e-01 -7.642566851296346275e-01 7.456003903590925352e-01 1.859326815624272045e-01 9.214060284868174078e-01 -1.554638221537044396e-01
1.661415559244838715e+09 -2.333865016698837280e-01 2.298417836427688599e-01 1.392903327941894531e+00 -5.199881792068481445e-01 5.222587585449218750e-01 4.755949378013610840e-01 4.802785813808441162e-01 6.652167473674848175e-01 -2.076528750750937513e-01 -9.104764757789942653e-01 1.068389845790287174e+00 -1.019169669498382280e+00 1.962690485788141648e-01 9.690769227208321235e-01
1.661415559278295994e+09 -2.428960651159286499e-01 2.491025030612945557e-01 1.399116277694702148e+00 5.186182856559753418e-01 -5.133969783782958984e-01 -4.854448437690734863e-01 -4.814581871032714844e-01 6.683405204514718534e-01 5.278037810786717632e-02 -9.221394044857798011e-01 1.203650879266513929e+00 1.850043046205831210e-01 5.563073853596774976e-01 -2.168956123716462292e-01
1.661415559312017918e+09 -2.437764108180999756e-01 2.701127231121063232e-01 1.395195126533508301e+00 5.152829885482788086e-01 -5.140328407287597656e-01 -4.852813482284545898e-01 -4.845160245895385742e-01 6.343384990768011766e-01 -6.569050563465519965e-02 -9.391962850153932063e-01 9.411283842906381647e-01 -7.145274829225652935e-01 1.527941545047140082e-02 7.036508437492906554e-01
1.661415559345063686e+09 -2.441669702529907227e-01 2.913631498813629150e-01 1.407988190650939941e+00 -5.052881240844726562e-01 5.153797268867492676e-01 4.841684103012084961e-01 4.946196377277374268e-01 7.506912551152699065e-01 2.602944893192221838e-03 -1.091471696622951182e+00 1.812170210239098633e+00 -1.146874264989266257e+00 -6.132050149346938150e-01 9.448130622032920867e-01
1.661415559378804684e+09 -2.452755570411682129e-01 3.118338286876678467e-01 1.407705664634704590e+00 -5.020552873611450195e-01 5.092371106147766113e-01 4.907023608684539795e-01 4.978244900703430176e-01 6.076471604304259921e-01 -1.208385752376341382e-01 -9.189738392960722368e-01 1.018936244358942700e+00 -4.252978146247436420e-01 5.433440157679968463e-01 3.902995522792519489e-01
1.661415559411588430e+09 -2.489965409040451050e-01 3.309415280818939209e-01 1.405536770820617676e+00 5.020710229873657227e-01 -4.986812472343444824e-01 -5.014187693595886230e-01 -4.978162050247192383e-01 5.974633615046281987e-01 -1.231168883266880038e-01 -8.780902336557574461e-01 8.793525564633677405e-01 1.699684557415683805e-01 1.006542912613950236e+00 -1.617521884965215095e-01
1.661415559444962978e+09 -2.519907057285308838e-01 3.540475070476531982e-01 1.407572746276855469e+00 -4.947788417339324951e-01 4.983581304550170898e-01 4.998978078365325928e-01 5.068877935409545898e-01 7.007722162563647661e-01 3.558390032932101654e-02 -1.194069091831666318e+00 1.590974503670577356e+00 -1.490504688346470319e+00 -3.740600409750416966e-01 1.233088854613736629e+00
1.661415559478671789e+09 -2.483914047479629517e-01 3.713199496269226074e-01 1.396143555641174316e+00 -4.949263632297515869e-01 5.062302350997924805e-01 4.946733713150024414e-01 5.040607452392578125e-01 6.236310469189828565e-01 -1.299660929106885576e-01 -7.762147747894551086e-01 7.211337263550879895e-01 7.016718046039155388e-01 -4.075347479470746714e-01 -5.035734256457665703e-01
1.661415559511669874e+09 -2.507247030735015869e-01 3.918979763984680176e-01 1.395832896232604980e+00 -4.925254881381988525e-01 5.012645721435546875e-01 4.931822419166564941e-01 5.127610564231872559e-01 6.276793949298428155e-01 -1.468972296898568043e-02 -1.083528095811513881e+00 1.401666530350802242e+00 -8.033844023248452038e-01 -7.111939517856234738e-02 3.090154061769573302e-01
1.661415559545232058e+09 -2.494862526655197144e-01 4.109327495098114014e-01 1.385227680206298828e+00 -4.874536097049713135e-01 5.132259726524353027e-01 4.877734780311584473e-01 5.109453201293945312e-01 6.502829582557096977e-01 -2.881483644397451332e-02 -9.682434423389322253e-01 1.068480863928269686e+00 5.610222836985227085e-02 -7.873530062708252730e-01 3.123793451209203598e-01
1.661415559578545570e+09 -2.415637224912643433e-01 4.301774203777313232e-01 1.380408048629760742e+00 -4.873214066028594971e-01 5.070833563804626465e-01 4.857904314994812012e-01 5.190296769142150879e-01 6.412536900337181267e-01 -2.631333665495146357e-01 -8.957008677501998584e-01 1.001560830138095826e+00 -3.759043328627630909e-01 2.916005805250173055e-01 -1.435212473628432739e-01
1.661415559611958742e+09 -2.413414269685745239e-01 4.469389021396636963e-01 1.363572955131530762e+00 -4.882001578807830811e-01 5.109429955482482910e-01 4.902110695838928223e-01 5.101871490478515625e-01 7.110208931208255034e-01 -1.307385403471847396e-01 -7.558901062398182269e-01 4.717128429062250605e-01 9.247891910737336962e-01 3.234016785606060873e-01 -3.262857633800215762e-01
1.661415559645200491e+09 -2.413538396358489990e-01 4.618030190467834473e-01 1.360317945480346680e+00 -4.911662042140960693e-01 5.099333524703979492e-01 4.823051393032073975e-01 5.158541798591613770e-01 4.577480865579762748e-01 -2.441839398996479421e-02 -8.466517732238689753e-01 1.189826081752957787e+00 4.862766940371229252e-01 -4.946109763606008070e-01 -1.075072667575769358e+00
1.661415559678421021e+09 -2.536613047122955322e-01 4.794099628925323486e-01 1.354716420173645020e+00 -4.859500825405120850e-01 5.124873518943786621e-01 4.897454977035522461e-01 5.112323760986328125e-01 6.682718141901823339e-01 1.795382744862315527e-01 -1.102122917850370420e+00 1.428612763669935282e+00 2.685211398554266382e-01 -1.501088498057701059e-01 2.664935083347251266e-01
1.661415559712167263e+09 -2.510643601417541504e-01 4.944306910037994385e-01 1.350027203559875488e+00 -4.874303340911865234e-01 5.136850476264953613e-01 4.796274602413177490e-01 5.181670188903808594e-01 4.726012232520025447e-01 -5.218983633647345660e-02 -8.875175419116969611e-01 1.255814463691715455e+00 2.005302227065162424e-01 -6.765469437752211768e-01 -8.013152959910619932e-01
