1.661970846368552685e+09 1.378528122206244648e-16 -2.367949187755584717e-01 1.128897309303283691e+00 -6.125128269195556641e-01 6.125135421752929688e-01 3.533097505569458008e-01 3.533093035221099854e-01 0.000000000000000000e+00 0.000000000000000000e+00 0.000000000000000000e+00 0.000000000000000000e+00 0.000000000000000000e+00 0.000000000000000000e+00 0.000000000000000000e+00
1.661970868939105272e+09 1.378528122206244648e-16 -2.367949187755584717e-01 1.128897309303283691e+00 -6.125128269195556641e-01 6.125135421752929688e-01 3.533097505569458008e-01 3.533093035221099854e-01 0.000000000000000000e+00 0.000000000000000000e+00 0.000000000000000000e+00 0.000000000000000000e+00 0.000000000000000000e+00 0.000000000000000000e+00 0.000000000000000000e+00
1.661970868974011898e+09 2.226288663223385811e-03 -2.269126623868942261e-01 1.133688926696777344e+00 -6.093482375144958496e-01 6.130672693252563477e-01 3.564620018005371094e-01 3.546521961688995361e-01 3.210285349750682804e-01 -1.022682863456931546e-01 -4.478921181881005964e-01 3.740155218691377792e-01 1.555223325502301801e-01 2.842076327582975792e-01 -1.886749141053660483e-02
1.661970869005926371e+09 4.542447626590728760e-03 -2.169698029756546021e-01 1.138343691825866699e+00 -6.061499118804931641e-01 6.136209368705749512e-01 3.595904409885406494e-01 3.560146391391754150e-01 3.515695028415155021e-01 -1.118564873156574491e-01 -4.898844092052344612e-01 4.090814853042136212e-01 1.701033862971234878e-01 3.108536243697441748e-01 -2.063642003843775205e-02
1.661970869037841558e+09 6.949321366846561432e-03 -2.069692313671112061e-01 1.142860174179077148e+00 -6.029180288314819336e-01 6.141743659973144531e-01 3.626946806907653809e-01 3.573965132236480713e-01 3.519958826400281238e-01 -1.118539804842801216e-01 -4.898734303372250798e-01 4.090723173218582809e-01 1.700995740863466554e-01 3.108466577857015856e-01 -2.063595755274277854e-02
1.661970869069755793e+09 9.447711519896984100e-03 -1.969138532876968384e-01 1.147236824035644531e+00 -5.996527075767517090e-01 6.147272586822509766e-01 3.657745420932769775e-01 3.587980866432189941e-01 3.524308842104117989e-01 -1.118573229510868988e-01 -4.898880689372440700e-01 4.090845413896710969e-01 1.701046570720214923e-01 3.108559466338178257e-01 -2.063657420494284522e-02
1.661970869101670742e+09 1.203837804496288300e-02 -1.868065893650054932e-01 1.151472330093383789e+00 -5.963541865348815918e-01 6.152793765068054199e-01 3.688295185565948486e-01 3.602191507816314697e-01 3.528408883251878403e-01 -1.118548160822539078e-01 -4.898770899052122818e-01 4.090753732703221734e-01 1.701008448042860555e-01 3.108489799456868319e-01 -2.063611171233782626e-02
1.661970869132588148e+09 1.472204085439443588e-02 -1.766504347324371338e-01 1.155565500259399414e+00 -5.930225849151611328e-01 6.158305406570434570e-01 3.718591630458831787e-01 3.616596460342407227e-01 3.646496623046922014e-01 -1.154637872219945738e-01 -5.056828669062487513e-01 4.222741005832701955e-01 1.755891113022859662e-01 3.208784541939556645e-01 -2.130193133651476015e-02
1.661970869162507772e+09 1.749937422573566437e-02 -1.664483696222305298e-01 1.159514665603637695e+00 -5.896580815315246582e-01 6.163805723190307617e-01 3.748633265495300293e-01 3.631197214126586914e-01 3.772370101661147168e-01 -1.193143589677954780e-01 -5.225467530344841682e-01 4.363564095029053291e-01 1.814447868098894856e-01 3.315793461297101841e-01 -2.201232389256091090e-02
1.661970869193425655e+09 2.037101238965988159e-02 -1.562034040689468384e-01 1.163318872451782227e+00 -5.862607359886169434e-01 6.169291734695434570e-01 3.778414726257324219e-01 3.645991384983062744e-01 3.654665486964653320e-01 -1.154620064589223366e-01 -5.056750679123190872e-01 4.222675879775337204e-01 1.755864032445232925e-01 3.208735053825954031e-01 -2.130160280326991520e-02
1.661970869225339890e+09 2.333754301071166992e-02 -1.459185630083084106e-01 1.166976690292358398e+00 -5.828309655189514160e-01 6.174761652946472168e-01 3.807933926582336426e-01 3.660980463027954102e-01 3.544452081425550349e-01 -1.118573229510877731e-01 -4.898880689372440700e-01 4.090845413896641580e-01 1.701046570720214923e-01 3.108559466338178257e-01 -2.063657420494295278e-02
1.661970869257254601e+09 2.639951556921005249e-02 -1.355969160795211792e-01 1.170486807823181152e+00 -5.793685913085937500e-01 6.180213093757629395e-01 3.837185800075531006e-01 3.676162660121917725e-01 3.548207251236008553e-01 -1.118556516927132066e-01 -4.898807495278840185e-01 4.090784292644379372e-01 1.701021155412121011e-01 3.108513021403674359e-01 -2.063626587423617043e-02
1.661970869289169550e+09 2.955742739140987396e-02 -1.252415329217910767e-01 1.173848271369934082e+00 -5.758740305900573730e-01 6.185644268989562988e-01 3.866167962551116943e-01 3.691538274288177490e-01 3.551953013453080787e-01 -1.118548160822530335e-01 -4.898770899052122818e-01 4.090753732703151790e-01 1.701008448042851950e-01 3.108489799456851110e-01 -2.063611171233760769e-02
1.661970869321084499e+09 3.281173855066299438e-02 -1.148555129766464233e-01 1.177059888839721680e+00 -5.723475217819213867e-01 6.191052198410034180e-01 3.894876539707183838e-01 3.707107603549957275e-01 3.555663646529462762e-01 -1.118548160822547682e-01 -4.898770899052192207e-01 4.090753732703221734e-01 1.701008448042869159e-01 3.108489799456868319e-01 -2.063611171233782626e-02
1.661970869352999210e+09 3.616286441683769226e-02 -1.044419780373573303e-01 1.180120468139648438e+00 -5.687891244888305664e-01 6.196434497833251953e-01 3.923308253288269043e-01 3.722868561744689941e-01 3.559339467879825136e-01 -1.118556516927132066e-01 -4.898807495278770241e-01 4.090784292644379372e-01 1.701021155412121011e-01 3.108513021403674359e-01 -2.063626587423606287e-02
1.661970869383916616e+09 3.961117193102836609e-02 -9.400404244661331177e-02 1.183029055595397949e+00 -5.651989579200744629e-01 6.201789975166320801e-01 3.951458632946014404e-01 3.738821744918823242e-01 3.677885766116531507e-01 -1.154637872219945738e-01 -5.056828669062487513e-01 4.222741005832845729e-01 1.755891113022859662e-01 3.208784541939556645e-01 -2.130193133651498566e-02
1.661970869414833546e+09 4.315697774291038513e-02 -8.354487270116806030e-02 1.185784459114074707e+00 -5.615773200988769531e-01 6.207116246223449707e-01 3.979325294494628906e-01 3.754966259002685547e-01 3.681610236940477399e-01 -1.154655680399963857e-01 -5.056906661407560843e-01 4.222806133899183467e-01 1.755918194435823199e-01 3.208834031579686497e-01 -2.130225987989376943e-02
1.661970869446748495e+09 4.680056869983673096e-02 -7.306762784719467163e-02 1.188385725021362305e+00 -5.579244494438171387e-01 6.212409734725952148e-01 4.006903767585754395e-01 3.771301805973052979e-01 3.570000499795606408e-01 -1.118548160822543380e-01 -4.898770899052192207e-01 4.090753732703151790e-01 1.701008448042869159e-01 3.108489799456868319e-01 -2.063611171233782626e-02
1.661970869478663206e+09 5.054216831922531128e-02 -6.257547438144683838e-02 1.190832018852233887e+00 -5.542404651641845703e-01 6.217669844627380371e-01 4.034191370010375977e-01 3.787826895713806152e-01 3.573520910974374298e-01 -1.118556516927132066e-01 -4.898807495278770241e-01 4.090784292644448761e-01 1.701021155412112407e-01 3.108513021403674359e-01 -2.063626587423606287e-02
1.661970869510577679e+09 5.438197031617164612e-02 -5.207161977887153625e-02 1.193122386932373047e+00 -5.505255460739135742e-01 6.222893595695495605e-01 4.061184525489807129e-01 3.804542422294616699e-01 3.577002483738482286e-01 -1.118564873156578793e-01 -4.898844092052205834e-01 4.090814853042205601e-01 1.701033862971234878e-01 3.108536243697441748e-01 -2.063642003843786307e-02
1.661970869540497780e+09 5.832010880112648010e-02 -4.155926033854484558e-02 1.195255875587463379e+00 -5.467799901962280273e-01 6.228078007698059082e-01 4.087879061698913574e-01 3.821446299552917480e-01 3.819085010143994374e-01 -1.193124574528390963e-01 -5.225384251980377259e-01 4.363494552834286111e-01 1.814418951212540265e-01 3.315740617440641747e-01 -2.201197308178270973e-02
1.661970869571920156e+09 6.235667690634727478e-02 -3.104161098599433899e-02 1.197231650352478027e+00 -5.430039167404174805e-01 6.233222484588623047e-01 4.114272296428680420e-01 3.838537931442260742e-01 3.639951350011949027e-01 -1.136082365460490268e-01 -4.975563347001147330e-01 4.154879816482996979e-01 1.727673218737161565e-01 3.157218051102800294e-01 -2.095960051538555552e-02
1.661970869603834867e+09 6.649173051118850708e-02 -2.052189409732818604e-02 1.199048995971679688e+00 -5.391975641250610352e-01 6.238323450088500977e-01 4.140361249446868896e-01 3.855817317962646484e-01 3.587185780992827588e-01 -1.118556516927136368e-01 -4.898807495278840185e-01 4.090784292644379372e-01 1.701021155412121011e-01 3.108513021403674359e-01 -2.063626587423617043e-02
1.661970869635749578e+09 7.072525471448898315e-02 -1.000334788113832474e-02 1.200707077980041504e+00 -5.353611707687377930e-01 6.243379116058349609e-01 4.166141748428344727e-01 3.873283565044403076e-01 3.590549548600173169e-01 -1.118556516927132066e-01 -4.898807495278770241e-01 4.090784292644448761e-01 1.701021155412121011e-01 3.108513021403674359e-01 -2.063626587423606287e-02
1.661970869667172432e+09 7.505721598863601685e-02 5.107891629450023174e-04 1.202205181121826172e+00 -5.314949154853820801e-01 6.248387098312377930e-01 4.191610515117645264e-01 3.890934884548187256e-01 3.650159326181652841e-01 -1.136065125578476637e-01 -4.975487843562571011e-01 4.154816766795728644e-01 1.727647001551374517e-01 3.157170140785419132e-01 -2.095928245654494343e-02
1.661970869699086189e+09 7.948751747608184814e-02 1.101726759225130081e-02 1.203542590141296387e+00 -5.275989770889282227e-01 6.253345608711242676e-01 4.216764569282531738e-01 3.908771574497222900e-01 3.597357456900701633e-01 -1.118589942594021280e-01 -4.898953885653429818e-01 4.090906536975381091e-01 1.701071986787773271e-01 3.108605912660589721e-01 -2.063688254486331988e-02
1.661970869730003357e+09 8.401601761579513550e-02 2.151283249258995056e-02 1.204718708992004395e+00 -5.236737132072448730e-01 6.258251667022705078e-01 4.241600036621093750e-01 3.926792442798614502e-01 3.716766781577254819e-01 -1.154646776241292916e-01 -5.056867664934268092e-01 4.222773569614932110e-01 1.755904653624930645e-01 3.208809286568801156e-01 -2.130209560693770501e-02
1.661970869760921001e+09 8.864253759384155273e-02 3.199422731995582581e-02 1.205732941627502441e+00 -5.197191834449768066e-01 6.263103485107421875e-01 4.266113936901092529e-01 3.944995999336242676e-01 3.720163444471558667e-01 -1.154628968335928013e-01 -5.056789673792204676e-01 4.222708442552912667e-01 1.755877572629631622e-01 3.208759797691943527e-01 -2.130176706862577790e-02
1.661970869791838884e+09 9.336683154106140137e-02 4.245818778872489929e-02 1.206584692001342773e+00 -5.157357454299926758e-01 6.267899274826049805e-01 4.290303289890289307e-01 3.963382244110107422e-01 3.723590673172257892e-01 -1.154620064589223366e-01 -5.056750679123190872e-01 4.222675879775337204e-01 1.755864032445241807e-01 3.208735053825954031e-01 -2.130160280326991520e-02
1.661970869822755814e+09 9.818862378597259521e-02 5.290145054459571838e-02 1.207273364067077637e+00 -5.117236375808715820e-01 6.272636055946350098e-01 4.314164221286773682e-01 3.981949090957641602e-01 3.727170669297513728e-01 -1.154655680399968437e-01 -5.056906661407560843e-01 4.222806133899183467e-01 1.755918194435832080e-01 3.208834031579677615e-01 -2.130225987989388392e-02
1.661970869853673220e+09 1.031075939536094666e-01 6.332074850797653198e-02 1.207798719406127930e+00 -5.076829791069030762e-01 6.277311444282531738e-01 4.337693452835083008e-01 4.000696539878845215e-01 3.730596968050780005e-01 -1.154637872219950179e-01 -5.056828669062487513e-01 4.222741005832774119e-01 1.755891113022859662e-01 3.208784541939556645e-01 -2.130193133651498566e-02
1.661970869884590626e+09 1.081233546137809753e-01 7.371281087398529053e-02 1.208160042762756348e+00 -5.036140680313110352e-01 6.281924247741699219e-01 4.360888302326202393e-01 4.019622504711151123e-01 3.734091296465008591e-01 -1.154637872219941158e-01 -5.056828669062559678e-01 4.222741005832845729e-01 1.755891113022859662e-01 3.208784541939547763e-01 -2.130193133651476015e-02
1.661970869915507793e+09 1.132354885339736938e-01 8.407438546419143677e-02 1.208356976509094238e+00 -4.995171427726745605e-01 6.286471486091613770e-01 4.383745789527893066e-01 4.038726687431335449e-01 3.737642254011397935e-01 -1.154646776241297357e-01 -5.056867664934268092e-01 4.222773569614860500e-01 1.755904653624930645e-01 3.208809286568801156e-01 -2.130209560693770501e-02
1.661970869946425438e+09 1.184435263276100159e-01 9.440219402313232422e-02 1.208389282226562500e+00 -4.953924715518951416e-01 6.290950775146484375e-01 4.406261742115020752e-01 4.058007597923278809e-01 3.741129301971375942e-01 -1.154628968335919131e-01 -5.056789673792132511e-01 4.222708442552912667e-01 1.755877572629631622e-01 3.208759797691943527e-01 -2.130176706862566688e-02
1.661970869977342606e+09 1.237469539046287537e-01 1.046929806470870972e-01 1.208256602287292480e+00 -4.912402629852294922e-01 6.295360326766967773e-01 4.428433477878570557e-01 4.077464342117309570e-01 3.744763309010136765e-01 -1.154646776241297357e-01 -5.056867664934340256e-01 4.222773569614932110e-01 1.755904653624921763e-01 3.208809286568801156e-01 -2.130209560693759052e-02
1.661970870007262707e+09 1.291452050209045410e-01 1.149434894323348999e-01 1.207958579063415527e+00 -4.870607554912567139e-01 6.299698352813720703e-01 4.450258016586303711e-01 4.097094833850860596e-01 3.873286108844294917e-01 -1.193124574528395682e-01 -5.225384251980303985e-01 4.363494552834212281e-01 1.814418951212540265e-01 3.315740617440641747e-01 -2.201197308178282422e-02
1.661970870038179874e+09 1.346376836299896240e-01 1.251504719257354736e-01 1.207495093345642090e+00 -4.828543066978454590e-01 6.303961277008056641e-01 4.471732378005981445e-01 4.116899371147155762e-01 3.752025339279527749e-01 -1.154646776241292916e-01 -5.056867664934340256e-01 4.222773569614932110e-01 1.755904653624930645e-01 3.208809286568792274e-01 -2.130209560693770501e-02
1.661970870070094585e+09 1.402237117290496826e-01 1.353106796741485596e-01 1.206865787506103516e+00 -4.786210060119628906e-01 6.308147907257080078e-01 4.492852687835693359e-01 4.136875271797180176e-01 3.638326236026421800e-01 -1.118556516927132066e-01 -4.898807495278770241e-01 4.090784292644379372e-01 1.701021155412121011e-01 3.108513021403674359e-01 -2.063626587423606287e-02
1.661970870100014925e+09 1.459025889635086060e-01 1.454208791255950928e-01 1.206070661544799805e+00 -4.743612110614776611e-01 6.312255859375000000e-01 4.513616859912872314e-01 4.157021641731262207e-01 3.884704149000112738e-01 -1.193115067180890859e-01 -5.225342613793581004e-01 4.363459782568043233e-01 1.814404493114978312e-01 3.315714196144027293e-01 -2.201179768058679140e-02
1.661970870129934788e+09 1.516735851764678955e-01 1.554778367280960083e-01 1.205109477043151855e+00 -4.700752496719360352e-01 6.316282749176025391e-01 4.534021019935607910e-01 4.177338182926177979e-01 3.888684337706197480e-01 -1.193134082027411114e-01 -5.225425890830693865e-01 4.363529323654593561e-01 1.814433409540504305e-01 3.315767039158326601e-01 -2.201214848577413494e-02
1.661970870160852194e+09 1.575358957052230835e-01 1.654783338308334351e-01 1.203982234001159668e+00 -4.657632112503051758e-01 6.320227384567260742e-01 4.554062485694885254e-01 4.197821915149688721e-01 3.767059960349621872e-01 -1.154637872219945738e-01 -5.056828669062559678e-01 4.222741005832774119e-01 1.755891113022868544e-01 3.208784541939556645e-01 -2.130193133651487464e-02
1.661970870191769600e+09 1.634886711835861206e-01 1.754191666841506958e-01 1.202688813209533691e+00 -4.614255428314208984e-01 6.324085593223571777e-01 4.573738873004913330e-01 4.218472838401794434e-01 3.770964303733913003e-01 -1.154637872219945738e-01 -5.056828669062487513e-01 4.222741005832845729e-01 1.755891113022859662e-01 3.208784541939556645e-01 -2.130193133651487464e-02
1.661970870222687483e+09 1.695310473442077637e-01 1.852971315383911133e-01 1.201229333877563477e+00 -4.570623934268951416e-01 6.327856779098510742e-01 4.593046009540557861e-01 4.239288568496704102e-01 3.774870421584793356e-01 -1.154620064589223366e-01 -5.056750679123190872e-01 4.222675879775265040e-01 1.755864032445232925e-01 3.208735053825954031e-01 -2.130160280326991520e-02
1.661970870254601717e+09 1.756620556116104126e-01 1.951090395450592041e-01 1.199603796005249023e+00 -4.526739716529846191e-01 6.331539154052734375e-01 4.611981213092803955e-01 4.260267317295074463e-01 3.660919084474137941e-01 -1.118573229510868988e-01 -4.898880689372510644e-01 4.090845413896641580e-01 1.701046570720214923e-01 3.108559466338173816e-01 -2.063657420494295278e-02
1.661970870286516190e+09 1.818807423114776611e-01 2.048517316579818726e-01 1.197812199592590332e+00 -4.482606947422027588e-01 6.335129141807556152e-01 4.630541205406188965e-01 4.281407892704010010e-01 3.664868895344303157e-01 -1.118564873156574491e-01 -4.898844092052205834e-01 4.090814853042275545e-01 1.701033862971225996e-01 3.108536243697437307e-01 -2.063642003843775205e-02
1.661970870316436291e+09 1.881860941648483276e-01 2.145220488309860229e-01 1.195854902267456055e+00 -4.438229203224182129e-01 6.338624358177185059e-01 4.648725390434265137e-01 4.302710592746734619e-01 3.913462958574391304e-01 -1.193124574528400261e-01 -5.225384251980377259e-01 4.363494552834212281e-01 1.814418951212540265e-01 3.315740617440641747e-01 -2.201197308178270973e-02
1.661970870347353697e+09 1.945770084857940674e-01 2.241168469190597534e-01 1.193731784820556641e+00 -4.393607079982757568e-01 6.342024803161621094e-01 4.666528403759002686e-01 4.324171543121337891e-01 3.791478442267612325e-01 -1.154637872219945738e-01 -5.056828669062487513e-01 4.222741005832774119e-01 1.755891113022859662e-01 3.208784541939556645e-01 -2.130193133651498566e-02
1.661970870378270864e+09 2.010524123907089233e-01 2.336330264806747437e-01 1.191443324089050293e+00 -4.348744750022888184e-01 6.345326304435729980e-01 4.683948457241058350e-01 4.345789849758148193e-01 3.795837452305820814e-01 -1.154646776241292916e-01 -5.056867664934340256e-01 4.222773569614932110e-01 1.755904653624930645e-01 3.208809286568796715e-01 -2.130209560693759052e-02
1.661970870409188509e+09 2.076111286878585815e-01 2.430674433708190918e-01 1.188989639282226562e+00 -4.303644001483917236e-01 6.348527669906616211e-01 4.700981974601745605e-01 4.367564022541046143e-01 3.800185595914712389e-01 -1.154628968335923572e-01 -5.056789673792132511e-01 4.222708442552912667e-01 1.755877572629640504e-01 3.208759797691943527e-01 -2.130176706862566688e-02
1.661970870440105915e+09 2.142519503831863403e-01 2.524170577526092529e-01 1.186370968818664551e+00 -4.258308708667755127e-01 6.351626515388488770e-01 4.717626869678497314e-01 4.389491975307464600e-01 3.804722615685400822e-01 -1.154637872219945738e-01 -5.056828669062559678e-01 4.222741005832845729e-01 1.755891113022850503e-01 3.208784541939554424e-01 -2.130193133651487464e-02
1.661970870472020149e+09 2.209736555814743042e-01 2.616787552833557129e-01 1.183587789535522461e+00 -4.212741553783416748e-01 6.354620456695556641e-01 4.733880460262298584e-01 4.411572813987731934e-01 3.690318915757307972e-01 -1.118573229510868988e-01 -4.898880689372440700e-01 4.090845413896641580e-01 1.701046570720214923e-01 3.108559466338176036e-01 -2.063657420494295278e-02
1.661970870503935337e+09 2.209736555814743042e-01 2.616787552833557129e-01 1.183587789535522461e+00 -4.212741553783416748e-01 6.354620456695556641e-01 4.733880460262298584e-01 4.411572813987731934e-01 0.000000000000000000e+00 0.000000000000000000e+00 0.000000000000000000e+00 0.000000000000000000e+00 0.000000000000000000e+00 0.000000000000000000e+00 -8.696666852948171349e-16
1.661970870533855200e+09 2.220961451530456543e-01 2.694260478019714355e-01 1.188957691192626953e+00 -4.227707087993621826e-01 6.328253746032714844e-01 4.736487269401550293e-01 4.432311058044433594e-01 3.172796684382973575e-01 -1.631595342643519467e-03 -3.347417482956033252e-01 6.486212177440759952e-01 9.031258785944468181e-02 -1.803443080242081165e-01 -2.828620252265023338e-01
1.661970870565276861e+09 2.232001721858978271e-01 2.770962119102478027e-01 1.194273829460144043e+00 -4.242642223834991455e-01 6.301718950271606445e-01 4.739048779010772705e-01 4.453060626983642578e-01 2.990747716668856193e-01 -1.553613226404965434e-03 -3.187427629815103858e-01 6.176203599487009033e-01 8.599609679074064761e-02 -1.717247499611656847e-01 -2.693426318118679053e-01
1.661970870596194267e+09 2.242855727672576904e-01 2.846884727478027344e-01 1.199535608291625977e+00 -4.257545173168182373e-01 6.275013685226440430e-01 4.741564691066741943e-01 4.473820626735687256e-01 3.008307057412566432e-01 -1.578952276303791482e-03 -3.239413791100905771e-01 6.276935962303055172e-01 8.739867199461193170e-02 -1.745255384291890532e-01 -2.737355439418667769e-01
1.661970870628108978e+09 2.253522425889968872e-01 2.922020852565765381e-01 1.204742670059204102e+00 -4.272416830062866211e-01 6.248137950897216797e-01 4.744032919406890869e-01 4.494593739509582520e-01 2.883800898865520046e-01 -1.529611492113874122e-03 -3.138185135130744929e-01 6.080787574955724972e-01 8.466754510866048022e-02 -1.690717783272229491e-01 -2.651815638110672224e-01
1.661970870659026384e+09 2.264000177383422852e-01 2.996362447738647461e-01 1.209894776344299316e+00 -4.287255704402923584e-01 6.221088767051696777e-01 4.746453464031219482e-01 4.515382349491119385e-01 2.945080423019035276e-01 -1.578952276304689201e-03 -3.239413791100905771e-01 6.276935962303127337e-01 8.739867199461193170e-02 -1.745255384291881373e-01 -2.737355439418667769e-01
1.661970870689944267e+09 2.274288088083267212e-01 3.069902062416076660e-01 1.214991450309753418e+00 -4.302060306072235107e-01 6.193866133689880371e-01 4.748823642730712891e-01 4.536185860633850098e-01 2.913006784679645356e-01 -1.578927924601232317e-03 -3.239363830601656447e-01 6.276839155018025806e-01 8.739732407132451419e-02 -1.745228467745891521e-01 -2.737313222013545433e-01
1.661970870721858263e+09 2.284384518861770630e-01 3.142631649971008301e-01 1.220032453536987305e+00 -4.316830039024353027e-01 6.166467666625976562e-01 4.751142859458923340e-01 4.557005465030670166e-01 2.790804354469801352e-01 -1.529645773730524145e-03 -3.138255468063690934e-01 6.080923857426756562e-01 8.466944267573074667e-02 -1.690755675600226215e-01 -2.651875070541657164e-01
1.661970870753773212e+09 2.294288426637649536e-01 3.214544355869293213e-01 1.225017309188842773e+00 -4.331563115119934082e-01 6.138893365859985352e-01 4.753408730030059814e-01 4.577842950820922852e-01 2.759179980577249336e-01 -1.529600065249499046e-03 -3.138161691520249819e-01 6.080742148822902982e-01 8.466691260520459172e-02 -1.690705152873648587e-01 -2.651795827892343138e-01
1.661970870784690619e+09 2.303998321294784546e-01 3.285632133483886719e-01 1.229945778846740723e+00 -4.346260726451873779e-01 6.111140251159667969e-01 4.755621850490570068e-01 4.598700702190399170e-01 2.815386429797330226e-01 -1.578952276304689201e-03 -3.239413791100905771e-01 6.276935962303127337e-01 8.739867199461193170e-02 -1.745255384291890532e-01 -2.737355439418667769e-01
1.661970870815608025e+09 2.313513308763504028e-01 3.355887830257415771e-01 1.234817504882812500e+00 -4.360919296741485596e-01 6.083207726478576660e-01 4.757778346538543701e-01 4.619578421115875244e-01 2.782313365408365380e-01 -1.578952276304689201e-03 -3.239413791100977935e-01 6.276935962303055172e-01 8.739867199461193170e-02 -1.745255384291890532e-01 -2.737355439418658887e-01
1.661970870846525669e+09 2.322831898927688599e-01 3.425304293632507324e-01 1.239632129669189453e+00 -4.375540018081665039e-01 6.055095195770263672e-01 4.759878218173980713e-01 4.640477299690246582e-01 2.748961913142284885e-01 -1.578940100358170156e-03 -3.239388810658648254e-01 6.276887558287244095e-01 8.739799802777102611e-02 -1.745241925915108905e-01 -2.737334330553328754e-01
1.661970870877442837e+09 2.331953048706054688e-01 3.493873775005340576e-01 1.244389295578002930e+00 -4.390119910240173340e-01 6.026800870895385742e-01 4.761919081211090088e-01 4.661399126052856445e-01 2.715402598772211906e-01 -1.578964452438101065e-03 -3.239438771928438432e-01 6.276984367065547854e-01 8.739934597184746690e-02 -1.745268842876241400e-01 -2.737376548609579130e-01
1.661970870908360243e+09 2.340875416994094849e-01 3.561589419841766357e-01 1.249088644981384277e+00 -4.404658675193786621e-01 5.998322963714599609e-01 4.763900041580200195e-01 4.682345092296600342e-01 2.681531721908541055e-01 -1.578952276304689201e-03 -3.239413791100977935e-01 6.276935962303055172e-01 8.739867199461193170e-02 -1.745255384291890532e-01 -2.737355439418667769e-01
1.661970870939277649e+09 2.349597811698913574e-01 3.628443777561187744e-01 1.253730058670043945e+00 -4.419155120849609375e-01 5.969660878181457520e-01 4.765819311141967773e-01 4.703316390514373779e-01 2.647461968212794781e-01 -1.578952276304689201e-03 -3.239413791100905771e-01 6.276935962303127337e-01 8.739867199461193170e-02 -1.745255384291890532e-01 -2.737355439418676650e-01
1.661970870970194578e+09 2.358119189739227295e-01 3.694430291652679443e-01 1.258313059806823730e+00 -4.433608055114746094e-01 5.940813422203063965e-01 4.767675101757049561e-01 4.724312424659729004e-01 2.613171433978349611e-01 -1.578976628759307371e-03 -3.239463753141254565e-01 6.277032772574306918e-01 8.740001995947606350e-02 -1.745282301668157343e-01 -2.737397658126033972e-01
1.661970871000114679e+09 2.366438359022140503e-01 3.759541511535644531e-01 1.262837290763854980e+00 -4.448016285896301270e-01 5.911778807640075684e-01 4.769465327262878418e-01 4.745336771011352539e-01 2.664485610824866568e-01 -1.631582341261309486e-03 -3.347390809031519643e-01 6.486160492004260369e-01 9.031186820282476047e-02 -1.803428709490653425e-01 -2.828597712380637730e-01
1.661970871031032324e+09 2.374554276466369629e-01 3.823770582675933838e-01 1.267302513122558594e+00 -4.462378323078155518e-01 5.882556438446044922e-01 4.771189093589782715e-01 4.766388833522796631e-01 2.543698631817598033e-01 -1.578940100359067875e-03 -3.239388810658648254e-01 6.276887558287244095e-01 8.739799802777102611e-02 -1.745241925915104186e-01 -2.737334330553328754e-01
1.661970871061949492e+09 2.382465600967407227e-01 3.887110948562622070e-01 1.271708488464355469e+00 -4.476693272590637207e-01 5.853144526481628418e-01 4.772844314575195312e-01 4.787470698356628418e-01 2.508700995752127794e-01 -1.578964452438101065e-03 -3.239438771928510041e-01 6.276984367065475690e-01 8.739934597184746690e-02 -1.745268842876250281e-01 -2.737376548609579130e-01
1.661970871093373775e+09 2.390171438455581665e-01 3.949555754661560059e-01 1.276054978370666504e+00 -4.490959048271179199e-01 5.823542475700378418e-01 4.774429798126220703e-01 4.808582365512847900e-01 2.433524573668361668e-01 -1.553483565126463021e-03 -3.187161613837258267e-01 6.175688146579232374e-01 8.598891973813412026e-02 -1.717104181762323101e-01 -2.693201530446913683e-01
1.661970871123293638e+09 2.397670596837997437e-01 4.011098146438598633e-01 1.280341506004333496e+00 -4.505174458026885986e-01 5.793748497962951660e-01 4.775942564010620117e-01 4.829725325107574463e-01 2.519172857523378495e-01 -1.631595342642591824e-03 -3.347417482956033252e-01 6.486212177440759952e-01 9.031258785944468181e-02 -1.803443080242081165e-01 -2.828620252265023338e-01
1.661970871154210806e+09 2.404962033033370972e-01 4.071731269359588623e-01 1.284567832946777344e+00 -4.519338905811309814e-01 5.763762593269348145e-01 4.777382314205169678e-01 4.850901067256927490e-01 2.402158085926678344e-01 -1.578964452438101065e-03 -3.239438771928438432e-01 6.276984367065475690e-01 8.739934597184746690e-02 -1.745268842876232518e-01 -2.737376548609579130e-01
1.661970871184634924e+09 2.412044703960418701e-01 4.131449162960052490e-01 1.288733720779418945e+00 -4.533450007438659668e-01 5.733582973480224609e-01 4.778746068477630615e-01 4.872109889984130859e-01 2.404551583682252303e-01 -1.604552961682364576e-03 -3.291936729582723431e-01 6.378708425675296834e-01 8.881572932923713359e-02 -1.773552461200086638e-01 -2.781738145864636746e-01
1.661970871215552330e+09 2.418917417526245117e-01 4.190244972705841064e-01 1.292838931083679199e+00 -4.547506868839263916e-01 5.703208446502685547e-01 4.780031740665435791e-01 4.893352091312408447e-01 2.330010573832683174e-01 -1.578952276304689201e-03 -3.239413791100977935e-01 6.276935962303127337e-01 8.739867199461193170e-02 -1.745255384291881373e-01 -2.737355439418667769e-01
1.661970871246469736e+09 2.425579428672790527e-01 4.248112440109252930e-01 1.296883106231689453e+00 -4.561507701873779297e-01 5.672638416290283203e-01 4.781238734722137451e-01 4.914629459381103516e-01 2.293606074508713344e-01 -1.578952276303791482e-03 -3.239413791100905771e-01 6.276935962303090699e-01 8.739867199461193170e-02 -1.745255384291899414e-01 -2.737355439418676650e-01
1.661970871276894808e+09 2.432029545307159424e-01 4.305045306682586670e-01 1.300866127014160156e+00 -4.575451016426086426e-01 5.641871094703674316e-01 4.782364070415496826e-01 4.935943186283111572e-01 2.293539102612782987e-01 -1.604502666946393784e-03 -3.291833543777953341e-01 6.378508484966758374e-01 8.881294539890677298e-02 -1.773496869172321577e-01 -2.781650952241909724e-01
1.661970871308809519e+09 2.438266873359680176e-01 4.361037015914916992e-01 1.304787516593933105e+00 -4.589335322380065918e-01 5.610906481742858887e-01 4.783406257629394531e-01 4.957293570041656494e-01 2.150790688116406835e-01 -1.529611492113874122e-03 -3.138185135130744929e-01 6.080787574955793806e-01 8.466754510866048022e-02 -1.690717783272229491e-01 -2.651815638110672224e-01
1.661970871340723991e+09 2.444290369749069214e-01 4.416081905364990234e-01 1.308647155761718750e+00 -4.603159129619598389e-01 5.579742789268493652e-01 4.784363806247711182e-01 4.978681504726409912e-01 2.114947550535677956e-01 -1.529622919148979163e-03 -3.138208579091373851e-01 6.080833001767331769e-01 8.466817762156665650e-02 -1.690730413859496406e-01 -2.651835448625005087e-01
1.661970871372146845e+09 2.450099140405654907e-01 4.470173418521881104e-01 1.312444925308227539e+00 -4.616920948028564453e-01 5.548378825187683105e-01 4.785233438014984131e-01 5.000107288360595703e-01 2.111428542268683484e-01 -1.553554286777113300e-03 -3.187306707956874541e-01 6.175969292044451997e-01 8.599283434558670225e-02 -1.717182352169013548e-01 -2.693324137252703920e-01
1.661970871404061794e+09 2.455692142248153687e-01 4.523306190967559814e-01 1.316180348396301270e+00 -4.630619585514068604e-01 5.516815185546875000e-01 4.786015152931213379e-01 5.021572113037109375e-01 2.042610574909687615e-01 -1.529600065248629299e-03 -3.138161691520319763e-01 6.080742148822868565e-01 8.466691260520459172e-02 -1.690705152873648587e-01 -2.651795827892343138e-01
1.661970871435976267e+09 2.461068481206893921e-01 4.575473666191101074e-01 1.319853186607360840e+00 -4.644251167774200439e-01 5.485048294067382812e-01 4.786703884601593018e-01 5.043078064918518066e-01 2.006173455427640306e-01 -1.529622919148979163e-03 -3.138208579091373851e-01 6.080833001767367296e-01 8.466817762156492178e-02 -1.690730413859505010e-01 -2.651835448625005087e-01
1.661970871466893673e+09 2.466227412223815918e-01 4.626670479774475098e-01 1.323463439941406250e+00 -4.657816886901855469e-01 5.453080534934997559e-01 4.787300527095794678e-01 5.064623355865478516e-01 2.033092442150092882e-01 -1.578952276304689201e-03 -3.239413791100977935e-01 6.276935962303127337e-01 8.739867199461193170e-02 -1.745255384291890532e-01 -2.737355439418667769e-01
1.661970871496814013e+09 2.471167892217636108e-01 4.676890671253204346e-01 1.327010750770568848e+00 -4.671314358711242676e-01 5.420910120010375977e-01 4.787802696228027344e-01 5.086209177970886230e-01 2.061580940441660736e-01 -1.631569340088156453e-03 -3.347364135532030494e-01 6.486108807391316455e-01 9.031114855767394256e-02 -1.803414338968241659e-01 -2.828575172855449238e-01
1.661970871528728485e+09 2.475889176130294800e-01 4.726128876209259033e-01 1.330494761466979980e+00 -4.684739410877227783e-01 5.388533473014831543e-01 4.788205325603485107e-01 5.107838511466979980e-01 1.895762732532394190e-01 -1.529622919148109416e-03 -3.138208579091373851e-01 6.080833001767401713e-01 8.466817762156665650e-02 -1.690730413859505010e-01 -2.651835448625005087e-01
1.661970871560642719e+09 2.480390220880508423e-01 4.774379134178161621e-01 1.333915472030639648e+00 -4.698092341423034668e-01 5.355952382087707520e-01 4.788509309291839600e-01 5.129510164260864258e-01 1.858628859725243443e-01 -1.529634346354817641e-03 -3.138232023402388049e-01 6.080878429257705609e-01 8.466881014392334259e-02 -1.690743044635505399e-01 -2.651855259435331180e-01
1.661970871592557430e+09 2.484670281410217285e-01 4.821636378765106201e-01 1.337272524833679199e+00 -4.711371958255767822e-01 5.323166251182556152e-01 4.788712263107299805e-01 5.151224136352539062e-01 1.821268726066295196e-01 -1.529611492113874122e-03 -3.138185135130709957e-01 6.080787574955759389e-01 8.466754510866048022e-02 -1.690717783272220887e-01 -2.651815638110672224e-01
1.661970871623474836e+09 2.488728761672973633e-01 4.867894947528839111e-01 1.340565681457519531e+00 -4.724576175212860107e-01 5.290174484252929688e-01 4.788812100887298584e-01 5.172981619834899902e-01 1.841297809537796037e-01 -1.578952276304689201e-03 -3.239413791100941853e-01 6.276935962303090699e-01 8.739867199461193170e-02 -1.745255384291890532e-01 -2.737355439418667769e-01
1.661970871654392481e+09 2.492564618587493896e-01 4.913149476051330566e-01 1.343794941902160645e+00 -4.737699329853057861e-01 5.256971120834350586e-01 4.788802564144134521e-01 5.194785594940185547e-01 1.802433536220987842e-01 -1.578940100358170156e-03 -3.239388810658684337e-01 6.276887558287316260e-01 8.739799802777102611e-02 -1.745241925915108905e-01 -2.737334330553347073e-01
1.661970871684312582e+09 2.496177107095718384e-01 4.957395195960998535e-01 1.346959948539733887e+00 -4.750744998455047607e-01 5.223563909530639648e-01 4.788687229156494141e-01 5.216632485389709473e-01 1.822195579814873678e-01 -1.631582341262237130e-03 -3.347390809031445258e-01 6.486160492004222622e-01 9.031186820282476047e-02 -1.803428709490648707e-01 -2.828597712380628293e-01
