1.661970963503915787e+09 1.378528122206244648e-16 -2.367949187755584717e-01 1.128897309303283691e+00 -6.125128269195556641e-01 6.125135421752929688e-01 3.533097505569458008e-01 3.533093035221099854e-01 0.000000000000000000e+00 0.000000000000000000e+00 0.000000000000000000e+00 0.000000000000000000e+00 0.000000000000000000e+00 0.000000000000000000e+00 0.000000000000000000e+00
1.661970972421231270e+09 1.378528122206244648e-16 -2.367949187755584717e-01 1.128897309303283691e+00 -6.125128269195556641e-01 6.125135421752929688e-01 3.533097505569458008e-01 3.533093035221099854e-01 0.000000000000000000e+00 0.000000000000000000e+00 0.000000000000000000e+00 0.000000000000000000e+00 0.000000000000000000e+00 0.000000000000000000e+00 0.000000000000000000e+00
1.661970972458132505e+09 4.550363868474960327e-03 -2.269125282764434814e-01 1.135995745658874512e+00 -6.108537316322326660e-01 6.129038929939270020e-01 3.538700938224792480e-01 3.549401760101318359e-01 3.520365375493711979e-01 -1.806924739344434594e-01 -4.343850430135815510e-01 4.790200270100419266e-01 1.643570419799499083e-01 5.211104337311047580e-02 -1.849419508856665340e-01
1.661970972489050150e+09 9.237684309482574463e-03 -2.169765084981918335e-01 1.142946600914001465e+00 -6.091867089271545410e-01 6.132873296737670898e-01 3.544197678565979004e-01 3.565905690193176270e-01 4.204841306178281890e-01 -2.156624689862869371e-01 -5.184529760824906353e-01 5.717263119455824327e-01 1.961655883993179139e-01 6.219626103173378495e-02 -2.207343608655981670e-01
1.661970972519967556e+09 1.406339462846517563e-02 -2.069907784461975098e-01 1.149748325347900391e+00 -6.075116991996765137e-01 6.136640310287475586e-01 3.549584448337554932e-01 3.582603037357330322e-01 4.208055721450049691e-01 -2.156641320604539280e-01 -5.184569741158819856e-01 5.717307207945837577e-01 1.961671011239213558e-01 6.219674065619326675e-02 -2.207360630514974831e-01
1.661970972550884724e+09 1.902884431183338165e-02 -1.969592869281768799e-01 1.156399607658386230e+00 -6.058287620544433594e-01 6.140339970588684082e-01 3.554858863353729248e-01 3.599494099617004395e-01 4.211322927021821094e-01 -2.156657951602724277e-01 -5.184609722109495555e-01 5.717351297115974562e-01 1.961686138718556072e-01 6.219722028805001884e-02 -2.207377652636514920e-01
1.661970972581801891e+09 2.413530647754669189e-02 -1.868860125541687012e-01 1.162899255752563477e+00 -6.041378974914550781e-01 6.143971681594848633e-01 3.560018539428710938e-01 3.616575598716735840e-01 4.214627678778488096e-01 -2.156657951602724277e-01 -5.184609722109495555e-01 5.717351297115830233e-01 1.961686138718574113e-01 6.219722028805001884e-02 -2.207377652636497156e-01
1.661970972611722231e+09 2.938396669924259186e-02 -1.767749786376953125e-01 1.169245719909667969e+00 -6.024391055107116699e-01 6.147536635398864746e-01 3.565060496330261230e-01 3.633848130702972412e-01 4.358462902878165734e-01 -2.228509315367423749e-01 -5.357340534079064742e-01 5.907830963821606440e-01 2.027041808235110210e-01 6.426938713154818628e-02 -2.280918797428487799e-01
1.661970972643636703e+09 3.477593138813972473e-02 -1.666302531957626343e-01 1.175438046455383301e+00 -6.007324457168579102e-01 6.151034235954284668e-01 3.569982945919036865e-01 3.651309013366699219e-01 4.089427838337542087e-01 -2.089263901060331163e-01 -5.022594299406482055e-01 5.538688073306931026e-01 1.900384820777590578e-01 6.025360071473098017e-02 -2.138398646959041860e-01
1.661970972675551653e+09 4.031222313642501831e-02 -1.564559340476989746e-01 1.181474924087524414e+00 -5.990180373191833496e-01 6.154463887214660645e-01 3.574782609939575195e-01 3.668958246707916260e-01 4.092696999432232086e-01 -2.089232685636870923e-01 -5.022519257470591247e-01 5.538605320480143313e-01 1.900356427372180690e-01 6.025270047342522195e-02 -2.138366697419657181e-01
1.661970972706468582e+09 4.599378257989883423e-02 -1.462561190128326416e-01 1.187355279922485352e+00 -5.972957015037536621e-01 6.157826781272888184e-01 3.579456806182861328e-01 3.686792254447937012e-01 4.228323785746825325e-01 -2.156674582857411593e-01 -5.184649703676516008e-01 5.717395386965817838e-01 1.961701266431221391e-01 6.219769992730421471e-02 -2.207394675020554475e-01
1.661970972737386227e+09 5.182145535945892334e-02 -1.360349804162979126e-01 1.193077921867370605e+00 -5.955656766891479492e-01 6.161122918128967285e-01 3.584004044532775879e-01 3.704811930656433105e-01 4.231776709967018379e-01 -2.156624689862851607e-01 -5.184529760825050682e-01 5.717263119455824327e-01 1.961655883993179139e-01 6.219626103173378495e-02 -2.207343608655981670e-01
1.661970972769300699e+09 5.779600888490676880e-02 -1.257967054843902588e-01 1.198641777038574219e+00 -5.938278436660766602e-01 6.164352297782897949e-01 3.588420748710632324e-01 3.723014891147613525e-01 4.103094582839571514e-01 -2.089263901060331163e-01 -5.022594299406482055e-01 5.538688073306931026e-01 1.900384820777581696e-01 6.025360071473098017e-02 -2.138398646959024374e-01
1.661970972801215410e+09 6.391812860965728760e-02 -1.155454665422439575e-01 1.204045891761779785e+00 -5.920823216438293457e-01 6.167515516281127930e-01 3.592706024646759033e-01 3.741399645805358887e-01 4.106635548447502559e-01 -2.089248293231995013e-01 -5.022556778158236979e-01 5.538646696584503815e-01 1.900370623968829220e-01 6.025315059071547491e-02 -2.138382672070018864e-01
1.661970972831135750e+09 7.018841058015823364e-02 -1.052855178713798523e-01 1.209289193153381348e+00 -5.903291106224060059e-01 6.170611381530761719e-01 3.596855998039245605e-01 3.759964704513549805e-01 4.384222770666649227e-01 -2.228509315367433186e-01 -5.357340534079139127e-01 5.907830963821606440e-01 2.027041808235128806e-01 6.426938713154448091e-02 -2.280918797428496958e-01
1.661970972863050461e+09 7.660735398530960083e-02 -9.502109885215759277e-02 1.214370846748352051e+00 -5.885682702064514160e-01 6.173641085624694824e-01 3.600868880748748779e-01 3.778708875179290771e-01 4.113940284948052750e-01 -2.089248293231995013e-01 -5.022556778158236979e-01 5.538646696584503815e-01 1.900370623968829220e-01 6.025315059071547491e-02 -2.138382672070009982e-01
1.661970972893967867e+09 8.317538350820541382e-02 -8.475647866725921631e-02 1.219289898872375488e+00 -5.867997407913208008e-01 6.176604628562927246e-01 3.604742288589477539e-01 3.797629773616790771e-01 4.250512023950089868e-01 -2.156641320604530399e-01 -5.184569741158890910e-01 5.717307207945837577e-01 1.961671011239204399e-01 6.219674065619326675e-02 -2.207360630514965949e-01
1.661970972924885273e+09 8.989281952381134033e-02 -7.449593394994735718e-02 1.224045395851135254e+00 -5.850235819816589355e-01 6.179502010345458984e-01 3.608473837375640869e-01 3.816726803779602051e-01 4.254435422362123909e-01 -2.156641320604548440e-01 -5.184569741158890910e-01 5.717307207945837577e-01 1.961671011239222440e-01 6.219674065619505698e-02 -2.207360630514974831e-01
1.661970972955802679e+09 9.675991535186767578e-02 -6.424377113580703735e-02 1.228636741638183594e+00 -5.832399725914001465e-01 6.182333827018737793e-01 3.612061142921447754e-01 3.835998177528381348e-01 4.258451810895150236e-01 -2.156641320604539280e-01 -5.184569741158890910e-01 5.717307207945837577e-01 1.961671011239213558e-01 6.219674065619326675e-02 -2.207360630514974831e-01
1.661970972986720085e+09 1.037768274545669556e-01 -5.400430411100387573e-02 1.233062982559204102e+00 -5.814487338066101074e-01 6.185099482536315918e-01 3.615501821041107178e-01 3.855441510677337646e-01 4.262516175253021067e-01 -2.156641320604548440e-01 -5.184569741158890910e-01 5.717307207945837577e-01 1.961671011239213558e-01 6.219674065619326675e-02 -2.207360630514983713e-01
1.661970973018634558e+09 1.109436079859733582e-01 -4.378184676170349121e-02 1.237323522567749023e+00 -5.796500444412231445e-01 6.187798976898193359e-01 3.618793189525604248e-01 3.875055909156799316e-01 4.133366331212880440e-01 -2.089263901060339768e-01 -5.022594299406550888e-01 5.538688073306931026e-01 1.900384820777590578e-01 6.025360071473098017e-02 -2.138398646959041860e-01
1.661970973050549269e+09 1.182602345943450928e-01 -3.358073532581329346e-02 1.241417527198791504e+00 -5.778438448905944824e-01 6.190433502197265625e-01 3.621934652328491211e-01 3.894839286804199219e-01 4.137407015952898059e-01 -2.089248293231986409e-01 -5.022556778158167035e-01 5.538646696584434981e-01 1.900370623968820616e-01 6.025315059071547491e-02 -2.138382672069992774e-01
1.661970973082463980e+09 1.257265955209732056e-01 -2.340530231595039368e-02 1.245344519615173340e+00 -5.760301947593688965e-01 6.193002462387084961e-01 3.624921739101409912e-01 3.914790749549865723e-01 4.141565651365549661e-01 -2.089248293231995013e-01 -5.022556778158305812e-01 5.538646696584503815e-01 1.900370623968829220e-01 6.025315059071721657e-02 -2.138382672070001378e-01
1.661970973114378691e+09 1.333424896001815796e-01 -1.325989514589309692e-02 1.249103784561157227e+00 -5.742091536521911621e-01 6.195506453514099121e-01 3.627753555774688721e-01 3.934907913208007812e-01 4.145782538697164732e-01 -2.089248293232003617e-01 -5.022556778158167035e-01 5.538646696584434981e-01 1.900370623968837824e-01 6.025315059071547491e-02 -2.138382672070009982e-01
1.661970973146293402e+09 1.411076337099075317e-01 -3.148853778839111328e-03 1.252694845199584961e+00 -5.723806619644165039e-01 6.197944879531860352e-01 3.630427420139312744e-01 3.955188989639282227e-01 4.150080124663024783e-01 -2.089248293231995013e-01 -5.022556778158305812e-01 5.538646696584503815e-01 1.900370623968829220e-01 6.025315059071547491e-02 -2.138382672070001378e-01
1.661970973178208113e+09 1.490216106176376343e-01 6.923476699739694595e-03 1.256117224693298340e+00 -5.705448985099792480e-01 6.200317740440368652e-01 3.632941246032714844e-01 3.975632488727569580e-01 4.154445121877256009e-01 -2.089248293231995013e-01 -5.022556778158167035e-01 5.538646696584365037e-01 1.900370623968820616e-01 6.025315059071547491e-02 -2.138382672069992774e-01
1.661970973210122824e+09 1.570839732885360718e-01 1.695275492966175079e-02 1.259370326995849609e+00 -5.687017440795898438e-01 6.202626228332519531e-01 3.635293245315551758e-01 3.996235430240631104e-01 4.158876583674098182e-01 -2.089248293231995013e-01 -5.022556778158236979e-01 5.538646696584503815e-01 1.900370623968829220e-01 6.025315059071547491e-02 -2.138382672070001378e-01
1.661970973242037535e+09 1.652941554784774780e-01 2.693464048206806183e-02 1.262453794479370117e+00 -5.668513774871826172e-01 6.204870343208312988e-01 3.637480735778808594e-01 4.016998112201690674e-01 4.163384440079060944e-01 -2.089248293232003617e-01 -5.022556778158236979e-01 5.538646696584434981e-01 1.900370623968829220e-01 6.025315059071547491e-02 -2.138382672070001378e-01
1.661970973272954941e+09 1.736515015363693237e-01 3.686480596661567688e-02 1.265367269515991211e+00 -5.649937987327575684e-01 6.207049489021301270e-01 3.639502227306365967e-01 4.037917554378509521e-01 4.302413195446219141e-01 -2.156641320604539280e-01 -5.184569741158890910e-01 5.717307207945837577e-01 1.961671011239222440e-01 6.219674065619326675e-02 -2.207360630514983713e-01
1.661970973303872347e+09 1.821552664041519165e-01 4.673892259597778320e-02 1.268110394477844238e+00 -5.631288290023803711e-01 6.209164261817932129e-01 3.641355037689208984e-01 4.058991074562072754e-01 4.307214929617207422e-01 -2.156641320604539280e-01 -5.184569741158890910e-01 5.717307207945837577e-01 1.961671011239204399e-01 6.219674065619505698e-02 -2.207360630514965949e-01
1.661970973334789515e+09 1.908046156167984009e-01 5.655268207192420959e-02 1.270682930946350098e+00 -5.612567663192749023e-01 6.211214661598205566e-01 3.643037080764770508e-01 4.080217778682708740e-01 4.312128947345199581e-01 -2.156657951602733159e-01 -5.184609722109423391e-01 5.717351297115902398e-01 1.961686138718564953e-01 6.219722028805001884e-02 -2.207377652636506038e-01
1.661970973365706921e+09 1.995986402034759521e-01 6.630178540945053101e-02 1.273084640502929688e+00 -5.593775510787963867e-01 6.213201284408569336e-01 3.644547164440155029e-01 4.101596176624298096e-01 4.317054573963752251e-01 -2.156641320604539280e-01 -5.184569741158890910e-01 5.717307207945837577e-01 1.961671011239204399e-01 6.219674065619326675e-02 -2.207360630514965949e-01
1.661970973397621870e+09 2.085363268852233887e-01 7.598193734884262085e-02 1.275315284729003906e+00 -5.574910640716552734e-01 6.215124130249023438e-01 3.645881414413452148e-01 4.123122692108154297e-01 4.186990855421339752e-01 -2.089232685636862319e-01 -5.022519257470452470e-01 5.538605320480143313e-01 1.900356427372180690e-01 6.025270047342522195e-02 -2.138366697419648299e-01
1.661970973429536581e+09 2.176165878772735596e-01 8.558887243270874023e-02 1.277374744415283203e+00 -5.555976629257202148e-01 6.216983199119567871e-01 3.647039532661437988e-01 4.144797027111053467e-01 4.191971005694432595e-01 -2.089248293231986409e-01 -5.022556778158305812e-01 5.538646696584434981e-01 1.900370623968820616e-01 6.025315059071547491e-02 -2.138382672070001378e-01
1.661970973460453987e+09 2.268382012844085693e-01 9.511834383010864258e-02 1.279262900352478027e+00 -5.536971688270568848e-01 6.218777894973754883e-01 3.648020327091217041e-01 4.166616797447204590e-01 4.332367103582384082e-01 -2.156641320604548440e-01 -5.184569741158819856e-01 5.717307207945909742e-01 1.961671011239222440e-01 6.219674065619326675e-02 -2.207360630514974831e-01
1.661970973491371632e+09 2.361999452114105225e-01 1.045661196112632751e-01 1.280979633331298828e+00 -5.517895817756652832e-01 6.220510005950927734e-01 3.648819327354431152e-01 4.188579320907592773e-01 4.337591882035574109e-01 -2.156624689862851607e-01 -5.184529760824978517e-01 5.717263119455824327e-01 1.961655883993179139e-01 6.219626103173558213e-02 -2.207343608655981670e-01
1.661970973523286343e+09 2.457004189491271973e-01 1.139279901981353760e-01 1.282525062561035156e+00 -5.498750805854797363e-01 6.222178339958190918e-01 3.649436533451080322e-01 4.210683703422546387e-01 4.207239937535121044e-01 -2.089248293231995013e-01 -5.022556778158236979e-01 5.538646696584434981e-01 1.900370623968820616e-01 6.025315059071547491e-02 -2.138382672070001378e-01
1.661970973553205729e+09 2.553381919860839844e-01 1.231997683644294739e-01 1.283899068832397461e+00 -5.479534864425659180e-01 6.223783493041992188e-01 3.649869263172149658e-01 4.232926368713378906e-01 4.493398990254776071e-01 -2.228580348646794218e-01 -5.357511298214705509e-01 5.908019274727210890e-01 2.027106419778857693e-01 6.427143570513561832e-02 -2.280991501249415299e-01
1.661970973585120678e+09 2.651117444038391113e-01 1.323773115873336792e-01 1.285101771354675293e+00 -5.460250973701477051e-01 6.225325465202331543e-01 3.650116324424743652e-01 4.255306422710418701e-01 4.217744679403778729e-01 -2.089232685636853437e-01 -5.022519257470522414e-01 5.538605320480143313e-01 1.900356427372172086e-01 6.025270047342522195e-02 -2.138366697419639695e-01
1.661970973616038322e+09 2.750194370746612549e-01 1.414564847946166992e-01 1.286133289337158203e+00 -5.440897941589355469e-01 6.226804852485656738e-01 3.650175034999847412e-01 4.277821779251098633e-01 4.359338704372036633e-01 -2.156624689862869371e-01 -5.184529760824978517e-01 5.717263119455896492e-01 1.961655883993188021e-01 6.219626103173378495e-02 -2.207343608655981670e-01
1.661970973646955252e+09 2.850595712661743164e-01 1.504331976175308228e-01 1.286993861198425293e+00 -5.421475768089294434e-01 6.228221654891967773e-01 3.650043606758117676e-01 4.300469458103179932e-01 4.365057034396045421e-01 -2.156674582857411593e-01 -5.184649703676588173e-01 5.717395386965817838e-01 1.961701266431212509e-01 6.219769992730421471e-02 -2.207394675020554475e-01
1.661970973676875353e+09 2.952303588390350342e-01 1.593033671379089355e-01 1.287683606147766113e+00 -5.401985645294189453e-01 6.229575872421264648e-01 3.649720847606658936e-01 4.323247969150543213e-01 4.516354392046295074e-01 -2.228527073262744351e-01 -5.357383224092479024e-01 5.907878040422589461e-01 2.027057960734906239e-01 6.426989926270106068e-02 -2.280936972949227648e-01
1.661970973708790064e+09 3.055299520492553711e-01 1.680629998445510864e-01 1.288202762603759766e+00 -5.382428169250488281e-01 6.230867505073547363e-01 3.649205267429351807e-01 4.346154928207397461e-01 4.239672150164265352e-01 -2.089248293231995013e-01 -5.022556778158236979e-01 5.538646696584434981e-01 1.900370623968829220e-01 6.025315059071547491e-02 -2.138382672070001378e-01
1.661970973740705013e+09 3.159563541412353516e-01 1.767080724239349365e-01 1.288551568984985352e+00 -5.362802147865295410e-01 6.232097148895263672e-01 3.648493885993957520e-01 4.369188547134399414e-01 4.245269656797561741e-01 -2.089232685636853437e-01 -5.022519257470522414e-01 5.538605320480143313e-01 1.900356427372180690e-01 6.025270047342522195e-02 -2.138366697419639695e-01
1.661970973772619486e+09 3.265075981616973877e-01 1.852346509695053101e-01 1.288730621337890625e+00 -5.343109369277954102e-01 6.233264803886413574e-01 3.647586107254028320e-01 4.392346441745758057e-01 4.251047831134667776e-01 -2.089263901060331163e-01 -5.022594299406550888e-01 5.538688073306999859e-01 1.900384820777590578e-01 6.025360071473098017e-02 -2.138398646959041860e-01
1.661970973803043604e+09 3.371815085411071777e-01 1.936388164758682251e-01 1.288740038871765137e+00 -5.323349833488464355e-01 6.234371066093444824e-01 3.646479845046997070e-01 4.415625929832458496e-01 4.465331184223346739e-01 -2.191608492665309826e-01 -5.268630887751960534e-01 5.810006009065202814e-01 1.993476989878906480e-01 6.320518100803378114e-02 -2.243150151113491308e-01
1.661970973834958315e+09 3.479759097099304199e-01 2.019166946411132812e-01 1.288580298423767090e+00 -5.303524136543273926e-01 6.235414743423461914e-01 3.645173907279968262e-01 4.439025819301605225e-01 4.262600284286304220e-01 -2.089248293231995013e-01 -5.022556778158236979e-01 5.538646696584434981e-01 1.900370623968829220e-01 6.025315059071547491e-02 -2.138382672070001378e-01
1.661970973865875483e+09 3.588885068893432617e-01 2.100644707679748535e-01 1.288251996040344238e+00 -5.283631086349487305e-01 6.236398220062255859e-01 3.643665611743927002e-01 4.462542533874511719e-01 4.406202961317189915e-01 -2.156657951602742040e-01 -5.184609722109423391e-01 5.717351297115830233e-01 1.961686138718556072e-01 6.219722028805180908e-02 -2.207377652636497156e-01
1.661970973897296906e+09 3.699170053005218506e-01 2.180783748626708984e-01 1.287755489349365234e+00 -5.263672471046447754e-01 6.237319707870483398e-01 3.641954362392425537e-01 4.486174881458282471e-01 4.341539780827866624e-01 -2.122047609715647098e-01 -5.101406395916728842e-01 5.625598461236365200e-01 1.930204731161213327e-01 6.119907078687598923e-02 -2.171953354047623796e-01
1.661970973929211378e+09 3.810589015483856201e-01 2.259546518325805664e-01 1.287091493606567383e+00 -5.243648886680603027e-01 6.238179802894592285e-01 3.640038073062896729e-01 4.509920477867126465e-01 4.280452220415974507e-01 -2.089263901060331163e-01 -5.022594299406550888e-01 5.538688073306931026e-01 1.900384820777590578e-01 6.025360071473098017e-02 -2.138398646959041860e-01
1.661970973959131718e+09 3.923117518424987793e-01 2.336896359920501709e-01 1.286260485649108887e+00 -5.223559737205505371e-01 6.238979697227478027e-01 3.637915253639221191e-01 4.533776342868804932e-01 4.572199181255310330e-01 -2.228509315367423749e-01 -5.357340534079139127e-01 5.907830963821606440e-01 2.027041808235128806e-01 6.426938713154448091e-02 -2.280918797428506117e-01
1.661970973990049124e+09 3.923117518424987793e-01 2.336896359920501709e-01 1.286260485649108887e+00 -5.223559737205505371e-01 6.238979697227478027e-01 3.637915253639221191e-01 4.533776342868804932e-01 0.000000000000000000e+00 0.000000000000000000e+00 0.000000000000000000e+00 0.000000000000000000e+00 0.000000000000000000e+00 0.000000000000000000e+00 0.000000000000000000e+00
1.661970974020967007e+09 3.883609473705291748e-01 2.459239512681961060e-01 1.290423274040222168e+00 -5.211161971092224121e-01 6.197551488876342773e-01 3.683773577213287354e-01 4.567708373069763184e-01 4.370788818006550724e-01 1.939265194161561567e-01 -4.803038935849147095e-01 6.862564504161930978e-01 9.600758754236445036e-02 2.347526980087718818e-01 -3.613599306485844320e-02
1.661970974051883698e+09 3.842539787292480469e-01 2.580539584159851074e-01 1.294450998306274414e+00 -5.198261737823486328e-01 6.156035661697387695e-01 3.729675412178039551e-01 4.601176083087921143e-01 4.342268920066816307e-01 1.939339968796172098e-01 -4.803224132532136204e-01 6.862829112506791951e-01 9.601128942506809150e-02 2.347617496574432305e-01 -3.613738640481344022e-02
1.661970974081803799e+09 3.799919486045837402e-01 2.700759470462799072e-01 1.298343777656555176e+00 -5.184859037399291992e-01 6.114438176155090332e-01 3.775617778301239014e-01 4.634177088737487793e-01 4.457178448129521242e-01 2.003936212995639787e-01 -4.963211676749338941e-01 7.091418731853434965e-01 9.920926853002144663e-02 2.425812797829322021e-01 -3.734106367362406698e-02
1.661970974112720966e+09 3.755759596824645996e-01 2.819862067699432373e-01 1.302101492881774902e+00 -5.170954465866088867e-01 6.072763800621032715e-01 3.821595609188079834e-01 4.666710495948791504e-01 4.284584888483968235e-01 1.939310058250386659e-01 -4.803150052145204185e-01 6.862723266720248683e-01 9.600980863773003748e-02 2.347581289142133265e-01 -3.613682905593770811e-02
1.661970974144635916e+09 3.710071444511413574e-01 2.937810719013214111e-01 1.305724024772644043e+00 -5.156546831130981445e-01 6.031018495559692383e-01 3.867605626583099365e-01 4.698772728443145752e-01 4.122626676770338450e-01 1.878679907618162059e-01 -4.652985456271596654e-01 6.648168640120765138e-01 9.300817971557272246e-02 2.274187039173435620e-01 -3.500705541313585412e-02
1.661970974176550627e+09 3.662868142127990723e-01 3.054569065570831299e-01 1.309211492538452148e+00 -5.141637921333312988e-01 5.989208221435546875e-01 3.913644254207611084e-01 4.730362594127655029e-01 4.094620748691236711e-01 1.878693942280570406e-01 -4.653020216360238548e-01 6.648218305208468681e-01 9.300887453239413405e-02 2.274204028468496674e-01 -3.500731693304780234e-02
1.661970974208465338e+09 3.614162504673004150e-01 3.170101046562194824e-01 1.312564015388488770e+00 -5.126226544380187988e-01 5.947339534759521484e-01 3.959707319736480713e-01 4.761478900909423828e-01 4.066580399006397006e-01 1.878693942280552920e-01 -4.653020216360169159e-01 6.648218305208538625e-01 9.300887453239588265e-02 2.274204028468496674e-01 -3.500731693304780234e-02
1.661970974239382744e+09 3.563968539237976074e-01 3.284370303153991699e-01 1.315781593322753906e+00 -5.110313892364501953e-01 5.905416011810302734e-01 4.005789756774902344e-01 4.792118072509765625e-01 4.168792098868551732e-01 1.939295103323466218e-01 -4.803113012808605253e-01 6.862670345051281595e-01 9.600906826118957293e-02 2.347563185844793454e-01 -3.613655038794681001e-02
1.661970974270300150e+09 3.512300550937652588e-01 3.397341668605804443e-01 1.318864345550537109e+00 -5.093900561332702637e-01 5.863443613052368164e-01 4.051890075206756592e-01 4.822280108928680420e-01 4.139866435712851178e-01 1.939295103323448455e-01 -4.803113012808605253e-01 6.862670345051209431e-01 9.600906826118957293e-02 2.347563185844793454e-01 -3.613655038794681001e-02
1.661970974300220013e+09 3.459174036979675293e-01 3.508979678153991699e-01 1.321812391281127930e+00 -5.076987147331237793e-01 5.821429491043090820e-01 4.098002314567565918e-01 4.851961731910705566e-01 4.248035048129475966e-01 2.003952181505559149e-01 -4.963251226458624821e-01 7.091475240333843244e-01 9.921005908621420566e-02 2.425832128093144135e-01 -3.734136122857672352e-02
1.661970974331137419e+09 3.404604494571685791e-01 3.619248867034912109e-01 1.324626088142395020e+00 -5.059573054313659668e-01 5.779379010200500488e-01 4.144123494625091553e-01 4.881162643432617188e-01 4.082147796553671215e-01 1.939295103323448455e-01 -4.803113012808605253e-01 6.862670345051209431e-01 9.600906826119136317e-02 2.347563185844775413e-01 -3.613655038794681001e-02
1.661970974362054586e+09 3.348608911037445068e-01 3.728115260601043701e-01 1.327305316925048828e+00 -5.041659474372863770e-01 5.737296342849731445e-01 4.190248847007751465e-01 4.909879863262176514e-01 4.053427059210605310e-01 1.939310058250386659e-01 -4.803150052145132576e-01 6.862723266720248683e-01 9.600980863773003748e-02 2.347581289142133265e-01 -3.613682905593591094e-02
1.661970974393969774e+09 3.291203975677490234e-01 3.835544288158416748e-01 1.329850554466247559e+00 -5.023247003555297852e-01 5.695188641548156738e-01 4.236374497413635254e-01 4.938112199306488037e-01 3.898937053202691794e-01 1.878665873165460132e-01 -4.652950696702436439e-01 6.648118975775129114e-01 9.300748490913238187e-02 2.274170050132190424e-01 -3.500679389713295259e-02
1.661970974425884485e+09 3.232408165931701660e-01 3.941501975059509277e-01 1.332261919975280762e+00 -5.004336237907409668e-01 5.653060674667358398e-01 4.282496571540832520e-01 4.965857565402984619e-01 3.871362572564113758e-01 1.878693942280570406e-01 -4.653020216360238548e-01 6.648218305208504209e-01 9.300887453239413405e-02 2.274204028468496674e-01 -3.500731693304606068e-02
1.661970974457799435e+09 3.172239363193511963e-01 4.045954644680023193e-01 1.334539890289306641e+00 -4.984928071498870850e-01 5.610918998718261719e-01 4.328612089157104492e-01 4.993115067481994629e-01 3.843861573731918169e-01 1.878679907618162059e-01 -4.652985456271596654e-01 6.648168640120799555e-01 9.300817971557445718e-02 2.274187039173435620e-01 -3.500705541313585412e-02
1.661970974489714146e+09 3.110716938972473145e-01 4.148869216442108154e-01 1.336684584617614746e+00 -4.965023696422576904e-01 5.568768382072448730e-01 4.374714791774749756e-01 5.019882917404174805e-01 3.816569645089928908e-01 1.878693942280570406e-01 -4.653020216360238548e-01 6.648218305208504209e-01 9.300887453239413405e-02 2.274204028468496674e-01 -3.500731693304780234e-02
1.661970974519633770e+09 3.047860860824584961e-01 4.250213205814361572e-01 1.338696360588073730e+00 -4.944623708724975586e-01 5.526613593101501465e-01 4.420802593231201172e-01 5.046160221099853516e-01 4.042125936758744764e-01 2.003968150269936077e-01 -4.963290776798299775e-01 7.091531749714842237e-01 9.921084965500812092e-02 2.425851458665056470e-01 -3.734165878827158669e-02
1.661970974550550938e+09 2.983691096305847168e-01 4.349953830242156982e-01 1.340575814247131348e+00 -4.923728704452514648e-01 5.484462380409240723e-01 4.466870427131652832e-01 5.071943998336791992e-01 3.883923458109190263e-01 1.939310058250377777e-01 -4.803150052145204185e-01 6.862723266720213156e-01 9.600980863773003748e-02 2.347581289142115224e-01 -3.613682905593770811e-02
1.661970974580471277e+09 2.918229103088378906e-01 4.448059201240539551e-01 1.342323184013366699e+00 -4.902341663837432861e-01 5.442320108413696289e-01 4.512916803359985352e-01 5.097233653068542480e-01 3.984840883282367852e-01 2.003920244740236556e-01 -4.963172127670277822e-01 7.091362224273559667e-01 9.920847798642584703e-02 2.425793467873582909e-01 -3.734076612341350604e-02
1.661970974611388922e+09 2.851496040821075439e-01 4.544498324394226074e-01 1.343938827514648438e+00 -4.880459606647491455e-01 5.400190353393554688e-01 4.558932781219482422e-01 5.122028589248657227e-01 3.829019852135412405e-01 1.939280148627184064e-01 -4.803075974043185536e-01 6.862617424198478311e-01 9.600832789606779383e-02 2.347545082826639484e-01 -3.613627172425375178e-02
1.661970974643304110e+09 2.783514261245727539e-01 4.639239609241485596e-01 1.345423460006713867e+00 -4.858087599277496338e-01 5.358080863952636719e-01 4.604918360710144043e-01 5.146325826644897461e-01 3.683178623747817015e-01 1.878665873165468736e-01 -4.652950696702436439e-01 6.648118975775129114e-01 9.300748490913238187e-02 2.274170050132190424e-01 -3.500679389713121092e-02
1.661970974675217867e+09 2.714306712150573730e-01 4.732252955436706543e-01 1.346777319908142090e+00 -4.835225343704223633e-01 5.315997004508972168e-01 4.650868773460388184e-01 5.170125365257263184e-01 3.657478047300308233e-01 1.878750083027103668e-01 -4.653159261908146327e-01 6.648416972980030204e-01 9.301165390349538931e-02 2.274271988187253069e-01 -3.500836305177040114e-02
1.661970974706135273e+09 2.643896639347076416e-01 4.823508262634277344e-01 1.348001122474670410e+00 -4.811873733997344971e-01 5.273942351341247559e-01 4.696778059005737305e-01 5.193426012992858887e-01 3.748986054061952955e-01 1.939295103323457337e-01 -4.803113012808569726e-01 6.862670345051244958e-01 9.600906826119136317e-02 2.347563185844793454e-01 -3.613655038794681001e-02
1.661970974736055374e+09 2.572308182716369629e-01 4.912975728511810303e-01 1.349095344543457031e+00 -4.788034558296203613e-01 5.231924653053283691e-01 4.742644429206848145e-01 5.216225981712341309e-01 3.847065553606755506e-01 2.003936212995648947e-01 -4.963211676749338941e-01 7.091418731853398327e-01 9.920926853001960088e-02 2.425812797829322021e-01 -3.734106367362406698e-02
1.661970974766972780e+09 2.499565482139587402e-01 5.000626444816589355e-01 1.350060462951660156e+00 -4.763710200786590576e-01 5.189949274063110352e-01 4.788463413715362549e-01 5.238523483276367188e-01 3.697343322134785670e-01 1.939295103323457337e-01 -4.803113012808569726e-01 6.862670345051244958e-01 9.600906826118957293e-02 2.347563185844793454e-01 -3.613655038794681001e-02
