1.661970998116407871e+09 1.378528122206244648e-16 -2.367949187755584717e-01 1.128897309303283691e+00 -6.125128269195556641e-01 6.125135421752929688e-01 3.533097505569458008e-01 3.533093035221099854e-01 0.000000000000000000e+00 0.000000000000000000e+00 0.000000000000000000e+00 0.000000000000000000e+00 0.000000000000000000e+00 0.000000000000000000e+00 0.000000000000000000e+00
1.661971019366465807e+09 1.517306000284389216e-16 -2.367949187755584717e-01 1.128897309303283691e+00 -6.125128269195556641e-01 6.125135421752929688e-01 3.533097505569458008e-01 3.533093035221099854e-01 6.530705869036819633e-19 0.000000000000000000e+00 0.000000000000000000e+00 0.000000000000000000e+00 0.000000000000000000e+00 -5.224564695229455707e-18 0.000000000000000000e+00
1.661971019402369976e+09 1.799868606030941010e-02 -2.391571402549743652e-01 1.144281506538391113e+00 -5.889183282852172852e-01 6.193413138389587402e-01 3.691443204879760742e-01 3.651356995105743408e-01 6.627389171856514771e-01 -6.918873260864235597e-01 3.330363513224258165e-01 1.454032503462539816e-01 2.653029857726707519e-01 7.875692945018766267e-01 5.540372469517044207e-01
1.661971019434285164e+09 3.595047816634178162e-02 -2.424608170986175537e-01 1.159786939620971680e+00 -5.649855732917785645e-01 6.251143217086791992e-01 3.847056031227111816e-01 3.768620789051055908e-01 7.504245022994049386e-01 -7.783641966901195808e-01 3.746615413985761589e-01 1.635767557588667931e-01 2.984623906445728059e-01 8.860051602913601165e-01 6.232846598003766170e-01
1.661971019464205027e+09 5.380830913782119751e-02 -2.467141598463058472e-01 1.175392389297485352e+00 -5.407620072364807129e-01 6.298183798789978027e-01 3.999865353107452393e-01 3.884790837764739990e-01 8.052860207747372101e-01 -8.302725099992254165e-01 3.996473369406904341e-01 1.744855225342573923e-01 3.183665426475105198e-01 9.450919395258862155e-01 6.648508771819784391e-01
1.661971019496119499e+09 7.152419537305831909e-02 -2.519224286079406738e-01 1.191076397895812988e+00 -5.162954926490783691e-01 6.334419250488281250e-01 4.149800837039947510e-01 3.999772369861602783e-01 7.591351525142351342e-01 -7.783816411099235832e-01 3.746699381789649341e-01 1.635804217825728990e-01 2.984690796768542653e-01 8.860250171219121729e-01 6.232986286330991499e-01
1.661971019526039839e+09 8.904940634965896606e-02 -2.580878734588623047e-01 1.206817150115966797e+00 -4.916344583034515381e-01 6.359752416610717773e-01 4.296795725822448730e-01 4.113472402095794678e-01 8.138238942485751526e-01 -8.302592780376333303e-01 3.996409678050764636e-01 1.744827417777076728e-01 3.183614688749674126e-01 9.450768776996818499e-01 6.648402815267382415e-01
1.661971019556957006e+09 1.063346937298774719e-01 -2.652095854282379150e-01 1.222592592239379883e+00 -4.668274819850921631e-01 6.374112963676452637e-01 4.440782368183135986e-01 4.225796163082122803e-01 7.911944173940597125e-01 -8.034901454188310144e-01 3.867557856095041879e-01 1.688570875057329446e-01 3.080968917645809935e-01 9.146058080671949364e-01 6.434045708550388820e-01
1.661971019587874413e+09 1.233304589986801147e-01 -2.732836306095123291e-01 1.238380312919616699e+00 -4.419236183166503906e-01 6.377446651458740234e-01 4.581699073314666748e-01 4.336652457714080811e-01 7.944435157187700325e-01 -8.034839493305154789e-01 3.867528031547322054e-01 1.688557853697527367e-01 3.080945158853461985e-01 9.145987551140297711e-01 6.433996092614574502e-01
1.661971019619790316e+09 1.399869918823242188e-01 -2.823027670383453369e-01 1.254157781600952148e+00 -4.169720113277435303e-01 6.369726657867431641e-01 4.719485342502593994e-01 4.445950388908386230e-01 7.724000237104508004e-01 -7.783467530522037992e-01 3.746531449945696424e-01 1.635730898994765259e-01 2.984557019121057420e-01 8.859853043508164605e-01 6.232706915937584746e-01
1.661971019649708986e+09 1.562546491622924805e-01 -2.922565937042236328e-01 1.269902110099792480e+00 -3.920217752456665039e-01 6.350947022438049316e-01 4.854082167148590088e-01 4.553598165512084961e-01 8.265919431364195935e-01 -8.303055917484762904e-01 3.996632606679368926e-01 1.744924748134607517e-01 3.183792277864321840e-01 9.451295961918396715e-01 6.648773677977019014e-01
1.661971019680626154e+09 1.720840930938720703e-01 -3.031315207481384277e-01 1.285590648651123047e+00 -3.671219944953918457e-01 6.321123838424682617e-01 4.985432922840118408e-01 4.659506380558013916e-01 8.020948013693360856e-01 -8.034901454188310144e-01 3.867557856094898661e-01 1.688570875057329446e-01 3.080968917645809935e-01 9.146058080671949364e-01 6.434045708550352183e-01
1.661971019711543798e+09 1.874264776706695557e-01 -3.149107396602630615e-01 1.301200270652770996e+00 -3.423217236995697021e-01 6.280295252799987793e-01 5.113484859466552734e-01 4.763586223125457764e-01 8.039281258497301685e-01 -8.034777533377539527e-01 3.867498207459867388e-01 1.688544832538551310e-01 3.080921400427523160e-01 9.145917022696373744e-01 6.433946477444013601e-01
1.661971019741463900e+09 2.022337168455123901e-01 -3.275742232799530029e-01 1.316708207130432129e+00 -3.176695108413696289e-01 6.228523254394531250e-01 5.238185524940490723e-01 4.865750074386596680e-01 8.322863953649316526e-01 -8.302658939657135972e-01 3.996441523475072199e-01 1.744841321449107086e-01 3.183640057410237478e-01 9.450844085527757565e-01 6.648455793121443858e-01
1.661971019773378849e+09 2.164586186408996582e-01 -3.410988450050354004e-01 1.332091450691223145e+00 -2.932137548923492432e-01 6.165889501571655273e-01 5.359486341476440430e-01 4.965912401676177979e-01 7.813915384295871958e-01 -7.783700114098415224e-01 3.746643402835633241e-01 1.635779777485109610e-01 2.984646202886860333e-01 8.860117791359811701e-01 6.232893160083802231e-01
1.661971019804296255e+09 2.300551086664199829e-01 -3.554583787918090820e-01 1.347327351570129395e+00 -2.690022885799407959e-01 6.092498898506164551e-01 5.477341413497924805e-01 5.063987374305725098e-01 8.074365077655146772e-01 -8.034839493305082625e-01 3.867528031547465273e-01 1.688557853697383593e-01 3.080945158853452548e-01 9.145987551140262184e-01 6.433996092614574502e-01
1.661971019835213423e+09 2.429785132408142090e-01 -3.706235289573669434e-01 1.362393021583557129e+00 -2.450823783874511719e-01 6.008478999137878418e-01 5.591707229614257812e-01 5.159890055656433105e-01 8.079460367447088842e-01 -8.034901454188381198e-01 3.867557856094898661e-01 1.688570875057329446e-01 3.080968917645827698e-01 9.146058080671986001e-01 6.434045708550406584e-01
1.661971019865637541e+09 2.551856338977813721e-01 -3.865620493888854980e-01 1.377266049385070801e+00 -2.215005457401275635e-01 5.913975238800048828e-01 5.702540278434753418e-01 5.253540873527526855e-01 8.212280544656627157e-01 -8.165114107057023229e-01 3.930235036572790608e-01 1.715935652889585827e-01 3.130898731777311816e-01 9.294278005056268999e-01 6.538315084492998253e-01
1.661971019897552490e+09 2.666350305080413818e-01 -4.032388925552368164e-01 1.391924142837524414e+00 -1.983027756214141846e-01 5.809155702590942383e-01 5.809803605079650879e-01 5.344856977462768555e-01 7.827461159227137033e-01 -7.783700114098397460e-01 3.746643402835633241e-01 1.635779777485109610e-01 2.984646202886869215e-01 8.860117791359811701e-01 6.232893160083802231e-01
1.661971019928470135e+09 2.772871851921081543e-01 -4.206162095069885254e-01 1.406345367431640625e+00 -1.755339950323104858e-01 5.694211721420288086e-01 5.913459658622741699e-01 5.433758497238159180e-01 8.075713864291732547e-01 -8.034777533377485126e-01 3.867498207459867388e-01 1.688544832538551310e-01 3.080921400427505397e-01 9.145917022696302690e-01 6.433946477443978074e-01
1.661971019959387302e+09 2.871046960353851318e-01 -4.386535584926605225e-01 1.420507907867431641e+00 -1.532381922006607056e-01 5.569350719451904297e-01 6.013477444648742676e-01 5.520167350769042969e-01 8.068682976743941637e-01 -8.034901454188381198e-01 3.867557856094898661e-01 1.688570875057257559e-01 3.080968917645827698e-01 9.146058080671986001e-01 6.434045708550406584e-01
1.661971019990809917e+09 2.960523962974548340e-01 -4.573079347610473633e-01 1.434390425682067871e+00 -1.314583569765090942e-01 5.434800386428833008e-01 6.109820604324340820e-01 5.604008436203002930e-01 7.929093209104864926e-01 -7.905656324724027462e-01 3.805346387955481635e-01 1.661409426643638276e-01 3.031410098672487896e-01 8.998939479720328150e-01 6.330551088818933136e-01
1.661971020022725105e+09 3.040976226329803467e-01 -4.765340685844421387e-01 1.447972059249877930e+00 -1.102363690733909607e-01 5.290807485580444336e-01 6.202464103698730469e-01 5.685207247734069824e-01 7.794504393614185567e-01 -7.783641966901195808e-01 3.746615413985900922e-01 1.635767557588667931e-01 2.984623906445745267e-01 8.860051602913583402e-01 6.232846598003766170e-01
1.661971020053642988e+09 3.112101852893829346e-01 -4.962843954563140869e-01 1.461232423782348633e+00 -8.961293101310729980e-02 5.137640833854675293e-01 6.291382312774658203e-01 5.763689279556274414e-01 8.030770671335917266e-01 -8.034715574405477678e-01 3.867468383832237122e-01 1.688531811580396558e-01 3.080897642367994571e-01 9.145846495340171911e-01 6.433896863038580660e-01
1.661971020085067034e+09 3.173626959323883057e-01 -5.165093541145324707e-01 1.474151372909545898e+00 -6.962724030017852783e-02 4.975579977035522461e-01 6.376549601554870605e-01 5.839384794235229492e-01 7.884096067441491718e-01 -7.905296436877532473e-01 3.805173157819775609e-01 1.661333794585248547e-01 3.031272100306817707e-01 8.998529822530902944e-01 6.330262904219833286e-01
1.661971020114986897e+09 3.225306570529937744e-01 -5.371575951576232910e-01 1.486709594726562500e+00 -5.031729862093925476e-02 4.804929196834564209e-01 6.457948684692382812e-01 5.912222862243652344e-01 8.259961980401983039e-01 -8.302725099992254165e-01 3.996473369406904341e-01 1.744855225342722416e-01 3.183665426475095761e-01 9.450919395258843281e-01 6.648508771819784391e-01
1.661971020145904541e+09 3.266924321651458740e-01 -5.581759810447692871e-01 1.498888134956359863e+00 -3.171965479850769043e-02 4.626002907752990723e-01 6.535555720329284668e-01 5.982139110565185547e-01 7.971397820683689961e-01 -8.034777533377539527e-01 3.867498207459867388e-01 1.688544832538479423e-01 3.080921400427514278e-01 9.145917022696355980e-01 6.433946477443978074e-01
1.661971020177330256e+09 3.298296034336090088e-01 -5.795099735260009766e-01 1.510668873786926270e+00 -1.386923715472221375e-02 4.439136385917663574e-01 6.609360575675964355e-01 6.049065589904785156e-01 7.818968879395988836e-01 -7.904876609133882903e-01 3.804971075927900959e-01 1.661245565886504405e-01 3.031111118092393863e-01 8.998051936280664354e-01 6.329926722014297402e-01
1.661971020208246946e+09 3.319268226623535156e-01 -6.011036038398742676e-01 1.522034049034118652e+00 3.200575476512312889e-03 4.244675636291503906e-01 6.679345965385437012e-01 6.112940311431884766e-01 7.921883949732954067e-01 -8.035025378821721853e-01 3.867617506570029673e-01 1.688596918379430267e-01 3.081016436329858110e-01 9.146199142998735487e-01 6.434144942717739957e-01
1.661971020240162373e+09 3.329720497131347656e-01 -6.228999495506286621e-01 1.532966732978820801e+00 1.945803314447402954e-02 4.042984545230865479e-01 6.745504140853881836e-01 6.173701882362365723e-01 7.647367682003479716e-01 -7.783583820572733680e-01 3.746587425554340212e-01 1.635755337874729709e-01 2.984601610337735966e-01 8.859985415456218538e-01 6.232800036619380313e-01
1.661971020272076845e+09 3.329565227031707764e-01 -6.448412537574768066e-01 1.543450951576232910e+00 3.487322106957435608e-02 3.834436833858489990e-01 6.807826161384582520e-01 6.231291294097900391e-01 7.619578086779159598e-01 -7.783816411099200305e-01 3.746699381789649341e-01 1.635804217825728990e-01 2.984690796768542653e-01 8.860250171219103965e-01 6.232986286330991499e-01
1.661971020303992033e+09 3.318748772144317627e-01 -6.668689250946044922e-01 1.553471088409423828e+00 4.941787570714950562e-02 3.619421720504760742e-01 6.866304874420166016e-01 6.285651922225952148e-01 7.590047025605125564e-01 -7.783641966901195808e-01 3.746615413985900922e-01 1.635767557588667931e-01 2.984623906445728059e-01 8.860051602913601165e-01 6.232846598003766170e-01
1.661971020334909201e+09 3.297251760959625244e-01 -6.889240741729736328e-01 1.563012480735778809e+00 6.306562572717666626e-02 3.398339152336120605e-01 6.920941472053527832e-01 6.336728930473327637e-01 7.803599797291700391e-01 -8.034901454188381198e-01 3.867557856094898661e-01 1.688570875057257559e-01 3.080968917645809935e-01 9.146058080671949364e-01 6.434045708550388820e-01
1.661971020365826130e+09 3.265088200569152832e-01 -7.109474539756774902e-01 1.572061300277709961e+00 7.579200714826583862e-02 3.171599805355072021e-01 6.971732378005981445e-01 6.384470462799072266e-01 7.771191788094247155e-01 -8.034963416027205430e-01 3.867587681102607755e-01 1.688583896617962266e-01 3.080992676804629737e-01 9.146128611291463040e-01 6.434095325251437680e-01
1.661971020397740841e+09 3.222307562828063965e-01 -7.328798770904541016e-01 1.580604553222656250e+00 8.757445216178894043e-02 2.939624488353729248e-01 7.018681764602661133e-01 6.428825259208679199e-01 7.495983384674820282e-01 -7.783758262164409691e-01 3.746671392103546050e-01 1.635791997564128575e-01 2.984668499661141117e-01 8.860183980794977820e-01 6.232939722859590637e-01
1.661971020429655552e+09 3.168992400169372559e-01 -7.546623349189758301e-01 1.588630080223083496e+00 9.839235991239547729e-02 2.702842354774475098e-01 7.061792016029357910e-01 6.469746828079223633e-01 7.463098220828723317e-01 -7.783758262164409691e-01 3.746671392103546050e-01 1.635791997564058908e-01 2.984668499661123908e-01 8.860183980794995584e-01 6.232939722859556220e-01
1.661971020459575653e+09 3.105260431766510010e-01 -7.762362957000732422e-01 1.596126675605773926e+00 1.082271561026573181e-01 2.461691051721572876e-01 7.101073265075683594e-01 6.507189869880676270e-01 7.925060520890959692e-01 -8.302658939657135972e-01 3.996441523474923430e-01 1.744841321449107086e-01 3.183640057410237478e-01 9.450844085527738692e-01 6.648455793121424984e-01
1.661971020491489887e+09 3.031262755393981934e-01 -7.975437045097351074e-01 1.603083729743957520e+00 1.170623078942298889e-01 2.216616123914718628e-01 7.136533856391906738e-01 6.541111469268798828e-01 7.396165864553851943e-01 -7.783874560902807049e-01 3.746727371893952552e-01 1.635816438269845352e-01 2.984713094209072715e-01 8.860316362632177922e-01 6.233032850498141375e-01
1.661971020523404837e+09 2.947182953357696533e-01 -8.185275793075561523e-01 1.609492063522338867e+00 1.248833537101745605e-01 1.968067586421966553e-01 7.168185710906982422e-01 6.571471691131591797e-01 7.362212874253583061e-01 -7.783700114098415224e-01 3.746643402835633241e-01 1.635779777485109610e-01 2.984646202886878097e-01 8.860117791359829464e-01 6.232893160083819994e-01
1.661971020554322243e+09 2.947182953357696533e-01 -8.185275793075561523e-01 1.609492063522338867e+00 1.248833537101745605e-01 1.968067586421966553e-01 7.168185710906982422e-01 6.571471691131591797e-01 0.000000000000000000e+00 0.000000000000000000e+00 0.000000000000000000e+00 0.000000000000000000e+00 0.000000000000000000e+00 0.000000000000000000e+00 0.000000000000000000e+00
1.661971020584242105e+09 3.055476844310760498e-01 -8.014261126518249512e-01 1.616824030876159668e+00 1.205361783504486084e-01 2.119029611349105835e-01 7.136005163192749023e-01 6.567667126655578613e-01 7.195521286780566239e-01 5.381891076941701657e-01 -8.823313316795466932e-01 5.692102616021826877e-01 -5.399227975919006911e-02 -5.752751215826679143e-01 -6.838914951829706546e-01
1.661971020615159512e+09 3.161137402057647705e-01 -7.837561368942260742e-01 1.623718142509460449e+00 1.156817600131034851e-01 2.268670946359634399e-01 7.102734446525573730e-01 6.562474370002746582e-01 7.022487587826842237e-01 5.208245540216457359e-01 -8.538631045325026925e-01 5.508448171938178373e-01 -5.225023067945951810e-02 -5.567139957955052898e-01 -6.618258858933782074e-01
1.661971020647074223e+09 3.263898491859436035e-01 -7.655259370803833008e-01 1.630166292190551758e+00 1.103242710232734680e-01 2.416834980249404907e-01 7.068388462066650391e-01 6.555886864662170410e-01 6.861375615733079636e-01 5.045492730603950982e-01 -8.271806798630151336e-01 5.336314310417126228e-01 -5.061745976258981428e-02 -5.393172032927965320e-01 -6.411444449797968348e-01
1.661971020678988695e+09 3.363496065139770508e-01 -7.467448711395263672e-01 1.636160612106323242e+00 1.044683381915092468e-01 2.563365101814270020e-01 7.032977342605590820e-01 6.547902822494506836e-01 6.920837181439840613e-01 5.045530423196384895e-01 -8.271868593554512206e-01 5.336354175605807493e-01 -5.061783790271882910e-02 -5.393212322875096110e-01 -6.411492346797491582e-01
1.661971020709905863e+09 3.459669649600982666e-01 -7.274234890937805176e-01 1.641693711280822754e+00 9.811908751726150513e-02 2.708107829093933105e-01 6.996511816978454590e-01 6.538519263267517090e-01 7.206542211449364910e-01 5.208285703743557038e-01 -8.538696891210505457e-01 5.508490650486107532e-01 -5.225063360853234029e-02 -5.567182889106214727e-01 -6.618309895816928412e-01
1.661971020740824223e+09 3.552160859107971191e-01 -7.075734734535217285e-01 1.646758556365966797e+00 9.128206968307495117e-02 2.850909531116485596e-01 6.959007978439331055e-01 6.527732014656066895e-01 7.269837228672132445e-01 5.208084892302189406e-01 -8.538367671938167369e-01 5.508278264297914451e-01 -5.224861902530264501e-02 -5.566968239971412657e-01 -6.618054719272338238e-01
1.661971020773736477e+09 3.640716075897216797e-01 -6.872076988220214844e-01 1.651348233222961426e+00 8.396334946155548096e-02 2.991619408130645752e-01 6.920475363731384277e-01 6.515539884567260742e-01 6.890164542350657451e-01 4.892567999468610540e-01 -8.021095144045474745e-01 5.174575016606496325e-01 -4.908328622627765314e-02 -5.229709428354274436e-01 -6.217118846526875631e-01
1.661971020803656101e+09 3.725085258483886719e-01 -6.663399934768676758e-01 1.655456185340881348e+00 7.616948336362838745e-02 3.130087256431579590e-01 6.880926489830017090e-01 6.501939892768859863e-01 7.647327114153071870e-01 5.381933963269767141e-01 -8.823383626562905091e-01 5.692147974312523617e-01 -5.399271000398463138e-02 -5.752797057403920000e-01 -6.838969448649837579e-01
1.661971020834573030e+09 3.805023431777954102e-01 -6.449854969978332520e-01 1.659076333045959473e+00 6.790746748447418213e-02 3.266167640686035156e-01 6.840376853942871094e-01 6.486929655075073242e-01 7.467510647130872758e-01 5.208325867890070127e-01 -8.538762738111392858e-01 5.508533129689118235e-01 -5.225103654382139834e-02 -5.567225820919510237e-01 -6.618360933487226205e-01
1.661971020866487741e+09 3.880290985107421875e-01 -6.231602430343627930e-01 1.662202835083007812e+00 5.918474122881889343e-02 3.399713933467864990e-01 6.798836588859558105e-01 6.470508575439453125e-01 7.299893263553230982e-01 5.045492730603950982e-01 -8.271806798630151336e-01 5.336314310416986340e-01 -5.061745976258981428e-02 -5.393172032927965320e-01 -6.411444449797968348e-01
1.661971020898402452e+09 3.950653672218322754e-01 -6.008813977241516113e-01 1.664829969406127930e+00 5.000918731093406677e-02 3.530584573745727539e-01 6.756321191787719727e-01 6.452674269676208496e-01 7.366760444785483974e-01 5.045492730603950982e-01 -8.271806798629873780e-01 5.336314310417056284e-01 -5.061745976258807261e-02 -5.393172032927930903e-01 -6.411444449797968348e-01
1.661971020929319859e+09 4.015883207321166992e-01 -5.781672000885009766e-01 1.666952729225158691e+00 4.038913175463676453e-02 3.658638596534729004e-01 6.712843179702758789e-01 6.433426141738891602e-01 7.674449194730974533e-01 5.208245540216421832e-01 -8.538631045325170144e-01 5.508448171938178373e-01 -5.225023067945951810e-02 -5.567139957955052898e-01 -6.618258858933799837e-01
1.661971020959240675e+09 4.075758159160614014e-01 -5.550369024276733398e-01 1.668566107749938965e+00 3.033339232206344604e-02 3.783738911151885986e-01 6.668416261672973633e-01 6.412763595581054688e-01 8.003492621934090723e-01 5.381719538464225794e-01 -8.823032088931317407e-01 5.691921190087703142e-01 -5.399055884857836829e-02 -5.752567856823170844e-01 -6.838696973234107412e-01
1.661971020990157366e+09 4.130064249038696289e-01 -5.315106511116027832e-01 1.669665575027465820e+00 1.985111460089683533e-02 3.905750513076782227e-01 6.623054146766662598e-01 6.390685439109802246e-01 7.817756503946682312e-01 5.208366032656118749e-01 -8.538828586028143208e-01 5.508575609547154972e-01 -5.225143948532683796e-02 -5.567268753394954972e-01 -6.618411971944728744e-01
1.661971021022071838e+09 4.178594052791595459e-01 -5.076096057891845703e-01 1.670247077941894531e+00 8.951939642429351807e-03 4.024541378021240234e-01 6.576769948005676270e-01 6.367192864418029785e-01 7.644082690687059589e-01 5.045530423196350478e-01 -8.271868593554512206e-01 5.336354175605877437e-01 -5.061783790271882910e-02 -5.393212322875060583e-01 -6.411492346797387221e-01
1.661971021053987265e+09 4.221148788928985596e-01 -4.833558797836303711e-01 1.670306682586669922e+00 -2.354052383452653885e-03 4.139983654022216797e-01 6.529580950736999512e-01 6.342284083366394043e-01 7.715483217478859013e-01 5.045379656205559726e-01 -8.271621419396050223e-01 5.336194718424263073e-01 -5.061632537609550564e-02 -5.393051166698321630e-01 -6.411300763093317201e-01
1.661971021085408926e+09 4.257537424564361572e-01 -4.587724506855010986e-01 1.669840931892395020e+00 -1.405657734721899033e-02 4.251947700977325439e-01 6.481496095657348633e-01 6.315962672233581543e-01 7.910354488005244544e-01 5.124663537382008194e-01 -8.401602965769030540e-01 5.420048512750600400e-01 -5.141171819093753176e-02 -5.477798412101929637e-01 -6.512048941134216395e-01
1.661971021117323875e+09 4.287577569484710693e-01 -4.338831901550292969e-01 1.668846607208251953e+00 -2.614471688866615295e-02 4.360315799713134766e-01 6.432533860206604004e-01 6.288226842880249023e-01 7.861394543847919358e-01 5.045455038574677697e-01 -8.271745004628643372e-01 5.336274445823855350e-01 -5.061708162810880235e-02 -5.393131743582801896e-01 -6.411396553514138175e-01
1.661971021149238825e+09 4.311096370220184326e-01 -4.087127447128295898e-01 1.667321085929870605e+00 -3.860730677843093872e-02 4.464966654777526855e-01 6.382708549499511719e-01 6.259078383445739746e-01 7.935488412524018820e-01 5.045455038574712114e-01 -8.271745004628922038e-01 5.336274445823925294e-01 -5.061708162810880235e-02 -5.393131743582801896e-01 -6.411396553514172592e-01
1.661971021181153059e+09 4.327929615974426270e-01 -3.832865953445434570e-01 1.665261983871459961e+00 -5.143285542726516724e-02 4.565784037113189697e-01 6.332033276557922363e-01 6.228519082069396973e-01 8.010491309617487898e-01 5.045568116351957233e-01 -8.271930389402303296e-01 5.336394041390263299e-01 -5.061821604849944811e-02 -5.393252613424172059e-01 -6.411540244512513587e-01
1.661971021213068247e+09 4.337923526763916016e-01 -3.576309680938720703e-01 1.662667036056518555e+00 -6.460934877395629883e-02 4.662655591964721680e-01 6.280522346496582031e-01 6.196551918983459473e-01 8.085769702495382294e-01 5.045417347108551720e-01 -8.271683211550802106e-01 5.336234581826262424e-01 -5.061670349927566842e-02 -5.393091454839574750e-01 -6.411348657945949991e-01
1.661971021244982719e+09 4.340934157371520996e-01 -3.317728042602539062e-01 1.659534692764282227e+00 -7.812457531690597534e-02 4.755473732948303223e-01 6.228191256523132324e-01 6.163176894187927246e-01 8.162106323598383728e-01 5.045530423196419312e-01 -8.271868593554512206e-01 5.336354175605877437e-01 -5.061783790272056383e-02 -5.393212322875096110e-01 -6.411492346797421638e-01
1.661971021276896954e+09 4.336827993392944336e-01 -3.057396709918975830e-01 1.655863642692565918e+00 -9.196600317955017090e-02 4.844135046005249023e-01 6.175057291984558105e-01 6.128396987915039062e-01 8.238925961162836265e-01 5.045568116351991650e-01 -8.271930389402303296e-01 5.336394041390332132e-01 -5.061821604849944811e-02 -5.393252613424206476e-01 -6.411540244512548004e-01
1.661971021308811665e+09 4.325481951236724854e-01 -2.795597910881042480e-01 1.651652932167053223e+00 -1.061206459999084473e-01 4.928537309169769287e-01 6.121133565902709961e-01 6.092215180397033691e-01 8.316102684310435755e-01 5.045492730603950982e-01 -8.271806798630012558e-01 5.336314310417056284e-01 -5.061745976258981428e-02 -5.393172032927930903e-01 -6.411444449797968348e-01
1.661971021339729071e+09 4.306784272193908691e-01 -2.532620131969451904e-01 1.646901845932006836e+00 -1.205753237009048462e-01 5.008584260940551758e-01 6.066436171531677246e-01 6.054634451866149902e-01 8.664646837496680076e-01 5.208245540216421832e-01 -8.538631045325026925e-01 5.508448171938178373e-01 -5.225023067945772787e-02 -5.567139957955052898e-01 -6.618258858933799837e-01
1.661971021369649172e+09 4.280634224414825439e-01 -2.268756628036499023e-01 1.641610145568847656e+00 -1.353164464235305786e-01 5.084183216094970703e-01 6.010978817939758301e-01 6.015658974647521973e-01 9.036897230053598795e-01 5.381848191297152750e-01 -8.823243008148778932e-01 5.692057258454007451e-01 -5.399184952125418019e-02 -5.752705374979978359e-01 -6.838860455878037481e-01
1.661971021400567293e+09 4.246942996978759766e-01 -2.004306018352508545e-01 1.635778188705444336e+00 -1.503303200006484985e-01 5.155247449874877930e-01 5.954779982566833496e-01 5.975290536880493164e-01 8.826301000274281439e-01 5.208125053351690958e-01 -8.538433513761742866e-01 5.508320740225378653e-01 -5.224902192951912105e-02 -5.567011168474225169e-01 -6.618105753007081926e-01
1.661971021432481289e+09 4.205632805824279785e-01 -1.739570945501327515e-01 1.629406213760375977e+00 -1.656028330326080322e-01 5.221691131591796875e-01 5.897853374481201172e-01 5.933535099029541016e-01 8.629797591256003209e-01 5.045605810070766806e-01 -8.271992186173404704e-01 5.336433907770434804e-01 -5.061859419993181008e-02 -5.393292904575294200e-01 -6.411588142943278612e-01
1.661971021463398695e+09 4.156638085842132568e-01 -1.474858373403549194e-01 1.622495174407958984e+00 -1.811196506023406982e-01 5.283435583114624023e-01 5.840214490890502930e-01 5.890395641326904297e-01 8.989690041648341623e-01 5.208245540216439595e-01 -8.538631045325026925e-01 5.508448171938178373e-01 -5.225023067945772787e-02 -5.567139957955035134e-01 -6.618258858933799837e-01
1.661971021493319750e+09 4.099905788898468018e-01 -1.210478618741035461e-01 1.615046381950378418e+00 -1.968661546707153320e-01 5.340406298637390137e-01 5.781880021095275879e-01 5.845877528190612793e-01 9.373681046411820317e-01 5.381676655553434552e-01 -8.822961784766398807e-01 5.691875835411138729e-01 -5.399012863806811752e-02 -5.752522018898589273e-01 -6.838642480756333963e-01
1.661971021524237156e+09 4.035394489765167236e-01 -9.467448294162750244e-02 1.607061386108398438e+00 -2.128276377916336060e-01 5.392531752586364746e-01 5.722865462303161621e-01 5.799986124038696289e-01 9.153661916111084373e-01 5.208245540216421832e-01 -8.538631045325026925e-01 5.508448171938178373e-01 -5.225023067945772787e-02 -5.567139957955052898e-01 -6.618258858933799837e-01
1.661971021556150675e+09 3.963075280189514160e-01 -6.839729100465774536e-02 1.598542094230651855e+00 -2.289890348911285400e-01 5.439746975898742676e-01 5.663188695907592773e-01 5.752725005149841309e-01 8.947518919236794321e-01 5.045681199197974420e-01 -8.272115782485626179e-01 5.336513642317636252e-01 -5.061935051974354727e-02 -5.393373488683539385e-01 -6.411683941951784593e-01
1.661971021587574005e+09 3.882932066917419434e-01 -4.224803671240806580e-02 1.589490890502929688e+00 -2.453351765871047974e-01 5.481990575790405273e-01 5.602863430976867676e-01 5.704101324081420898e-01 9.167910990595530274e-01 5.124391360470468282e-01 -8.401156746747872051e-01 5.419760647595407432e-01 -5.140898765407962007e-02 -5.477507479781618116e-01 -6.511703078551132062e-01
1.661971021618491173e+09 3.794960975646972656e-01 -1.625863835215568542e-02 1.579910516738891602e+00 -2.618505358695983887e-01 5.519203543663024902e-01 5.541905760765075684e-01 5.654121041297912598e-01 9.400076099808447605e-01 5.208285703743521511e-01 -8.538696891210505457e-01 5.508490650486035367e-01 -5.225063360853413053e-02 -5.567182889106214727e-01 -6.618309895816946176e-01
1.661971021649408340e+09 3.699171543121337891e-01 9.538901038467884064e-03 1.569803953170776367e+00 -2.785197198390960693e-01 5.551338791847229004e-01 5.480335354804992676e-01 5.602788925170898438e-01 9.482022030099209742e-01 5.208285703743521511e-01 -8.538696891210577622e-01 5.508490650486035367e-01 -5.225063360853234029e-02 -5.567182889106186972e-01 -6.618309895816946176e-01
1.661971021679832220e+09 3.595585227012634277e-01 3.511254861950874329e-02 1.559174656867980957e+00 -2.953268885612487793e-01 5.578347444534301758e-01 5.418164730072021484e-01 5.550112128257751465e-01 9.718837343061266232e-01 5.292732036006232432e-01 -8.677141991149494027e-01 5.597804458943688166e-01 -5.309781723432313583e-02 -5.657448324368862247e-01 -6.725618140462187311e-01
1.661971021711747169e+09 3.484236598014831543e-01 6.043027341365814209e-02 1.548026323318481445e+00 -3.122561573982238770e-01 5.600185394287109375e-01 5.355411767959594727e-01 5.496098399162292480e-01 9.343716589989817800e-01 5.045455038574659934e-01 -8.271745004628783260e-01 5.336274445823855350e-01 -5.061708162810706069e-02 -5.393131743582784132e-01 -6.411396553514147056e-01
1.661971021743661880e+09 3.365173041820526123e-01 8.546012639999389648e-02 1.536363124847412109e+00 -3.292915821075439453e-01 5.616818070411682129e-01 5.292092561721801758e-01 5.440754294395446777e-01 9.422404790981320222e-01 5.045492730603986509e-01 -8.271806798630012558e-01 5.336314310417056284e-01 -5.061745976258981428e-02 -5.393172032927965320e-01 -6.411444449797986112e-01
1.661971021775082588e+09 3.238454759120941162e-01 1.101702749729156494e-01 1.524189591407775879e+00 -3.464170992374420166e-01 5.628213286399841309e-01 5.228226184844970703e-01 5.384086370468139648e-01 9.649997819786128028e-01 5.124819080027354090e-01 -8.401857969349360022e-01 5.420213020854911523e-01 -5.141327862794821402e-02 -5.477964673018295150e-01 -6.512246593392102545e-01
1.661971021806998491e+09 3.104154765605926514e-01 1.345290541648864746e-01 1.511510491371154785e+00 -3.636164069175720215e-01 5.634343624114990234e-01 5.163826346397399902e-01 5.326103568077087402e-01 9.578039179516820711e-01 5.045304276088932172e-01 -8.271497837856219837e-01 5.336114993406992912e-01 -5.061556914667966062e-02 -5.392970592221538739e-01 -6.411204975534743333e-01
1.661971021837916136e+09 2.962358891963958740e-01 1.585050374269485474e-01 1.498330950736999512e+00 -3.808732926845550537e-01 5.635187029838562012e-01 5.098910331726074219e-01 5.266813039779663086e-01 9.967034406739749830e-01 5.208205377308756656e-01 -8.538565200455077164e-01 5.508405694045459544e-01 -5.224982775659741535e-02 -5.567097027466002546e-01 -6.618207822837786081e-01
1.661971021868833542e+09 2.813164591789245605e-01 1.820670664310455322e-01 1.484656453132629395e+00 -3.981715142726898193e-01 5.630728602409362793e-01 5.033496022224426270e-01 5.206223726272583008e-01 1.004626091437380131e+00 5.208245540216421832e-01 -8.538631045325026925e-01 5.508448171938178373e-01 -5.225023067945951810e-02 -5.567139957955044016e-01 -6.618258858933799837e-01
1.661971021900256157e+09 2.656683325767517090e-01 2.051843404769897461e-01 1.470493078231811523e+00 -4.154944717884063721e-01 5.620952248573303223e-01 4.967599213123321533e-01 5.144344568252563477e-01 9.961911110444149342e-01 5.124508004178008891e-01 -8.401347977667102951e-01 5.419884014631909386e-01 -5.141015784864517296e-02 -5.477632161277543599e-01 -6.511851300873753301e-01
1.661971021931173801e+09 2.493037879467010498e-01 2.278264164924621582e-01 1.455846786499023438e+00 -4.328259527683258057e-01 5.605855584144592285e-01 4.901236891746520996e-01 5.081183314323425293e-01 1.020234151866242334e+00 5.208205377308774420e-01 -8.538565200455149329e-01 5.508405694045459544e-01 -5.224982775659921252e-02 -5.567097027466011427e-01 -6.618207822837786081e-01
1.661971021962090969e+09 2.322363853454589844e-01 2.499632984399795532e-01 1.440724134445190430e+00 -4.501494169235229492e-01 5.585434436798095703e-01 4.834426641464233398e-01 5.016750693321228027e-01 1.027940428531723516e+00 5.208285703743521511e-01 -8.538696891210505457e-01 5.508490650486035367e-01 -5.225063360853234029e-02 -5.567182889106195853e-01 -6.618309895816946176e-01
1.661971021993008375e+09 2.144808471202850342e-01 2.715654671192169189e-01 1.425132155418395996e+00 -4.674485623836517334e-01 5.559693574905395508e-01 4.767184257507324219e-01 4.951055645942687988e-01 1.035532368606597364e+00 5.208245540216421832e-01 -8.538631045325026925e-01 5.508448171938178373e-01 -5.225023067945951810e-02 -5.567139957955052898e-01 -6.618258858933799837e-01
1.661971022022928476e+09 1.960531175136566162e-01 2.926039695739746094e-01 1.409077763557434082e+00 -4.847067594528198242e-01 5.528640747070312500e-01 4.699527621269226074e-01 4.884107410907745361e-01 1.077808919751554573e+00 5.381848191297161632e-01 -8.823243008148704547e-01 5.692057258454007451e-01 -5.399184952125232750e-02 -5.752705374979960595e-01 -6.838860455878037481e-01
1.661971022053846121e+09 1.769703179597854614e-01 3.130504190921783447e-01 1.392568588256835938e+00 -5.019078254699707031e-01 5.492290258407592773e-01 4.631473422050476074e-01 4.815917313098907471e-01 1.050439701726429531e+00 5.208205377308765538e-01 -8.538565200455149329e-01 5.508405694045459544e-01 -5.224982775659921252e-02 -5.567097027466011427e-01 -6.618207822837786081e-01
1.661971022085760832e+09 1.572506725788116455e-01 3.328770697116851807e-01 1.375612378120422363e+00 -5.190353393554687500e-01 5.450661182403564453e-01 4.563037753105163574e-01 4.746494889259338379e-01 1.024693799364372104e+00 5.045492730603950982e-01 -8.271806798630012558e-01 5.336314310417056284e-01 -5.061745976258807261e-02 -5.393172032927947557e-01 -6.411444449797986112e-01
1.661971022117675543e+09 1.572506725788116455e-01 3.328770697116851807e-01 1.375612378120422363e+00 -5.190353393554687500e-01 5.450661182403564453e-01 4.563037753105163574e-01 4.746494889259338379e-01 0.000000000000000000e+00 0.000000000000000000e+00 0.000000000000000000e+00 0.000000000000000000e+00 0.000000000000000000e+00 0.000000000000000000e+00 0.000000000000000000e+00
1.661971022148593903e+09 1.658706218004226685e-01 3.513448834419250488e-01 1.375653982162475586e+00 -5.149709582328796387e-01 5.424751639366149902e-01 4.589173793792724609e-01 4.795002341270446777e-01 6.591719402846605291e-01 -1.510755133927319249e-01 -9.882431026141191843e-01 1.193205302581787031e+00 3.173081000690693432e-01 2.355307460016305143e-01 -3.095702493480924633e-01
1.661971022178513050e+09 1.746549755334854126e-01 3.694726526737213135e-01 1.375100135803222656e+00 -5.108606219291687012e-01 5.398789048194885254e-01 4.614515006542205811e-01 4.843704402446746826e-01 6.735357736968830000e-01 -1.561209949181836809e-01 -1.021247539964153184e+00 1.233054879624733591e+00 3.279052651610264713e-01 2.433967859768702280e-01 -3.199089927939276490e-01
1.661971022209430456e+09 1.835968196392059326e-01 3.872414529323577881e-01 1.373956680297851562e+00 -5.067046880722045898e-01 5.372780561447143555e-01 4.639059305191040039e-01 4.892585277557373047e-01 6.444498120393346019e-01 -1.510801734485133774e-01 -9.882735858332749590e-01 1.193242108038501392e+00 3.173178877137579068e-01 2.355380111526133857e-01 -3.095797983120366359e-01
1.661971022240348339e+09 1.926889419555664062e-01 4.046328067779541016e-01 1.372230172157287598e+00 -5.025035738945007324e-01 5.346730351448059082e-01 4.662806391716003418e-01 4.941632151603698730e-01 6.371854142273840615e-01 -1.510778433846882429e-01 -9.882583439886303278e-01 1.193223705026321024e+00 3.173129938159394703e-01 2.355343785210978480e-01 -3.095750237564291463e-01
1.661971022271265507e+09 2.019238173961639404e-01 4.216284751892089844e-01 1.369927644729614258e+00 -4.982576072216033936e-01 5.320646762847900391e-01 4.685753583908081055e-01 4.990827739238739014e-01 6.300431736777598601e-01 -1.510813385073789261e-01 -9.882812069319041326e-01 1.193251309757459078e+00 3.173203347192771195e-01 2.355398275103908756e-01 -3.095821856450690635e-01
1.661971022303179502e+09 2.112936526536941528e-01 4.382107257843017578e-01 1.367056846618652344e+00 -4.939674437046051025e-01 5.294536948204040527e-01 4.707900881767272949e-01 5.040157437324523926e-01 6.035447500969830514e-01 -1.463623393045030974e-01 -9.574124161612884709e-01 1.155980313648959257e+00 3.074088895243206054e-01 2.281827821648284849e-01 -2.999124401840021492e-01
1.661971022333099604e+09 2.207903265953063965e-01 4.543620347976684570e-01 1.363625764846801758e+00 -4.896330535411834717e-01 5.268404483795166016e-01 4.729244709014892578e-01 5.089607834815979004e-01 6.366267727458700953e-01 -1.561160187123118992e-01 -1.021214988685527514e+00 1.233015577191804102e+00 3.278948134975155360e-01 2.433890279394827494e-01 -3.198987960038724987e-01
1.661971022364017248e+09 2.304054945707321167e-01 4.700654745101928711e-01 1.359643220901489258e+00 -4.852552711963653564e-01 5.242258310317993164e-01 4.749786555767059326e-01 5.139161944389343262e-01 6.093303335313439151e-01 -1.510790084076172324e-01 -9.882659648521882056e-01 1.193232906461452858e+00 3.173154407459783388e-01 2.355361948228492652e-01 -3.095774110158236447e-01
1.661971022394934416e+09 2.401305288076400757e-01 4.853043854236602783e-01 1.355118155479431152e+00 -4.808345437049865723e-01 5.216104984283447266e-01 4.769527316093444824e-01 5.188804864883422852e-01 6.027514385157661803e-01 -1.510813385073789261e-01 -9.882812069319041326e-01 1.193251309757462630e+00 3.173203347192789514e-01 2.355398275103908756e-01 -3.095821856450690635e-01
1.661971022425851822e+09 2.499565482139587402e-01 5.000626444816589355e-01 1.350060462951660156e+00 -4.763710200786590576e-01 5.189949274063110352e-01 4.788463413715362549e-01 5.238523483276367188e-01 5.963431652086689239e-01 -1.510801734485133774e-01 -9.882735858332749590e-01 1.193242108038497840e+00 3.173178877137579068e-01 2.355380111526133857e-01 -3.095797983120366359e-01
