1.661971114768147707e+09 1.378528122206244648e-16 -2.367949187755584717e-01 1.128897309303283691e+00 -6.125128269195556641e-01 6.125135421752929688e-01 3.533097505569458008e-01 3.533093035221099854e-01 0.000000000000000000e+00 0.000000000000000000e+00 0.000000000000000000e+00 0.000000000000000000e+00 0.000000000000000000e+00 0.000000000000000000e+00 0.000000000000000000e+00
1.661971126487523079e+09 1.378528122206244648e-16 -2.367949187755584717e-01 1.128897309303283691e+00 -6.125128269195556641e-01 6.125135421752929688e-01 3.533097505569458008e-01 3.533093035221099854e-01 0.000000000000000000e+00 0.000000000000000000e+00 0.000000000000000000e+00 0.000000000000000000e+00 0.000000000000000000e+00 0.000000000000000000e+00 0.000000000000000000e+00
1.661971126510461330e+09 1.933947554789483547e-03 -2.271217405796051025e-01 1.139392733573913574e+00 -6.103247404098510742e-01 6.108881235122680664e-01 3.567652702331542969e-01 3.564238846302032471e-01 6.279304521388598959e-01 -1.410525386210744192e-01 -6.209493292010248577e-01 8.711689373160012018e-01 2.492169222630105097e-01 2.177289042535891783e-01 -2.451046303500652723e-01
1.661971126541380167e+09 3.940608818084001541e-03 -2.174281924962997437e-01 1.149783372879028320e+00 -6.081123352050781250e-01 6.092450618743896484e-01 3.601875603199005127e-01 3.595618903636932373e-01 4.641571884911289692e-01 -1.046449013419912671e-01 -4.606736038064259131e-01 6.463080238672326283e-01 1.848905414813371006e-01 1.615300222715257972e-01 -1.818396897510047294e-01
1.661971126572297812e+09 6.020256783813238144e-03 -2.077165842056274414e-01 1.160067558288574219e+00 -6.058757305145263672e-01 6.075844168663024902e-01 3.635765612125396729e-01 3.627228438854217529e-01 4.624226337045980739e-01 -1.046489361397736628e-01 -4.606913660176020220e-01 6.463329435923785837e-01 1.848976703135785660e-01 1.615362503912599890e-01 -1.818467009514318500e-01
1.661971126603723764e+09 8.173137903213500977e-03 -1.979892402887344360e-01 1.170244216918945312e+00 -6.036149263381958008e-01 6.059064269065856934e-01 3.669318854808807373e-01 3.659062981605529785e-01 4.531765893926347766e-01 -1.029562608355479025e-01 -4.532397766666458883e-01 6.358786393989263042e-01 1.819069880200592237e-01 1.589234343239345482e-01 -1.789053674681704564e-01
1.661971126633642435e+09 1.039947103708982468e-02 -1.882484555244445801e-01 1.180311799049377441e+00 -6.013298630714416504e-01 6.042113304138183594e-01 3.702533245086669922e-01 3.691118657588958740e-01 4.740967823945262394e-01 -1.081431271574458813e-01 -4.760736880213943256e-01 6.679137723063034437e-01 1.910713382229714541e-01 1.669298887402605458e-01 -1.879184980713676234e-01
1.661971126664560795e+09 1.269944384694099426e-02 -1.784965991973876953e-01 1.190269112586975098e+00 -5.990207195281982422e-01 6.024991869926452637e-01 3.735406100749969482e-01 3.723390698432922363e-01 4.568723902067866605e-01 -1.046465152237679580e-01 -4.606807085265428037e-01 6.463179915266883402e-01 1.848933929482663163e-01 1.615325134617855707e-01 -1.818424941662968863e-01
1.661971126694985390e+09 1.507321931421756744e-02 -1.687359809875488281e-01 1.200114846229553223e+00 -5.966874361038208008e-01 6.007702350616455078e-01 3.767935335636138916e-01 3.755873143672943115e-01 4.623123382828404626e-01 -1.063448377143911411e-01 -4.681571582354804861e-01 6.568071738827161443e-01 1.878940529027837980e-01 1.641540465342670174e-01 -1.847936406706344736e-01
1.661971126725903034e+09 1.752093061804771423e-02 -1.589689701795578003e-01 1.209847807884216309e+00 -5.943301916122436523e-01 5.990247130393981934e-01 3.800118267536163330e-01 3.788563609123229980e-01 4.529502286252785059e-01 -1.046489361397736628e-01 -4.606913660175948610e-01 6.463329435923785837e-01 1.848976703135776500e-01 1.615362503912617931e-01 -1.818467009514309618e-01
1.661971126756820202e+09 2.004268206655979156e-02 -1.491979062557220459e-01 1.219466567039489746e+00 -5.919488668441772461e-01 5.972627401351928711e-01 3.831952512264251709e-01 3.821454942226409912e-01 4.509168080373356924e-01 -1.046505501460067294e-01 -4.606984712855932695e-01 6.463429120205235190e-01 1.849005220004028560e-01 1.615387417736361964e-01 -1.818495055829888740e-01
1.661971126788243294e+09 2.263854816555976868e-02 -1.394251883029937744e-01 1.228970170021057129e+00 -5.895435810089111328e-01 5.954844355583190918e-01 3.863436579704284668e-01 3.854544758796691895e-01 4.416085912216173304e-01 -1.029656348406923494e-01 -4.532810434333576222e-01 6.359365351460067872e-01 1.819235503643776009e-01 1.589379040519417197e-01 -1.789216565196714848e-01
1.661971126820158243e+09 2.530858106911182404e-02 -1.296531409025192261e-01 1.238357186317443848e+00 -5.871144533157348633e-01 5.936900973320007324e-01 3.894567191600799561e-01 3.887827992439270020e-01 4.327374895922260212e-01 -1.013787790374597181e-01 -4.462952985741154288e-01 6.261357935408555786e-01 1.791198339391160133e-01 1.564884311206237444e-01 -1.761642038082753547e-01
1.661971126852072477e+09 2.805279381573200226e-02 -1.198841631412506104e-01 1.247626543045043945e+00 -5.846616625785827637e-01 5.918798446655273438e-01 3.925343751907348633e-01 3.921298980712890625e-01 4.306394905619030933e-01 -1.013810511193471431e-01 -4.463053008593410032e-01 6.261498263770000072e-01 1.791238483387189440e-01 1.564919383095355887e-01 -1.761681519668578944e-01
1.661971126883987427e+09 3.087118081748485565e-02 -1.101206317543983459e-01 1.256777167320251465e+00 -5.821849703788757324e-01 5.900538563728332520e-01 3.955763280391693115e-01 3.954953849315643311e-01 4.284804648006457217e-01 -1.013787790374605785e-01 -4.462952985741154288e-01 6.261357935408625730e-01 1.791198339391177341e-01 1.564884311206237444e-01 -1.761642038082762152e-01
1.661971126915409803e+09 3.376370295882225037e-02 -1.003649234771728516e-01 1.265807867050170898e+00 -5.796844363212585449e-01 5.882123708724975586e-01 3.985822796821594238e-01 3.988787233829498291e-01 4.329694141555175402e-01 -1.029679786086996479e-01 -4.532913612992192087e-01 6.359510107300990756e-01 1.819276914217097807e-01 1.589415218956564957e-01 -1.789257292460243731e-01
1.661971126945329905e+09 3.673028945922851562e-02 -9.061942994594573975e-02 1.274717450141906738e+00 -5.771604180335998535e-01 5.863555669784545898e-01 4.015522301197052002e-01 4.022794961929321289e-01 4.523217368928977855e-01 -1.081379567209066056e-01 -4.760509264381537209e-01 6.678818386470466439e-01 1.910622029015252299e-01 1.669219076468820284e-01 -1.879095134905218456e-01
1.661971126977244377e+09 3.977084532380104065e-02 -8.088653534650802612e-02 1.283505082130432129e+00 -5.746127367019653320e-01 5.844836235046386719e-01 4.044858813285827637e-01 4.056972265243530273e-01 4.217814370654532907e-01 -1.013802937474022059e-01 -4.463019667144507707e-01 6.261451486950632139e-01 1.791225101855253576e-01 1.564907692290996299e-01 -1.761668358943340729e-01
1.661971127009158850e+09 4.288524389266967773e-02 -7.116863876581192017e-02 1.292169570922851562e+00 -5.720415711402893066e-01 5.825966596603393555e-01 4.073831140995025635e-01 4.091314375400543213e-01 4.194632163242897893e-01 -1.013802937474026361e-01 -4.463019667144507707e-01 6.261451486950702083e-01 1.791225101855253576e-01 1.564907692290978813e-01 -1.761668358943340729e-01
1.661971127040076733e+09 4.607333242893218994e-02 -6.146812811493873596e-02 1.300709843635559082e+00 -5.694469809532165527e-01 5.806949734687805176e-01 4.102436304092407227e-01 4.125815629959106445e-01 4.305486189316624634e-01 -1.046481291553259252e-01 -4.606878134657931834e-01 6.463279594936219841e-01 1.848962445031510360e-01 1.615350047288906798e-01 -1.818452986680932359e-01
1.661971127081965208e+09 4.933492466807365417e-02 -5.178739875555038452e-02 1.309125065803527832e+00 -5.668290257453918457e-01 5.787786841392517090e-01 4.130674898624420166e-01 4.160473048686981201e-01 3.159627553283168022e-01 -7.724078216396537688e-02 -3.400336664661066099e-01 4.770546547624121003e-01 1.364719145949140899e-01 1.192289839563204779e-01 -1.342200115313624542e-01
1.661971127116871595e+09 5.266981199383735657e-02 -4.212883859872817993e-02 1.317414164543151855e+00 -5.641877651214599609e-01 5.768479704856872559e-01 4.158542454242706299e-01 4.195280671119689941e-01 3.769352305960609884e-01 -9.269073234204042167e-02 -4.080482962845586870e-01 5.724766642476672995e-01 1.637694667704224227e-01 1.430775495754181004e-01 -1.610671307987237566e-01
1.661971127148786783e+09 5.607774481177330017e-02 -3.249484673142433167e-02 1.325576305389404297e+00 -5.615232586860656738e-01 5.749030709266662598e-01 4.186040163040161133e-01 4.230233430862426758e-01 4.097906433027264095e-01 -1.013780216994629585e-01 -4.462919645786680434e-01 6.261311160685886223e-01 1.791184958459028087e-01 1.564872620925882307e-01 -1.761628877947413185e-01
1.661971127181699038e+09 5.955846235156059265e-02 -2.288781292736530304e-02 1.333610415458679199e+00 -5.588356852531433105e-01 5.729441642761230469e-01 4.213164746761322021e-01 4.265327751636505127e-01 3.949398903125797000e-01 -9.830680609612564569e-02 -4.327716884647691553e-01 6.071626688532163474e-01 1.736921567827956481e-01 1.517465292098029994e-01 -1.708260879573155200e-01
1.661971127212615490e+09 6.311165541410446167e-02 -1.331012882292270660e-02 1.341515660285949707e+00 -5.561249256134033203e-01 5.709714889526367188e-01 4.239915311336517334e-01 4.300557672977447510e-01 4.178049626897972213e-01 -1.046529712487064417e-01 -4.607091295985260015e-01 6.463578652392747426e-01 1.849047996955745787e-01 1.615424789912920378e-01 -1.818537126925394154e-01
1.661971127244530201e+09 6.673700362443923950e-02 -3.764181397855281830e-03 1.349291205406188965e+00 -5.533910989761352539e-01 5.689851641654968262e-01 4.266289174556732178e-01 4.335917234420776367e-01 4.021535975160611676e-01 -1.013795363867731475e-01 -4.462986326193759679e-01 6.261404710830156262e-01 1.791211720523233908e-01 1.564896001661273961e-01 -1.761655198414728007e-01
1.661971127276444912e+09 7.043413817882537842e-02 5.747644696384668350e-03 1.356936216354370117e+00 -5.506345629692077637e-01 5.669854283332824707e-01 4.292287826538085938e-01 4.371404945850372314e-01 3.995358691178757526e-01 -1.013795363867740079e-01 -4.462986326193759679e-01 6.261404710830226206e-01 1.791211720523251116e-01 1.564896001661273961e-01 -1.761655198414745216e-01
1.661971127308359385e+09 7.420268654823303223e-02 1.522296760231256485e-02 1.364449858665466309e+00 -5.478550791740417480e-01 5.649724006652832031e-01 4.317907989025115967e-01 4.407013356685638428e-01 3.968867993268226368e-01 -1.013802937474022059e-01 -4.463019667144507707e-01 6.261451486950702083e-01 1.791225101855253576e-01 1.564907692290996299e-01 -1.761668358943340729e-01
1.661971127339277029e+09 7.804222404956817627e-02 2.465941011905670166e-02 1.371831417083740234e+00 -5.450529456138610840e-01 5.629463791847229004e-01 4.343148767948150635e-01 4.442738890647888184e-01 4.069124679481178064e-01 -1.046489361397736628e-01 -4.606913660176020220e-01 6.463329435923785837e-01 1.848976703135776500e-01 1.615362503912599890e-01 -1.818467009514309618e-01
1.661971127370194197e+09 8.195230364799499512e-02 3.405460342764854431e-02 1.379080057144165039e+00 -5.422281026840209961e-01 5.609075427055358887e-01 4.368009567260742188e-01 4.478575289249420166e-01 4.041135079839629496e-01 -1.046505501460058413e-01 -4.606984712855861086e-01 6.463429120205163025e-01 1.849005220004028560e-01 1.615387417736343922e-01 -1.818495055829888740e-01
1.661971127402108908e+09 8.593246340751647949e-02 4.340617358684539795e-02 1.386195063591003418e+00 -5.393806695938110352e-01 5.588560104370117188e-01 4.392488896846771240e-01 4.514519274234771729e-01 3.887336815240101107e-01 -1.013795363867740079e-01 -4.462986326193759679e-01 6.261404710830226206e-01 1.791211720523242512e-01 1.564896001661291447e-01 -1.761655198414728007e-01
1.661971127434023619e+09 8.998219668865203857e-02 5.271176993846893311e-02 1.393175721168518066e+00 -5.365108251571655273e-01 5.567920804023742676e-01 4.416585564613342285e-01 4.550565183162689209e-01 3.859546590038718250e-01 -1.013795363867735777e-01 -4.462986326193829067e-01 6.261404710830156262e-01 1.791211720523242512e-01 1.564896001661273961e-01 -1.761655198414736612e-01
1.661971127465938091e+09 9.410096704959869385e-02 6.196903064846992493e-02 1.400021433830261230e+00 -5.336186289787292480e-01 5.547158718109130859e-01 4.440298974514007568e-01 4.586707949638366699e-01 3.831502628717518566e-01 -1.013802937474022059e-01 -4.463019667144507707e-01 6.261451486950702083e-01 1.791225101855253576e-01 1.564907692290978813e-01 -1.761668358943340729e-01
1.661971127497853756e+09 9.828823059797286987e-02 7.117561250925064087e-02 1.406731486320495605e+00 -5.307041406631469727e-01 5.526276230812072754e-01 4.463628232479095459e-01 4.622943699359893799e-01 3.802994342088124591e-01 -1.013765070574128291e-01 -4.462852967372084034e-01 6.261217613336854670e-01 1.791158197194475388e-01 1.564849240889097381e-01 -1.761602558266573970e-01
1.661971127528770208e+09 1.025433838367462158e-01 8.032918721437454224e-02 1.413305401802062988e+00 -5.277674198150634766e-01 5.505275726318359375e-01 4.486571550369262695e-01 4.659265577793121338e-01 3.896367844648615519e-01 -1.046529712487068997e-01 -4.607091295985260015e-01 6.463578652392819590e-01 1.849047996955745787e-01 1.615424789912938419e-01 -1.818537126925394154e-01
1.661971127559687614e+09 1.068658307194709778e-01 8.942741155624389648e-02 1.419742345809936523e+00 -5.248086452484130859e-01 5.484158992767333984e-01 4.509130120277404785e-01 4.695670902729034424e-01 3.866394797113327786e-01 -1.046497431366665704e-01 -4.606949186241944827e-01 6.463379277680190160e-01 1.848990961459944515e-01 1.615374960728410969e-01 -1.818481032563959987e-01
1.661971127591602802e+09 1.112549155950546265e-01 9.846796840429306030e-02 1.426041841506958008e+00 -5.218280553817749023e-01 5.462926030158996582e-01 4.531303346157073975e-01 4.732155203819274902e-01 3.716360353516722226e-01 -1.013780216994629585e-01 -4.462919645786750378e-01 6.261311160685816279e-01 1.791184958459028087e-01 1.564872620925882307e-01 -1.761628877947413185e-01
1.661971127623517513e+09 1.157099679112434387e-01 1.074485555291175842e-01 1.432203531265258789e+00 -5.188254117965698242e-01 5.441582202911376953e-01 4.553087651729583740e-01 4.768710434436798096e-01 3.687048620158451251e-01 -1.013795363867735777e-01 -4.462986326193759679e-01 6.261404710830156262e-01 1.791211720523251116e-01 1.564896001661273961e-01 -1.761655198414728007e-01
1.661971127655432224e+09 1.202303022146224976e-01 1.163668707013130188e-01 1.438226699829101562e+00 -5.158010125160217285e-01 5.420127511024475098e-01 4.574483633041381836e-01 4.805333614349365234e-01 3.657418636348794272e-01 -1.013795363867735777e-01 -4.462986326193759679e-01 6.261404710830226206e-01 1.791211720523233908e-01 1.564896001661273961e-01 -1.761655198414745216e-01
1.661971127686349392e+09 1.248151808977127075e-01 1.252206265926361084e-01 1.444110870361328125e+00 -5.127550959587097168e-01 5.398563742637634277e-01 4.595493078231811523e-01 4.842021763324737549e-01 3.744614282968735663e-01 -1.046505501460067294e-01 -4.606984712855861086e-01 6.463429120205235190e-01 1.849005220004028560e-01 1.615387417736343922e-01 -1.818495055829879581e-01
1.661971127717266798e+09 1.294638663530349731e-01 1.340075433254241943e-01 1.449855685234069824e+00 -5.096875429153442383e-01 5.376895070075988770e-01 4.616113007068634033e-01 4.878766834735870361e-01 3.713579085045457528e-01 -1.046497431366661263e-01 -4.606949186242016436e-01 6.463379277680117996e-01 1.848990961459953675e-01 1.615374960728428733e-01 -1.818481032563959987e-01
1.661971127749181747e+09 1.341755539178848267e-01 1.427253484725952148e-01 1.455460786819458008e+00 -5.065985918045043945e-01 5.355120897293090820e-01 4.636343717575073242e-01 4.915565848350524902e-01 3.567280897624390823e-01 -1.013787790374610226e-01 -4.462952985741154288e-01 6.261357935408555786e-01 1.791198339391168737e-01 1.564884311206237444e-01 -1.761642038082762152e-01
1.661971127781096220e+09 1.389494538307189941e-01 1.513718217611312866e-01 1.460925579071044922e+00 -5.034883022308349609e-01 5.333244204521179199e-01 4.656185805797576904e-01 4.952412843704223633e-01 3.536906569308745918e-01 -1.013802937474017618e-01 -4.463019667144507707e-01 6.261451486950702083e-01 1.791225101855244972e-01 1.564907692290996299e-01 -1.761668358943340729e-01
1.661971127811520815e+09 1.437847316265106201e-01 1.599446982145309448e-01 1.466249823570251465e+00 -5.003567934036254883e-01 5.311267971992492676e-01 4.675637185573577881e-01 4.989304244518280029e-01 3.678027705431804462e-01 -1.063448377143920431e-01 -4.681571582354804861e-01 6.568071738827161443e-01 1.878940529027837980e-01 1.641540465342670174e-01 -1.847936406706344736e-01
1.661971127842439651e+09 1.486805379390716553e-01 1.684417575597763062e-01 1.471433162689208984e+00 -4.972041249275207520e-01 5.289192199707031250e-01 4.694697558879852295e-01 5.026234984397888184e-01 3.587507802053018779e-01 -1.046449013419912671e-01 -4.606736038064402905e-01 6.463080238672183064e-01 1.848905414813362125e-01 1.615300222715221889e-01 -1.818396897510056454e-01
1.661971127872359276e+09 1.536359637975692749e-01 1.768608093261718750e-01 1.476475358009338379e+00 -4.940307140350341797e-01 5.267022252082824707e-01 4.713371098041534424e-01 5.063198208808898926e-01 3.674395482695174686e-01 -1.081396801448185480e-01 -4.760585133907314082e-01 6.678924828608394648e-01 1.910652479116128899e-01 1.669245679265436433e-01 -1.879125082553442794e-01
1.661971127903276205e+09 1.586501151323318481e-01 1.851996481418609619e-01 1.481376051902770996e+00 -4.908363521099090576e-01 5.244756340980529785e-01 4.731652438640594482e-01 5.100191831588745117e-01 3.523866098679097059e-01 -1.046513571677930993e-01 -4.607020240017710710e-01 6.463478963499009744e-01 1.849019478768015590e-01 1.615399874936421509e-01 -1.818509079312091714e-01
1.661971127934201717e+09 1.637220382690429688e-01 1.934560984373092651e-01 1.486134886741638184e+00 -4.876213371753692627e-01 5.222400426864624023e-01 4.749544858932495117e-01 5.137209296226501465e-01 3.490763203182676855e-01 -1.046223122228142066e-01 -4.605741607298506901e-01 6.461685089095949852e-01 1.848506301772728788e-01 1.614951536742282034e-01 -1.818004370175218820e-01
1.661971127966108084e+09 1.688507795333862305e-01 2.016279995441436768e-01 1.490751862525939941e+00 -4.843855500221252441e-01 5.199952125549316406e-01 4.767045378684997559e-01 5.174247026443481445e-01 3.352250483531059033e-01 -1.014060507433855313e-01 -4.464153555944748719e-01 6.263042290989979666e-01 1.791680186132952879e-01 1.565305277656477700e-01 -1.762115933942054735e-01
1.661971127998022318e+09 1.740353554487228394e-01 2.097132205963134766e-01 1.495226621627807617e+00 -4.811294674873352051e-01 5.177417397499084473e-01 4.784157276153564453e-01 5.211299061775207520e-01 3.320132042533374683e-01 -1.013810511193462688e-01 -4.463053008593410032e-01 6.261498263770000072e-01 1.791238483387171954e-01 1.564919383095373095e-01 -1.761681519668587548e-01
1.661971128029937267e+09 1.792747378349304199e-01 2.177096158266067505e-01 1.499559044837951660e+00 -4.778530895709991455e-01 5.154796838760375977e-01 4.800879359245300293e-01 5.248361229896545410e-01 3.288701202582843264e-01 -1.013787790374610226e-01 -4.462952985741154288e-01 6.261357935408625730e-01 1.791198339391177341e-01 1.564884311206237444e-01 -1.761642038082753547e-01
1.661971128061851740e+09 1.792747378349304199e-01 2.177096158266067505e-01 1.499559044837951660e+00 -4.778530895709991455e-01 5.154796838760375977e-01 4.800879359245300293e-01 5.248361229896545410e-01 0.000000000000000000e+00 0.000000000000000000e+00 0.000000000000000000e+00 0.000000000000000000e+00 0.000000000000000000e+00 0.000000000000000000e+00 0.000000000000000000e+00
1.661971128091771841e+09 1.755571216344833374e-01 2.419609427452087402e-01 1.476104378700256348e+00 -4.862550497055053711e-01 5.216754078865051270e-01 4.756296277046203613e-01 5.149633288383483887e-01 1.134425988612907110e+00 1.899955879898461708e-01 -1.024112341520301506e+00 3.241566724161525359e-01 -4.563607125967249212e-02 -2.798613391292938957e-01 5.928727235650443905e-02
1.661971128123687267e+09 1.714886128902435303e-01 2.656267285346984863e-01 1.451966762542724609e+00 -4.945767223834991455e-01 5.277328491210937500e-01 4.710220396518707275e-01 5.050051212310791016e-01 1.066810505826337963e+00 1.781172267108742102e-01 -9.600857158942185388e-01 3.038906751543940521e-01 -4.278294320806600576e-02 -2.623646481304887090e-01 5.558068291542050260e-02
1.661971128155601501e+09 1.670762300491333008e-01 2.886833846569061279e-01 1.427161574363708496e+00 -5.028155446052551270e-01 5.336510539054870605e-01 4.662650525569915771e-01 4.949646592140197754e-01 1.070125805098206762e+00 1.781238799264733830e-01 -9.601215779912198878e-01 3.039020263876026640e-01 -4.278454128002315976e-02 -2.623744482413590817e-01 5.558275902155394160e-02
1.661971128186518431e+09 1.623275578022003174e-01 3.111076951026916504e-01 1.401704549789428711e+00 -5.109692215919494629e-01 5.394290685653686523e-01 4.613588750362396240e-01 4.848450720310211182e-01 1.107994833247360367e+00 1.838697229165047742e-01 -9.910927641160423018e-01 3.137051663635446186e-01 -4.416466648668856271e-02 -2.708380095831240397e-01 5.737572359442402042e-02
1.661971128217435837e+09 1.572506725788116455e-01 3.328770697116851807e-01 1.375612378120422363e+00 -5.190353393554687500e-01 5.450661182403564453e-01 4.563037753105163574e-01 4.746494889259338379e-01 1.111287957501394752e+00 1.838668871056375054e-01 -9.910774785563262190e-01 3.137003281090143259e-01 -4.416398533788828962e-02 -2.708338324659855800e-01 5.737483869234457495e-02
1.661971128247356415e+09 1.572506725788116455e-01 3.328770697116851807e-01 1.375612378120422363e+00 -5.190353393554687500e-01 5.450661182403564453e-01 4.563037753105163574e-01 4.746494889259338379e-01 0.000000000000000000e+00 0.000000000000000000e+00 0.000000000000000000e+00 0.000000000000000000e+00 0.000000000000000000e+00 0.000000000000000000e+00 0.000000000000000000e+00
1.661971128279270649e+09 1.620188355445861816e-01 3.431778252124786377e-01 1.375709414482116699e+00 -5.167829990386962891e-01 5.436274409294128418e-01 4.577655196189880371e-01 4.773417711257934570e-01 3.556791336870873121e-01 -8.131180327196989299e-02 -5.318918131739180932e-01 6.422064876548637669e-01 1.707814405524961110e-01 1.267672652787830423e-01 -1.666167775873184098e-01
1.661971128310692549e+09 1.668386608362197876e-01 3.533762395381927490e-01 1.375621795654296875e+00 -5.145165324211120605e-01 5.421869754791259766e-01 4.592028260231018066e-01 4.800403714179992676e-01 3.589960842699355670e-01 -8.258583811264226526e-02 -5.402257656160366350e-01 6.522689067287696929e-01 1.734573313413933782e-01 1.287535195017001921e-01 -1.692274143109535611e-01
1.661971128342607260e+09 1.717090010643005371e-01 3.634690344333648682e-01 1.375350594520568848e+00 -5.122358202934265137e-01 5.407449007034301758e-01 4.606155455112457275e-01 4.827449619770050049e-01 3.512405324986807575e-01 -8.131058839369001423e-02 -5.318838661873175333e-01 6.421968924585742533e-01 1.707788889098779128e-01 1.267653712512145092e-01 -1.666142881688575383e-01
1.661971128374522209e+09 1.766286790370941162e-01 3.734529614448547363e-01 1.374896764755249023e+00 -5.099410414695739746e-01 5.393013358116149902e-01 4.620038270950317383e-01 4.854551851749420166e-01 3.490363969916228104e-01 -8.130998096816445531e-02 -5.318798927830684642e-01 6.421920949679499335e-01 1.707776131171590273e-01 1.267644242586514480e-01 -1.666130434875226496e-01
1.661971128405943632e+09 1.815964877605438232e-01 3.833248019218444824e-01 1.374261379241943359e+00 -5.076321959495544434e-01 5.378563404083251953e-01 4.633674025535583496e-01 4.881708621978759766e-01 3.522947163234643742e-01 -8.258709139758667328e-02 -5.402339638354236584e-01 6.522788052636696587e-01 1.734599636506002351e-01 1.287554734062839878e-01 -1.692299824288704679e-01
1.661971128437858343e+09 1.866111904382705688e-01 3.930814266204833984e-01 1.373445630073547363e+00 -5.053093433380126953e-01 5.364100933074951172e-01 4.647063612937927246e-01 4.908917248249053955e-01 3.446749271158451311e-01 -8.131058839369001423e-02 -5.318838661873105389e-01 6.421968924585742533e-01 1.707788889098779128e-01 1.267653712512127606e-01 -1.666142881688575383e-01
1.661971128469772816e+09 1.916715055704116821e-01 4.027196466922760010e-01 1.372450590133666992e+00 -5.029726028442382812e-01 5.349626541137695312e-01 4.660207033157348633e-01 4.936175346374511719e-01 3.425169517345827974e-01 -8.131119582829204884e-02 -5.318878396509336692e-01 6.422016900208783463e-01 1.707801647216550534e-01 1.267663182579249481e-01 -1.666155328687910497e-01
1.661971128501194954e+09 1.967761665582656860e-01 4.122363626956939697e-01 1.371277451515197754e+00 -5.006219744682312012e-01 5.335141420364379883e-01 4.673104286193847656e-01 4.963479638099670410e-01 3.457071805612829118e-01 -8.258521148443376259e-02 -5.402216665996504297e-01 6.522639575739737072e-01 1.734560152167475278e-01 1.287525425716447014e-01 -1.692261302812212154e-01
1.661971128532112122e+09 2.019238173961639404e-01 4.216284751892089844e-01 1.369927644729614258e+00 -4.982576072216033936e-01 5.320646762847900391e-01 4.685753583908081055e-01 4.990827739238739014e-01 3.491588217770549285e-01 -8.393407694854364276e-02 -5.490451149621697891e-01 6.629173943097007582e-01 1.762890748440440469e-01 1.308554597279957266e-01 -1.719901031361490973e-01
1.661971128563029528e+09 2.071131318807601929e-01 4.308930039405822754e-01 1.368402481079101562e+00 -4.958796501159667969e-01 5.306144356727600098e-01 4.698156714439392090e-01 5.018217563629150391e-01 3.469839075063538281e-01 -8.393342969361834716e-02 -5.490408810184869148e-01 6.629122822436110951e-01 1.762877153965333454e-01 1.308544506403415686e-01 -1.719887768400199801e-01
1.661971128593946934e+09 2.123427242040634155e-01 4.400269091129302979e-01 1.366703152656555176e+00 -4.934879839420318604e-01 5.291634202003479004e-01 4.710311889648437500e-01 5.045646429061889648e-01 3.448335547654803879e-01 -8.393342969361923533e-02 -5.490408810184869148e-01 6.629122822436110951e-01 1.762877153965315691e-01 1.308544506403397645e-01 -1.719887768400199801e-01
1.661971128625369310e+09 2.176111787557601929e-01 4.490272104740142822e-01 1.364831209182739258e+00 -4.910826683044433594e-01 5.277116894721984863e-01 4.722219109535217285e-01 5.073112249374389648e-01 3.371983971447623518e-01 -8.258458486573350132e-02 -5.402175676454670228e-01 6.522590084942885280e-01 1.734546991120775039e-01 1.287515656564177102e-01 -1.692248462709776691e-01
1.661971128657283783e+09 2.229170948266983032e-01 4.578909873962402344e-01 1.362788081169128418e+00 -4.886639714241027832e-01 5.262594819068908691e-01 4.733878970146179199e-01 5.100611448287963867e-01 3.299633351356427435e-01 -8.131119582829204884e-02 -5.318878396509336692e-01 6.422016900208783463e-01 1.707801647216550534e-01 1.267663182579231995e-01 -1.666155328687893289e-01
1.661971128689198732e+09 2.282589972019195557e-01 4.666153788566589355e-01 1.360575437545776367e+00 -4.862318634986877441e-01 5.248069167137145996e-01 4.745291173458099365e-01 5.128141641616821289e-01 3.279484081416726982e-01 -8.130998096816445531e-02 -5.318798927830684642e-01 6.421920949679499335e-01 1.707776131171607481e-01 1.267644242586531966e-01 -1.666130434875226496e-01
1.661971128721113443e+09 2.336353957653045654e-01 4.751975238323211670e-01 1.358194589614868164e+00 -4.837865233421325684e-01 5.233541131019592285e-01 4.756456017494201660e-01 5.155700445175170898e-01 3.259699137387016554e-01 -8.131058839369001423e-02 -5.318838661873175333e-01 6.421968924585742533e-01 1.707788889098761642e-01 1.267653712512127606e-01 -1.666142881688575383e-01
1.661971128752031088e+09 2.390448153018951416e-01 4.836346209049224854e-01 1.355647444725036621e+00 -4.813278615474700928e-01 5.219011306762695312e-01 4.767374098300933838e-01 5.183284878730773926e-01 3.344662231660757712e-01 -8.393278244867553861e-02 -5.490366471400998094e-01 6.629071702563602564e-01 1.762863559699891780e-01 1.308534415682503782e-01 -1.719874505643478602e-01
1.661971128782948017e+09 2.444857209920883179e-01 4.919238984584808350e-01 1.352935433387756348e+00 -4.788559377193450928e-01 5.204479098320007324e-01 4.778041243553161621e-01 5.210894346237182617e-01 3.324916160640966067e-01 -8.393472421345257728e-02 -5.490493489711534281e-01 6.629225064546346857e-01 1.762904343125199502e-01 1.308564688312114088e-01 -1.719914294527339071e-01
1.661971128814862967e+09 2.499565482139587402e-01 5.000626444816589355e-01 1.350060462951660156e+00 -4.763710200786590576e-01 5.189949274063110352e-01 4.788463413715362549e-01 5.238523483276367188e-01 3.202049397630201688e-01 -8.130998096816358101e-02 -5.318798927830684642e-01 6.421920949679499335e-01 1.707776131171607481e-01 1.267644242586531966e-01 -1.666130434875226496e-01
