1.661971192959606409e+09 1.378528122206244648e-16 -2.367949187755584717e-01 1.128897309303283691e+00 -6.125128269195556641e-01 6.125135421752929688e-01 3.533097505569458008e-01 3.533093035221099854e-01 0.000000000000000000e+00 0.000000000000000000e+00 0.000000000000000000e+00 0.000000000000000000e+00 0.000000000000000000e+00 0.000000000000000000e+00 0.000000000000000000e+00
1.661971204954247475e+09 1.378528122206244648e-16 -2.367949187755584717e-01 1.128897309303283691e+00 -6.125128269195556641e-01 6.125135421752929688e-01 3.533097505569458008e-01 3.533093035221099854e-01 0.000000000000000000e+00 0.000000000000000000e+00 0.000000000000000000e+00 0.000000000000000000e+00 0.000000000000000000e+00 0.000000000000000000e+00 0.000000000000000000e+00
1.661971204978688717e+09 2.596424426883459091e-03 -2.270441055297851562e-01 1.139509797096252441e+00 -6.088296771049499512e-01 6.124889254570007324e-01 3.570517599582672119e-01 3.559463322162628174e-01 5.991483383008476826e-01 -1.601662000303865907e-01 -5.899735288664339494e-01 8.316984068143938869e-01 1.770945186455271381e-01 1.848629587473827884e-01 -1.739262041471331677e-02
1.661971205010603189e+09 5.276213865727186203e-03 -2.172755897045135498e-01 1.150012493133544922e+00 -6.051309704780578613e-01 6.124320030212402344e-01 3.607736825942993164e-01 3.585888147354125977e-01 4.572062841408109368e-01 -1.226609927604041250e-01 -4.518227862019867369e-01 6.369443255677439408e-01 1.356253033746513403e-01 1.415746520818826903e-01 -1.331988950458258894e-02
1.661971205041521311e+09 8.039659820497035980e-03 -2.074918150901794434e-01 1.160403847694396973e+00 -6.014170050621032715e-01 6.123426556587219238e-01 3.644754290580749512e-01 3.612364828586578369e-01 4.701937578119144701e-01 -1.266138018963221257e-01 -4.663829915037919771e-01 6.574701609821929082e-01 1.399958936183495484e-01 1.461369629320573571e-01 -1.374912931210611408e-02
1.661971205072438240e+09 1.088702306151390076e-02 -1.976952552795410156e-01 1.170682668685913086e+00 -5.976878404617309570e-01 6.122210621833801270e-01 3.681567907333374023e-01 3.638890981674194336e-01 4.684230938344341455e-01 -1.266186838628498290e-01 -4.664009742680825799e-01 6.574955116728034010e-01 1.400012915706763394e-01 1.461425976713260078e-01 -1.374965945011699144e-02
1.661971205103355646e+09 1.381852570921182632e-02 -1.878884285688400269e-01 1.180847644805908203e+00 -5.939438343048095703e-01 6.120669841766357422e-01 3.718177676200866699e-01 3.665464222431182861e-01 4.665809889799153454e-01 -1.266167310310613026e-01 -4.663937809959495251e-01 6.574853711619699226e-01 1.399991323397948018e-01 1.461403437234760072e-01 -1.374944739000698128e-02
1.661971205134273291e+09 1.683435961604118347e-02 -1.780738234519958496e-01 1.190897464752197266e+00 -5.901851654052734375e-01 6.118806004524230957e-01 3.754582703113555908e-01 3.692083358764648438e-01 4.646972773391405687e-01 -1.266157546377560950e-01 -4.663901844431099231e-01 6.574803010238496892e-01 1.399980527493287497e-01 1.461392167756190852e-01 -1.374934136240462020e-02
1.661971205164193392e+09 1.993467845022678375e-02 -1.682539433240890503e-01 1.200830817222595215e+00 -5.864120125770568848e-01 6.116618514060974121e-01 3.790780901908874512e-01 3.718744218349456787e-01 4.782006904893049692e-01 -1.308371542058986980e-01 -4.819397448341095624e-01 6.794008516436779166e-01 1.446656213398843926e-01 1.510115332448480896e-01 -1.420774769466206199e-02
1.661971205196107864e+09 2.311960235238075256e-02 -1.584313213825225830e-01 1.210646510124206543e+00 -5.826246142387390137e-01 6.114107966423034668e-01 3.826771080493927002e-01 3.745446801185607910e-01 4.464101960339502129e-01 -1.226609927604041250e-01 -4.518227862019937313e-01 6.369443255677370574e-01 1.356253033746522008e-01 1.415746520818844112e-01 -1.331988950458258894e-02
1.661971205227025270e+09 2.638922072947025299e-02 -1.486084759235382080e-01 1.220343351364135742e+00 -5.788232684135437012e-01 6.111272573471069336e-01 3.862552344799041748e-01 3.772187829017639160e-01 4.587952931973603987e-01 -1.266167310310621907e-01 -4.663937809959566860e-01 6.574853711619699226e-01 1.399991323397948018e-01 1.461403437234760072e-01 -1.374944739000687026e-02
1.661971205256945133e+09 2.974358201026916504e-02 -1.387879550457000732e-01 1.229920148849487305e+00 -5.750080943107604980e-01 6.108114123344421387e-01 3.898124992847442627e-01 3.798964917659759521e-01 4.719687436230940447e-01 -1.308381967911760313e-01 -4.819435852056503378e-01 6.794062654982411242e-01 1.446667741182970646e-01 1.510127365911163588e-01 -1.420786091012184692e-02
1.661971205287862539e+09 3.318269923329353333e-02 -1.289723217487335205e-01 1.239375591278076172e+00 -5.711793899536132812e-01 6.104632019996643066e-01 3.933486640453338623e-01 3.825776278972625732e-01 4.546403466225036882e-01 -1.266167310310613026e-01 -4.663937809959566860e-01 6.574853711619699226e-01 1.399991323397938858e-01 1.461403437234742309e-01 -1.374944739000687026e-02
1.661971205319777250e+09 3.670655936002731323e-02 -1.191640943288803101e-01 1.248708724975585938e+00 -5.673373341560363770e-01 6.100826263427734375e-01 3.968636691570281982e-01 3.852619230747222900e-01 4.383627845841867599e-01 -1.226600764224931722e-01 -4.518194108636765516e-01 6.369395672805228115e-01 1.356242901869682549e-01 1.415735944496429033e-01 -1.331978999846048818e-02
1.661971205351691961e+09 4.031509906053543091e-02 -1.093658506870269775e-01 1.257918357849121094e+00 -5.634822249412536621e-01 6.096696853637695312e-01 4.003574252128601074e-01 3.879491984844207764e-01 4.362503590500863004e-01 -1.226600764224940465e-01 -4.518194108636904849e-01 6.369395672805296948e-01 1.356242901869673667e-01 1.415735944496394338e-01 -1.331978999846048818e-02
1.661971205383607149e+09 4.400823265314102173e-02 -9.958014637231826782e-02 1.267003417015075684e+00 -5.596142411231994629e-01 6.092244386672973633e-01 4.038298428058624268e-01 3.906391859054565430e-01 4.340927801414470322e-01 -1.226582437877444809e-01 -4.518126603383465500e-01 6.369300509193924764e-01 1.356222638570137029e-01 1.415714792325618865e-01 -1.331959099067642899e-02
1.661971205414524078e+09 4.778583347797393799e-02 -8.980955928564071655e-02 1.275962829589843750e+00 -5.557336211204528809e-01 6.087468266487121582e-01 4.072807729244232178e-01 3.933317065238952637e-01 4.458481597187118339e-01 -1.266186838628480527e-01 -4.664009742680753634e-01 6.574955116728034010e-01 1.400012915706754235e-01 1.461425976713242036e-01 -1.374965945011687868e-02
1.661971205445441723e+09 5.164774134755134583e-02 -8.005664497613906860e-02 1.284795641899108887e+00 -5.518405437469482422e-01 6.082369089126586914e-01 4.107102453708648682e-01 3.960264921188354492e-01 4.435400692336716744e-01 -1.266157546377570109e-01 -4.663901844431027066e-01 6.574803010238496892e-01 1.399980527493296378e-01 1.461392167756208893e-01 -1.374934136240478846e-02
1.661971205475866795e+09 5.559375137090682983e-02 -7.032399624586105347e-02 1.293500661849975586e+00 -5.479353666305541992e-01 6.076946854591369629e-01 4.141180813312530518e-01 3.987233638763427734e-01 4.483424469158644454e-01 -1.286656257241877988e-01 -4.739409016253383622e-01 6.681247098718833266e-01 1.422645792278748877e-01 1.485051668575776418e-01 -1.397193907464753214e-02
1.661971205506783485e+09 5.962364003062248230e-02 -6.061417236924171448e-02 1.302077174186706543e+00 -5.440180897712707520e-01 6.071202158927917480e-01 4.175041019916534424e-01 4.014220237731933594e-01 4.388408538245779922e-01 -1.266196603013325372e-01 -4.664045709873426704e-01 6.575005820455273042e-01 1.400023712110943785e-01 1.461437246713216676e-01 -1.374976548262505163e-02
1.661971205536703587e+09 6.373713165521621704e-02 -5.092975869774818420e-02 1.310524106025695801e+00 -5.400891900062561035e-01 6.065135002136230469e-01 4.208684265613555908e-01 4.041222929954528809e-01 4.509656086674825315e-01 -1.308371542058982540e-01 -4.819397448341095624e-01 6.794008516436779166e-01 1.446656213398853363e-01 1.510115332448480896e-01 -1.420774769466206199e-02
1.661971205567622185e+09 6.793391704559326172e-02 -4.127332940697669983e-02 1.318840384483337402e+00 -5.361487865447998047e-01 6.058744788169860840e-01 4.242108464241027832e-01 4.068239927291870117e-01 4.339510367687479109e-01 -1.266118492151180330e-01 -4.663757987863595411e-01 6.574600212533024957e-01 1.399937345539662703e-01 1.461347091580111335e-01 -1.374891726834806364e-02
1.661971205599043608e+09 7.221366465091705322e-02 -3.164746612310409546e-02 1.327025294303894043e+00 -5.321970582008361816e-01 6.052033305168151855e-01 4.275313615798950195e-01 4.095268249511718750e-01 4.245637927841270920e-01 -1.245857291462618421e-01 -4.589125686747401178e-01 6.469389448154333477e-01 1.377534693903791074e-01 1.437961723716242590e-01 -1.352889870472132397e-02
1.661971205629961014e+09 7.657599449157714844e-02 -2.205474115908145905e-02 1.335078001022338867e+00 -5.282343626022338867e-01 6.044999361038208008e-01 4.308297634124755859e-01 4.122306108474731445e-01 4.289684976047376530e-01 -1.266167310310617466e-01 -4.663937809959566860e-01 6.574853711619699226e-01 1.399991323397948018e-01 1.461403437234760072e-01 -1.374944739000687026e-02
1.661971205660877943e+09 8.102049678564071655e-02 -1.249772775918245316e-02 1.342997550964355469e+00 -5.242608189582824707e-01 6.037643551826477051e-01 4.341060519218444824e-01 4.149350523948669434e-01 4.264226349763752255e-01 -1.266186838628498290e-01 -4.664009742680753634e-01 6.574955116728105065e-01 1.400012915706767835e-01 1.461425976713260078e-01 -1.374965945011699144e-02
1.661971205691303015e+09 8.554670959711074829e-02 -2.979001030325889587e-03 1.350783109664916992e+00 -5.202766656875610352e-01 6.029967069625854492e-01 4.373601675033569336e-01 4.176399707794189453e-01 4.306884807295476847e-01 -1.286656257241864110e-01 -4.739409016253310347e-01 6.681247098718833266e-01 1.422645792278735000e-01 1.485051668575740058e-01 -1.397193907464747489e-02
1.661971205722220182e+09 9.015417098999023438e-02 6.498872302472591400e-03 1.358434081077575684e+00 -5.162822604179382324e-01 6.021969318389892578e-01 4.405921101570129395e-01 4.203451871871948242e-01 4.212193266260984559e-01 -1.266177074394263524e-01 -4.663973776042876773e-01 6.574904413782872714e-01 1.400002119469105355e-01 1.461414706887103065e-01 -1.374955341924427761e-02
1.661971205753137827e+09 9.484233707189559937e-02 1.593332923948764801e-02 1.365949511528015137e+00 -5.122777819633483887e-01 6.013650894165039062e-01 4.438016712665557861e-01 4.230504333972930908e-01 4.185636969782373651e-01 -1.266157546377565390e-01 -4.663901844430955457e-01 6.574803010238569057e-01 1.399980527493291937e-01 1.461392167756208893e-01 -1.374934136240473122e-02
1.661971205783564568e+09 9.961067140102386475e-02 2.532180771231651306e-02 1.373328685760498047e+00 -5.082633495330810547e-01 6.005011796951293945e-01 4.469889104366302490e-01 4.257555007934570312e-01 4.225946704017982669e-01 -1.286585683159638671e-01 -4.739149056034969165e-01 6.680880627192720134e-01 1.422567759066244997e-01 1.484970212353095287e-01 -1.397117270307656443e-02
1.661971205815477610e+09 1.044585779309272766e-01 3.466175496578216553e-02 1.380571007728576660e+00 -5.042392611503601074e-01 5.996053218841552734e-01 4.501536190509796143e-01 4.284600913524627686e-01 4.002911222298663474e-01 -1.226664910753960946e-01 -4.518430392909585369e-01 6.369728767840151518e-01 1.356313828186701265e-01 1.415809982072064044e-01 -1.332048657253788460e-02
1.661971205847392321e+09 1.093854308128356934e-01 4.395062848925590515e-02 1.387675762176513672e+00 -5.002057552337646484e-01 5.986775755882263184e-01 4.532957673072814941e-01 4.311639964580535889e-01 3.976204065812103394e-01 -1.226600764224936024e-01 -4.518194108636835460e-01 6.369395672805296948e-01 1.356242901869682549e-01 1.415735944496411547e-01 -1.331978999846048818e-02
1.661971205879307508e+09 1.143905594944953918e-01 5.318588018417358398e-02 1.394642353057861328e+00 -4.961630702018737793e-01 5.977178215980529785e-01 4.564153552055358887e-01 4.338670372962951660e-01 3.949387950200162756e-01 -1.226582437877440507e-01 -4.518126603383534889e-01 6.369300509193854820e-01 1.356222638570128425e-01 1.415714792325601379e-01 -1.331959099067637521e-02
1.661971205910224438e+09 1.194732785224914551e-01 6.236498430371284485e-02 1.401470065116882324e+00 -4.921115040779113770e-01 5.967262983322143555e-01 4.595123529434204102e-01 4.365690648555755615e-01 4.049008878402947653e-01 -1.266186838628493849e-01 -4.664009742680753634e-01 6.574955116728105065e-01 1.400012915706763394e-01 1.461425976713242036e-01 -1.374965945011699144e-02
1.661971205941141605e+09 1.246328502893447876e-01 7.148541510105133057e-02 1.408158421516418457e+00 -4.880512058734893799e-01 5.957028269767761230e-01 4.625866413116455078e-01 4.392696917057037354e-01 4.020844801710184990e-01 -1.266177074394259083e-01 -4.663973776042804609e-01 6.574904413782872714e-01 1.400002119469105355e-01 1.461414706887085302e-01 -1.374955341924422036e-02
1.661971205973056316e+09 1.298685073852539062e-01 8.054465800523757935e-02 1.414706826210021973e+00 -4.839823544025421143e-01 5.946477055549621582e-01 4.656380414962768555e-01 4.419687688350677490e-01 3.867672425891262034e-01 -1.226600764224940465e-01 -4.518194108636765516e-01 6.369395672805228115e-01 1.356242901869682549e-01 1.415735944496429033e-01 -1.331978999846054196e-02
1.661971206004971504e+09 1.351794600486755371e-01 8.954021334648132324e-02 1.421114683151245117e+00 -4.799053668975830078e-01 5.935608148574829102e-01 4.686667323112487793e-01 4.446660578250885010e-01 3.839888118717634247e-01 -1.226582437877436205e-01 -4.518126603383534889e-01 6.369300509193924764e-01 1.356222638570128425e-01 1.415714792325601379e-01 -1.331959099067637521e-02
1.661971206035888672e+09 1.405648440122604370e-01 9.846958518028259277e-02 1.427381515502929688e+00 -4.758203327655792236e-01 5.924422144889831543e-01 4.716725647449493408e-01 4.473614096641540527e-01 3.934999647254702748e-01 -1.266177074394254642e-01 -4.663973776042804609e-01 6.574904413782872714e-01 1.400002119469096196e-01 1.461414706887085302e-01 -1.374955341924427761e-02
1.661971206066806316e+09 1.460238248109817505e-01 1.073302850127220154e-01 1.433506965637207031e+00 -4.717275500297546387e-01 5.912920832633972168e-01 4.746555089950561523e-01 4.500544667243957520e-01 3.905911666580509367e-01 -1.266157546377570109e-01 -4.663901844431027066e-01 6.574803010238569057e-01 1.399980527493296378e-01 1.461392167756226934e-01 -1.374934136240473122e-02
1.661971206098720551e+09 1.515554636716842651e-01 1.161198616027832031e-01 1.439490556716918945e+00 -4.676271975040435791e-01 5.901103615760803223e-01 4.776154756546020508e-01 4.527450501918792725e-01 3.755623637669497916e-01 -1.226619091120062788e-01 -4.518261615907355200e-01 6.369490839260318893e-01 1.356263165774735380e-01 1.415757097299299716e-01 -1.331998901219137894e-02
1.661971206130635500e+09 1.571588516235351562e-01 1.248358488082885742e-01 1.445331811904907227e+00 -4.635195434093475342e-01 5.888971686363220215e-01 4.805524051189422607e-01 4.554330110549926758e-01 3.727035883027494112e-01 -1.226591600982739755e-01 -4.518160355758038538e-01 6.369348090644084692e-01 1.356232770144213118e-01 1.415725368331998690e-01 -1.331969049382520157e-02
1.661971206160555601e+09 1.628329902887344360e-01 1.334758102893829346e-01 1.451030373573303223e+00 -4.594048261642456055e-01 5.876524448394775391e-01 4.834663271903991699e-01 4.581180512905120850e-01 3.944946923216048895e-01 -1.308371542058977821e-01 -4.819397448341170009e-01 6.794008516436704781e-01 1.446656213398853363e-01 1.510115332448499492e-01 -1.420774769466194576e-02
1.661971206193468332e+09 1.685768961906433105e-01 1.420373171567916870e-01 1.456585884094238281e+00 -4.552833437919616699e-01 5.863763689994812012e-01 4.863571822643280029e-01 4.608000516891479492e-01 3.558301745597795551e-01 -1.189406272540678572e-01 -4.381187889414524528e-01 6.176255050937492497e-01 1.315117242399450326e-01 1.372806264073494764e-01 -1.291589100150617071e-02
1.661971206224384546e+09 1.743895113468170166e-01 1.505179554224014282e-01 1.461998105049133301e+00 -4.511551558971405029e-01 5.850690603256225586e-01 4.892248511314392090e-01 4.634784758090972900e-01 3.758203978771987863e-01 -1.266216132234787572e-01 -4.664117645922996047e-01 6.575107230255627933e-01 1.400045305418869956e-01 1.461459787234635488e-01 -1.374997755254735686e-02
1.661971206257297754e+09 1.802697777748107910e-01 1.589153259992599487e-01 1.467266678810119629e+00 -4.470206201076507568e-01 5.837304592132568359e-01 4.920693039894104004e-01 4.661534130573272705e-01 3.501971312414444149e-01 -1.189389040762274946e-01 -4.381124416015637624e-01 6.176165571118140685e-01 1.315098189356416203e-01 1.372786375248389312e-01 -1.291570387976588401e-02
1.661971206287217379e+09 1.862165778875350952e-01 1.672270745038986206e-01 1.472391366958618164e+00 -4.428800046443939209e-01 5.823606252670288086e-01 4.948906600475311279e-01 4.688246846199035645e-01 3.821216396061785092e-01 -1.308392393930683795e-01 -4.819474256383887156e-01 6.794116794390939740e-01 1.446679269150827896e-01 1.510139399565627039e-01 -1.420797412738597498e-02
1.661971206318135262e+09 1.922287642955780029e-01 1.754508167505264282e-01 1.477371811866760254e+00 -4.387335777282714844e-01 5.809596776962280273e-01 4.976888000965118408e-01 4.714918136596679688e-01 3.667574211852477339e-01 -1.266147782595104243e-01 -4.663865879457173014e-01 6.574752309639245729e-01 1.399969731755137947e-01 1.461380898451499488e-01 -1.374923533643782579e-02
1.661971206349052429e+09 1.983052045106887817e-01 1.835842132568359375e-01 1.482208013534545898e+00 -4.345813989639282227e-01 5.795276761054992676e-01 5.004637241363525391e-01 4.741548299789428711e-01 3.637340401686072200e-01 -1.266177074394254642e-01 -4.663973776042804609e-01 6.574904413782944879e-01 1.400002119469096196e-01 1.461414706887085302e-01 -1.374955341924427761e-02
1.661971206379969597e+09 2.044446617364883423e-01 1.916249394416809082e-01 1.486899733543395996e+00 -4.304238259792327881e-01 5.780647993087768555e-01 5.032152533531188965e-01 4.768132567405700684e-01 3.606931941098421857e-01 -1.266177074394263524e-01 -4.663973776042732999e-01 6.574904413782872714e-01 1.400002119469105355e-01 1.461414706887085302e-01 -1.374955341924427761e-02
1.661971206410886288e+09 2.106459140777587891e-01 1.995707154273986816e-01 1.491446733474731445e+00 -4.262610077857971191e-01 5.765710473060607910e-01 5.059435367584228516e-01 4.794670045375823975e-01 3.576514728734361270e-01 -1.266196603013320654e-01 -4.664045709873426704e-01 6.575005820455200878e-01 1.400023712110943785e-01 1.461437246713216676e-01 -1.374976548262505163e-02
1.661971206440806150e+09 2.169076949357986450e-01 2.074192315340042114e-01 1.495849013328552246e+00 -4.220933318138122559e-01 5.750464200973510742e-01 5.086483955383300781e-01 4.821158647537231445e-01 3.664148577926290562e-01 -1.308381967911760313e-01 -4.819435852056503378e-01 6.794062654982485627e-01 1.446667741182979805e-01 1.510127365911182185e-01 -1.420786091012184692e-02
1.661971206471724272e+09 2.232287228107452393e-01 2.151682376861572266e-01 1.500106453895568848e+00 -4.179209470748901367e-01 5.734910368919372559e-01 5.113300085067749023e-01 4.847596287727355957e-01 3.515311875089509597e-01 -1.266138018963212097e-01 -4.663829915037991936e-01 6.574701609821929082e-01 1.399958936183486602e-01 1.461369629320555807e-01 -1.374912931210611408e-02
1.661971206502641201e+09 2.232287228107452393e-01 2.151682376861572266e-01 1.500106453895568848e+00 -4.179209470748901367e-01 5.734910368919372559e-01 5.113300085067749023e-01 4.847596287727355957e-01 0.000000000000000000e+00 0.000000000000000000e+00 0.000000000000000000e+00 0.000000000000000000e+00 0.000000000000000000e+00 0.000000000000000000e+00 1.122183553373190704e-16
1.661971206533558846e+09 2.173936367034912109e-01 2.277414053678512573e-01 1.488328576087951660e+00 -4.281097650527954102e-01 5.715150833129882812e-01 5.057139396667480469e-01 4.840928614139556885e-01 5.883150323649743996e-01 1.995701452566212564e-01 -4.676107076916629079e-01 1.022269031046550980e-01 1.979263036791361619e-01 -5.997040726123479409e-02 -7.949898638604587786e-01
1.661971206565473318e+09 2.113823443651199341e-01 2.401465922594070435e-01 1.476396441459655762e+00 -4.382916986942291260e-01 5.693458914756774902e-01 5.001200437545776367e-01 4.833483099937438965e-01 5.712719805806728557e-01 1.933366997855057723e-01 -4.530051871897932125e-01 9.903391136049523313e-02 1.917442025452380516e-01 -5.809727005896058588e-02 -7.701588654158215697e-01
1.661971206597387791e+09 2.051972299814224243e-01 2.523798346519470215e-01 1.464311838150024414e+00 -4.484627544879913330e-01 5.669835209846496582e-01 4.945493638515472412e-01 4.825264513492584229e-01 5.725983917531513034e-01 1.933366997855066327e-01 -4.530051871898002069e-01 9.903391136050219978e-02 1.917442025452380516e-01 -5.809727005896058588e-02 -7.701588654158224578e-01
1.661971206628305435e+09 1.988407671451568604e-01 2.644372284412384033e-01 1.452076673507690430e+00 -4.586192369461059570e-01 5.644280910491943359e-01 4.890032112598419189e-01 4.816277325153350830e-01 5.924202668242974923e-01 1.995701452566212564e-01 -4.676107076916629079e-01 1.022269031046550980e-01 1.979263036791361619e-01 -5.997040726123479409e-02 -7.949898638604578904e-01
1.661971206659223318e+09 1.923155039548873901e-01 2.763149738311767578e-01 1.439692854881286621e+00 -4.687570631504058838e-01 5.616800785064697266e-01 4.834825992584228516e-01 4.806525707244873047e-01 5.937687729010713289e-01 1.995686063016227085e-01 -4.676071017823970055e-01 1.022261147973493323e-01 1.979247774003742855e-01 -5.996994480850720288e-02 -7.949837334163333269e-01
1.661971206690644741e+09 1.856240183115005493e-01 2.880091965198516846e-01 1.427162408828735352e+00 -4.788725674152374268e-01 5.587397813796997070e-01 4.779886901378631592e-01 4.796015024185180664e-01 5.855729518528643984e-01 1.963704448451564777e-01 -4.601135233213082265e-01 1.005879031254374861e-01 1.947529589160338637e-01 -5.900890404369346642e-02 -7.822438221555072513e-01
1.661971206721561909e+09 1.787690073251724243e-01 2.995161712169647217e-01 1.414487004280090332e+00 -4.889620542526245117e-01 5.556076169013977051e-01 4.725228846073150635e-01 4.784751534461975098e-01 5.964621336809380336e-01 1.995732232378245041e-01 -4.676179196770370861e-01 1.022284797557409530e-01 1.979293563072822559e-01 -5.997133218808727712e-02 -7.950021250323620059e-01
1.661971206751483202e+09 1.717532277107238770e-01 3.108322322368621826e-01 1.401668906211853027e+00 -4.990214407444000244e-01 5.522841811180114746e-01 4.670859575271606445e-01 4.772739708423614502e-01 6.176815220117111149e-01 2.062156455158059565e-01 -4.831817094322621298e-01 1.056309639184811328e-01 2.045170655423789730e-01 -6.196736605727858754e-02 -8.214622870755668993e-01
1.661971206782399178e+09 1.645794957876205444e-01 3.219537138938903809e-01 1.388710021972656250e+00 -5.090471506118774414e-01 5.487701296806335449e-01 4.616792798042297363e-01 4.759985804557800293e-01 5.991234317779485785e-01 1.995809186062266483e-01 -4.676359506137727773e-01 1.022324215962283900e-01 1.979369882896177268e-01 -5.997364463004376672e-02 -7.950327796168501493e-01
1.661971206813316584e+09 1.572506725788116455e-01 3.328770697116851807e-01 1.375612378120422363e+00 -5.190353393554687500e-01 5.450661182403564453e-01 4.563037753105163574e-01 4.746494889259338379e-01 6.004014711432289486e-01 1.995716842353550124e-01 -4.676143136565424907e-01 1.022276914241188744e-01 1.979278299814386521e-01 -5.997086972109476333e-02 -7.949959943991345979e-01
1.661971206843237400e+09 1.572506725788116455e-01 3.328770697116851807e-01 1.375612378120422363e+00 -5.190353393554687500e-01 5.450661182403564453e-01 4.563037753105163574e-01 4.746494889259338379e-01 0.000000000000000000e+00 0.000000000000000000e+00 0.000000000000000000e+00 0.000000000000000000e+00 0.000000000000000000e+00 0.000000000000000000e+00 0.000000000000000000e+00
1.661971206874154329e+09 1.620188355445861816e-01 3.431778252124786377e-01 1.375709414482116699e+00 -5.167829990386962891e-01 5.436274409294128418e-01 4.577655196189880371e-01 4.773417711257934570e-01 3.671524771705119150e-01 -8.393472421345167522e-02 -5.490493489711534281e-01 6.629225064546346857e-01 1.762904343125199502e-01 1.308564688312114088e-01 -1.719914294527339071e-01
1.661971206905071497e+09 1.668386608362197876e-01 3.533762395381927490e-01 1.375621795654296875e+00 -5.145165324211120605e-01 5.421869754791259766e-01 4.592028260231018066e-01 4.800403714179992676e-01 3.648568041440792276e-01 -8.393407694854454482e-02 -5.490451149621697891e-01 6.629173943097007582e-01 1.762890748440440469e-01 1.308554597279957266e-01 -1.719901031361508736e-01
1.661971206934992313e+09 1.717090010643005371e-01 3.634690344333648682e-01 1.375350594520568848e+00 -5.122358202934265137e-01 5.407449007034301758e-01 4.606155455112457275e-01 4.827449619770050049e-01 3.746468655049396412e-01 -8.672904820337813681e-02 -5.673280981046106008e-01 6.849922788951509078e-01 1.821594306595078483e-01 1.352128942977726400e-01 -1.777173049099442237e-01
1.661971206965909004e+09 1.766286790370941162e-01 3.734529614448547363e-01 1.374896764755249023e+00 -5.099410414695739746e-01 5.393013358116149902e-01 4.620038270950317383e-01 4.854551851749420166e-01 3.603063153577094613e-01 -8.393537148834355477e-02 -5.490535830454394972e-01 6.629276186784147651e-01 1.762917938019651076e-01 1.308574779499926122e-01 -1.719927557897748815e-01
1.661971206996826410e+09 1.815964877605438232e-01 3.833248019218444824e-01 1.374261379241943359e+00 -5.076321959495544434e-01 5.378563404083251953e-01 4.633674025535583496e-01 4.881708621978759766e-01 3.580378398558394237e-01 -8.393342969361834716e-02 -5.490408810184869148e-01 6.629122822436074314e-01 1.762877153965333454e-01 1.308544506403415686e-01 -1.719887768400199801e-01
1.661971207027744055e+09 1.866111904382705688e-01 3.930814266204833984e-01 1.373445630073547363e+00 -5.053093433380126953e-01 5.364100933074951172e-01 4.647063612937927246e-01 4.908917248249053955e-01 3.557903865245224950e-01 -8.393278244867553861e-02 -5.490366471400961457e-01 6.629071702563638091e-01 1.762863559699891780e-01 1.308534415682486018e-01 -1.719874505643460560e-01
1.661971207057663441e+09 1.916715055704116821e-01 4.027196466922760010e-01 1.372450590133666992e+00 -5.029726028442382812e-01 5.349626541137695312e-01 4.660207033157348633e-01 4.936175346374511719e-01 3.653566920515377014e-01 -8.673319490943053045e-02 -5.673552233055304539e-01 6.850250298786745295e-01 1.821681401014895452e-01 1.352193591228659786e-01 -1.777258019641528297e-01
1.661971207089578152e+09 1.967761665582656860e-01 4.122363626956939697e-01 1.371277451515197754e+00 -5.006219744682312012e-01 5.335141420364379883e-01 4.673104286193847656e-01 4.963479638099670410e-01 3.403715236433118019e-01 -8.131058839369088853e-02 -5.318838661873175333e-01 6.421968924585708116e-01 1.707788889098761642e-01 1.267653712512127606e-01 -1.666142881688575383e-01
1.661971207121493101e+09 2.019238173961639404e-01 4.216284751892089844e-01 1.369927644729614258e+00 -4.982576072216033936e-01 5.320646762847900391e-01 4.685753583908081055e-01 4.990827739238739014e-01 3.382427994170174590e-01 -8.130998096816358101e-02 -5.318798927830684642e-01 6.421920949679499335e-01 1.707776131171607481e-01 1.267644242586531966e-01 -1.666130434875226496e-01
1.661971207153408527e+09 2.071131318807601929e-01 4.308930039405822754e-01 1.368402481079101562e+00 -4.958796501159667969e-01 5.306144356727600098e-01 4.698156714439392090e-01 5.018217563629150391e-01 3.361334511679959780e-01 -8.130876614433671379e-02 -5.318719461526659753e-01 6.421825002017342854e-01 1.707750615889099821e-01 1.267625303159765904e-01 -1.666105541806419121e-01
1.661971207184829235e+09 2.123427242040634155e-01 4.400269091129302979e-01 1.366703152656555176e+00 -4.934879839420318604e-01 5.291634202003479004e-01 4.710311889648437500e-01 5.045646429061889648e-01 3.393099590351412731e-01 -8.258897139632942475e-02 -5.402462616310613752e-01 6.522936536293497678e-01 1.734639122642123998e-01 1.287584043743538187e-01 -1.692338347518990427e-01
1.661971207216745377e+09 2.176111787557601929e-01 4.490272104740142822e-01 1.364831209182739258e+00 -4.910826683044433594e-01 5.277116894721984863e-01 4.722219109535217285e-01 5.073112249374389648e-01 3.319817037312981500e-01 -8.130694397665834405e-02 -5.318600266522816034e-01 6.421681085899687558e-01 1.707712344394861637e-01 1.267596895080720654e-01 -1.666068203597889097e-01
1.661971207248659849e+09 2.229170948266983032e-01 4.578909873962402344e-01 1.362788081169128418e+00 -4.886639714241027832e-01 5.262594819068908691e-01 4.733878970146179199e-01 5.100611448287963867e-01 3.299633351356427435e-01 -8.131119582829204884e-02 -5.318878396509336692e-01 6.422016900208783463e-01 1.707801647216550534e-01 1.267663182579231995e-01 -1.666155328687893289e-01
1.661971207280574799e+09 2.282589972019195557e-01 4.666153788566589355e-01 1.360575437545776367e+00 -4.862318634986877441e-01 5.248069167137145996e-01 4.745291173458099365e-01 5.128141641616821289e-01 3.279484081416726982e-01 -8.130998096816445531e-02 -5.318798927830684642e-01 6.421920949679499335e-01 1.707776131171607481e-01 1.267644242586531966e-01 -1.666130434875226496e-01
1.661971207311997890e+09 2.336353957653045654e-01 4.751975238323211670e-01 1.358194589614868164e+00 -4.837865233421325684e-01 5.233541131019592285e-01 4.756456017494201660e-01 5.155700445175170898e-01 3.310697632214646413e-01 -8.258270506668800859e-02 -5.402052711561201592e-01 6.522441617058282182e-01 1.734507509178896678e-01 1.287486349996763424e-01 -1.692209943571470754e-01
1.661971207342915773e+09 2.390448153018951416e-01 4.836346209049224854e-01 1.355647444725036621e+00 -4.813278615474700928e-01 5.219011306762695312e-01 4.767374098300933838e-01 5.183284878730773926e-01 3.344636439803697625e-01 -8.393213521371499508e-02 -5.490324133270140239e-01 6.629020583479536821e-01 1.762849965644110173e-01 1.308524325117218223e-01 -1.719861243091287129e-01
1.661971207373832703e+09 2.444857209920883179e-01 4.919238984584808350e-01 1.352935433387756348e+00 -4.788559377193450928e-01 5.204479098320007324e-01 4.778041243553161621e-01 5.210894346237182617e-01 3.324916160640966067e-01 -8.393472421345257728e-02 -5.490493489711534281e-01 6.629225064546346857e-01 1.762904343125199502e-01 1.308564688312114088e-01 -1.719914294527339071e-01
1.661971207404258490e+09 2.499565482139587402e-01 5.000626444816589355e-01 1.350060462951660156e+00 -4.763710200786590576e-01 5.189949274063110352e-01 4.788463413715362549e-01 5.238523483276367188e-01 3.358770790394360883e-01 -8.528962396567289772e-02 -5.579122699356213744e-01 6.736236024331367922e-01 1.791361679228637427e-01 1.329687936033191464e-01 -1.747677672239413005e-01
