1.661970664252501488e+09 1.378528122206244648e-16 -2.367949187755584717e-01 1.128897309303283691e+00 -6.125128269195556641e-01 6.125135421752929688e-01 3.533097505569458008e-01 3.533093035221099854e-01 0.000000000000000000e+00 0.000000000000000000e+00 0.000000000000000000e+00 0.000000000000000000e+00 0.000000000000000000e+00 0.000000000000000000e+00 0.000000000000000000e+00
1.661970679110062838e+09 1.378528122206244648e-16 -2.367949187755584717e-01 1.128897309303283691e+00 -6.125128269195556641e-01 6.125135421752929688e-01 3.533097505569458008e-01 3.533093035221099854e-01 0.000000000000000000e+00 0.000000000000000000e+00 0.000000000000000000e+00 0.000000000000000000e+00 0.000000000000000000e+00 0.000000000000000000e+00 0.000000000000000000e+00
1.661970679145967245e+09 4.707119893282651901e-03 -2.273968309164047241e-01 1.135780096054077148e+00 -6.075853705406188965e-01 6.162318587303161621e-01 3.555598556995391846e-01 3.530941307544708252e-01 3.499288404861881641e-01 -1.898320184189009052e-01 -4.247430431250934224e-01 4.741678416510122229e-01 1.560720062788706619e-01 4.309221309886732132e-02 1.136432689576731964e-01
1.661970679177389860e+09 9.546391665935516357e-03 -2.179549932479858398e-01 1.142529129981994629e+00 -6.026296019554138184e-01 6.199078559875488281e-01 3.578076660633087158e-01 3.528817892074584961e-01 4.001713649311223198e-01 -2.169076677727393987e-01 -4.853239387870814103e-01 5.417981725210982979e-01 1.783324813618034632e-01 4.923843469764856845e-02 1.298521536724328018e-01
1.661970679209304333e+09 1.451910194009542465e-02 -2.084729671478271484e-01 1.149143099784851074e+00 -5.976459383964538574e-01 6.235409975051879883e-01 3.600530922412872314e-01 3.526722788810729980e-01 3.943340046691813372e-01 -2.135647433626108871e-01 -4.778442528061779826e-01 5.334481203773563385e-01 1.755840676649345899e-01 4.847958478257588522e-02 1.278509061431195304e-01
1.661970679240221977e+09 1.962646283209323883e-02 -1.989542990922927856e-01 1.155620932579040527e+00 -5.926347374916076660e-01 6.271312832832336426e-01 3.622961342334747314e-01 3.524654805660247803e-01 4.073962745658720186e-01 -2.204503692359225386e-01 -4.932506195066265753e-01 5.506472334982999151e-01 1.812451434596481226e-01 5.004263436674551840e-02 1.319729980830360860e-01
1.661970679271645069e+09 2.486961893737316132e-02 -1.894025951623916626e-01 1.161961436271667480e+00 -5.875964164733886719e-01 6.306784152984619141e-01 3.645367920398712158e-01 3.522614836692810059e-01 4.011907511367428514e-01 -2.169043762559064725e-01 -4.853165741238889552e-01 5.417899508762844540e-01 1.783297752132828040e-01 4.923768751734339949e-02 1.298501832001383860e-01
1.661970679301564932e+09 3.024963289499282837e-02 -1.798215061426162720e-01 1.168163537979125977e+00 -5.825312137603759766e-01 6.341822147369384766e-01 3.667749762535095215e-01 3.520601689815521240e-01 4.217185321803739173e-01 -2.278020525589134759e-01 -5.096997747793278188e-01 5.690104782385599913e-01 1.872893923450720810e-01 5.171147983880236554e-02 1.363740961281652286e-01
1.661970679332482576e+09 3.576750308275222778e-02 -1.702146828174591064e-01 1.174226164817810059e+00 -5.774397253990173340e-01 6.376423835754394531e-01 3.690107464790344238e-01 3.518616557121276855e-01 4.084744956782167535e-01 -2.204503692359225386e-01 -4.932506195066265753e-01 5.506472334982926986e-01 1.812451434596490107e-01 5.004263436674910581e-02 1.319729980830351979e-01
1.661970679362907887e+09 4.142414033412933350e-02 -1.605858206748962402e-01 1.180148363113403320e+00 -5.723222494125366211e-01 6.410588622093200684e-01 3.712438941001892090e-01 3.516657352447509766e-01 4.154635622400737471e-01 -2.240176391259194877e-01 -5.012322712919701218e-01 5.595576621942320861e-01 1.841780046982693653e-01 5.085241111337265862e-02 1.341085504252071126e-01
1.661970679394822836e+09 4.722039774060249329e-02 -1.509386450052261353e-01 1.185928940773010254e+00 -5.671790242195129395e-01 6.444314122200012207e-01 3.734745085239410400e-01 3.514724969863891602e-01 3.964367785659610455e-01 -2.135615525192248731e-01 -4.778371133965923501e-01 5.334401501975373217e-01 1.755814442859411073e-01 4.847886045532922433e-02 1.278489959391595487e-01
1.661970679426737309e+09 5.315703153610229492e-02 -1.412768959999084473e-01 1.191567182540893555e+00 -5.620105862617492676e-01 6.477598547935485840e-01 3.757025003433227539e-01 3.512818813323974609e-01 3.968178534530418244e-01 -2.135647433626108871e-01 -4.778442528061710437e-01 5.334481203773493441e-01 1.755840676649328691e-01 4.847958478257588522e-02 1.278509061431203908e-01
1.661970679457655907e+09 5.923473834991455078e-02 -1.316043585538864136e-01 1.197062015533447266e+00 -5.568173527717590332e-01 6.510438323020935059e-01 3.779278397560119629e-01 3.510938882827758789e-01 4.099908947616514587e-01 -2.204435695144735807e-01 -4.932354053483160028e-01 5.506302489596983651e-01 1.812395530109054964e-01 5.004109081762535272e-02 1.319689274179278726e-01
1.661970679488572836e+09 6.545413285493850708e-02 -1.219248250126838684e-01 1.202412486076354980e+00 -5.515996813774108887e-01 6.542832851409912109e-01 3.801505267620086670e-01 3.509084582328796387e-01 4.104109852088293486e-01 -2.204554693022998113e-01 -4.932620307413316252e-01 5.506599725898788655e-01 1.812493365225390229e-01 5.004379209108020254e-02 1.319760512466701674e-01
1.661970679519489527e+09 7.181573659181594849e-02 -1.122420951724052429e-01 1.207617878913879395e+00 -5.463580489158630371e-01 6.574779748916625977e-01 3.823705017566680908e-01 3.507256209850311279e-01 4.108213004588359696e-01 -2.204571693768678509e-01 -4.932658346035467267e-01 5.506642190847170770e-01 1.812507342532832244e-01 5.004417801109570935e-02 1.319770689992738610e-01
1.661970679550406933e+09 7.832001894712448120e-02 -1.025600060820579529e-01 1.212677240371704102e+00 -5.410926342010498047e-01 6.606278419494628906e-01 3.845877647399902344e-01 3.505452573299407959e-01 4.112245142935875286e-01 -2.204520692318295561e-01 -4.932544231928729372e-01 5.506514797966609587e-01 1.812465411257228598e-01 5.004302026890523891e-02 1.319740157885511966e-01
1.661970679582321644e+09 8.496735244989395142e-02 -9.288241714239120483e-02 1.217589855194091797e+00 -5.358039140701293945e-01 6.637325882911682129e-01 3.868021368980407715e-01 3.503673672676086426e-01 3.987816469091212124e-01 -2.135631479289984147e-01 -4.778406830747072842e-01 5.334441352576761997e-01 1.755827559656367165e-01 4.847922261624701412e-02 1.278499510340035950e-01
1.661970679614236593e+09 9.175804257392883301e-02 -8.321317285299301147e-02 1.222355008125305176e+00 -5.304924249649047852e-01 6.667920947074890137e-01 3.890137374401092529e-01 3.501919806003570557e-01 3.991943798627213824e-01 -2.135615525192248731e-01 -4.778371133965923501e-01 5.334401501975373217e-01 1.755814442859411073e-01 4.847886045533270072e-02 1.278489959391604369e-01
1.661970679646151066e+09 9.869229793548583984e-02 -7.355616986751556396e-02 1.226971864700317383e+00 -5.251584649085998535e-01 6.698061227798461914e-01 3.912225067615509033e-01 3.500190675258636475e-01 3.996213343485838232e-01 -2.135647433626126079e-01 -4.778442528061710437e-01 5.334481203773493441e-01 1.755840676649328691e-01 4.847958478257588522e-02 1.278509061431195304e-01
1.661970679676070929e+09 1.057702675461769104e-01 -6.391528248786926270e-02 1.231439828872680664e+00 -5.198024511337280273e-01 6.727745532989501953e-01 3.934283554553985596e-01 3.498485386371612549e-01 4.267206106376907893e-01 -2.278020525589143919e-01 -5.096997747793203803e-01 5.690104782385599913e-01 1.872893923450730247e-01 5.171147983880236554e-02 1.363740961281661446e-01
1.661970679706988573e+09 1.129920110106468201e-01 -5.429441481828689575e-02 1.235758185386657715e+00 -5.144247412681579590e-01 6.756971478462219238e-01 3.956312537193298340e-01 3.496804237365722656e-01 4.133998231675725110e-01 -2.204503692359225386e-01 -4.932506195066337362e-01 5.506472334982999151e-01 1.812451434596490107e-01 5.004263436674730864e-02 1.319729980830351979e-01
1.661970679737905502e+09 1.203575059771537781e-01 -4.469747468829154968e-02 1.239926457405090332e+00 -5.090258121490478516e-01 6.785739064216613770e-01 3.978312313556671143e-01 3.495146632194519043e-01 4.138689342233964341e-01 -2.204554693022998113e-01 -4.932620307413244642e-01 5.506599725898716491e-01 1.812493365225381348e-01 5.004379209108020254e-02 1.319760512466692792e-01
1.661970679769820452e+09 1.278666406869888306e-01 -3.512836992740631104e-02 1.243943810462951660e+00 -5.036060810089111328e-01 6.814045310020446777e-01 4.000282287597656250e-01 3.493512272834777832e-01 4.013767245445505338e-01 -2.135615525192248731e-01 -4.778371133965923501e-01 5.334401501975303272e-01 1.755814442859411073e-01 4.847886045533095906e-02 1.278489959391595487e-01
1.661970679800738096e+09 1.355192661285400391e-01 -2.559102140367031097e-02 1.247809886932373047e+00 -4.981658160686492920e-01 6.841889619827270508e-01 4.022221267223358154e-01 3.491901159286499023e-01 4.147985830841716681e-01 -2.204503692359216227e-01 -4.932506195066337362e-01 5.506472334982999151e-01 1.812451434596481226e-01 5.004263436674551840e-02 1.319729980830356419e-01
1.661970679831655502e+09 1.433150917291641235e-01 -1.608934253454208374e-02 1.251524209976196289e+00 -4.927055239677429199e-01 6.869268417358398438e-01 4.044129848480224609e-01 3.490312993526458740e-01 4.152841626140695852e-01 -2.204520692318295561e-01 -4.932544231928657208e-01 5.506514797966681751e-01 1.812465411257219716e-01 5.004302026890703609e-02 1.319740157885507525e-01
1.661970679863570213e+09 1.512537896633148193e-01 -6.627255585044622421e-03 1.255086183547973633e+00 -4.872256517410278320e-01 6.896182894706726074e-01 4.066007137298583984e-01 3.488747477531433105e-01 4.027809034962614998e-01 -2.135631479289984147e-01 -4.778406830747072842e-01 5.334441352576692053e-01 1.755827559656375769e-01 4.847922261624701412e-02 1.278499510340044554e-01
1.661970679895484924e+09 1.593349277973175049e-01 2.791322069242596626e-03 1.258495450019836426e+00 -4.817265272140502930e-01 6.922630667686462402e-01 4.087853431701660156e-01 3.487204313278198242e-01 4.032630335443962988e-01 -2.135631479290001633e-01 -4.778406830747212175e-01 5.334441352576692053e-01 1.755827559656375769e-01 4.847922261624874885e-02 1.278499510340044554e-01
1.661970679926402092e+09 1.675580292940139771e-01 1.216247491538524628e-02 1.261751532554626465e+00 -4.762086868286132812e-01 6.948609352111816406e-01 4.109668433666229248e-01 3.485683202743530273e-01 4.167797709076655477e-01 -2.204537692539548233e-01 -4.932582269377550066e-01 5.506557261605272702e-01 1.812479388133529934e-01 5.004340617701676097e-02 1.319750335097620020e-01
1.661970679957319498e+09 1.759224832057952881e-01 2.148229442536830902e-02 1.264854073524475098e+00 -4.706723392009735107e-01 6.974118947982788086e-01 4.131450057029724121e-01 3.484183549880981445e-01 4.172894409103273250e-01 -2.204520692318295561e-01 -4.932544231928729372e-01 5.506514797966609587e-01 1.812465411257219716e-01 5.004302026890703609e-02 1.319740157885507525e-01
1.661970679989233971e+09 1.844276338815689087e-01 3.074687346816062927e-02 1.267802953720092773e+00 -4.651180505752563477e-01 6.999157667160034180e-01 4.153200089931488037e-01 3.482705056667327881e-01 4.047586468935618353e-01 -2.135647433626117475e-01 -4.778442528061641048e-01 5.334481203773563385e-01 1.755840676649328691e-01 4.847958478257588522e-02 1.278509061431195304e-01
1.661970680021148920e+09 1.930727511644363403e-01 3.995232284069061279e-02 1.270597577095031738e+00 -4.595462679862976074e-01 7.023724317550659180e-01 4.174917340278625488e-01 3.481248617172241211e-01 4.052645215577007631e-01 -2.135615525192248731e-01 -4.778371133965992890e-01 5.334401501975303272e-01 1.755814442859402469e-01 4.847886045533095906e-02 1.278489959391599928e-01
1.661970680053063393e+09 2.018569856882095337e-01 4.909475147724151611e-02 1.273237943649291992e+00 -4.539572000503540039e-01 7.047816514968872070e-01 4.196601510047912598e-01 3.479812741279602051e-01 4.057911499851335480e-01 -2.135647433626117475e-01 -4.778442528061641048e-01 5.334481203773563385e-01 1.755840676649328691e-01 4.847958478257588522e-02 1.278509061431195304e-01
1.661970680082983732e+09 2.107794731855392456e-01 5.817029252648353577e-02 1.275723576545715332e+00 -4.483514130115509033e-01 7.071435451507568359e-01 4.218251407146453857e-01 3.478396832942962646e-01 4.333989522119661708e-01 -2.277984221026801426e-01 -5.096916517501195454e-01 5.690014099812072956e-01 1.872864075346447887e-01 5.171065571864263966e-02 1.363719227492083130e-01
1.661970680113900900e+09 2.198392003774642944e-01 6.717508286237716675e-02 1.278054594993591309e+00 -4.427294135093688965e-01 7.094578146934509277e-01 4.239869117736816406e-01 3.477002382278442383e-01 4.199786566401358945e-01 -2.204537692539548233e-01 -4.932582269377621675e-01 5.506557261605201647e-01 1.812479388133521052e-01 5.004340617701676097e-02 1.319750335097615301e-01
1.661970680144818544e+09 2.290351092815399170e-01 7.610528171062469482e-02 1.280230522155761719e+00 -4.370914399623870850e-01 7.117242813110351562e-01 4.261452257633209229e-01 3.475627303123474121e-01 4.205313989776887640e-01 -2.204503692359225386e-01 -4.932506195066337362e-01 5.506472334982999151e-01 1.812451434596490107e-01 5.004263436674730864e-02 1.319729980830351979e-01
1.661970680175735474e+09 2.383660674095153809e-01 8.495706319808959961e-02 1.282251596450805664e+00 -4.314379692077636719e-01 7.139430046081542969e-01 4.283000826835632324e-01 3.474272787570953369e-01 4.211100608794859368e-01 -2.204554693023007272e-01 -4.932620307413244642e-01 5.506599725898788655e-01 1.812493365225399111e-01 5.004379209108020254e-02 1.319760512466701674e-01
1.661970680206652880e+09 2.478308528661727905e-01 9.372662007808685303e-02 1.284117460250854492e+00 -4.257694184780120850e-01 7.161138653755187988e-01 4.304514825344085693e-01 3.472937047481536865e-01 4.216785175563720345e-01 -2.204520692318295561e-01 -4.932544231928657208e-01 5.506514797966609587e-01 1.812465411257219716e-01 5.004302026890523891e-02 1.319740157885503085e-01
1.661970680238567352e+09 2.574281692504882812e-01 1.024101749062538147e-01 1.285828232765197754e+00 -4.200862646102905273e-01 7.182366251945495605e-01 4.325993657112121582e-01 3.471620976924896240e-01 4.090696521647449457e-01 -2.135647433626117475e-01 -4.778442528061710437e-01 5.334481203773493441e-01 1.755840676649328691e-01 4.847958478257761994e-02 1.278509061431195304e-01
1.661970680268993855e+09 2.671566605567932129e-01 1.110039502382278442e-01 1.287383913993835449e+00 -4.143888056278228760e-01 7.203113436698913574e-01 4.347436428070068359e-01 3.470323383808135986e-01 4.296750846519672984e-01 -2.240088622433813736e-01 -5.012126332992309363e-01 5.595357390461576097e-01 1.841707887097450702e-01 5.085041874508944987e-02 1.341032961291663828e-01
1.661970680300908566e+09 2.770148217678070068e-01 1.195042207837104797e-01 1.288784384727478027e+00 -4.086776673793792725e-01 7.223377823829650879e-01 4.368844926357269287e-01 3.469045460224151611e-01 4.102169066005035836e-01 -2.135631479290001633e-01 -4.778406830747142231e-01 5.334441352576692053e-01 1.755827559656375769e-01 4.847922261624874885e-02 1.278499510340044554e-01
1.661970680331826448e+09 2.870011925697326660e-01 1.279072761535644531e-01 1.290030002593994141e+00 -4.029529988765716553e-01 7.243159413337707520e-01 4.390216171741485596e-01 3.467784821987152100e-01 4.240491487913692903e-01 -2.204486692662340208e-01 -4.932468158790648260e-01 5.506429872654210467e-01 1.812437458151300307e-01 5.004224847053743985e-02 1.319719803932158375e-01
1.661970680362743378e+09 2.971141040325164795e-01 1.362094134092330933e-01 1.291120529174804688e+00 -3.972153961658477783e-01 7.262457013130187988e-01 4.411551952362060547e-01 3.466542363166809082e-01 4.246726363482172251e-01 -2.204554693022998113e-01 -4.932620307413244642e-01 5.506599725898716491e-01 1.812493365225390229e-01 5.004379209108199972e-02 1.319760512466701674e-01
1.661970680393661737e+09 3.073519468307495117e-01 1.444070041179656982e-01 1.292056441307067871e+00 -3.914653062820434570e-01 7.281270027160644531e-01 4.432850778102874756e-01 3.465318381786346436e-01 4.252734816536847262e-01 -2.204452694055101525e-01 -4.932392087999109553e-01 5.506344949961253787e-01 1.812409505907592311e-01 5.004147669597570208e-02 1.319699450606629798e-01
1.661970680424578190e+09 3.177129030227661133e-01 1.524964272975921631e-01 1.292837738990783691e+00 -3.857030570507049561e-01 7.299597263336181641e-01 4.454112946987152100e-01 3.464111685752868652e-01 4.259250155119903014e-01 -2.204588694776532520e-01 -4.932696385244447201e-01 5.506684656450580029e-01 1.812521320055860974e-01 5.004456393706521733e-02 1.319780867675756642e-01
1.661970680455496311e+09 3.281951546669006348e-01 1.604740619659423828e-01 1.293464660644531250e+00 -3.799290955066680908e-01 7.317438721656799316e-01 4.475337862968444824e-01 3.462921977043151855e-01 4.265336334067009738e-01 -2.204469693227634197e-01 -4.932430123101577135e-01 5.506387410980229102e-01 1.812423481921672519e-01 5.004186258028088530e-02 1.319709627190918944e-01
1.661970680485415459e+09 3.387968540191650391e-01 1.683363914489746094e-01 1.293937563896179199e+00 -3.741438686847686768e-01 7.334793210029602051e-01 4.496524631977081299e-01 3.461749553680419922e-01 4.414369778927199062e-01 -2.278074984602435349e-01 -5.097119598086002901e-01 5.690240811665673304e-01 1.872938697391046958e-01 5.171271606830072504e-02 1.363773563264957800e-01
1.661970680516333103e+09 3.495159447193145752e-01 1.760798692703247070e-01 1.294256567955017090e+00 -3.683477938175201416e-01 7.351660132408142090e-01 4.517674744129180908e-01 3.460593521595001221e-01 4.278244633040613198e-01 -2.204503692359207345e-01 -4.932506195066337362e-01 5.506472334982926986e-01 1.812451434596490107e-01 5.004263436674551840e-02 1.319729980830351979e-01
1.661970680547250271e+09 3.603504598140716553e-01 1.837010234594345093e-01 1.294422149658203125e+00 -3.625412583351135254e-01 7.368038296699523926e-01 4.538786113262176514e-01 3.459454178810119629e-01 4.284834633326453091e-01 -2.204537692539557114e-01 -4.932582269377621675e-01 5.506557261605272702e-01 1.812479388133521052e-01 5.004340617701855121e-02 1.319750335097615301e-01
1.661970680578168869e+09 3.712982237339019775e-01 1.911964267492294312e-01 1.294434666633605957e+00 -3.567247390747070312e-01 7.383928298950195312e-01 4.559858441352844238e-01 3.458330333232879639e-01 4.291206594692995591e-01 -2.204435695144735807e-01 -4.932354053483232192e-01 5.506302489596983651e-01 1.812395530109054964e-01 5.004109081762175837e-02 1.319689274179287608e-01
1.661970680609085083e+09 3.823570609092712402e-01 1.985626816749572754e-01 1.294294357299804688e+00 -3.508986532688140869e-01 7.399327754974365234e-01 4.580892622470855713e-01 3.457222878932952881e-01 4.298169754081758165e-01 -2.204605696046619823e-01 -4.932734425040197768e-01 5.506727122709029754e-01 1.812535297794454214e-01 5.004494986898527092e-02 1.319791045515759376e-01
1.661970680640002012e+09 3.935247361660003662e-01 2.057964056730270386e-01 1.294001936912536621e+00 -3.450634181499481201e-01 7.414237856864929199e-01 4.601888060569763184e-01 3.456130623817443848e-01 4.304758393318201537e-01 -2.204554693023016154e-01 -4.932620307413244642e-01 5.506599725898716491e-01 1.812493365225390229e-01 5.004379209108020254e-02 1.319760512466692792e-01
1.661970680670919895e+09 3.935247361660003662e-01 2.057964056730270386e-01 1.294001936912536621e+00 -3.450634181499481201e-01 7.414237856864929199e-01 4.601888060569763184e-01 3.456130623817443848e-01 0.000000000000000000e+00 0.000000000000000000e+00 0.000000000000000000e+00 0.000000000000000000e+00 0.000000000000000000e+00 0.000000000000000000e+00 8.977191513424287382e-16
1.661970680702834129e+09 3.909958600997924805e-01 2.148918360471725464e-01 1.296874403953552246e+00 -3.502016365528106689e-01 7.359440326690673828e-01 4.615740180015563965e-01 3.502779304981231689e-01 3.091969124648799028e-01 1.330834064343756062e-01 -3.467318097901931906e-01 4.762544656736943383e-01 8.198724871174432882e-02 1.692574624382988946e-01 -4.761667256729372188e-01
1.661970680734749079e+09 3.883869051933288574e-01 2.239400744438171387e-01 1.299670815467834473e+00 -3.552552759647369385e-01 7.304191589355468750e-01 4.629110991954803467e-01 3.549574017524719238e-01 3.077961286026658083e-01 1.330804238612674217e-01 -3.467240390770701119e-01 4.762437921885272485e-01 8.198541127032274445e-02 1.692536691573035823e-01 -4.761560541541486891e-01
1.661970680766171932e+09 3.856980800628662109e-01 2.329396754503250122e-01 1.302391052246093750e+00 -3.602239191532135010e-01 7.248503565788269043e-01 4.642001688480377197e-01 3.596509993076324463e-01 3.111959547914969204e-01 1.351645228532717125e-01 -3.521538926902409439e-01 4.837019830963409373e-01 8.326933949981163430e-02 1.719042573584058375e-01 -4.836128710450806611e-01
1.661970680797089338e+09 3.829297423362731934e-01 2.418892085552215576e-01 1.305034995079040527e+00 -3.651069700717926025e-01 7.192390561103820801e-01 4.654408991336822510e-01 3.643581271171569824e-01 3.148347015377467861e-01 1.373742345866508230e-01 -3.579110142499878910e-01 4.916096938250374415e-01 8.463065260652576083e-02 1.747146017186243239e-01 -4.915191249421909103e-01
1.661970680828006744e+09 3.800821304321289062e-01 2.507871985435485840e-01 1.307602763175964355e+00 -3.699040710926055908e-01 7.135865092277526855e-01 4.666331410408020020e-01 3.690783083438873291e-01 3.133830591438557800e-01 1.373742345866472148e-01 -3.579110142499951075e-01 4.916096938250374415e-01 8.463065260652755106e-02 1.747146017186225475e-01 -4.915191249421891340e-01
1.661970680858924150e+09 3.771556317806243896e-01 2.596322596073150635e-01 1.310094475746154785e+00 -3.746147155761718750e-01 7.078940272331237793e-01 4.677768349647521973e-01 3.738109469413757324e-01 3.119301892481834426e-01 1.373742345866490189e-01 -3.579110142499807301e-01 4.916096938250302251e-01 8.463065260652755106e-02 1.747146017186225475e-01 -4.915191249421873576e-01
1.661970680890346527e+09 3.741505444049835205e-01 2.684229016304016113e-01 1.312509894371032715e+00 -3.792385458946228027e-01 7.021629810333251953e-01 4.688719809055328369e-01 3.785555660724639893e-01 3.054819180820159130e-01 1.351665739860608006e-01 -3.521592366546273944e-01 4.837093233138539117e-01 8.327060311890946420e-02 1.719068660196976239e-01 -4.836202099103038554e-01
1.661970680922261238e+09 3.710672557353973389e-01 2.771577537059783936e-01 1.314849376678466797e+00 -3.837751150131225586e-01 6.963946819305419922e-01 4.699184000492095947e-01 3.833116888999938965e-01 2.993580367622254435e-01 1.330814180374487177e-01 -3.467266292760771140e-01 4.762473499637634999e-01 8.198602374164554174e-02 1.692549335654102427e-01 -4.761596112739316933e-01
1.661970680954175949e+09 3.679061532020568848e-01 2.858353853225708008e-01 1.317112565040588379e+00 -3.882240951061248779e-01 6.905904412269592285e-01 4.709160327911376953e-01 3.880787491798400879e-01 2.979418044896871010e-01 1.330814180374487177e-01 -3.467266292760771140e-01 4.762473499637565055e-01 8.198602374164380702e-02 1.692549335654102427e-01 -4.761596112739299169e-01
1.661970680985597610e+09 3.646676540374755859e-01 2.944543659687042236e-01 1.319299936294555664e+00 -3.925851583480834961e-01 6.847515702247619629e-01 4.718646705150604248e-01 3.928561508655548096e-01 3.011800454223342860e-01 1.351696508019673837e-01 -3.521672529053029299e-01 4.837203340578217770e-01 8.327249861946607601e-02 1.719107791600841817e-01 -4.836312186257759049e-01
1.661970681017512083e+09 3.613521456718444824e-01 3.030132949352264404e-01 1.321411132812500000e+00 -3.968578279018402100e-01 6.788794994354248047e-01 4.727643430233001709e-01 3.976434171199798584e-01 2.951116855690282259e-01 1.330824122284858246e-01 -3.467292195137845479e-01 4.762509077921497913e-01 8.198663622211933844e-02 1.692561979924085414e-01 -4.761631684468619619e-01
1.661970681047432661e+09 3.579600751399993896e-01 3.115107715129852295e-01 1.323446631431579590e+00 -4.010419547557830811e-01 6.729754805564880371e-01 4.736150205135345459e-01 4.024401009082794189e-01 3.132686843712277347e-01 1.419509675088678757e-01 -3.698351070543811070e-01 5.079880654853491384e-01 8.745019074756703314e-02 1.805353589522060154e-01 -5.078944792274534548e-01
1.661970681078853846e+09 3.544919490814208984e-01 3.199454247951507568e-01 1.325406193733215332e+00 -4.051372408866882324e-01 6.670410037040710449e-01 4.744166433811187744e-01 4.072456061840057373e-01 2.968690500688967449e-01 1.351717020903929201e-01 -3.521725972751707512e-01 4.837276748322972275e-01 8.327376233444626352e-02 1.719133880193154384e-01 -4.836385580478659851e-01
1.661970681110768318e+09 3.509482145309448242e-01 3.283158540725708008e-01 1.327290058135986328e+00 -4.091433286666870117e-01 6.610773205757141113e-01 4.751690030097961426e-01 4.120593965053558350e-01 2.908661023569334980e-01 1.330824122284840760e-01 -3.467292195137914868e-01 4.762509077921428524e-01 8.198663622211933844e-02 1.692561979924102900e-01 -4.761631684468601855e-01
1.661970681141687632e+09 3.473293483257293701e-01 3.366206884384155273e-01 1.329098343849182129e+00 -4.130600392818450928e-01 6.550858020782470703e-01 4.758721590042114258e-01 4.168809354305267334e-01 2.987701634565873010e-01 1.373657602536367817e-01 -3.578889354581923921e-01 4.915793674376325861e-01 8.462543191623297933e-02 1.747038239354267164e-01 -4.914888041417935227e-01
1.661970681172603369e+09 3.436359167098999023e-01 3.448585569858551025e-01 1.330831050872802734e+00 -4.168871343135833740e-01 6.490678191184997559e-01 4.765260517597198486e-01 4.217097461223602295e-01 2.973477468042320937e-01 1.373816504857938159e-01 -3.579303354275906734e-01 4.916362324836074382e-01 8.463522123896563554e-02 1.747240333698296677e-01 -4.915456587115639153e-01
1.661970681204518080e+09 3.398684263229370117e-01 3.530280888080596924e-01 1.332488298416137695e+00 -4.206244051456451416e-01 6.430246829986572266e-01 4.771306216716766357e-01 4.265452325344085693e-01 2.866317795576446836e-01 1.330814180374487177e-01 -3.467266292760771140e-01 4.762473499637565055e-01 8.198602374164380702e-02 1.692549335654119635e-01 -4.761596112739299169e-01
1.661970681236432552e+09 3.360274434089660645e-01 3.611279726028442383e-01 1.334070324897766113e+00 -4.242715537548065186e-01 6.369578838348388672e-01 4.776857495307922363e-01 4.313868582248687744e-01 2.852301772313675654e-01 1.330824122284858246e-01 -3.467292195137845479e-01 4.762509077921497913e-01 8.198663622211933844e-02 1.692561979924067928e-01 -4.761631684468584647e-01
1.661970681267350197e+09 3.321135342121124268e-01 3.691568076610565186e-01 1.335577249526977539e+00 -4.278286099433898926e-01 6.308686137199401855e-01 4.781915545463562012e-01 4.362342357635498047e-01 2.929796062461052508e-01 1.373731752378420656e-01 -3.579082542520372057e-01 4.916059028219814664e-01 8.462999998501420651e-02 1.747132544230019513e-01 -4.915153346375522037e-01
1.661970681298267603e+09 3.281272947788238525e-01 3.771133124828338623e-01 1.337009072303771973e+00 -4.312952756881713867e-01 6.247584223747253418e-01 4.786479175090789795e-01 4.410867094993591309e-01 2.915402034706396361e-01 1.373742345866490189e-01 -3.579110142499878910e-01 4.916096938250338333e-01 8.463065260652755106e-02 1.747146017186225475e-01 -4.915191249421909103e-01
1.661970681330181837e+09 3.240693509578704834e-01 3.849961161613464355e-01 1.338366150856018066e+00 -4.346715211868286133e-01 6.186285614967346191e-01 4.790548384189605713e-01 4.459437727928161621e-01 2.810418154914584021e-01 1.330834064343773548e-01 -3.467318097902001850e-01 4.762544656736908966e-01 8.198724871174259410e-02 1.692574624382988946e-01 -4.761667256729398279e-01
1.661970681361099720e+09 3.199403285980224609e-01 3.928039669990539551e-01 1.339648485183715820e+00 -4.379571676254272461e-01 6.124804615974426270e-01 4.794122874736785889e-01 4.508048295974731445e-01 2.886681005935906041e-01 1.373721159053722385e-01 -3.579054942966531372e-01 4.916021118773966081e-01 8.462934737356606063e-02 1.747119071481585129e-01 -4.915115443913684046e-01
1.661970681392017126e+09 3.157408535480499268e-01 4.005354940891265869e-01 1.340856313705444336e+00 -4.411522746086120605e-01 6.063154339790344238e-01 4.797202944755554199e-01 4.556694924831390381e-01 2.872469923806016401e-01 1.373742345866490189e-01 -3.579110142499878910e-01 4.916096938250374415e-01 8.463065260652755106e-02 1.747146017186225475e-01 -4.915191249421900221e-01
1.661970681423931599e+09 3.114716112613677979e-01 4.081894457340240479e-01 1.341989874839782715e+00 -4.442566633224487305e-01 6.001348495483398438e-01 4.799788296222686768e-01 4.605372250080108643e-01 2.768995060384933926e-01 1.330824122284858246e-01 -3.467292195137845479e-01 4.762509077921428524e-01 8.198663622211933844e-02 1.692561979924085414e-01 -4.761631684468610737e-01
1.661970681453852177e+09 3.071332871913909912e-01 4.157645404338836670e-01 1.343049287796020508e+00 -4.472702741622924805e-01 5.939401388168334961e-01 4.801878929138183594e-01 4.654074013233184814e-01 2.938943985841914741e-01 1.419509675088669598e-01 -3.698351070543737240e-01 5.079880654853491384e-01 8.745019074756703314e-02 1.805353589522041557e-01 -5.078944792274524556e-01
1.661970681485766649e+09 3.027265667915344238e-01 4.232594668865203857e-01 1.344034671783447266e+00 -4.501931369304656982e-01 5.877326130867004395e-01 4.803474843502044678e-01 4.702795147895812988e-01 2.741731284159982796e-01 1.330824122284858246e-01 -3.467292195137845479e-01 4.762509077921462941e-01 8.198663622211933844e-02 1.692561979924085414e-01 -4.761631684468610737e-01
1.661970681517681837e+09 2.982521653175354004e-01 4.306730031967163086e-01 1.344946384429931641e+00 -4.530252814292907715e-01 5.815136432647705078e-01 4.804576337337493896e-01 4.751530885696411133e-01 2.728171063847941724e-01 1.330794296999363857e-01 -3.467214489167626534e-01 4.762402344664573572e-01 8.198479880815072451e-02 1.692524047680898647e-01 -4.761524970875108398e-01
1.661970681548598528e+09 2.937108278274536133e-01 4.380038976669311523e-01 1.345784544944763184e+00 -4.557667076587677002e-01 5.752846598625183105e-01 4.805183708667755127e-01 4.800275564193725586e-01 2.802432812825380037e-01 1.373774127311017113e-01 -3.579192944992495296e-01 4.916210671850094194e-01 8.463261053145919310e-02 1.747186437301680717e-01 -4.915304962068592354e-01
1.661970681578518867e+09 2.891033291816711426e-01 4.452508985996246338e-01 1.346549510955810547e+00 -4.584173858165740967e-01 5.690469145774841309e-01 4.805296361446380615e-01 4.849024116992950439e-01 2.881542378857543940e-01 1.419520986373392080e-01 -3.698380540650678117e-01 5.079921133602846028e-01 8.745088758959856934e-02 1.805367975382749512e-01 -5.078985263566555552e-01
1.661970681609436512e+09 2.844303846359252930e-01 4.524128139019012451e-01 1.347241401672363281e+00 -4.609775245189666748e-01 5.628018379211425781e-01 4.804915785789489746e-01 4.897771775722503662e-01 2.774958961381325251e-01 1.373731752378420656e-01 -3.579082542520444221e-01 4.916059028219814664e-01 8.462999998501420651e-02 1.747132544230019513e-01 -4.915153346375504273e-01
1.661970681640352964e+09 2.796928286552429199e-01 4.594883620738983154e-01 1.347860336303710938e+00 -4.634471237659454346e-01 5.565508008003234863e-01 4.804041683673858643e-01 4.946511685848236084e-01 2.761512405653109292e-01 1.373784721452636082e-01 -3.579220546674765080e-01 4.916248584219453099e-01 8.463326319323739855e-02 1.747199911089109825e-01 -4.915342867453383335e-01
1.661970681671270847e+09 2.748914659023284912e-01 4.664764106273651123e-01 1.348406910896301270e+00 -4.658262729644775391e-01 5.502951741218566895e-01 4.802674055099487305e-01 4.995240569114685059e-01 2.747974391870823818e-01 1.373721159053731544e-01 -3.579054942966531372e-01 4.916021118773966081e-01 8.462934737356606063e-02 1.747119071481567087e-01 -4.915115443913701809e-01
1.661970681703185320e+09 2.700271010398864746e-01 4.733757376670837402e-01 1.348881125450134277e+00 -4.681152403354644775e-01 5.440363287925720215e-01 4.800815284252166748e-01 5.043951869010925293e-01 2.649279652840044741e-01 1.330824122284858246e-01 -3.467292195137845479e-01 4.762509077921497913e-01 8.198663622211933844e-02 1.692561979924085414e-01 -4.761631684468601855e-01
1.661970681735100269e+09 2.651005387306213379e-01 4.801851809024810791e-01 1.349283218383789062e+00 -4.703139066696166992e-01 5.377755165100097656e-01 4.798463582992553711e-01 5.092641115188598633e-01 2.636490349007934997e-01 1.330804238612656731e-01 -3.467240390770701119e-01 4.762437921885307457e-01 8.198541127032100972e-02 1.692536691573035823e-01 -4.761560541541486891e-01
1.661970681766017199e+09 2.601127028465270996e-01 4.869035780429840088e-01 1.349613666534423828e+00 -4.724226295948028564e-01 5.315139889717102051e-01 4.795620143413543701e-01 5.141303539276123047e-01 2.708561690862775762e-01 1.373763533332775510e-01 -3.579165343735931093e-01 4.916172760065464775e-01 8.463195787975071049e-02 1.747172963722078143e-01 -4.915267057268422057e-01
1.661970681796934843e+09 2.550643980503082275e-01 4.935297667980194092e-01 1.349872708320617676e+00 -4.744415581226348877e-01 5.252533555030822754e-01 4.792285859584808350e-01 5.189932584762573242e-01 2.695612307842996658e-01 1.373731752378420656e-01 -3.579082542520408139e-01 4.916059028219814664e-01 8.462999998501420651e-02 1.747132544230001472e-01 -4.915153346375522037e-01
