1.661970720755107641e+09 1.378528122206244648e-16 -2.367949187755584717e-01 1.128897309303283691e+00 -6.125128269195556641e-01 6.125135421752929688e-01 3.533097505569458008e-01 3.533093035221099854e-01 0.000000000000000000e+00 0.000000000000000000e+00 0.000000000000000000e+00 0.000000000000000000e+00 0.000000000000000000e+00 0.000000000000000000e+00 0.000000000000000000e+00
1.661970787633990288e+09 1.517306000284389216e-16 -2.367949187755584717e-01 1.128897309303283691e+00 -6.125128269195556641e-01 6.125135421752929688e-01 3.533097505569458008e-01 3.533093035221099854e-01 2.075062749052692041e-19 0.000000000000000000e+00 0.000000000000000000e+00 0.000000000000000000e+00 0.000000000000000000e+00 -1.660050199242153633e-18 0.000000000000000000e+00
1.661970787669894457e+09 2.038129605352878571e-02 -2.384146898984909058e-01 1.125918388366699219e+00 -5.937396287918090820e-01 6.220297813415527344e-01 3.570528030395507812e-01 3.647812604904174805e-01 5.754605825480244574e-01 -6.848707575368582212e-01 1.652495690225877223e-01 -3.861155335987274118e-01 -4.875345178412383018e-01 9.148375100315107034e-01 9.047094446957717473e-01
1.661970787700811625e+09 4.047035798430442810e-02 -2.407025843858718872e-01 1.123006105422973633e+00 -5.750176310539245605e-01 6.306296586990356445e-01 3.609386384487152100e-01 3.760110139846801758e-01 6.607198318156528583e-01 -7.953417902290911279e-01 1.919046573600389771e-01 -4.483967469017784424e-01 -5.661748175858760668e-01 1.062402643111866052e+00 1.050640900437014968e+00
1.661970787730731726e+09 6.023831292986869812e-02 -2.436403185129165649e-01 1.120152473449707031e+00 -5.563900470733642578e-01 6.383330225944519043e-01 3.649681508541107178e-01 3.869874775409698486e-01 6.747222233116598744e-01 -8.218460005239142108e-01 1.982997461856228494e-01 -4.633392556714516775e-01 -5.850421983940714554e-01 1.097806470015899372e+00 1.085652775471890541e+00
1.661970787761648893e+09 7.965769618749618530e-02 -2.472083866596221924e-01 1.117349386215209961e+00 -5.378987193107604980e-01 6.451616883277893066e-01 3.691423237323760986e-01 3.976998925209045410e-01 6.450279904416557075e-01 -7.953417902290946806e-01 1.919046573600246275e-01 -4.483967469017784424e-01 -5.661748175858760668e-01 1.062402643111866052e+00 1.050640900437014968e+00
1.661970787792074442e+09 9.870250523090362549e-02 -2.513862550258636475e-01 1.114588737487792969e+00 -5.195839405059814453e-01 6.511392593383789062e-01 3.734619617462158203e-01 4.081376791000366211e-01 6.472239440433654734e-01 -8.081930038220578316e-01 1.950054723448870486e-01 -4.556419871740808869e-01 -5.753231279112448471e-01 1.079569053146009150e+00 1.067617263035955055e+00
1.661970787822992086e+09 1.173482462763786316e-01 -2.561523914337158203e-01 1.111862182617187500e+00 -5.014836788177490234e-01 6.562914848327636719e-01 3.779273033142089844e-01 4.182901382446289062e-01 6.286841609556970134e-01 -7.953295238185938976e-01 1.919016976497058269e-01 -4.483898313610251707e-01 -5.661660855755491495e-01 1.062386257870840289e+00 1.050624696595181096e+00
1.661970787853909731e+09 1.355719566345214844e-01 -2.614844441413879395e-01 1.109161138534545898e+00 -4.836340248584747314e-01 6.606456041336059570e-01 3.825384378433227539e-01 4.281469583511352539e-01 6.203220238201602177e-01 -7.953295238185974503e-01 1.919016976497058269e-01 -4.483898313610107933e-01 -5.661660855755455968e-01 1.062386257870840289e+00 1.050624696595184648e+00
1.661970787884826899e+09 1.533522307872772217e-01 -2.673592567443847656e-01 1.106477022171020508e+00 -4.660692512989044189e-01 6.642304658889770508e-01 3.872953951358795166e-01 4.376980364322662354e-01 6.118634095708477272e-01 -7.953417902290946806e-01 1.919046573600389771e-01 -4.483967469017640650e-01 -5.661748175858742904e-01 1.062402643111873379e+00 1.050640900437014968e+00
1.661970787915744305e+09 1.706692427396774292e-01 -2.737531065940856934e-01 1.103801250457763672e+00 -4.488214254379272461e-01 6.670764088630676270e-01 3.921976983547210693e-01 4.469334185123443604e-01 6.033045912001245847e-01 -7.953356569765429596e-01 1.919031774934533696e-01 -4.483932891047373026e-01 -5.661704515470389332e-01 1.062394450428170600e+00 1.050632798453615013e+00
1.661970787946661711e+09 1.875047832727432251e-01 -2.806417047977447510e-01 1.101125121116638184e+00 -4.319201409816741943e-01 6.692151427268981934e-01 3.972445130348205566e-01 4.558430910110473633e-01 5.946854897330990930e-01 -7.953356569765500650e-01 1.919031774934533696e-01 -4.483932891047229252e-01 -5.661704515470424859e-01 1.062394450428181480e+00 1.050632798453622119e+00
1.661970787978576183e+09 2.038421779870986938e-01 -2.880004048347473145e-01 1.098439931869506836e+00 -4.153933525085449219e-01 6.706791520118713379e-01 4.024351835250854492e-01 4.644177258014678955e-01 5.677128209536986825e-01 -7.704879163130464725e-01 1.859077712206019251e-01 -4.343846626019544632e-01 -5.484822510646713001e-01 1.029203304582992695e+00 1.017809108129224649e+00
1.661970788008496046e+09 2.196663618087768555e-01 -2.958041429519653320e-01 1.095737099647521973e+00 -3.992661535739898682e-01 6.715024709701538086e-01 4.077683985233306885e-01 4.726478457450866699e-01 5.965804678852384413e-01 -8.218525494629029815e-01 1.983013263514332714e-01 -4.633429478236487653e-01 -5.850468603449262561e-01 1.097815217965741663e+00 1.085661426574154431e+00
1.661970788040410995e+09 2.349638789892196655e-01 -3.040277957916259766e-01 1.093008160591125488e+00 -3.835616409778594971e-01 6.717196702957153320e-01 4.132426679134368896e-01 4.805243313312530518e-01 5.508686283188544142e-01 -7.704764045520922089e-01 1.859049935964810774e-01 -4.343781725165284935e-01 -5.484740562618375392e-01 1.029187927388670376e+00 1.017793901174127491e+00
1.661970788072325468e+09 2.497227638959884644e-01 -3.126459717750549316e-01 1.090244650840759277e+00 -3.683006465435028076e-01 6.713661551475524902e-01 4.188564121723175049e-01 4.880383312702178955e-01 5.424763226798787752e-01 -7.704879163130464725e-01 1.859077712206019251e-01 -4.343846626019405299e-01 -5.484822510646713001e-01 1.029203304582992695e+00 1.017809108129228202e+00
1.661970788104240656e+09 2.639325857162475586e-01 -3.216333687305450439e-01 1.087437987327575684e+00 -3.535014986991882324e-01 6.704779267311096191e-01 4.246075749397277832e-01 4.951812624931335449e-01 5.341063703842451327e-01 -7.704706488006144438e-01 1.859036048155594256e-01 -4.343749275465266790e-01 -5.484699589522463725e-01 1.029180238963819605e+00 1.017786297866985157e+00
1.661970788136155128e+09 2.775844335556030273e-01 -3.309647142887115479e-01 1.084580302238464355e+00 -3.391802310943603516e-01 6.690914630889892578e-01 4.304939210414886475e-01 5.019446611404418945e-01 5.258222113741148895e-01 -7.704879163130464725e-01 1.859077712206019251e-01 -4.343846626019544632e-01 -5.484822510646713001e-01 1.029203304582992695e+00 1.017809108129224649e+00
1.661970788168069601e+09 2.906708121299743652e-01 -3.406149148941040039e-01 1.081663489341735840e+00 -3.253505229949951172e-01 6.672433614730834961e-01 4.365130364894866943e-01 5.083204507827758789e-01 5.176117524548494719e-01 -7.704879163130446962e-01 1.859077712206019251e-01 -4.343846626019405299e-01 -5.484822510646713001e-01 1.029203304582992695e+00 1.017809108129228202e+00
1.661970788198987484e+09 3.031856417655944824e-01 -3.505591154098510742e-01 1.078679680824279785e+00 -3.120238184928894043e-01 6.649707555770874023e-01 4.426622688770294189e-01 5.143007636070251465e-01 5.259326995715647435e-01 -7.953233907552329507e-01 1.919002178287958493e-01 -4.483863736706407144e-01 -5.661617196713855105e-01 1.062378065439854025e+00 1.050616594861696118e+00
1.661970788229904413e+09 3.151242434978485107e-01 -3.607727289199829102e-01 1.075621485710144043e+00 -2.992089986801147461e-01 6.623103022575378418e-01 4.489383995532989502e-01 5.198782086372375488e-01 5.177186120303997052e-01 -7.953479235762317412e-01 1.919061372494201279e-01 -4.484002047521353784e-01 -5.661791836920442300e-01 1.062410835921918872e+00 1.050649002545362531e+00
1.661970788260821819e+09 3.264832198619842529e-01 -3.712315857410430908e-01 1.072481513023376465e+00 -2.869128882884979248e-01 6.592990756034851074e-01 4.553384184837341309e-01 5.250453352928161621e-01 5.096383451672636955e-01 -7.953356569765500650e-01 1.919031774934533696e-01 -4.483932891047373026e-01 -5.661704515470424859e-01 1.062394450428176151e+00 1.050632798453622119e+00
1.661970788292244196e+09 3.372603952884674072e-01 -3.819119930267333984e-01 1.069252848625183105e+00 -2.751399278640747070e-01 6.559734344482421875e-01 4.618588089942932129e-01 5.297954082489013672e-01 4.936822148691728529e-01 -7.825542849861382155e-01 1.888192142935651296e-01 -4.411874240390997737e-01 -5.570718589116873121e-01 1.045321333496527227e+00 1.033748696119506594e+00
1.661970788324159145e+09 3.474548161029815674e-01 -3.927907347679138184e-01 1.065928697586059570e+00 -2.638923525810241699e-01 6.523698568344116211e-01 4.684959650039672852e-01 5.341216325759887695e-01 4.786133608724391086e-01 -7.704764045520922089e-01 1.859049935964810774e-01 -4.343781725165145602e-01 -5.484740562618357629e-01 1.029187927388668822e+00 1.017793901174124160e+00
1.661970788356074095e+09 3.570667207241058350e-01 -4.038451313972473145e-01 1.062502861022949219e+00 -2.531703412532806396e-01 6.485237479209899902e-01 4.752457737922668457e-01 5.380178689956665039e-01 4.713807744656591803e-01 -7.704764045520922089e-01 1.859049935964810774e-01 -4.343781725165284935e-01 -5.484740562618375392e-01 1.029187927388672152e+00 1.017793901174131044e+00
1.661970788387496710e+09 3.660973012447357178e-01 -4.150531291961669922e-01 1.058969378471374512e+00 -2.429716885089874268e-01 6.444702744483947754e-01 4.821043014526367188e-01 5.414779782295227051e-01 4.716602831025842324e-01 -7.825483473682667279e-01 1.888177816308569124e-01 -4.411840765367170403e-01 -5.570676321380454432e-01 1.045313402137961756e+00 1.033740852568138413e+00
1.661970788419411659e+09 3.745488822460174561e-01 -4.263933300971984863e-01 1.055322527885437012e+00 -2.332923263311386108e-01 6.402437686920166016e-01 4.890668690204620361e-01 5.444963574409484863e-01 4.576470672355483771e-01 -7.704764045520957616e-01 1.859049935964810774e-01 -4.343781725165284935e-01 -5.484740562618357629e-01 1.029187927388670376e+00 1.017793901174131044e+00
1.661970788450328588e+09 3.824246525764465332e-01 -4.378449916839599609e-01 1.051557302474975586e+00 -2.241262346506118774e-01 6.358774900436401367e-01 4.961290061473846436e-01 5.470678806304931641e-01 4.657476543364161281e-01 -7.953479235762299648e-01 1.919061372494201279e-01 -4.484002047521353784e-01 -5.661791836920460064e-01 1.062410835921918872e+00 1.050649002545362531e+00
1.661970788480752945e+09 3.897286951541900635e-01 -4.493880867958068848e-01 1.047668814659118652e+00 -2.154653519392013550e-01 6.314041018486022949e-01 5.032858848571777344e-01 5.491874217987060547e-01 4.668151254958519125e-01 -8.082246705933601172e-01 1.950131130862129969e-01 -4.556598402247100110e-01 -5.753456703309766107e-01 1.079611353025059506e+00 1.067659094617698479e+00
1.661970788511671305e+09 3.964659571647644043e-01 -4.610033333301544189e-01 1.043652772903442383e+00 -2.072999030351638794e-01 6.268550157546997070e-01 5.105326771736145020e-01 5.508503913879394531e-01 4.533055610911990163e-01 -7.953111249122699622e-01 1.918972582554145656e-01 -4.483794584498357882e-01 -5.661529880650660873e-01 1.062361680956921850e+00 1.050600391769575870e+00
1.661970788543586016e+09 4.026420712471008301e-01 -4.726721644401550293e-01 1.039505243301391602e+00 -1.996181905269622803e-01 6.222599148750305176e-01 5.178635716438293457e-01 5.520527958869934082e-01 4.336132570601570202e-01 -7.704821603895684046e-01 1.859063823981663977e-01 -4.343814175349854922e-01 -5.484781536326447382e-01 1.029195615928393925e+00 1.017801504594874507e+00
1.661970788575010777e+09 4.082633554935455322e-01 -4.843767881393432617e-01 1.035222768783569336e+00 -1.924071162939071655e-01 6.176486611366271973e-01 5.252739191055297852e-01 5.527903437614440918e-01 4.350861271997688018e-01 -7.824949128617889604e-01 1.888048886447293573e-01 -4.411539513010509506e-01 -5.570295940614210517e-01 1.045242025326617474e+00 1.033670265961612600e+00
1.661970788606925488e+09 4.133368134498596191e-01 -4.961001873016357422e-01 1.030802607536315918e+00 -1.856518387794494629e-01 6.130479574203491211e-01 5.327573418617248535e-01 5.530599951744079590e-01 4.235427397603660493e-01 -7.704821603895718463e-01 1.859063823981803032e-01 -4.343814175349854922e-01 -5.484781536326430729e-01 1.029195615928393925e+00 1.017801504594874507e+00
1.661970788638839722e+09 4.178699851036071777e-01 -5.078261494636535645e-01 1.026242136955261230e+00 -1.793360114097595215e-01 6.084840893745422363e-01 5.403083562850952148e-01 5.528584718704223633e-01 4.190393963970011071e-01 -7.704936723225180861e-01 1.859091600637881314e-01 -4.343879077173947167e-01 -5.484863485579201114e-01 1.029210993352469128e+00 1.017816711777184358e+00
1.661970788670754194e+09 4.218708276748657227e-01 -5.195391178131103516e-01 1.021539449691772461e+00 -1.734422892332077026e-01 6.039820909500122070e-01 5.479210019111633301e-01 5.521829724311828613e-01 4.148801481750787334e-01 -7.704879163130464725e-01 1.859077712206019251e-01 -4.343846626019405299e-01 -5.484822510646695237e-01 1.029203304582992695e+00 1.017809108129221318e+00
1.661970788702669382e+09 4.253478944301605225e-01 -5.312243700027465820e-01 1.016692996025085449e+00 -1.679516583681106567e-01 5.995646119117736816e-01 5.555890798568725586e-01 5.510312318801879883e-01 4.110761994539618436e-01 -7.704706488006127785e-01 1.859036048155594256e-01 -4.343749275465406123e-01 -5.484699589522498142e-01 1.029180238963819605e+00 1.017786297866985157e+00
1.661970788733587027e+09 4.283100366592407227e-01 -5.428679585456848145e-01 1.011702060699462891e+00 -1.628442704677581787e-01 5.952530503273010254e-01 5.633061528205871582e-01 5.494013428688049316e-01 4.207913090156246705e-01 -7.953295238185974503e-01 1.919016976497058269e-01 -4.483898313610107933e-01 -5.661660855755455968e-01 1.062386257870840289e+00 1.050624696595184648e+00
1.661970788764505386e+09 4.283100366592407227e-01 -5.428679585456848145e-01 1.011702060699462891e+00 -1.628442704677581787e-01 5.952530503273010254e-01 5.633061528205871582e-01 5.494013428688049316e-01 0.000000000000000000e+00 0.000000000000000000e+00 0.000000000000000000e+00 0.000000000000000000e+00 0.000000000000000000e+00 0.000000000000000000e+00 0.000000000000000000e+00
1.661970788795421362e+09 4.345216751098632812e-01 -5.296393632888793945e-01 1.027021765708923340e+00 -1.653379201889038086e-01 5.951249003410339355e-01 5.583854913711547852e-01 5.538008213043212891e-01 6.848391821774237886e-01 4.822313942303945722e-01 -6.989313105059904441e-01 9.986752936330156594e-01 5.848270916720775814e-01 -6.249807052693185927e-01 -9.264883942871606770e-01
1.661970788826339245e+09 4.404562115669250488e-01 -5.160344243049621582e-01 1.042037367820739746e+00 -1.679197251796722412e-01 5.951324701309204102e-01 5.535130500793457031e-01 5.578919649124145508e-01 6.828907356751303670e-01 4.822016449945595862e-01 -6.988881928810546373e-01 9.986136845648478921e-01 5.847910132265823346e-01 -6.249421497156691929e-01 -9.264312384858870431e-01
1.661970788857256413e+09 4.460968971252441406e-01 -5.020567178726196289e-01 1.056743741035461426e+00 -1.706024110317230225e-01 5.952714085578918457e-01 5.486950874328613281e-01 5.616765618324279785e-01 6.811345704259120781e-01 4.822128005278501495e-01 -6.989043613669629895e-01 9.986367870746216679e-01 5.848045421219771889e-01 -6.249566074908063928e-01 -9.264526710849380065e-01
1.661970788888174057e+09 4.514270722866058350e-01 -4.877105653285980225e-01 1.071136236190795898e+00 -1.733983308076858521e-01 5.955359339714050293e-01 5.439369082450866699e-01 5.651571750640869141e-01 6.795061948192917534e-01 4.822053634483065010e-01 -6.988935822932362818e-01 9.986213852826609783e-01 5.847955227888306240e-01 -6.249469688997228989e-01 -9.264383825753893520e-01
1.661970788919091225e+09 4.564300179481506348e-01 -4.730009436607360840e-01 1.085210561752319336e+00 -1.763197779655456543e-01 5.959202647209167480e-01 5.392445325851440430e-01 5.683360099792480469e-01 6.780697040288276023e-01 4.822128005278501495e-01 -6.989043613669629895e-01 9.986367870746073461e-01 5.848045421219807416e-01 -6.249566074908063928e-01 -9.264526710849380065e-01
1.661970788950008392e+09 4.610891342163085938e-01 -4.579335749149322510e-01 1.098962664604187012e+00 -1.793787777423858643e-01 5.964174866676330566e-01 5.346233844757080078e-01 5.712156295776367188e-01 6.768066411630010437e-01 4.822128005278501495e-01 -6.989043613669485566e-01 9.986367870746073461e-01 5.848045421219771889e-01 -6.249566074908063928e-01 -9.264526710849380065e-01
1.661970788981922865e+09 4.653878808021545410e-01 -4.425148963928222656e-01 1.112388849258422852e+00 -1.825868785381317139e-01 5.970201492309570312e-01 5.300790071487426758e-01 5.737989544868469238e-01 6.546258659243118228e-01 4.671439882357517615e-01 -6.770640895615707144e-01 9.674300868875825854e-01 5.665298097566093816e-01 -6.054271512037163738e-01 -8.975016739674613886e-01
1.661970789013837814e+09 4.693098962306976318e-01 -4.267520904541015625e-01 1.125485539436340332e+00 -1.859554648399353027e-01 5.977199673652648926e-01 5.256165862083435059e-01 5.760889649391174316e-01 6.537863702371227159e-01 4.671370086974510616e-01 -6.770539736340105419e-01 9.674156326389821148e-01 5.665213453075168548e-01 -6.054181055944435341e-01 -8.974882645102786327e-01
1.661970789044755220e+09 4.728388786315917969e-01 -4.106530547142028809e-01 1.138249874114990234e+00 -1.894954591989517212e-01 5.985081195831298828e-01 5.212414860725402832e-01 5.780887603759765625e-01 6.742520535005452897e-01 4.822090819594029298e-01 -6.988989717885383257e-01 9.986290861192561596e-01 5.848000324206295009e-01 -6.249517881581025947e-01 -9.264455267750745238e-01
1.661970789074675083e+09 4.759587943553924561e-01 -3.942264616489410400e-01 1.150678873062133789e+00 -1.932173818349838257e-01 5.993753075599670410e-01 5.169587135314941406e-01 5.798016786575317383e-01 6.963197393676592295e-01 4.982861762907054293e-01 -7.222006164855444554e-01 1.031923884206170206e+00 6.042975608536729215e-01 -6.457879964059971556e-01 -9.573336885372922822e-01
1.661970789105592251e+09 4.786537289619445801e-01 -3.774816989898681641e-01 1.162770390510559082e+00 -1.971312761306762695e-01 6.003108620643615723e-01 5.127730369567871094e-01 5.812314748764038086e-01 6.737090381733615851e-01 4.822128005278465412e-01 -6.989043613669629895e-01 9.986367870746073461e-01 5.848045421219771889e-01 -6.249566074908063928e-01 -9.264526710849380065e-01
1.661970789137507439e+09 4.809080958366394043e-01 -3.604288995265960693e-01 1.174522161483764648e+00 -2.012466490268707275e-01 6.013041138648986816e-01 5.086891651153564453e-01 5.823817253112792969e-01 6.527390344955145141e-01 4.671335190065104004e-01 -6.770489157835852811e-01 9.674084056766429907e-01 5.665171131778247160e-01 -6.054135828911700878e-01 -8.974815599319478920e-01
1.661970789169421911e+09 4.827065169811248779e-01 -3.430789709091186523e-01 1.185932278633117676e+00 -2.055725008249282837e-01 6.023436188697814941e-01 5.047117471694946289e-01 5.832564234733581543e-01 6.531001559881036700e-01 4.671439882357517615e-01 -6.770640895615707144e-01 9.674300868875825854e-01 5.665298097566093816e-01 -6.054271512037163738e-01 -8.975016739674683830e-01
1.661970789201336622e+09 4.840339124202728271e-01 -3.254435360431671143e-01 1.196999430656433105e+00 -2.101174592971801758e-01 6.034175753593444824e-01 5.008453130722045898e-01 5.838594436645507812e-01 6.537017821158658260e-01 4.671404984405311267e-01 -6.770590315600051312e-01 9.674228597092990878e-01 5.665255775004446326e-01 -6.054226283652905938e-01 -8.974949691887824654e-01
1.661970789233251572e+09 4.848756194114685059e-01 -3.075350224971771240e-01 1.207722187042236328e+00 -2.148893624544143677e-01 6.045131087303161621e-01 4.970939159393310547e-01 5.841951966285705566e-01 6.545587379662234362e-01 4.671370086974510616e-01 -6.770539736340036585e-01 9.674156326389821148e-01 5.665213453075168548e-01 -6.054181055944435341e-01 -8.974882645102786327e-01
1.661970789265166044e+09 4.852172136306762695e-01 -2.893665134906768799e-01 1.218099951744079590e+00 -2.198954522609710693e-01 6.056174039840698242e-01 4.934618175029754639e-01 5.842679738998413086e-01 6.556989154611495563e-01 4.671439882357517615e-01 -6.770640895615637200e-01 9.674300868875825854e-01 5.665298097566093816e-01 -6.054271512037129321e-01 -8.975016739674613886e-01
1.661970789296083450e+09 4.850447773933410645e-01 -2.709518969058990479e-01 1.228131890296936035e+00 -2.251424342393875122e-01 6.067165136337280273e-01 4.899527430534362793e-01 5.840824246406555176e-01 6.782793245370217772e-01 4.822090819594029298e-01 -6.988989717885383257e-01 9.986290861192561596e-01 5.848000324206295009e-01 -6.249517881581025947e-01 -9.264455267750745238e-01
1.661970789326003551e+09 4.843447804450988770e-01 -2.523057460784912109e-01 1.237817764282226562e+00 -2.306362241506576538e-01 6.077967286109924316e-01 4.865706264972686768e-01 5.836430191993713379e-01 7.026527535469551111e-01 4.982822056930968357e-01 -7.221948616238409446e-01 1.031915661311989307e+00 6.042927455034501349e-01 -6.457828504388879454e-01 -9.573260600157013078e-01
1.661970789356920481e+09 4.831041395664215088e-01 -2.334433495998382568e-01 1.247157454490661621e+00 -2.363820672035217285e-01 6.088432073593139648e-01 4.833188652992248535e-01 5.829548239707946777e-01 6.819748410858046395e-01 4.822165191536494366e-01 -6.989097510285119386e-01 9.986444881487316350e-01 5.848090518928823478e-01 -6.249614268978467280e-01 -9.264598155050036699e-01
1.661970789388835430e+09 4.813103079795837402e-01 -2.143807560205459595e-01 1.256151318550109863e+00 -2.423845976591110229e-01 6.098411679267883301e-01 4.802009165287017822e-01 5.820227265357971191e-01 6.628228268914206911e-01 4.671370086974475644e-01 -6.770539736340036585e-01 9.674156326389681260e-01 5.665213453075168548e-01 -6.054181055944400924e-01 -8.974882645102717493e-01
1.661970789420750141e+09 4.789512455463409424e-01 -1.951346546411514282e-01 1.264799833297729492e+00 -2.486475855112075806e-01 6.107754707336425781e-01 4.772200286388397217e-01 5.808516740798950195e-01 6.652558565264843349e-01 4.671404984405345684e-01 -6.770590315600051312e-01 9.674228597092990878e-01 5.665255775004480743e-01 -6.054226283652941465e-01 -8.974949691887893488e-01
1.661970789452665091e+09 4.760154485702514648e-01 -1.757224500179290771e-01 1.273103713989257812e+00 -2.551740705966949463e-01 6.116304993629455566e-01 4.743793308734893799e-01 5.794468522071838379e-01 6.679260145573475693e-01 4.671370086974475644e-01 -6.770539736340036585e-01 9.674156326389821148e-01 5.665213453075202965e-01 -6.054181055944435341e-01 -8.974882645102786327e-01
1.661970789484086990e+09 4.724920690059661865e-01 -1.561621725559234619e-01 1.281064152717590332e+00 -2.619662582874298096e-01 6.123898625373840332e-01 4.716812372207641602e-01 5.778139233589172363e-01 6.813712766608267524e-01 4.744669832331759318e-01 -6.876778126654852219e-01 9.825956158573356802e-01 5.754107866442811359e-01 -6.149178866326608928e-01 -9.115709982746477147e-01
1.661970789516001463e+09 4.683708250522613525e-01 -1.364725530147552490e-01 1.288682222366333008e+00 -2.690256536006927490e-01 6.130380034446716309e-01 4.691289663314819336e-01 5.759580135345458984e-01 6.740039352489687330e-01 4.671439882357482642e-01 -6.770640895615707144e-01 9.674300868875895798e-01 5.665298097566059399e-01 -6.054271512037111558e-01 -8.975016739674613886e-01
1.661970789547916174e+09 4.636421799659729004e-01 -1.166729256510734558e-01 1.295959472656250000e+00 -2.763529419898986816e-01 6.135582327842712402e-01 4.667245745658874512e-01 5.738847255706787109e-01 6.773720617448566461e-01 4.671404984405311267e-01 -6.770590315600051312e-01 9.674228597092990878e-01 5.665255775004480743e-01 -6.054226283652905938e-01 -8.974949691887824654e-01
1.661970789579831123e+09 4.582971632480621338e-01 -9.678322076797485352e-02 1.302897810935974121e+00 -2.839477360248565674e-01 6.139338016510009766e-01 4.644702970981597900e-01 5.715998411178588867e-01 6.809566366659545178e-01 4.671370086974510616e-01 -6.770539736340036585e-01 9.674156326389751204e-01 5.665213453075186312e-01 -6.054181055944453105e-01 -8.974882645102821854e-01
1.661970789611745834e+09 4.523276090621948242e-01 -7.682397961616516113e-02 1.309499025344848633e+00 -2.918090522289276123e-01 6.141480207443237305e-01 4.623683393001556396e-01 5.691090822219848633e-01 6.847522618674386496e-01 4.671404984405311267e-01 -6.770590315600051312e-01 9.674228597092922044e-01 5.665255775004480743e-01 -6.054226283652923701e-01 -8.974949691887859071e-01
1.661970789642663002e+09 4.457260966300964355e-01 -5.681629106402397156e-02 1.315765261650085449e+00 -2.999350726604461670e-01 6.141842603683471680e-01 4.604205787181854248e-01 5.664181709289550781e-01 7.109560711840640090e-01 4.822128005278501495e-01 -6.989043613669557731e-01 9.986367870746073461e-01 5.848045421219789652e-01 -6.249566074908081692e-01 -9.264526710849380065e-01
1.661970789673580647e+09 4.384859502315521240e-01 -3.678178042173385620e-02 1.321699142456054688e+00 -3.083229064941406250e-01 6.140254139900207520e-01 4.586286544799804688e-01 5.635330677032470703e-01 7.152427798850796714e-01 4.822053634483065010e-01 -6.988935822932362818e-01 9.986213852826681947e-01 5.847955227888288476e-01 -6.249469688997211225e-01 -9.264383825753857993e-01
1.661970789705494881e+09 4.306013584136962891e-01 -1.674258708953857422e-02 1.327302932739257812e+00 -3.169689178466796875e-01 6.136545538902282715e-01 4.569939970970153809e-01 5.604598522186279297e-01 6.972346008888620217e-01 4.671474780831124107e-01 -6.770691476387088459e-01 9.674373141738696891e-01 5.665340420760039963e-01 -6.054316741097117704e-01 -8.975083788463178447e-01
1.661970789737409830e+09 4.220672547817230225e-01 3.278675954788923264e-03 1.332579731941223145e+00 -3.258686959743499756e-01 6.130549311637878418e-01 4.555180370807647705e-01 5.572044253349304199e-01 7.017021157454473856e-01 4.671370086974510616e-01 -6.770539736340105419e-01 9.674156326389821148e-01 5.665213453075202965e-01 -6.054181055944453105e-01 -8.974882645102821854e-01
1.661970789769324303e+09 4.128795266151428223e-01 2.325894683599472046e-02 1.337532162666320801e+00 -3.350163996219635010e-01 6.122093200683593750e-01 4.542014300823211670e-01 5.537732243537902832e-01 7.063325319487856468e-01 4.671439882357517615e-01 -6.770640895615637200e-01 9.674300868875895798e-01 5.665298097566059399e-01 -6.054271512037129321e-01 -8.975016739674596122e-01
1.661970789801239014e+09 4.030348658561706543e-01 4.317474737763404846e-02 1.342163562774658203e+00 -3.444061875343322754e-01 6.111012101173400879e-01 4.530454874038696289e-01 5.501721501350402832e-01 7.110749260053379484e-01 4.671404984405311267e-01 -6.770590315600051312e-01 9.674228597092990878e-01 5.665255775004480743e-01 -6.054226283652923701e-01 -8.974949691887859071e-01
1.661970789833153725e+09 3.925309479236602783e-01 6.300222128629684448e-02 1.346477031707763672e+00 -3.540306091308593750e-01 6.097140908241271973e-01 4.520506560802459717e-01 5.464075207710266113e-01 7.159327287788621597e-01 4.671404984405311267e-01 -6.770590315599981368e-01 9.674228597092922044e-01 5.665255775004462979e-01 -6.054226283652923701e-01 -8.974949691887859071e-01
1.661970789865068436e+09 3.813663423061370850e-01 8.271716535091400146e-02 1.350476026535034180e+00 -3.638817071914672852e-01 6.080314517021179199e-01 4.512174725532531738e-01 5.424856543540954590e-01 7.208883195414450551e-01 4.671404984405293503e-01 -6.770590315600051312e-01 9.674228597092990878e-01 5.665255775004462979e-01 -6.054226283652905938e-01 -8.974949691887824654e-01
1.661970789896983385e+09 3.695405423641204834e-01 1.022950708866119385e-01 1.354164123535156250e+00 -3.739503920078277588e-01 6.060370206832885742e-01 4.505461752414703369e-01 5.384128689765930176e-01 7.259224762591873770e-01 4.671370086974510616e-01 -6.770539736340105419e-01 9.674156326389751204e-01 5.665213453075194083e-01 -6.054181055944453105e-01 -8.974882645102804091e-01
1.661970789926903963e+09 3.570540249347686768e-01 1.217111498117446899e-01 1.357544898986816406e+00 -3.842268288135528564e-01 6.037150025367736816e-01 4.500367045402526855e-01 5.341955423355102539e-01 7.797581309514072245e-01 4.982742646877150738e-01 -7.221833521755383067e-01 1.031899215916729284e+00 6.042831150332260703e-01 -6.457725587506987219e-01 -9.573108033372411674e-01
1.661970789958818197e+09 3.439083397388458252e-01 1.409403979778289795e-01 1.360622286796569824e+00 -3.947004377841949463e-01 6.010497808456420898e-01 4.496892094612121582e-01 5.298400521278381348e-01 7.362107594129236876e-01 4.671474780831141316e-01 -6.770691476387088459e-01 9.674373141738766835e-01 5.665340420760048845e-01 -6.054316741097135468e-01 -8.975083788463212864e-01
1.661970789990241051e+09 3.301059007644653320e-01 1.599576175212860107e-01 1.363400101661682129e+00 -4.053595066070556641e-01 5.980259776115417480e-01 4.495029747486114502e-01 5.253528952598571777e-01 7.530107303404129926e-01 4.744525833004506477e-01 -6.876569418471003559e-01 9.825657943707811759e-01 5.753933230969577872e-01 -6.148992240565266387e-01 -9.115433323642468944e-01
1.661970790022155762e+09 3.156502842903137207e-01 1.787374615669250488e-01 1.365882277488708496e+00 -4.161918163299560547e-01 5.946289896965026855e-01 4.494777321815490723e-01 5.207403898239135742e-01 7.466379526332945771e-01 4.671404984405311267e-01 -6.770590315599981368e-01 9.674228597092922044e-01 5.665255775004471861e-01 -6.054226283652914820e-01 -8.974949691887841308e-01
1.661970790054070234e+09 3.005459606647491455e-01 1.972544789314270020e-01 1.368072867393493652e+00 -4.271840453147888184e-01 5.908443927764892578e-01 4.496127367019653320e-01 5.160089731216430664e-01 7.518918933249613135e-01 4.671439882357508733e-01 -6.770640895615707144e-01 9.674300868875964632e-01 5.665298097566076052e-01 -6.054271512037138203e-01 -8.975016739674622768e-01
1.661970790085493088e+09 2.847985625267028809e-01 2.154831737279891968e-01 1.369976162910461426e+00 -4.383221268653869629e-01 5.866581797599792480e-01 4.499067664146423340e-01 5.111652016639709473e-01 7.689875381747942606e-01 4.744525833004497595e-01 -6.876569418471003559e-01 9.825657943707811759e-01 5.753933230969577872e-01 -6.148992240565257505e-01 -9.115433323642468944e-01
1.661970790117408037e+09 2.684147059917449951e-01 2.333980053663253784e-01 1.371596217155456543e+00 -4.495914578437805176e-01 5.820572972297668457e-01 4.503591656684875488e-01 5.062152743339538574e-01 7.623693322607963951e-01 4.671370086974510616e-01 -6.770539736340036585e-01 9.674156326389821148e-01 5.665213453075194083e-01 -6.054181055944435341e-01 -8.974882645102795209e-01
1.661970790148325205e+09 2.514020502567291260e-01 2.509734928607940674e-01 1.372937440872192383e+00 -4.609759449958801270e-01 5.770283341407775879e-01 4.509679377079010010e-01 5.011660456657409668e-01 7.923588574258368933e-01 4.822128005278501495e-01 -6.989043613669629895e-01 9.986367870746001296e-01 5.848045421219789652e-01 -6.249566074908081692e-01 -9.264526710849406710e-01
1.661970790178748608e+09 2.337693870067596436e-01 2.681842446327209473e-01 1.374004125595092773e+00 -4.724598228931427002e-01 5.715597271919250488e-01 4.517321586608886719e-01 4.960235655307769775e-01 8.106555193577243967e-01 4.900390041240507144e-01 -7.102474194947012709e-01 1.014844434000907958e+00 5.942957862482641795e-01 -6.350995104657187751e-01 -9.414887862984250289e-01
1.661970790210663795e+09 2.155265063047409058e-01 2.850049734115600586e-01 1.374800443649291992e+00 -4.840257167816162109e-01 5.656396746635437012e-01 4.526497721672058105e-01 4.907942712306976318e-01 7.779015869306499242e-01 4.671335190065095122e-01 -6.770489157835852811e-01 9.674084056766429907e-01 5.665171131778239388e-01 -6.054135828911700878e-01 -8.974815599319496684e-01
1.661970790242578268e+09 1.966842859983444214e-01 3.014105558395385742e-01 1.375331044197082520e+00 -4.956560432910919189e-01 5.592573881149291992e-01 4.537190198898315430e-01 4.854846298694610596e-01 7.830013893297543826e-01 4.671439882357517615e-01 -6.770640895615707144e-01 9.674300868875895798e-01 5.665298097566076052e-01 -6.054271512037145975e-01 -8.975016739674631649e-01
1.661970790274493217e+09 1.772546768188476562e-01 3.173761367797851562e-01 1.375600218772888184e+00 -5.073323249816894531e-01 5.524026155471801758e-01 4.549378156661987305e-01 4.801009595394134521e-01 7.880066907781999586e-01 4.671370086974501734e-01 -6.770539736340036585e-01 9.674156326389821148e-01 5.665213453075194083e-01 -6.054181055944435341e-01 -8.974882645102804091e-01
1.661970790304919481e+09 1.572506725788116455e-01 3.328770697116851807e-01 1.375612378120422363e+00 -5.190353393554687500e-01 5.450661182403564453e-01 4.563037753105163574e-01 4.746494889259338379e-01 8.317452808197817182e-01 4.899929250903052869e-01 -7.101806339643016441e-01 1.014749006799140041e+00 5.942399038075628637e-01 -6.350397911953582497e-01 -9.414002568279354888e-01
1.661970790335836887e+09 1.572506725788116455e-01 3.328770697116851807e-01 1.375612378120422363e+00 -5.190353393554687500e-01 5.450661182403564453e-01 4.563037753105163574e-01 4.746494889259338379e-01 0.000000000000000000e+00 0.000000000000000000e+00 0.000000000000000000e+00 0.000000000000000000e+00 0.000000000000000000e+00 0.000000000000000000e+00 0.000000000000000000e+00
1.661970790375731230e+09 1.680515557527542114e-01 3.559094667434692383e-01 1.375571131706237793e+00 -5.139476656913757324e-01 5.418266057968139648e-01 4.595582783222198486e-01 4.807159900665283203e-01 6.376639551650372661e-01 -1.463555603951116890e-01 -9.573680727048315964e-01 1.155926773333586510e+00 3.073946515924991241e-01 2.281722136646777699e-01 -2.998985494572812271e-01
1.661970790399666786e+09 1.791066527366638184e-01 3.784030973911285400e-01 1.374601721763610840e+00 -5.087882876396179199e-01 5.385789871215820312e-01 4.626886546611785889e-01 4.868123829364776611e-01 1.047906771880060095e+00 -2.439366247183931691e-01 -1.595683386666676862e+00 1.926629058352028689e+00 5.123468733509436435e-01 3.803036899016551398e-01 -4.998528222300125390e-01
1.661970790431581736e+09 1.904022246599197388e-01 4.003213644027709961e-01 1.372716069221496582e+00 -5.035580396652221680e-01 5.353245735168457031e-01 4.656944274902343750e-01 4.929355978965759277e-01 7.748613098111042374e-01 -1.829474571783680781e-01 -1.196729758761900575e+00 1.444932213677887489e+00 3.842496295136112461e-01 2.852199545819666393e-01 -3.748793478469263918e-01
1.661970790463496208e+09 2.019238173961639404e-01 4.216284751892089844e-01 1.369927644729614258e+00 -4.982576072216033936e-01 5.320646762847900391e-01 4.685753583908081055e-01 4.990827739238739014e-01 7.640009095309862053e-01 -1.829501906136579981e-01 -1.196747639214597259e+00 1.444953802546972810e+00 3.842553706237256117e-01 2.852242160803297732e-01 -3.748849489547764202e-01
1.661970790496408224e+09 2.136562466621398926e-01 4.422896206378936768e-01 1.366251230239868164e+00 -4.928879141807556152e-01 5.288005471229553223e-01 4.713311791419982910e-01 5.052509307861328125e-01 7.305127274107282576e-01 -1.774050807744952385e-01 -1.160474940689695922e+00 1.401158125041731095e+00 3.726088222968298447e-01 2.765792422672418427e-01 -3.635224124521881928e-01
1.661970790525331259e+09 2.255836427211761475e-01 4.622707962989807129e-01 1.361702919006347656e+00 -4.874496459960937500e-01 5.255333185195922852e-01 4.739616215229034424e-01 5.114372372627258301e-01 8.197860367306770701e-01 -2.018722761586119185e-01 -1.320524286448387263e+00 1.594401799122392660e+00 4.239979528515028795e-01 3.147242510246029412e-01 -4.136583716543904554e-01
1.661970790556248426e+09 2.376894503831863403e-01 4.815391004085540771e-01 1.356299757957458496e+00 -4.819437265396118164e-01 5.222643613815307617e-01 4.764667451381683350e-01 5.176386833190917969e-01 7.564824090841479887e-01 -1.888516731342241017e-01 -1.235351508664878306e+00 1.491564137196823125e+00 3.966504183990968713e-01 2.944247843879890247e-01 -3.869777320563376755e-01
1.661970790587165117e+09 2.499565482139587402e-01 5.000626444816589355e-01 1.350060462951660156e+00 -4.763710200786590576e-01 5.189949274063110352e-01 4.788463413715362549e-01 5.238523483276367188e-01 7.464142531156550131e-01 -1.888545858487718776e-01 -1.235370561852238813e+00 1.491587142026433055e+00 3.966565360544233032e-01 2.944293253874860627e-01 -3.869837005269939345e-01
