1.661970790704851151e+09 1.378528122206244648e-16 -2.367949187755584717e-01 1.128897309303283691e+00 -6.125128269195556641e-01 6.125135421752929688e-01 3.533097505569458008e-01 3.533093035221099854e-01 0.000000000000000000e+00 0.000000000000000000e+00 0.000000000000000000e+00 0.000000000000000000e+00 0.000000000000000000e+00 0.000000000000000000e+00 0.000000000000000000e+00
1.661970809828052521e+09 1.378528122206244648e-16 -2.367949187755584717e-01 1.128897309303283691e+00 -6.125128269195556641e-01 6.125135421752929688e-01 3.533097505569458008e-01 3.533093035221099854e-01 0.000000000000000000e+00 0.000000000000000000e+00 0.000000000000000000e+00 0.000000000000000000e+00 0.000000000000000000e+00 0.000000000000000000e+00 0.000000000000000000e+00
1.661970809856976271e+09 2.521831355988979340e-02 -2.451089322566986084e-01 1.116587162017822266e+00 -6.039907336235046387e-01 6.297829747200012207e-01 3.382427692413330078e-01 3.523640632629394531e-01 1.011907928831970338e+00 -1.074353239867231746e+00 2.924404307246258328e-01 -5.492886893638376788e-01 -5.871422853195013003e-01 -6.385411011959872818e-01 7.042144150192836127e-01
1.661970809886895657e+09 5.001686513423919678e-02 -2.543777525424957275e-01 1.104339003562927246e+00 -5.947791337966918945e-01 6.469169855117797852e-01 3.230832517147064209e-01 3.512171208858489990e-01 9.749575625465222162e-01 -1.038601678960987096e+00 2.827088066344039530e-01 -5.310098521023337570e-01 -5.676037830883114976e-01 -6.172921858268055617e-01 6.807800699497543739e-01
1.661970809918317318e+09 7.435452193021774292e-02 -2.645829319953918457e-01 1.092158794403076172e+00 -5.848799347877502441e-01 6.638851761817932129e-01 3.078369796276092529e-01 3.498691618442535400e-01 9.250264750416379300e-01 -9.889459397724653655e-01 2.691924460768472249e-01 -5.056221724397077510e-01 -5.404665407880242523e-01 -5.877793317621073932e-01 6.482318483524370789e-01
1.661970809950231791e+09 9.819088876247406006e-02 -2.757039666175842285e-01 1.080052375793457031e+00 -5.742965936660766602e-01 6.806569099426269531e-01 2.925098538398742676e-01 3.483208715915679932e-01 9.072811569771336293e-01 -9.736750109779187534e-01 2.650356782387287002e-01 -4.978145462776052965e-01 -5.321208610816984264e-01 -5.787030658498244495e-01 6.382220975658297046e-01
1.661970809980151892e+09 1.214864552021026611e-01 -2.877183854579925537e-01 1.068025708198547363e+00 -5.630343556404113770e-01 6.972017884254455566e-01 2.771079838275909424e-01 3.465734720230102539e-01 9.638569143333283185e-01 -1.038576850642207727e+00 2.827020483318564148e-01 -5.309971580328458618e-01 -5.675902142216801005e-01 -6.172774291328004814e-01 6.807637955445250411e-01
1.661970810011575460e+09 1.442026793956756592e-01 -3.006016314029693604e-01 1.056084394454956055e+00 -5.510991811752319336e-01 7.134895324707031250e-01 2.616371512413024902e-01 3.446278572082519531e-01 9.138314866523573610e-01 -9.888859127048044151e-01 2.691761066263883562e-01 -5.055914821712743645e-01 -5.404337355351673811e-01 -5.877436547161734026e-01 6.481925019579999336e-01
1.661970810042492390e+09 1.663021296262741089e-01 -3.143272995948791504e-01 1.044233918190002441e+00 -5.384988784790039062e-01 7.294901609420776367e-01 2.461034804582595825e-01 3.424853086471557617e-01 9.246372858414718676e-01 -1.005090906454543909e+00 2.735871282310236019e-01 -5.138766712949601745e-01 -5.492898889032989951e-01 -5.973750814851837010e-01 6.588145113403848230e-01
1.661970810072412491e+09 1.877485364675521851e-01 -3.288670182228088379e-01 1.032479524612426758e+00 -5.252423882484436035e-01 7.451739907264709473e-01 2.305127084255218506e-01 3.401470482349395752e-01 9.509333469103650183e-01 -1.038576850642205951e+00 2.827020483318564148e-01 -5.309971580328458618e-01 -5.675902142216783242e-01 -6.172774291327967067e-01 6.807637955445231537e-01
1.661970810102837801e+09 2.085070163011550903e-01 -3.441906273365020752e-01 1.020826458930969238e+00 -5.113402009010314941e-01 7.605118155479431152e-01 2.148708254098892212e-01 3.376146554946899414e-01 9.305132314325029741e-01 -1.021331394877426080e+00 2.780078115345603340e-01 -5.221800079159173436e-01 -5.581654403825242472e-01 -6.070276044885055677e-01 6.694597866836795585e-01
1.661970810134752512e+09 2.285440266132354736e-01 -3.602662086486816406e-01 1.009279608726501465e+00 -4.968038499355316162e-01 7.754745483398437500e-01 1.991837918758392334e-01 3.348896801471710205e-01 8.824909286042574852e-01 -9.736677371469686371e-01 2.650336982919317408e-01 -4.978108273582396714e-01 -5.321168858773002164e-01 -5.786987426534563328e-01 6.382173297330392403e-01
1.661970810166667223e+09 2.478275746107101440e-01 -3.770601153373718262e-01 9.978438615798950195e-01 -4.816464483737945557e-01 7.900339365005493164e-01 1.834573894739151001e-01 3.319737613201141357e-01 8.777113880942721824e-01 -9.736677371469668607e-01 2.650336982919317408e-01 -4.978108273582396714e-01 -5.321168858772985510e-01 -5.786987426534563328e-01 6.382173297330383521e-01
1.661970810198090315e+09 2.663272917270660400e-01 -3.945370912551879883e-01 9.865237474441528320e-01 -4.658821821212768555e-01 8.041620850563049316e-01 1.676975935697555542e-01 3.288687765598297119e-01 8.864089786877423771e-01 -9.889009187885493546e-01 2.691801913030393845e-01 -5.055991543890809847e-01 -5.404419364750245869e-01 -5.877525735716110367e-01 6.482023381088058978e-01
1.661970810229007006e+09 2.840145230293273926e-01 -4.126603901386260986e-01 9.753237366676330566e-01 -4.495266675949096680e-01 8.178318142890930176e-01 1.519102305173873901e-01 3.255766928195953369e-01 8.956305359726896009e-01 -1.005098657359940972e+00 2.735892380381416689e-01 -5.138806341300026226e-01 -5.492941248325439174e-01 -5.973796882304213129e-01 6.588195918847611354e-01
1.661970810259924412e+09 3.008623719215393066e-01 -4.313917756080627441e-01 9.642480015754699707e-01 -4.325966238975524902e-01 8.310165405273437500e-01 1.361011117696762085e-01 3.220995366573333740e-01 8.901348267747589693e-01 -1.005075405002376909e+00 2.735829087144056593e-01 -5.138687458082309423e-01 -5.492814172408005957e-01 -5.973658682078676341e-01 6.588043504867046041e-01
1.661970810291839838e+09 3.168458342552185059e-01 -4.506916999816894531e-01 9.533005356788635254e-01 -4.151100218296051025e-01 8.436904549598693848e-01 1.202760264277458191e-01 3.184395134449005127e-01 8.568278599238570159e-01 -9.736459163061711442e-01 2.650277586290449849e-01 -4.977996709335213432e-01 -5.321049606204499849e-01 -5.786857734518963126e-01 6.382030266620696279e-01
1.661970810323754311e+09 3.319418132305145264e-01 -4.705193638801574707e-01 9.424851536750793457e-01 -3.970859646797180176e-01 8.558284640312194824e-01 1.044407412409782410e-01 3.145988881587982178e-01 8.512158898512607319e-01 -9.736750109779187534e-01 2.650356782387287002e-01 -4.978145462776052965e-01 -5.321208610816984264e-01 -5.787030658498244495e-01 6.382220975658279283e-01
1.661970810355669022e+09 3.461293578147888184e-01 -4.908328056335449219e-01 9.318054914474487305e-01 -3.785447180271148682e-01 8.674064278602600098e-01 8.860097825527191162e-02 3.105801045894622803e-01 8.454113398868794427e-01 -9.736677371469686371e-01 2.650336982919317408e-01 -4.978108273582396714e-01 -5.321168858772994392e-01 -5.786987426534563328e-01 6.382173297330392403e-01
1.661970810387583733e+09 3.593894541263580322e-01 -5.115890502929687500e-01 9.212648272514343262e-01 -3.595075011253356934e-01 8.784007430076599121e-01 7.276242226362228394e-02 3.063856065273284912e-01 8.394560006313562806e-01 -9.736677371469651954e-01 2.650336982919317408e-01 -4.978108273582396714e-01 -5.321168858772994392e-01 -5.786987426534563328e-01 6.382173297330392403e-01
1.661970810419498205e+09 3.717053532600402832e-01 -5.327441692352294922e-01 9.108663797378540039e-01 -3.399968445301055908e-01 8.887891173362731934e-01 5.693071708083152771e-02 3.020182251930236816e-01 8.333528714079329047e-01 -9.736750109779187534e-01 2.650356782387287002e-01 -4.978145462776052965e-01 -5.321208610817000917e-01 -5.787030658498210078e-01 6.382220975658297046e-01
1.661970810449418306e+09 3.830623924732208252e-01 -5.542535185813903809e-01 9.006130695343017578e-01 -3.200360238552093506e-01 8.985500335693359375e-01 4.111144691705703735e-02 2.974804937839508057e-01 8.822263998120750683e-01 -1.038576850642207727e+00 2.827020483318564148e-01 -5.309971580328458618e-01 -5.675902142216764368e-01 -6.172774291328004814e-01 6.807637955445231537e-01
1.661970810481333017e+09 3.934482336044311523e-01 -5.760716795921325684e-01 8.905075192451477051e-01 -2.996493875980377197e-01 9.076631069183349609e-01 2.531018294394016266e-02 2.927753329277038574e-01 8.206868414130958911e-01 -9.736677371469686371e-01 2.650336982919456741e-01 -4.978108273582396714e-01 -5.321168858772994392e-01 -5.786987426534563328e-01 6.382173297330374639e-01
1.661970810512250662e+09 4.028527736663818359e-01 -5.981527566909790039e-01 8.805522918701171875e-01 -2.788622081279754639e-01 9.161087870597839355e-01 9.532382711768150330e-03 2.879057228565216064e-01 8.403998819205623638e-01 -1.005067654455595871e+00 2.735807990049043403e-01 -5.138647831565412716e-01 -5.492771815075440101e-01 -5.973612616757753013e-01 6.587992701773980331e-01
1.661970810543167830e+09 4.112682044506072998e-01 -6.204503178596496582e-01 8.707496523857116699e-01 -2.577004432678222656e-01 9.238689541816711426e-01 -6.216496229171752930e-03 2.828745841979980469e-01 8.335172080936396055e-01 -1.005083155668691441e+00 2.735850184564451726e-01 -5.138727085210367251e-01 -5.492856530393850356e-01 -5.973704748110032492e-01 6.588094308743668304e-01
1.661970810575082541e+09 4.112682044506072998e-01 -6.204503178596496582e-01 8.707496523857116699e-01 -2.577004432678222656e-01 9.238689541816711426e-01 -6.216496229171752930e-03 2.828745841979980469e-01 0.000000000000000000e+00 0.000000000000000000e+00 0.000000000000000000e+00 0.000000000000000000e+00 1.739359357940158593e-15 0.000000000000000000e+00 0.000000000000000000e+00
1.661970810606997252e+09 4.149561226367950439e-01 -6.016941070556640625e-01 8.850103020668029785e-01 -2.677784264087677002e-01 9.202117323875427246e-01 3.651401726529002190e-03 2.854676246643066406e-01 7.472647393952616124e-01 3.797894890634984644e-01 -7.526631231436857750e-01 9.001325458094080467e-01 4.259891551522046460e-01 3.765583033489162679e-01 -4.428744100740520939e-01
1.661970810638911963e+09 4.184053838253021240e-01 -5.826308131217956543e-01 8.990606069564819336e-01 -2.777316868305206299e-01 9.163469076156616211e-01 1.350369118154048920e-02 2.880817651748657227e-01 7.498585816613351218e-01 3.797894890634984644e-01 -7.526631231436996528e-01 9.001325458094219245e-01 4.259891551522046460e-01 3.765583033489093290e-01 -4.428744100740555911e-01
1.661970810669829369e+09 4.216028749942779541e-01 -5.632694959640502930e-01 9.128940701484680176e-01 -2.875553369522094727e-01 9.122781753540039062e-01 2.333881705999374390e-02 2.907158732414245605e-01 7.765644247951098977e-01 3.920403850030452775e-01 -7.769418298080279506e-01 9.291681838880245792e-01 4.397303169310953219e-01 3.887049707063390813e-01 -4.571602406942836261e-01
1.661970810700746536e+09 4.245357215404510498e-01 -5.436195731163024902e-01 9.265042543411254883e-01 -2.972446084022521973e-01 9.080094099044799805e-01 3.315524011850357056e-02 2.933689057826995850e-01 7.789303653932676541e-01 3.920434082331269443e-01 -7.769478212160598751e-01 9.291753491937394527e-01 4.397337079233945567e-01 3.887079682152826954e-01 -4.571637660979103179e-01
1.661970810732661486e+09 4.271913170814514160e-01 -5.236911177635192871e-01 9.398849010467529297e-01 -3.067948520183563232e-01 9.035444259643554688e-01 4.295141994953155518e-02 2.960398197174072266e-01 7.567082304525782899e-01 3.797866518705216854e-01 -7.526575004221964793e-01 9.001258214270715374e-01 4.259859728275906532e-01 3.765554902943047955e-01 -4.428711016092261032e-01
1.661970810764575958e+09 4.295573830604553223e-01 -5.034945011138916016e-01 9.530298113822937012e-01 -3.162013888359069824e-01 8.988873958587646484e-01 5.272582545876502991e-02 2.987274825572967529e-01 7.586975262328179426e-01 3.797923262988660009e-01 -7.526687459492125143e-01 9.001392702922280664e-01 4.259923375243625521e-01 3.765611164455509030e-01 -4.428777185883102097e-01
1.661970810796490908e+09 4.316219389438629150e-01 -4.830408096313476562e-01 9.659330248832702637e-01 -3.254598379135131836e-01 8.940424919128417969e-01 6.247693672776222229e-02 3.014308214187622070e-01 7.605076665612272580e-01 3.797866518705216854e-01 -7.526575004221824905e-01 9.001258214270576596e-01 4.259859728275906532e-01 3.765554902943047955e-01 -4.428711016092261032e-01
1.661970810828405142e+09 4.333733320236206055e-01 -4.623412787914276123e-01 9.785885810852050781e-01 -3.345659077167510986e-01 8.890140056610107422e-01 7.220326364040374756e-02 3.041487336158752441e-01 7.621961408123105741e-01 3.797951635766252387e-01 -7.526743688387229625e-01 9.001459948755339280e-01 4.259955199440759177e-01 3.765639295842235779e-01 -4.428810271520050024e-01
1.661970810860320091e+09 4.348002374172210693e-01 -4.414078593254089355e-01 9.909908175468444824e-01 -3.435152173042297363e-01 8.838064074516296387e-01 8.190325647592544556e-02 3.068801164627075195e-01 7.636965717368139339e-01 3.797866518705216854e-01 -7.526575004221964793e-01 9.001258214270576596e-01 4.259859728275906532e-01 3.765554902943012983e-01 -4.428711016092261032e-01
1.661970810892235041e+09 4.358917176723480225e-01 -4.202527105808258057e-01 1.003134012222290039e+00 -3.523038327693939209e-01 8.784241676330566406e-01 9.157542884349822998e-02 3.096239566802978516e-01 7.650639793312680181e-01 3.797866518705216854e-01 -7.526575004221964793e-01 9.001258214270576596e-01 4.259859728275906532e-01 3.765554902943012983e-01 -4.428711016092261032e-01
1.661970810924149752e+09 4.366371929645538330e-01 -3.988885879516601562e-01 1.015012860298156738e+00 -3.609276711940765381e-01 8.728719353675842285e-01 1.012183055281639099e-01 3.123789727687835693e-01 7.662876216407408236e-01 3.797894890634914700e-01 -7.526631231436857750e-01 9.001325458094219245e-01 4.259891551522012043e-01 3.765583033489093290e-01 -4.428744100740520939e-01
1.661970810955067396e+09 4.370265305042266846e-01 -3.773284852504730225e-01 1.026621818542480469e+00 -3.693829178810119629e-01 8.671545386314392090e-01 1.108303889632225037e-01 3.151442110538482666e-01 7.921026260856672829e-01 3.920373618195831522e-01 -7.769358384923716887e-01 9.291610186928188631e-01 4.397269259911019135e-01 3.887019732436182706e-01 -4.571567153450286081e-01
1.661970810985984564e+09 4.370499849319458008e-01 -3.555859327316284180e-01 1.037955880165100098e+00 -3.776658773422241211e-01 8.612767457962036133e-01 1.204102262854576111e-01 3.179185092449188232e-01 7.930668893580058443e-01 3.920434082331341608e-01 -7.769478212160741970e-01 9.291753491937394527e-01 4.397337079233927803e-01 3.887079682152826954e-01 -4.571637660979103179e-01
1.661970811017898798e+09 4.366981685161590576e-01 -3.336747288703918457e-01 1.049009919166564941e+00 -3.857729136943817139e-01 8.552435636520385742e-01 1.299563199281692505e-01 3.207007348537445068e-01 7.690666320511284626e-01 3.797951635766252387e-01 -7.526743688387368403e-01 9.001459948755339280e-01 4.259955199440759177e-01 3.765639295842305723e-01 -4.428810271520032260e-01
1.661970811049814224e+09 4.359621703624725342e-01 -3.116090595722198486e-01 1.059779286384582520e+00 -3.937006592750549316e-01 8.490601181983947754e-01 1.394672393798828125e-01 3.234897851943969727e-01 7.696748627137297571e-01 3.797809776117366254e-01 -7.526462552311973253e-01 9.001123729637566795e-01 4.259796083209972384e-01 3.765498643111614419e-01 -4.428644848278641688e-01
1.661970811081728458e+09 4.348336160182952881e-01 -2.894034385681152344e-01 1.070259094238281250e+00 -4.014458060264587402e-01 8.427312970161437988e-01 1.489415317773818970e-01 3.262846171855926514e-01 7.701976686627256541e-01 3.797951635766217970e-01 -7.526743688387368403e-01 9.001459948755200502e-01 4.259955199440759177e-01 3.765639295842270751e-01 -4.428810271520032260e-01
1.661970811113150835e+09 4.333044588565826416e-01 -2.670727372169494629e-01 1.080444812774658203e+00 -4.090051949024200439e-01 8.362624645233154297e-01 1.583777815103530884e-01 3.290839493274688721e-01 7.826146574497122588e-01 3.857401343453082387e-01 -7.644560542054992247e-01 9.142360679999181894e-01 4.326636694007654493e-01 3.824583215318143048e-01 -4.498134871012773317e-01
1.661970811144068003e+09 4.313672184944152832e-01 -2.446320801973342896e-01 1.090332031250000000e+00 -4.163757562637329102e-01 8.296590447425842285e-01 1.677745282649993896e-01 3.318868577480316162e-01 7.956304407920777866e-01 3.920434082331341608e-01 -7.769478212160741970e-01 9.291753491937394527e-01 4.397337079233945567e-01 3.887079682152863036e-01 -4.571637660979103179e-01
1.661970811174985170e+09 4.290148317813873291e-01 -2.220969051122665405e-01 1.099916815757751465e+00 -4.235546290874481201e-01 8.229262232780456543e-01 1.771303862333297729e-01 3.346920013427734375e-01 7.957243555274390312e-01 3.920434082331323289e-01 -7.769478212160669806e-01 9.291753491937466691e-01 4.397337079233945567e-01 3.887079682152863036e-01 -4.571637660979120943e-01
1.661970811204905272e+09 4.262408018112182617e-01 -1.994829326868057251e-01 1.109194755554199219e+00 -4.305392205715179443e-01 8.160695433616638184e-01 1.864439398050308228e-01 3.374984264373779297e-01 8.221945959041665475e-01 4.051079813061952972e-01 -8.028390653259495080e-01 9.601394694730215340e-01 4.543875269628320779e-01 4.016613900766968781e-01 -4.723984296660588278e-01
1.661970811236819744e+09 4.230391085147857666e-01 -1.768061071634292603e-01 1.118162274360656738e+00 -4.373268783092498779e-01 8.090944886207580566e-01 1.957137584686279297e-01 3.403049707412719727e-01 7.706481649011472923e-01 3.797923262988642246e-01 -7.526687459492055199e-01 9.001392702922350608e-01 4.259923375243660493e-01 3.765611164455578974e-01 -4.428777185883102097e-01
1.661970811267737389e+09 4.194042384624481201e-01 -1.540826112031936646e-01 1.126815557479858398e+00 -4.439151287078857422e-01 8.020067214965820312e-01 2.049385160207748413e-01 3.431104421615600586e-01 7.951945252047480928e-01 3.920373618195831522e-01 -7.769358384923789052e-01 9.291610186928188631e-01 4.397269259911001371e-01 3.887019732436111097e-01 -4.571567153450303844e-01
1.661970811298654556e+09 4.153311848640441895e-01 -1.313288509845733643e-01 1.135151028633117676e+00 -4.503018260002136230e-01 7.948119044303894043e-01 2.141168415546417236e-01 3.459137976169586182e-01 7.947821296088179999e-01 3.920434082331341608e-01 -7.769478212160741970e-01 9.291753491937537746e-01 4.397337079233945567e-01 3.887079682152899118e-01 -4.571637660979120943e-01
1.661970811330569506e+09 4.108155071735382080e-01 -1.085614264011383057e-01 1.143165588378906250e+00 -4.564848244190216064e-01 7.875156402587890625e-01 2.232473492622375488e-01 3.487138450145721436e-01 7.694091414788680749e-01 3.797866518705181882e-01 -7.526575004221824905e-01 9.001258214270576596e-01 4.259859728275872115e-01 3.765554902942978011e-01 -4.428711016092243824e-01
1.661970811361486435e+09 4.058533310890197754e-01 -8.579710125923156738e-02 1.150855898857116699e+00 -4.624621868133544922e-01 7.801237702369689941e-01 2.323286980390548706e-01 3.515094816684722900e-01 7.935863002545517908e-01 3.920464315098508012e-01 -7.769538127165197539e-01 9.291825146099661481e-01 4.397370989679900699e-01 3.887109657704682086e-01 -4.571672915559099049e-01
1.661970811391406536e+09 4.004412293434143066e-01 -6.305279582738876343e-02 1.158218979835510254e+00 -4.682322442531585693e-01 7.726421356201171875e-01 2.413595765829086304e-01 3.542996942996978760e-01 8.192288586996815392e-01 4.051079813061971291e-01 -8.028390653259495080e-01 9.601394694730288615e-01 4.543875269628339653e-01 4.016613900767005974e-01 -4.723984296660624915e-01
1.661970811422323704e+09 3.945764303207397461e-01 -4.034556448459625244e-02 1.165252208709716797e+00 -4.737932980060577393e-01 7.650765776634216309e-01 2.503386139869689941e-01 3.570832312107086182e-01 7.919319061262277692e-01 3.920434082331323289e-01 -7.769478212160741970e-01 9.291753491937466691e-01 4.397337079233945567e-01 3.887079682152863036e-01 -4.571637660979103179e-01
1.661970811454238653e+09 3.882566690444946289e-01 -1.769258268177509308e-02 1.171952724456787109e+00 -4.791437387466430664e-01 7.574328780174255371e-01 2.592645287513732910e-01 3.598589301109313965e-01 7.662212788255446938e-01 3.797866518705199645e-01 -7.526575004221824905e-01 9.001258214270576596e-01 4.259859728275889323e-01 3.765554902943012983e-01 -4.428711016092261032e-01
1.661970811486153841e+09 3.814802169799804688e-01 4.888886585831642151e-03 1.178318500518798828e+00 -4.842826128005981445e-01 7.497171759605407715e-01 2.681360840797424316e-01 3.626258969306945801e-01 7.651720394164408523e-01 3.797838147199347203e-01 -7.526518777847008845e-01 9.001190971451815681e-01 4.259827905505230161e-01 3.765526772817189838e-01 -4.428677931938328483e-01
1.661970811518068075e+09 3.742460012435913086e-01 2.738150581717491150e-02 1.184346914291381836e+00 -4.892085492610931396e-01 7.419353127479553223e-01 2.769518792629241943e-01 3.653828203678131104e-01 7.640568557085054557e-01 3.797951635766235179e-01 -7.526743688387229625e-01 9.001459948755269336e-01 4.259955199440741969e-01 3.765639295842270751e-01 -4.428810271520015052e-01
1.661970811548985004e+09 3.665533959865570068e-01 4.976788535714149475e-02 1.190036296844482422e+00 -4.939207434654235840e-01 7.340933084487915039e-01 2.857107520103454590e-01 3.681286573410034180e-01 7.874434358233043385e-01 3.920464315098508012e-01 -7.769538127165269703e-01 9.291825146099661481e-01 4.397370989679891817e-01 3.887109657704646559e-01 -4.571672915559099049e-01
1.661970811579902649e+09 3.584024608135223389e-01 7.203060388565063477e-02 1.195384621620178223e+00 -4.984183609485626221e-01 7.261971235275268555e-01 2.944113910198211670e-01 3.708623051643371582e-01 7.860793902872976746e-01 3.920373618195813203e-01 -7.769358384923789052e-01 9.291610186928259685e-01 4.397269259911001371e-01 3.887019732436147179e-01 -4.571567153450286081e-01
1.661970811610327721e+09 3.497937321662902832e-01 9.415222704410552979e-02 1.200390219688415527e+00 -5.027007460594177246e-01 7.182528376579284668e-01 3.030525147914886475e-01 3.735826313495635986e-01 7.973584290299017274e-01 3.983843291072913795e-01 -7.895141966587366777e-01 9.442038568633693840e-01 4.468459730172240629e-01 3.949949415908023398e-01 -4.645579454323484625e-01
1.661970811642242670e+09 3.407283723354339600e-01 1.161153316497802734e-01 1.205051779747009277e+00 -5.067675113677978516e-01 7.102665305137634277e-01 3.116330206394195557e-01 3.762885630130767822e-01 7.586852815140942008e-01 3.797866518705216854e-01 -7.526575004221894849e-01 9.001258214270576596e-01 4.259859728275906532e-01 3.765554902943012983e-01 -4.428711016092269914e-01
1.661970811673160076e+09 3.312080800533294678e-01 1.379025280475616455e-01 1.209367990493774414e+00 -5.106183290481567383e-01 7.022441625595092773e-01 3.201515674591064453e-01 3.789789676666259766e-01 7.815987866752389657e-01 3.920403850030435011e-01 -7.769418298080207341e-01 9.291681838880316846e-01 4.397303169310971538e-01 3.887049707063354731e-01 -4.571602406942827379e-01
1.661970811704077721e+09 3.212351799011230469e-01 1.594964861869812012e-01 1.213337779045104980e+00 -5.142531394958496094e-01 6.941918134689331055e-01 3.286070227622985840e-01 3.816528320312500000e-01 7.799644411060017157e-01 3.920373618195831522e-01 -7.769358384923789052e-01 9.291610186928259685e-01 4.397269259911010253e-01 3.887019732436147179e-01 -4.571567153450303844e-01
1.661970811735500336e+09 3.108125030994415283e-01 1.808799207210540771e-01 1.216960430145263672e+00 -5.176720023155212402e-01 6.861155629158020020e-01 3.369981944561004639e-01 3.843089342117309570e-01 7.657722185352192623e-01 3.857372075483297413e-01 -7.644502539076656333e-01 9.142291312486521271e-01 4.326603865722319364e-01 3.824554196355387514e-01 -4.498100741487791598e-01
1.661970811767414808e+09 2.999434769153594971e-01 2.020356506109237671e-01 1.220235109329223633e+00 -5.208750963211059570e-01 6.780214905738830566e-01 3.453238606452941895e-01 3.869463205337524414e-01 7.522867565384458999e-01 3.797923262988660009e-01 -7.526687459492055199e-01 9.001392702922350608e-01 4.259923375243651611e-01 3.765611164455544002e-01 -4.428777185883110978e-01
1.661970811799329758e+09 2.886320948600769043e-01 2.229466289281845093e-01 1.223161458969116211e+00 -5.238628983497619629e-01 6.699154973030090332e-01 3.535830080509185791e-01 3.895638585090637207e-01 7.505480569010579694e-01 3.797866518705199645e-01 -7.526575004221894849e-01 9.001258214270645430e-01 4.259859728275898205e-01 3.765554902942995774e-01 -4.428711016092269914e-01
1.661970811830752373e+09 2.768828868865966797e-01 2.435959279537200928e-01 1.225739240646362305e+00 -5.266358256340026855e-01 6.618037223815917969e-01 3.617743551731109619e-01 3.921604454517364502e-01 7.605137346221578776e-01 3.857372075483297413e-01 -7.644502539076656333e-01 9.142291312486521271e-01 4.326603865722328246e-01 3.824554196355387514e-01 -4.498100741487800480e-01
1.661970811862667084e+09 2.647009491920471191e-01 2.639667689800262451e-01 1.227968454360961914e+00 -5.291948914527893066e-01 6.536920666694641113e-01 3.698968291282653809e-01 3.947351276874542236e-01 7.469873685718533274e-01 3.797894890634984644e-01 -7.526631231436926583e-01 9.001325458094149301e-01 4.259891551522029252e-01 3.765583033489127707e-01 -4.428744100740529821e-01
1.661970811894582033e+09 2.520919740200042725e-01 2.840425372123718262e-01 1.229849219322204590e+00 -5.315408110618591309e-01 6.455865502357482910e-01 3.779493570327758789e-01 3.972866833209991455e-01 7.451525348562170192e-01 3.797866518705199645e-01 -7.526575004221964793e-01 9.001258214270645430e-01 4.259859728275898205e-01 3.765554902942995774e-01 -4.428711016092261032e-01
1.661970811926003695e+09 2.390621006488800049e-01 3.038068115711212158e-01 1.231381773948669434e+00 -5.336745977401733398e-01 6.374931335449218750e-01 3.859307467937469482e-01 3.998141288757324219e-01 7.549700323989299022e-01 3.857489150027299529e-01 -7.644734556271531867e-01 9.142568788852688533e-01 4.326735181852767731e-01 3.824670274848660512e-01 -4.498237262695202743e-01
1.661970811957918167e+09 2.256180793046951294e-01 3.232434391975402832e-01 1.232566833496093750e+00 -5.355976819992065430e-01 6.294175982475280762e-01 3.938400745391845703e-01 4.023164808750152588e-01 7.414444898211302037e-01 3.797923262988651127e-01 -7.526687459492125143e-01 9.001392702922350608e-01 4.259923375243643284e-01 3.765611164455544002e-01 -4.428777185883119305e-01
1.661970811989832878e+09 2.117671817541122437e-01 3.423364460468292236e-01 1.233404994010925293e+00 -5.373113155364990234e-01 6.213660240173339844e-01 4.016761183738708496e-01 4.047925770282745361e-01 7.395590424690787756e-01 3.797894890634975762e-01 -7.526631231436926583e-01 9.001325458094080467e-01 4.259891551522038133e-01 3.765583033489127707e-01 -4.428744100740520939e-01
1.661970812021747351e+09 1.975171715021133423e-01 3.610700964927673340e-01 1.233897447586059570e+00 -5.388171672821044922e-01 6.133439540863037109e-01 4.094379842281341553e-01 4.072415828704833984e-01 7.376784953279071910e-01 3.797923262988651127e-01 -7.526687459492055199e-01 9.001392702922350608e-01 4.259923375243651611e-01 3.765611164455544002e-01 -4.428777185883102097e-01
1.661970812053662539e+09 1.828763484954833984e-01 3.794289827346801758e-01 1.234045147895812988e+00 -5.401170253753662109e-01 6.053573489189147949e-01 4.171245694160461426e-01 4.096622765064239502e-01 7.357758228626735120e-01 3.797838147199329994e-01 -7.526518777846940012e-01 9.001190971451815681e-01 4.259827905505212953e-01 3.765526772817172629e-01 -4.428677931938319601e-01
1.661970812085577250e+09 1.678535044193267822e-01 3.973979055881500244e-01 1.233849525451660156e+00 -5.412126183509826660e-01 5.974118709564208984e-01 4.247348606586456299e-01 4.120536446571350098e-01 7.339043798852632472e-01 3.797894890634975762e-01 -7.526631231436926583e-01 9.001325458094080467e-01 4.259891551522046460e-01 3.765583033489127707e-01 -4.428744100740529821e-01
1.661970812115497112e+09 1.524579375982284546e-01 4.149620532989501953e-01 1.233312129974365234e+00 -5.421060919761657715e-01 5.895131826400756836e-01 4.322679042816162109e-01 4.144148528575897217e-01 7.808394851528541736e-01 4.051112094382936513e-01 -8.028454628068075749e-01 9.601471204134756077e-01 4.543911477825367529e-01 4.016645907443878727e-01 -4.724021940069375591e-01
1.661970812147412062e+09 1.524579375982284546e-01 4.149620532989501953e-01 1.233312129974365234e+00 -5.421060919761657715e-01 5.895131826400756836e-01 4.322679042816162109e-01 4.144148528575897217e-01 0.000000000000000000e+00 0.000000000000000000e+00 0.000000000000000000e+00 0.000000000000000000e+00 0.000000000000000000e+00 0.000000000000000000e+00 0.000000000000000000e+00
1.661970812179326773e+09 1.628824919462203979e-01 4.271454811096191406e-01 1.247128248214721680e+00 -5.355600714683532715e-01 5.820236206054687500e-01 4.386745989322662354e-01 4.266011714935302734e-01 6.631998090871472629e-01 -1.951009767629448277e-01 -6.064845311721550614e-01 1.233674317873704407e+00 3.335841881641142814e-01 3.885142963387883674e-01 -4.812678340778330788e-01
1.661970812211241484e+09 1.734382361173629761e-01 4.386593401432037354e-01 1.260757803916931152e+00 -5.288212299346923828e-01 5.744366049766540527e-01 4.447728693485260010e-01 4.388026595115661621e-01 6.495622879393906368e-01 -1.951009767629448277e-01 -6.064845311721480670e-01 1.233674317873711290e+00 3.335841881641142814e-01 3.885142963387883674e-01 -4.812678340778330788e-01
1.661970812243155956e+09 1.841128468513488770e-01 4.494974315166473389e-01 1.274190306663513184e+00 -5.218908190727233887e-01 5.667569041252136230e-01 4.505626559257507324e-01 4.510098993778228760e-01 6.358849194717509645e-01 -1.951024342740322048e-01 -6.064890619435725494e-01 1.233683534096131407e+00 3.335866802205928461e-01 3.885171987532419213e-01 -4.812714294119837533e-01
1.661970812275070667e+09 1.948938965797424316e-01 4.596541225910186768e-01 1.287415027618408203e+00 -5.147701501846313477e-01 5.589890480041503906e-01 4.560439586639404297e-01 4.632135033607482910e-01 6.221755179173832362e-01 -1.951009767629448277e-01 -6.064845311721550614e-01 1.233674317873707738e+00 3.335841881641125051e-01 3.885142963387883674e-01 -4.812678340778330788e-01
1.661970812306985140e+09 2.057689130306243896e-01 4.691244363784790039e-01 1.300421595573425293e+00 -5.074608922004699707e-01 5.511379241943359375e-01 4.612171351909637451e-01 4.754041433334350586e-01 6.084910636860698663e-01 -1.951024342740322048e-01 -6.064890619435725494e-01 1.233683534096134959e+00 3.335866802205928461e-01 3.885171987532419213e-01 -4.812714294119837533e-01
1.661970812338900328e+09 2.167253196239471436e-01 4.779039621353149414e-01 1.313199639320373535e+00 -4.999645054340362549e-01 5.432083010673522949e-01 4.660829007625579834e-01 4.875724911689758301e-01 5.948339963506180661e-01 -1.950980618060972893e-01 -6.064754698323960858e-01 1.233655885841945743e+00 3.335792041628568017e-01 3.885084916399740851e-01 -4.812606435706827668e-01
1.661970812370815039e+09 2.277504950761795044e-01 4.859888553619384766e-01 1.325738906860351562e+00 -4.922828376293182373e-01 5.352046489715576172e-01 4.706421494483947754e-01 4.997095167636871338e-01 5.812794964224075045e-01 -1.951009767629448277e-01 -6.064845311721516197e-01 1.233674317873707738e+00 3.335841881641142814e-01 3.885142963387883674e-01 -4.812678340778330788e-01
1.661970812402729273e+09 2.388318032026290894e-01 4.933759570121765137e-01 1.338029265403747559e+00 -4.844176173210144043e-01 5.271318554878234863e-01 4.748960137367248535e-01 5.118058323860168457e-01 5.678436412830112356e-01 -1.951038918068974393e-01 -6.064935927826852202e-01 1.233692750456260034e+00 3.335891723143057375e-01 3.885201012110610086e-01 -4.812750247998530684e-01
1.661970812433646917e+09 2.499565482139587402e-01 5.000626444816589355e-01 1.350060462951660156e+00 -4.763710200786590576e-01 5.189949274063110352e-01 4.788463413715362549e-01 5.238523483276367188e-01 5.724260010565200840e-01 -2.013928094934205881e-01 -6.260431171262991201e-01 1.273459215831324709e+00 3.443419811197607761e-01 4.010435363585975188e-01 -4.967882930771506111e-01
