1.661602195357435703e+09 1.378528122206244648e-16 -2.367949187755584717e-01 1.128897309303283691e+00 -6.125128269195556641e-01 6.125135421752929688e-01 3.533097505569458008e-01 3.533093035221099854e-01 0.000000000000000000e+00 0.000000000000000000e+00 0.000000000000000000e+00 0.000000000000000000e+00 0.000000000000000000e+00 0.000000000000000000e+00 0.000000000000000000e+00
1.661602204640134096e+09 1.378528122206244648e-16 -2.367949187755584717e-01 1.128897309303283691e+00 -6.125128269195556641e-01 6.125135421752929688e-01 3.533097505569458008e-01 3.533093035221099854e-01 0.000000000000000000e+00 0.000000000000000000e+00 0.000000000000000000e+00 0.000000000000000000e+00 0.000000000000000000e+00 0.000000000000000000e+00 0.000000000000000000e+00
1.661602204642129898e+09 1.378528122206244648e-16 -2.367949187755584717e-01 1.128897309303283691e+00 -6.125128269195556641e-01 6.125135421752929688e-01 3.533097505569458008e-01 3.533093035221099854e-01 0.000000000000000000e+00 0.000000000000000000e+00 0.000000000000000000e+00 0.000000000000000000e+00 0.000000000000000000e+00 0.000000000000000000e+00 0.000000000000000000e+00
1.661602204643126726e+09 4.009879659861326218e-03 -2.327454090118408203e-01 1.134647607803344727e+00 6.174038052558898926e-01 -5.992189049720764160e-01 -3.521123230457305908e-01 -3.684647381305694580e-01 8.121661281152613654e+00 -4.504166547965632539e+00 -2.985815625481398339e+00 4.036388609518248849e+00 -5.894900131896937623e+00 2.218199732031771632e+01 -3.102131268757718985e+01
1.661602204645121098e+09 8.009424433112144470e-03 -2.288080304861068726e-01 1.140447378158569336e+00 6.219980716705322266e-01 -5.857797861099243164e-01 -3.504613339900970459e-01 -3.836109042167663574e-01 4.046752554077540864e+00 -2.251275593191189639e+00 -1.492372400494647477e+00 2.017470505247555224e+00 -2.946393000772396409e+00 1.108702101569015497e+01 -1.550509364575735027e+01
1.661602204647115469e+09 1.199647039175033569e-02 -2.249836027622222900e-01 1.146293759346008301e+00 6.262913942337036133e-01 -5.722037553787231445e-01 -3.483576774597167969e-01 -3.987342417240142822e-01 4.033258149405682502e+00 -2.251275593191190083e+00 -1.492372400494647477e+00 2.017470505247555224e+00 -2.946393000772396409e+00 1.108702101569015497e+01 -1.550509364575735205e+01
1.661602204649110079e+09 1.596888899803161621e-02 -2.212728261947631836e-01 1.152184247970581055e+00 6.302799582481384277e-01 -5.584977269172668457e-01 -3.458026647567749023e-01 -4.138211607933044434e-01 4.018567534869708524e+00 -2.251006494984975514e+00 -1.492194015077423774e+00 2.017229354099426164e+00 -2.946040814183731538e+00 1.108569576813867386e+01 -1.550324029963664962e+01
1.661602204651105165e+09 1.992458663880825043e-02 -2.176763415336608887e-01 1.158116102218627930e+00 6.339595913887023926e-01 -5.446697473526000977e-01 -3.427981436252593994e-01 -4.288584291934967041e-01 4.002612202422501042e+00 -2.250468491520591918e+00 -1.491837372148389962e+00 2.016747224712690745e+00 -2.945336693530245853e+00 1.108304622326101097e+01 -1.549953493627631573e+01
1.661602204653099537e+09 2.386150322854518890e-02 -2.141946852207183838e-01 1.164086580276489258e+00 6.373268961906433105e-01 -5.307270288467407227e-01 -3.393461406230926514e-01 -4.438326954841613770e-01 3.988278721340707822e+00 -2.251275593191190971e+00 -1.492372400494647477e+00 2.017470505247555224e+00 -2.946393000772396409e+00 1.108702101569015497e+01 -1.550509364575735560e+01
1.661602204654097080e+09 2.777761965990066528e-02 -2.108283787965774536e-01 1.170093059539794922e+00 6.403782963752746582e-01 -5.166774392127990723e-01 -3.354493081569671631e-01 -4.587306082248687744e-01 7.940731105948643176e+00 -4.500936983041183836e+00 -2.983674744296779924e+00 4.033494449425381490e+00 -5.890673387060488153e+00 2.216609244652202193e+01 -3.099906987255264568e+01
1.661602204656091452e+09 3.167096152901649475e-02 -2.075777947902679443e-01 1.176132678985595703e+00 6.431106328964233398e-01 -5.025287866592407227e-01 -3.311105370521545410e-01 -4.735391438007354736e-01 3.954522721976200472e+00 -2.251275593191190971e+00 -1.492372400494870188e+00 2.017470505247555224e+00 -2.946393000772394632e+00 1.108702101569015497e+01 -1.550509364575735560e+01
1.661602204658086300e+09 3.553958982229232788e-02 -2.044432610273361206e-01 1.182202577590942383e+00 6.455208063125610352e-01 -4.882889091968536377e-01 -3.263331651687622070e-01 -4.882453083992004395e-01 3.935543682553626521e+00 -2.250737461102463755e+00 -1.492015672300433415e+00 2.016988260594693383e+00 -2.945688711779743230e+00 1.108437083736681572e+01 -1.550138739652925501e+01
1.661602204660081863e+09 3.938161581754684448e-02 -2.014250457286834717e-01 1.188300132751464844e+00 -6.476061344146728516e-01 4.739660322666168213e-01 3.211209475994110107e-01 5.028360486030578613e-01 3.915441301779845951e+00 -2.249930745166584867e+00 -1.491480899658031767e+00 2.016265325734265090e+00 -2.944632909374083951e+00 1.108039794459356564e+01 -1.549583134369895809e+01
1.661602204661078691e+09 4.319519549608230591e-02 -1.985233128070831299e-01 1.194422364234924316e+00 -6.493635177612304688e-01 4.595678448677062988e-01 3.154778778553009033e-01 5.172988772392272949e-01 7.799387729788939794e+00 -4.504166547965633427e+00 -2.985815625481843760e+00 4.036388609518248849e+00 -5.894900131896941176e+00 2.218199732031765947e+01 -3.102131268757720051e+01
1.661602204663073063e+09 4.697853699326515198e-02 -1.957381814718246460e-01 1.200566291809082031e+00 -6.507908701896667480e-01 4.451028108596801758e-01 3.094086349010467529e-01 5.316210389137268066e-01 3.878034153443038257e+00 -2.251275593191190971e+00 -1.492372400494870188e+00 2.017470505247555224e+00 -2.946393000772398185e+00 1.108702101569015497e+01 -1.550509364575735560e+01
1.661602204664070606e+09 5.072988942265510559e-02 -1.930696666240692139e-01 1.206729292869567871e+00 -6.518861055374145508e-01 4.305791854858398438e-01 3.029179275035858154e-01 5.457900762557983398e-01 7.711551449074898201e+00 -4.500936983041183836e+00 -2.983674744296779924e+00 4.033494449425381490e+00 -5.890673387060495259e+00 2.216609244652202193e+01 -3.099906987255264568e+01
1.661602204666064978e+09 5.444756522774696350e-02 -1.905177235603332520e-01 1.212908387184143066e+00 -6.526470184326171875e-01 4.160052239894866943e-01 2.960111796855926514e-01 5.597937703132629395e-01 3.835540513648833194e+00 -2.251275593191187863e+00 -1.492372400494647477e+00 2.017470505247555224e+00 -2.946393000772398185e+00 1.108702101569015497e+01 -1.550509364575735560e+01
1.661602204668060303e+09 5.812992155551910400e-02 -1.880822479724884033e-01 1.219100475311279297e+00 -6.530714631080627441e-01 4.013891518115997314e-01 2.886936068534851074e-01 5.736202597618103027e-01 3.811317392078810151e+00 -2.250199586216308223e+00 -1.491659114606236125e+00 2.016506246432763660e+00 -2.944984759405079533e+00 1.108172192570774683e+01 -1.549768291871911430e+01
1.661602204670054674e+09 6.177537515759468079e-02 -1.857630461454391479e-01 1.225302934646606445e+00 -6.531587243080139160e-01 3.867397308349609375e-01 2.809715270996093750e-01 5.872572660446166992e-01 3.790168293630413299e+00 -2.251275593191187863e+00 -1.492372400494870188e+00 2.017470505247777712e+00 -2.946393000772398185e+00 1.108702101569015497e+01 -1.550509364575735560e+01
1.661602204671051979e+09 6.538240611553192139e-02 -1.835598647594451904e-01 1.231512665748596191e+00 -6.529065966606140137e-01 3.720651268959045410e-01 2.728511095046997070e-01 6.006935834884643555e-01 7.531986287870623187e+00 -4.502012989969945700e+00 -2.984388030154847549e+00 4.034458708198852328e+00 -5.892081628367466628e+00 2.217139153627734771e+01 -3.100648059927326017e+01
1.661602204673046350e+09 6.894952803850173950e-02 -1.814723908901214600e-01 1.237726807594299316e+00 -6.523144245147705078e-01 3.573740422725677490e-01 2.643389403820037842e-01 6.139174699783325195e-01 3.742067984539877212e+00 -2.251275593191187863e+00 -1.492372400494647477e+00 2.017470505247555224e+00 -2.946393000772398185e+00 1.108702101569015497e+01 -1.550509364575735560e+01
1.661602204675041199e+09 7.247535139322280884e-02 -1.795002073049545288e-01 1.243942260742187500e+00 -6.513810753822326660e-01 3.426749110221862793e-01 2.554419934749603271e-01 6.269177794456481934e-01 3.716079818700088300e+00 -2.250737461102460202e+00 -1.492015672300656126e+00 2.016988260594915872e+00 -2.945688711779743230e+00 1.108437083736681572e+01 -1.550138739652925501e+01
1.661602204677035809e+09 7.595852017402648926e-02 -1.776428818702697754e-01 1.250156283378601074e+00 -6.501060128211975098e-01 3.279765844345092773e-01 2.461676001548767090e-01 6.396835446357727051e-01 3.690850567583368935e+00 -2.251006494984972850e+00 -1.492194015077646263e+00 2.017229354099648653e+00 -2.946040814183733314e+00 1.108569576813867386e+01 -1.550324029963665673e+01
1.661602204679030895e+09 7.939774543046951294e-02 -1.758998930454254150e-01 1.256365895271301270e+00 -6.484886407852172852e-01 3.132874965667724609e-01 2.365233302116394043e-01 6.522040367126464844e-01 3.663639862171891082e+00 -2.250468491520588366e+00 -1.491837372148389962e+00 2.016747224712690745e+00 -2.945336693530247629e+00 1.108304622326101097e+01 -1.549953493627632284e+01
1.661602204681024790e+09 8.279180526733398438e-02 -1.742706298828125000e-01 1.262567996978759766e+00 -6.465287804603576660e-01 2.986163496971130371e-01 2.265171706676483154e-01 6.644687652587890625e-01 3.638786701157951331e+00 -2.251813982667019598e+00 -1.492729299310980196e+00 2.017952980556713793e+00 -2.947097626624542777e+00 1.108967246158652920e+01 -1.550880166767431234e+01
1.661602204682022095e+09 8.613954484462738037e-02 -1.727544665336608887e-01 1.268759846687316895e+00 -6.442264318466186523e-01 2.839719057083129883e-01 2.161572575569152832e-01 6.764675378799438477e-01 7.219813157521865143e+00 -4.502012989969945700e+00 -2.984388030155292526e+00 4.034458708199297305e+00 -5.892081628367466628e+00 2.217139153627734771e+01 -3.100648059927331346e+01
1.661602204684017658e+09 8.943986892700195312e-02 -1.713506877422332764e-01 1.274938344955444336e+00 -6.415816545486450195e-01 2.693627774715423584e-01 2.054520994424819946e-01 6.881904602050781250e-01 3.579935537994810790e+00 -2.249930745166581314e+00 -1.491480899658254478e+00 2.016265325734376113e+00 -2.944632909374087504e+00 1.108039794459356386e+01 -1.549583134369895809e+01
1.661602204686011791e+09 9.269175678491592407e-02 -1.700585186481475830e-01 1.281100749969482422e+00 -6.385950446128845215e-01 2.547976374626159668e-01 1.944105327129364014e-01 6.996278166770935059e-01 3.553718193961043603e+00 -2.251544755744175674e+00 -1.492550828567399179e+00 2.017711714059867045e+00 -2.946745271575933689e+00 1.108834658013487839e+01 -1.550694743505024853e+01
1.661602204688006401e+09 9.589425474405288696e-02 -1.688771396875381470e-01 1.287243962287902832e+00 -6.352671980857849121e-01 2.402852773666381836e-01 1.830415427684783936e-01 7.107702493667602539e-01 3.523422033757625194e+00 -2.251006494984972850e+00 -1.492194015077423774e+00 2.017229354099537186e+00 -2.946040814183733314e+00 1.108569576813867030e+01 -1.550324029963665673e+01
1.661602204689003944e+09 9.904646128416061401e-02 -1.678056567907333374e-01 1.293365240097045898e+00 -6.315990686416625977e-01 2.258343249559402466e-01 1.713545918464660645e-01 7.216086983680725098e-01 6.985268075434428070e+00 -4.500936983041176731e+00 -2.983674744297224901e+00 4.033494449425604422e+00 -5.890673387060495259e+00 2.216609244652202193e+01 -3.099906987255264568e+01
1.661602204690998316e+09 1.021475717425346375e-01 -1.668431460857391357e-01 1.299461603164672852e+00 -6.275917291641235352e-01 2.114534527063369751e-01 1.593591570854187012e-01 7.321344017982482910e-01 3.463330312133705124e+00 -2.251275593191187863e+00 -1.492372400494870188e+00 2.017470505247666246e+00 -2.946393000772398185e+00 1.108702101569015497e+01 -1.550509364575735560e+01
1.661602204692994356e+09 1.051968261599540710e-01 -1.659886091947555542e-01 1.305530071258544922e+00 -6.232464313507080078e-01 1.971513032913208008e-01 1.470650881528854370e-01 7.423390150070190430e-01 3.429306449134668533e+00 -2.249393255738686648e+00 -1.491124597484200454e+00 2.015783656999131424e+00 -2.943929461474093401e+00 1.107775093122887533e+01 -1.549212952063548343e+01
1.661602204693990707e+09 1.081935465335845947e-01 -1.652410030364990234e-01 1.311568021774291992e+00 -6.185648441314697266e-01 1.829365491867065430e-01 1.344824433326721191e-01 7.522142529487609863e-01 6.806878704765452426e+00 -4.506322167275492951e+00 -2.987244587254780370e+00 4.038320358075312200e+00 -5.897721333204382077e+00 2.219261325586218803e+01 -3.103615897266338308e+01
1.661602204695984840e+09 1.111371368169784546e-01 -1.645992249250411987e-01 1.317572474479675293e+00 -6.135486960411071777e-01 1.688177585601806641e-01 1.216215044260025024e-01 7.617524266242980957e-01 3.368827803898585049e+00 -2.251544755744175674e+00 -1.492550828567621890e+00 2.017711714059867045e+00 -2.946745271575933689e+00 1.108834658013488017e+01 -1.550694743505024853e+01
1.661602204696981907e+09 1.140270531177520752e-01 -1.640621423721313477e-01 1.323540687561035156e+00 -6.082001328468322754e-01 1.548035591840744019e-01 1.084927394986152649e-01 7.709460258483886719e-01 6.672365389766214072e+00 -4.503089511488351349e+00 -2.985101657135020847e+00 4.035423428119734091e+00 -5.893490543151867378e+00 2.217669316026976034e+01 -3.101389487010049706e+01
1.661602204698976755e+09 1.168628409504890442e-01 -1.636285483837127686e-01 1.329469799995422363e+00 -6.025213599205017090e-01 1.409024000167846680e-01 9.510689973831176758e-02 7.797879576683044434e-01 3.301834377226751549e+00 -2.250737461102460202e+00 -1.492015672300544660e+00 2.016988260594804405e+00 -2.945688711779743230e+00 1.108437083736681572e+01 -1.550138739652919817e+01
1.661602204699974060e+09 1.196441054344177246e-01 -1.632972359657287598e-01 1.335357069969177246e+00 -5.965147614479064941e-01 1.271227896213531494e-01 8.147476613521575928e-02 7.882714271545410156e-01 6.537215553398380230e+00 -4.502012989969945700e+00 -2.984388030155070037e+00 4.034458708199074373e+00 -5.892081628367466628e+00 2.217139153627734771e+01 -3.100648059927331346e+01
1.661602204701969147e+09 1.223705336451530457e-01 -1.630669087171554565e-01 1.341199755668640137e+00 -5.901831388473510742e-01 1.134731546044349670e-01 6.760750710964202881e-02 7.963899970054626465e-01 3.233755687827691627e+00 -2.250468491520588366e+00 -1.491837372148501206e+00 2.016747224712802211e+00 -2.945336693530247629e+00 1.108304622326099675e+01 -1.549953493627632284e+01
1.661602204703963280e+09 1.250418722629547119e-01 -1.629362404346466064e-01 1.346995115280151367e+00 -5.835294127464294434e-01 9.996184706687927246e-02 5.351630970835685730e-02 8.041375279426574707e-01 3.200757365785082964e+00 -2.251544755744175674e+00 -1.492550828567510424e+00 2.017711714059867045e+00 -2.946745271575933689e+00 1.108834658013488017e+01 -1.550694743505024853e+01
1.661602204704961061e+09 1.276579797267913818e-01 -1.629038900136947632e-01 1.352740645408630371e+00 -5.765565037727355957e-01 8.659713715314865112e-02 3.921253606677055359e-02 8.115084171295166016e-01 6.327210525293724963e+00 -4.499861490333162628e+00 -2.982961799316286466e+00 4.032530651468752225e+00 -5.889265818748175008e+00 2.216079588918713128e+01 -3.099166268739791619e+01
1.661602204706955433e+09 1.302187293767929077e-01 -1.629684418439865112e-01 1.358433485031127930e+00 -5.692680478096008301e-01 7.338728755712509155e-02 2.470775507390499115e-02 8.184972405433654785e-01 3.130107996147177385e+00 -2.251275593191187863e+00 -1.492372400494758944e+00 2.017470505247666246e+00 -2.946393000772398185e+00 1.108702101569015497e+01 -1.550509364575735560e+01
1.661602204708950758e+09 1.327241212129592896e-01 -1.631284654140472412e-01 1.364071130752563477e+00 -5.616674423217773438e-01 6.034042313694953918e-02 1.001361105591058731e-02 8.250990509986877441e-01 3.092907948560564169e+00 -2.250199586216308223e+00 -1.491659114606124659e+00 2.016506246432874683e+00 -2.944984759405079533e+00 1.108172192570774683e+01 -1.549768291871911430e+01
1.661602204709948063e+09 1.351741999387741089e-01 -1.633825153112411499e-01 1.369651079177856445e+00 -5.537586808204650879e-01 4.746459797024726868e-02 -4.858100786805152893e-03 8.313091397285461426e-01 6.115929764731792062e+00 -4.502012989969945700e+00 -2.984388030155070037e+00 4.034458708199074373e+00 -5.892081628367466628e+00 2.217139153627734771e+01 -3.100648059927331346e+01
1.661602204711942196e+09 1.375690847635269165e-01 -1.637290567159652710e-01 1.375170707702636719e+00 -5.455455183982849121e-01 3.476778790354728699e-02 -1.989548839628696442e-02 8.371233344078063965e-01 3.022246897167980340e+00 -2.251544755744175674e+00 -1.492550828567510424e+00 2.017711714059867045e+00 -2.946745271575933689e+00 1.108834658013488017e+01 -1.550694743505024853e+01
1.661602204713936567e+09 1.399089992046356201e-01 -1.641665697097778320e-01 1.380627632141113281e+00 -5.370323657989501953e-01 2.225786261260509491e-02 -3.508655726909637451e-02 8.425377607345581055e-01 2.985171272614721261e+00 -2.251275593191187863e+00 -1.492372400494758944e+00 2.017470505247666246e+00 -2.946393000772398185e+00 1.108702101569015497e+01 -1.550509364575735560e+01
1.661602204715931416e+09 1.421941816806793213e-01 -1.646934896707534790e-01 1.386019349098205566e+00 -5.282234549522399902e-01 9.942604228854179382e-03 -5.041923001408576965e-02 8.475488424301147461e-01 2.947418506999471166e+00 -2.250737461102460202e+00 -1.492015672300544660e+00 2.016988260594804405e+00 -2.945688711779729463e+00 1.108437083736681572e+01 -1.550138739652925501e+01
1.661602204717927456e+09 1.444249898195266724e-01 -1.653082370758056641e-01 1.391343355178833008e+00 -5.191234946250915527e-01 -2.170329215005040169e-03 -6.588134169578552246e-02 8.521535992622375488e-01 2.908319775146010588e+00 -2.249393255738686648e+00 -1.491124597484311698e+00 2.015783656999131424e+00 -2.943929461474079634e+00 1.107775093122887533e+01 -1.549212952063548343e+01
1.661602204718923807e+09 1.466018557548522949e-01 -1.660092025995254517e-01 1.396597385406494141e+00 -5.097374916076660156e-01 -1.407337747514247894e-02 -8.146069943904876709e-02 8.563491106033325195e-01 5.751161872171627110e+00 -4.506322167275492951e+00 -2.987244587255003303e+00 4.038320358075312200e+00 -5.897721333204353655e+00 2.219261325586220224e+01 -3.103615897266338308e+01
1.661602204720917940e+09 1.487252414226531982e-01 -1.667947322130203247e-01 1.401779294013977051e+00 -5.000702738761901855e-01 -2.575910836458206177e-02 -9.714502841234207153e-02 8.601331710815429688e-01 2.835773445954557825e+00 -2.251544755744175674e+00 -1.492550828567510424e+00 2.017711714059867045e+00 -2.946745271575919922e+00 1.108834658013488017e+01 -1.550694743505024853e+01
1.661602204722912550e+09 1.507957279682159424e-01 -1.676631867885589600e-01 1.406886577606201172e+00 -4.901270866394042969e-01 -3.722019121050834656e-02 -1.129220053553581238e-01 8.635037541389465332e-01 2.797048702079971694e+00 -2.251006494984972850e+00 -1.492194015077535019e+00 2.017229354099537186e+00 -2.946040814183719103e+00 1.108569576813864543e+01 -1.550324029963665673e+01
1.661602204724907637e+09 1.528139412403106689e-01 -1.686128675937652588e-01 1.411917090415954590e+00 -4.799134135246276855e-01 -4.844945296645164490e-02 -1.287793070077896118e-01 8.664592504501342773e-01 2.758190931407439983e+00 -2.250468491520588366e+00 -1.491837372148501206e+00 2.016747224712802211e+00 -2.945336693530233418e+00 1.108304622326098254e+01 -1.549953493627632284e+01
1.661602204726902485e+09 1.547805666923522949e-01 -1.696420907974243164e-01 1.416868805885314941e+00 -4.694347977638244629e-01 -5.943983048200607300e-02 -1.447046101093292236e-01 8.689985275268554688e-01 2.720233941477366191e+00 -2.250737461102460202e+00 -1.492015672300544660e+00 2.016988260594804405e+00 -2.945688711779729463e+00 1.108437083736678730e+01 -1.550138739652925501e+01
1.661602204728897095e+09 1.566963940858840942e-01 -1.707491427659988403e-01 1.421739578247070312e+00 -4.586971998214721680e-01 -7.018441706895828247e-02 -1.606855690479278564e-01 8.711206912994384766e-01 2.682129592676110175e+00 -2.251006494984972850e+00 -1.492194015077535019e+00 2.017229354099537186e+00 -2.946040814183719103e+00 1.108569576813870050e+01 -1.550324029963665673e+01
1.661602204730891466e+09 1.585622429847717285e-01 -1.719323098659515381e-01 1.426527261734008789e+00 -4.477064013481140137e-01 -8.067642897367477417e-02 -1.767098158597946167e-01 8.728252649307250977e-01 2.643877144548135494e+00 -2.251275593191187863e+00 -1.492372400494758944e+00 2.017470505247666246e+00 -2.946393000772384418e+00 1.108702101569018161e+01 -1.550509364575735560e+01
1.661602204732886076e+09 1.603790372610092163e-01 -1.731898337602615356e-01 1.431229948997497559e+00 -4.364687502384185791e-01 -9.090924263000488281e-02 -1.927650272846221924e-01 8.741122484207153320e-01 2.604970540058411554e+00 -2.251006494984972850e+00 -1.492194015077535019e+00 2.017229354099537186e+00 -2.946040814183719103e+00 1.108569576813864543e+01 -1.550324029963665673e+01
1.661602204734881163e+09 1.621477305889129639e-01 -1.745199710130691528e-01 1.435845732688903809e+00 -4.249905049800872803e-01 -1.008763909339904785e-01 -2.088389992713928223e-01 8.749818801879882812e-01 2.565746492486832953e+00 -2.250468491520588366e+00 -1.491837372148501206e+00 2.016747224712802211e+00 -2.945336693530261396e+00 1.108304622326098254e+01 -1.549953493627632284e+01
1.661602204736875772e+09 1.638693511486053467e-01 -1.759209781885147095e-01 1.440372705459594727e+00 -4.132782220840454102e-01 -1.105715706944465637e-01 -2.249194383621215820e-01 8.754348754882812500e-01 2.527738930602755563e+00 -2.251006494984972850e+00 -1.492194015077535019e+00 2.017229354099537186e+00 -2.946040814183747081e+00 1.108569576813870050e+01 -1.550324029963665673e+01
1.661602204738869905e+09 1.655450314283370972e-01 -1.773910820484161377e-01 1.444809079170227051e+00 -4.013384878635406494e-01 -1.199885904788970947e-01 -2.409941405057907104e-01 8.754724264144897461e-01 2.489768315554915290e+00 -2.251544755744175674e+00 -1.492550828567510424e+00 2.017711714059867045e+00 -2.946745271575919922e+00 1.108834658013490859e+01 -1.550694743505024853e+01
1.661602204739867210e+09 1.671759039163589478e-01 -1.789285093545913696e-01 1.449153184890747070e+00 -3.891783356666564941e-01 -1.291215270757675171e-01 -2.570510506629943848e-01 8.750957846641540527e-01 4.901428484775915528e+00 -4.502012989969974122e+00 -2.984388030155070037e+00 4.034458708199074373e+00 -5.892081628367438206e+00 2.217139153627729087e+01 -3.100648059927331346e+01
1.661602204741861820e+09 1.687632054090499878e-01 -1.805314868688583374e-01 1.453403234481811523e+00 -3.768046498298645020e-01 -1.379645168781280518e-01 -2.730781435966491699e-01 8.743067979812622070e-01 2.412326876959212996e+00 -2.251006494984987061e+00 -1.492194015077535019e+00 2.017229354099537186e+00 -2.946040814183747081e+00 1.108569576813864543e+01 -1.550324029963665673e+01
1.661602204743857145e+09 1.703082174062728882e-01 -1.821982562541961670e-01 1.457557678222656250e+00 -3.642246425151824951e-01 -1.465119421482086182e-01 -2.890634238719940186e-01 8.731076717376708984e-01 2.373277623578076145e+00 -2.250199586216322434e+00 -1.491659114606124659e+00 2.016506246432874683e+00 -2.944984759405093300e+00 1.108172192570777526e+01 -1.549768291871911430e+01
1.661602204745851278e+09 1.718122959136962891e-01 -1.839270293712615967e-01 1.461614847183227539e+00 -3.514455854892730713e-01 -1.547583490610122681e-01 -3.049950897693634033e-01 8.715009093284606934e-01 2.336636095282509373e+00 -2.251544755744189441e+00 -1.492550828567510424e+00 2.017711714059867045e+00 -2.946745271575919922e+00 1.108834658013490859e+01 -1.550694743505024853e+01
1.661602204747845888e+09 1.732768267393112183e-01 -1.857160478830337524e-01 1.465573430061340332e+00 -3.384751081466674805e-01 -1.626984626054763794e-01 -3.208614587783813477e-01 8.694893717765808105e-01 2.298344759609627808e+00 -2.251006494984987061e+00 -1.492194015077535019e+00 2.017229354099537186e+00 -2.946040814183719103e+00 1.108569576813864543e+01 -1.550324029963665673e+01
1.661602204749840736e+09 1.747032850980758667e-01 -1.875635236501693726e-01 1.469431877136230469e+00 -3.253206312656402588e-01 -1.703271716833114624e-01 -3.366508781909942627e-01 8.670763373374938965e-01 2.260571492212864353e+00 -2.250737461102473969e+00 -1.492015672300544660e+00 2.016988260594804405e+00 -2.945688711779756996e+00 1.108437083736684237e+01 -1.550138739652925501e+01
1.661602204751835585e+09 1.760931760072708130e-01 -1.894677132368087769e-01 1.473188996315002441e+00 -3.119899928569793701e-01 -1.776396334171295166e-01 -3.523518741130828857e-01 8.642653226852416992e-01 2.223478471728801420e+00 -2.250737461102473969e+00 -1.492015672300544660e+00 2.016988260594804405e+00 -2.945688711779756996e+00 1.108437083736684237e+01 -1.550138739652925501e+01
1.661602204753830194e+09 1.774480491876602173e-01 -1.914268434047698975e-01 1.476843357086181641e+00 -2.984910905361175537e-01 -1.846311092376708984e-01 -3.679532408714294434e-01 8.610603213310241699e-01 2.186961730287753980e+00 -2.251006494984987061e+00 -1.492194015077535019e+00 2.017229354099537186e+00 -2.946040814183719103e+00 1.108569576813864543e+01 -1.550324029963665673e+01
1.661602204754827499e+09 1.787695586681365967e-01 -1.934391558170318604e-01 1.480393886566162109e+00 -2.848320007324218750e-01 -1.912971436977386475e-01 -3.834437429904937744e-01 8.574655055999755859e-01 4.301353355747012053e+00 -4.502012989969974122e+00 -2.984388030155070037e+00 4.034458708199074373e+00 -5.892081628367438206e+00 2.217139153627729087e+01 -3.100648059927331346e+01
1.661602204756822109e+09 1.800593286752700806e-01 -1.955029517412185669e-01 1.483839273452758789e+00 -2.710206210613250732e-01 -1.976333707571029663e-01 -3.988122045993804932e-01 8.534855842590332031e-01 2.114813814988996565e+00 -2.251006494984987061e+00 -1.492194015077535019e+00 2.017229354099537186e+00 -2.946040814183747081e+00 1.108569576813864543e+01 -1.550324029963654660e+01
1.661602204758817196e+09 1.813191175460815430e-01 -1.976164579391479492e-01 1.487178564071655273e+00 -2.570654749870300293e-01 -2.036358267068862915e-01 -4.140481948852539062e-01 8.491253852844238281e-01 2.079043281305354984e+00 -2.250468491520602576e+00 -1.491837372148501206e+00 2.016747224712802211e+00 -2.945336693530261396e+00 1.108304622326103939e+01 -1.549953493627632284e+01
1.661602204760812044e+09 1.825506687164306641e-01 -1.997779905796051025e-01 1.490410804748535156e+00 -2.429747432470321655e-01 -2.093004584312438965e-01 -4.291407465934753418e-01 8.443902134895324707e-01 2.044649106463451105e+00 -2.250737461102473969e+00 -1.492015672300544660e+00 2.016988260594804405e+00 -2.945688711779729463e+00 1.108437083736684237e+01 -1.550138739652925501e+01
1.661602204762806177e+09 1.837557852268218994e-01 -2.019858360290527344e-01 1.493535041809082031e+00 -2.287570238113403320e-01 -2.146237343549728394e-01 -4.440796375274658203e-01 8.392854928970336914e-01 2.011376914409246819e+00 -2.251544755744189441e+00 -1.492550828567510424e+00 2.017711714059867045e+00 -2.946745271575919922e+00 1.108834658013485175e+01 -1.550694743505024853e+01
1.661602204764800549e+09 1.849363297224044800e-01 -2.042383104562759399e-01 1.496550321578979492e+00 -2.144208252429962158e-01 -2.196021825075149536e-01 -4.588545560836791992e-01 8.338172435760498047e-01 1.977826208363908655e+00 -2.251275593191201629e+00 -1.492372400494758944e+00 2.017470505247666246e+00 -2.946393000772411952e+00 1.108702101569012655e+01 -1.550509364575735560e+01
1.661602204765797853e+09 1.860941797494888306e-01 -2.065337300300598145e-01 1.499456048011779785e+00 -1.999747306108474731e-01 -2.242324501276016235e-01 -4.734553396701812744e-01 8.279914855957031250e-01 3.890280218815059143e+00 -4.502012989969974122e+00 -2.984388030155070037e+00 4.034458708199074373e+00 -5.892081628367494162e+00 2.217139153627729087e+01 -3.100648059927331346e+01
1.661602204769787788e+09 1.872312724590301514e-01 -2.088704705238342285e-01 1.502251505851745605e+00 -1.854276657104492188e-01 -2.285117059946060181e-01 -4.878725111484527588e-01 8.218147158622741699e-01 9.566057109780322643e-01 -1.125301484137685604e+00 -7.459632584486799445e-01 1.008433867726126643e+00 -1.472756346068777589e+00 5.541854245368861953e+00 -7.750230555527951815e+00
1.661602204770784855e+09 1.883495748043060303e-01 -2.112468928098678589e-01 1.504935979843139648e+00 -1.707883924245834351e-01 -2.324370443820953369e-01 -5.020962953567504883e-01 8.152936100959777832e-01 3.766629748293114144e+00 -4.503089511488322927e+00 -2.985101657135020847e+00 4.035423428119734091e+00 -5.893490543151839844e+00 2.217669316026970350e+01 -3.101389487010049706e+01
1.661602204772779226e+09 1.894510835409164429e-01 -2.136613577604293823e-01 1.507508993148803711e+00 -1.560658067464828491e-01 -2.360059469938278198e-01 -5.161174535751342773e-01 8.084352016448974609e-01 1.853415174314223313e+00 -2.251275593191201629e+00 -1.492372400494758944e+00 2.017470505247666246e+00 -2.946393000772411952e+00 1.108702101569012655e+01 -1.550509364575735560e+01
1.661602204774774075e+09 1.905378401279449463e-01 -2.161123156547546387e-01 1.509969949722290039e+00 -1.412689536809921265e-01 -2.392160743474960327e-01 -5.299268960952758789e-01 8.012467026710510254e-01 1.824351859702021406e+00 -2.250737461102473969e+00 -1.492015672300544660e+00 2.016988260594804405e+00 -2.945688711779756996e+00 1.108437083736678730e+01 -1.550138739652925501e+01
1.661602204776769161e+09 1.916119307279586792e-01 -2.185981869697570801e-01 1.512318611145019531e+00 -1.264068037271499634e-01 -2.420652508735656738e-01 -5.435156822204589844e-01 7.937357425689697266e-01 1.796719526555250468e+00 -2.250468491520574599e+00 -1.491837372148501206e+00 2.016747224712802211e+00 -2.945336693530233418e+00 1.108304622326098254e+01 -1.549953493627632284e+01
1.661602204778763533e+09 1.926754117012023926e-01 -2.211174070835113525e-01 1.514554619789123535e+00 -1.114885658025741577e-01 -2.445516735315322876e-01 -5.568754673004150391e-01 7.859099507331848145e-01 1.771138262037325495e+00 -2.251275593191173652e+00 -1.492372400494758944e+00 2.017470505247666246e+00 -2.946393000772384418e+00 1.108702101569012655e+01 -1.550509364575735560e+01
1.661602204779760361e+09 1.937304288148880005e-01 -2.236684858798980713e-01 1.516677737236022949e+00 -9.652340412139892578e-02 -2.466736733913421631e-01 -5.699977874755859375e-01 7.777774930000305176e-01 3.493708912567808689e+00 -4.504166547965654743e+00 -2.985815625481621272e+00 4.036388609518471782e+00 -5.894900131896968709e+00 2.218199732031782645e+01 -3.102131268757720051e+01
1.661602204781755209e+09 1.947791278362274170e-01 -2.262499183416366577e-01 1.518687725067138672e+00 -8.152052760124206543e-02 -2.484298795461654663e-01 -5.828748345375061035e-01 7.693464159965515137e-01 1.722255736827893013e+00 -2.250737461102473969e+00 -1.492015672300544660e+00 2.016988260594804405e+00 -2.945688711779756996e+00 1.108437083736689921e+01 -1.550138739652925501e+01
1.661602204783750772e+09 1.958236843347549438e-01 -2.288602590560913086e-01 1.520584702491760254e+00 -6.648917496204376221e-02 -2.498190551996231079e-01 -5.954987406730651855e-01 7.606253027915954590e-01 1.699610675111596914e+00 -2.249930745166567103e+00 -1.491480899658143233e+00 2.016265325734376113e+00 -2.944632909374073293e+00 1.108039794459353722e+01 -1.549583134369895809e+01
1.661602204785744905e+09 1.968662887811660767e-01 -2.314980477094650269e-01 1.522368311882019043e+00 -5.143867060542106628e-02 -2.508403360843658447e-01 -6.078620553016662598e-01 7.516228556632995605e-01 1.680206139228947126e+00 -2.251544755744161463e+00 -1.492550828567510424e+00 2.017711714059867045e+00 -2.946745271575919922e+00 1.108834658013485175e+01 -1.550694743505024853e+01
1.661602204787739277e+09 1.979091316461563110e-01 -2.341618835926055908e-01 1.524038910865783691e+00 -3.637836873531341553e-02 -2.514929771423339844e-01 -6.199577450752258301e-01 7.423478364944458008e-01 1.661059613582327010e+00 -2.251275593191201629e+00 -1.492372400494758944e+00 2.017470505247666246e+00 -2.946393000772411952e+00 1.108702101569023846e+01 -1.550509364575735560e+01
1.661602204789733887e+09 1.989544630050659180e-01 -2.368503808975219727e-01 1.525596618652343750e+00 -2.131757885217666626e-02 -2.517765462398529053e-01 -6.317788958549499512e-01 7.328093647956848145e-01 1.643574848674800970e+00 -2.251006494984987061e+00 -1.492194015077535019e+00 2.017229354099537186e+00 -2.946040814183747081e+00 1.108569576813875734e+01 -1.550324029963643468e+01
1.661602204790730953e+09 2.000045031309127808e-01 -2.395622134208679199e-01 1.527041435241699219e+00 -6.265722215175628662e-03 -2.516908347606658936e-01 -6.433191299438476562e-01 7.230166196823120117e-01 3.256723894418705800e+00 -4.503089511488322927e+00 -2.985101657135020847e+00 4.035423428119734091e+00 -5.893490543151839844e+00 2.217669316026970350e+01 -3.101389487010049706e+01
1.661602204793723822e+09 2.041599005460739136e-01 -2.299544662237167358e-01 1.530791759490966797e+00 -1.915170811116695404e-02 -2.488247752189636230e-01 -6.340866088867187500e-01 7.318836450576782227e-01 3.715298788237944461e+00 8.078213665435338697e-01 -3.752338800711963351e+00 4.383372506243241595e+00 3.543887324700137675e+00 -6.433356669249343796e+00 9.092668689395658532e+00
1.661602204794721127e+09 2.082935869693756104e-01 -2.203241884708404541e-01 1.534378290176391602e+00 -3.198157623410224915e-02 -2.456698715686798096e-01 -6.245802044868469238e-01 7.406234145164489746e-01 1.110661214607931058e+01 2.424236580019303755e+00 -1.126060458172082512e+01 1.315430912523842721e+01 1.063505082164967597e+01 -1.930622191467513105e+01 2.728670094620651199e+01
1.661602204796715021e+09 2.124024480581283569e-01 -2.106720954179763794e-01 1.537799954414367676e+00 -4.474814236164093018e-02 -2.422284036874771118e-01 -6.148017644882202148e-01 7.492274641990661621e-01 5.533990419547017758e+00 1.212553104653921743e+00 -5.632322009486700587e+00 6.579513938882260327e+00 5.319432929207293270e+00 -9.656573749741250268e+00 1.364824465598252168e+01
1.661602204798710108e+09 2.164833694696426392e-01 -2.009989172220230103e-01 1.541056275367736816e+00 -5.744436755776405334e-02 -2.385027855634689331e-01 -6.047530770301818848e-01 7.576874494552612305e-01 5.509623046182042572e+00 1.211828586785490103e+00 -5.628956616316596495e+00 6.575582584951172649e+00 5.316254491749621280e+00 -9.650803808447300014e+00 1.364008963408004682e+01
1.661602204800705433e+09 2.205332368612289429e-01 -1.913054138422012329e-01 1.544146180152893066e+00 -7.006329298019409180e-02 -2.344957143068313599e-01 -5.944367051124572754e-01 7.659947276115417480e-01 5.488066583517853481e+00 1.211683787097739273e+00 -5.628284020233872198e+00 6.574796877867297162e+00 5.315619260002488744e+00 -9.649650647519059987e+00 1.363845979901802252e+01
1.661602204802699804e+09 2.245489358901977539e-01 -1.815923601388931274e-01 1.547069311141967773e+00 -8.259804546833038330e-02 -2.302098870277404785e-01 -5.838549137115478516e-01 7.741410732269287109e-01 5.470070027612496055e+00 1.212263193570920272e+00 -5.630975369436614031e+00 6.577940833337996729e+00 5.318161098261876774e+00 -9.654264945497439854e+00 1.364498147734391331e+01
1.661602204803696632e+09 2.285273522138595581e-01 -1.718605905771255493e-01 1.549824953079223633e+00 -9.504178911447525024e-02 -2.256484031677246094e-01 -5.730107426643371582e-01 7.821179628372192383e-01 1.090328703291064727e+01 2.425396224401040079e+00 -1.126599114215194319e+01 1.316060154768532442e+01 1.064013814564950877e+01 -1.931545713204641856e+01 2.729975366132069681e+01
1.661602204805691242e+09 2.324653565883636475e-01 -1.621109098196029663e-01 1.552412629127502441e+00 -1.073878780007362366e-01 -2.208143174648284912e-01 -5.619071125984191895e-01 7.899172902107238770e-01 5.428969451486353570e+00 1.212118290009679633e+00 -5.630302290860300651e+00 6.577154562619102585e+00 5.317525410824866405e+00 -9.653110957337677434e+00 1.364335047310325599e+01
1.661602204807685852e+09 2.363598644733428955e-01 -1.523441970348358154e-01 1.554831981658935547e+00 -1.196297332644462585e-01 -2.157110273838043213e-01 -5.505474805831909180e-01 7.975305318832397461e-01 5.409231632691981595e+00 1.212118290009679633e+00 -5.630302290860300651e+00 6.577154562619102585e+00 5.317525410824866405e+00 -9.653110957337677434e+00 1.364335047310325599e+01
1.661602204809681177e+09 2.402077615261077881e-01 -1.425613611936569214e-01 1.557082772254943848e+00 -1.317608356475830078e-01 -2.103419005870819092e-01 -5.389351844787597656e-01 8.049498200416564941e-01 5.387913701077073902e+00 1.211683787097711518e+00 -5.628284020233872198e+00 6.574796877867409073e+00 5.315619260002461210e+00 -9.649650647519059987e+00 1.363845979901802252e+01
1.661602204810678720e+09 2.440059781074523926e-01 -1.327632963657379150e-01 1.559164643287658691e+00 -1.437748521566390991e-01 -2.047106623649597168e-01 -5.270743966102600098e-01 8.121668100357055664e-01 1.073911832141321554e+01 2.423657173570924250e+00 -1.125791323263319299e+01 1.315116516990256734e+01 1.063250898349918749e+01 -1.930160761689460003e+01 2.728017926816009364e+01
1.661602204812672615e+09 2.477514296770095825e-01 -1.229509487748146057e-01 1.561077475547790527e+00 -1.556655019521713257e-01 -1.988210976123809814e-01 -5.149689912796020508e-01 8.191735744476318359e-01 5.354169665875534001e+00 1.212553104653949498e+00 -5.632322009486700587e+00 6.579513938882149304e+00 5.319432929207321692e+00 -9.656573749741362178e+00 1.364824465598252168e+01
1.661602204814667225e+09 2.514410316944122314e-01 -1.131253242492675781e-01 1.562821269035339355e+00 -1.674267202615737915e-01 -1.926771551370620728e-01 -5.026236176490783691e-01 8.259620666503906250e-01 5.334076810603892049e+00 1.212118290009679633e+00 -5.630302290860300651e+00 6.577154562619102585e+00 5.317525410824866405e+00 -9.653110957337677434e+00 1.364335047310325599e+01
1.661602204815664291e+09 2.550718188285827637e-01 -1.032874211668968201e-01 1.564395904541015625e+00 -1.790523976087570190e-01 -1.862828433513641357e-01 -4.900425076484680176e-01 8.325245976448059082e-01 1.063527466921384956e+01 2.424816263563067231e+00 -1.126329721791900518e+01 1.315745458413972813e+01 1.063759387540903845e+01 -1.931083841919823385e+01 2.729322574318073436e+01
1.661602204817659616e+09 2.586406767368316650e-01 -9.343828260898590088e-02 1.565801739692687988e+00 -1.905367374420166016e-01 -1.796424984931945801e-01 -4.772308766841888428e-01 8.388534188270568848e-01 5.297234214441773226e+00 1.211683787097711518e+00 -5.628284020233872198e+00 6.574796877867409073e+00 5.315619260002461210e+00 -9.649650647519059987e+00 1.363845979901802252e+01
1.661602204819654226e+09 2.621446847915649414e-01 -8.357899636030197144e-02 1.567038774490356445e+00 -2.018738687038421631e-01 -1.727604269981384277e-01 -4.641935527324676514e-01 8.449409008026123047e-01 5.282392068599908619e+00 1.212118290009679633e+00 -5.630302290860300651e+00 6.577154562619102585e+00 5.317525410824866405e+00 -9.653110957337677434e+00 1.364335047310325599e+01
1.661602204821648598e+09 2.655808329582214355e-01 -7.371065765619277954e-02 1.568107247352600098e+00 -2.130582630634307861e-01 -1.656412035226821899e-01 -4.509360492229461670e-01 8.507795333862304688e-01 5.266794724415576390e+00 1.212263193570948028e+00 -5.630975369436614031e+00 6.577940833337885707e+00 5.318161098261904307e+00 -9.654264945497549988e+00 1.364498147734391331e+01
1.661602204823643208e+09 2.689461708068847656e-01 -6.383442133665084839e-02 1.569007635116577148e+00 -2.240844070911407471e-01 -1.582894176244735718e-01 -4.374639689922332764e-01 8.563620448112487793e-01 5.250471707129640286e+00 1.212118290009651878e+00 -5.630302290860300651e+00 6.577154562619213607e+00 5.317525410824837984e+00 -9.653110957337622366e+00 1.364335047310325599e+01
1.661602204825638771e+09 2.722378373146057129e-01 -5.395146459341049194e-02 1.569740295410156250e+00 -2.349469512701034546e-01 -1.507098674774169922e-01 -4.237830936908721924e-01 8.616811037063598633e-01 5.232831068815867681e+00 1.211539022009647359e+00 -5.627611584867057815e+00 6.574011358527161342e+00 5.314984180043110129e+00 -9.648497762136981848e+00 1.363683035340284810e+01
1.661602204827633858e+09 2.754528820514678955e-01 -4.406299814581871033e-02 1.570305705070495605e+00 -2.456406950950622559e-01 -1.429074555635452271e-01 -4.098995327949523926e-01 8.667297363281250000e-01 5.219500233554824398e+00 1.211828586785490103e+00 -5.628956616316596495e+00 6.575582584951172649e+00 5.316254491749621280e+00 -9.650803808447300014e+00 1.364008963408004682e+01
1.661602204829627991e+09 2.785884737968444824e-01 -3.417027369141578674e-02 1.570704579353332520e+00 -2.561605870723724365e-01 -1.348871886730194092e-01 -3.958195745944976807e-01 8.715010285377502441e-01 5.207989691525919618e+00 1.212408131781561593e+00 -5.631648608959502589e+00 6.578727292069753041e+00 5.318796937704546757e+00 -9.655419209599116925e+00 1.364661287159047909e+01
1.661602204831621885e+09 2.816418409347534180e-01 -2.427457459270954132e-02 1.570937514305114746e+00 -2.665017247200012207e-01 -1.266542226076126099e-01 -3.815497756004333496e-01 8.759881854057312012e-01 5.195197481257217476e+00 1.212553104653921743e+00 -5.632322009486700587e+00 6.579513938882260327e+00 5.319432929207321692e+00 -9.656573749741305335e+00 1.364824465598252168e+01
1.661602204832619190e+09 2.846101820468902588e-01 -1.437722239643335342e-02 1.571005225181579590e+00 -2.766592502593994141e-01 -1.182137727737426758e-01 -3.670967519283294678e-01 8.801847100257873535e-01 1.036103637295771485e+01 2.424236580019303755e+00 -1.126060458172060130e+01 1.315430912523842721e+01 1.063505082164973281e+01 -1.930622191467524473e+01 2.728670094620651199e+01
1.661602204834614992e+09 2.874907553195953369e-01 -4.479573573917150497e-03 1.570908665657043457e+00 -2.866286933422088623e-01 -1.095712184906005859e-01 -3.524675965309143066e-01 8.840841054916381836e-01 5.165220670853341467e+00 1.211394291508897547e+00 -5.626939310158556751e+00 6.573226026863148164e+00 5.314349251817072073e+00 -9.647345152202486673e+00 1.363520129709495166e+01
1.661602204836608887e+09 2.902809083461761475e-01 5.416977219283580780e-03 1.570648550987243652e+00 -2.964055240154266357e-01 -1.007320135831832886e-01 -3.376694917678833008e-01 8.876802325248718262e-01 5.158566178878559505e+00 1.212553104653949498e+00 -5.632322009486700587e+00 6.579513938882149304e+00 5.319432929207307481e+00 -9.656573749741362178e+00 1.364824465598252168e+01
1.661602204838603497e+09 2.929779887199401855e-01 1.531099993735551834e-02 1.570226073265075684e+00 -3.059855103492736816e-01 -9.170170873403549194e-02 -3.227097988128662109e-01 8.909668922424316406e-01 5.145739580164085503e+00 1.212118290009651878e+00 -5.630302290860300651e+00 6.577154562619213607e+00 5.317525410824852194e+00 -9.653110957337622366e+00 1.364335047310325599e+01
1.661602204840597868e+09 2.955793738365173340e-01 2.520102821290493011e-02 1.569642066955566406e+00 -3.153644502162933350e-01 -8.248595148324966431e-02 -3.075960278511047363e-01 8.939384818077087402e-01 5.136000049014189273e+00 1.212263193570948028e+00 -5.630975369436614031e+00 6.577940833337996729e+00 5.318161098261890096e+00 -9.654264945497494921e+00 1.364498147734391331e+01
1.661602204842593193e+09 2.980825603008270264e-01 3.508555516600608826e-02 1.568897843360900879e+00 -3.245384097099304199e-01 -7.309047877788543701e-02 -2.923360466957092285e-01 8.965892195701599121e-01 5.123817958989657306e+00 1.211683787097739273e+00 -5.628284020233872198e+00 6.574796877867297162e+00 5.315619260002475421e+00 -9.649650647519003144e+00 1.363845979901802252e+01
1.661602204844587564e+09 3.004850745201110840e-01 4.496304318308830261e-02 1.567994475364685059e+00 -3.335036039352416992e-01 -6.352114677429199219e-02 -2.769378125667572021e-01 8.989137411117553711e-01 5.117168053298196462e+00 1.212263193570948028e+00 -5.630975369436614031e+00 6.577940833337885707e+00 5.318161098261890096e+00 -9.654264945497494921e+00 1.364498147734391331e+01
1.661602204846581936e+09 3.027844429016113281e-01 5.483191460371017456e-02 1.566933274269104004e+00 -3.422563970088958740e-01 -5.378380417823791504e-02 -2.614094913005828857e-01 9.009067416191101074e-01 5.108684594791412792e+00 1.212263193570948028e+00 -5.630975369436614031e+00 6.577940833337885707e+00 5.318161098261890096e+00 -9.654264945497494921e+00 1.364498147734391331e+01
1.661602204848576546e+09 3.049783110618591309e-01 6.469055265188217163e-02 1.565715670585632324e+00 -3.507932722568511963e-01 -4.388445615768432617e-02 -2.457593977451324463e-01 9.025633335113525391e-01 5.100206935884195936e+00 1.212118290009679633e+00 -5.630302290860300651e+00 6.577154562619102585e+00 5.317525410824852194e+00 -9.653110957337622366e+00 1.364335047310325599e+01
1.661602204850572348e+09 3.070643544197082520e-01 7.453730702400207520e-02 1.564342856407165527e+00 -3.591110110282897949e-01 -3.382914513349533081e-02 -2.299960553646087646e-01 9.038786888122558594e-01 5.089925207499808479e+00 1.211394291508897547e+00 -5.626939310158556751e+00 6.573226026863148164e+00 5.314349251817072073e+00 -9.647345152202429830e+00 1.363520129709495166e+01
1.661602204852566719e+09 3.090403378009796143e-01 8.437048643827438354e-02 1.562816619873046875e+00 -3.672064244747161865e-01 -2.362398803234100342e-02 -2.141281366348266602e-01 9.048483371734619141e-01 5.086922067738280262e+00 1.212263193570948028e+00 -5.630975369436614031e+00 6.577940833337885707e+00 5.318161098261890096e+00 -9.654264945497494921e+00 1.364498147734391331e+01
1.661602204854560852e+09 3.109040558338165283e-01 9.418837726116180420e-02 1.561138153076171875e+00 -3.750766217708587646e-01 -1.327515020966529846e-02 -1.981644928455352783e-01 9.054679274559020996e-01 5.081504969399071925e+00 1.212408131781561593e+00 -5.631648608959502589e+00 6.578727292069753041e+00 5.318796937704532546e+00 -9.655419209599060082e+00 1.364661287159036718e+01
1.661602204855557680e+09 3.126533627510070801e-01 1.039892137050628662e-01 1.559309363365173340e+00 -3.827186822891235352e-01 -2.788858953863382339e-03 -1.821140348911285400e-01 9.057334661483764648e-01 1.015450851646165731e+01 2.425396224401095591e+00 -1.126599114215194319e+01 1.316060154768510237e+01 1.064013814564955140e+01 -1.931545713204652870e+01 2.729975366132069681e+01
1.661602204857552290e+09 3.142862617969512939e-01 1.137711927294731140e-01 1.557331800460815430e+00 -3.901300728321075439e-01 7.828611880540847778e-03 -1.659859865903854370e-01 9.056411385536193848e-01 5.069952802438663753e+00 1.212118290009679633e+00 -5.630302290860300651e+00 6.577154562619102585e+00 5.317525410824852194e+00 -9.653110957337622366e+00 1.364335047310325599e+01
1.661602204859548330e+09 3.158007264137268066e-01 1.235325038433074951e-01 1.555207133293151855e+00 -3.973084986209869385e-01 1.857092417776584625e-02 -1.497896015644073486e-01 9.051873683929443359e-01 5.062026699852847145e+00 1.211249595583012484e+00 -5.626267196050797281e+00 6.572440882808338714e+00 5.313714475270032267e+00 -9.646192817616643822e+00 1.363357262995482877e+01
1.661602204861542225e+09 3.171948492527008057e-01 1.332712620496749878e-01 1.552937150001525879e+00 -4.042515754699707031e-01 2.943173609673976898e-02 -1.335342824459075928e-01 9.043688774108886719e-01 5.063720502492233599e+00 1.212553104653949498e+00 -5.632322009486700587e+00 6.579513938882149304e+00 5.319432929207307481e+00 -9.656573749741305335e+00 1.364824465598252168e+01
1.661602204863536358e+09 3.184667825698852539e-01 1.429855972528457642e-01 1.550523877143859863e+00 -4.109571874141693115e-01 4.040462523698806763e-02 -1.172295361757278442e-01 9.031826853752136230e-01 5.059890491239893429e+00 1.212408131781561593e+00 -5.631648608959502589e+00 6.578727292069753041e+00 5.318796937704532546e+00 -9.655419209599060082e+00 1.364661287159036718e+01
1.661602204865531445e+09 3.196147382259368896e-01 1.526735424995422363e-01 1.547968983650207520e+00 -4.174236357212066650e-01 5.148318409919738770e-02 -1.008850485086441040e-01 9.016258716583251953e-01 5.054777612258299690e+00 1.211828586785490103e+00 -5.628956616316596495e+00 6.575582584951172649e+00 5.316254491749607070e+00 -9.650803808447244947e+00 1.364008963408004682e+01
1.661602204867526770e+09 3.206370770931243896e-01 1.623331606388092041e-01 1.545274615287780762e+00 -4.236488342285156250e-01 6.266092509031295776e-02 -8.451050519943237305e-02 8.996961712837219238e-01 5.051972952719531840e+00 1.211683787097739273e+00 -5.628284020233872198e+00 6.574796877867297162e+00 5.315619260002475421e+00 -9.649650647519003144e+00 1.363845979901802252e+01
1.661602204869521379e+09 3.215321600437164307e-01 1.719624400138854980e-01 1.542442679405212402e+00 -4.296315908432006836e-01 7.393140345811843872e-02 -6.811580806970596313e-02 8.973912596702575684e-01 5.052069272157137192e+00 1.212118290009679633e+00 -5.630302290860300651e+00 6.577154562619102585e+00 5.317525410824852194e+00 -9.653110957337622366e+00 1.364335047310325599e+01
1.661602204871515274e+09 3.222984373569488525e-01 1.815593689680099487e-01 1.539475321769714355e+00 -4.353703260421752930e-01 8.528809994459152222e-02 -5.171088501811027527e-02 8.947092294692993164e-01 5.052621770771028586e+00 1.212553104653949498e+00 -5.632322009486700587e+00 6.579513938882149304e+00 5.319432929207307481e+00 -9.656573749741305335e+00 1.364824465598252168e+01
1.661602204873509884e+09 3.229345083236694336e-01 1.911218762397766113e-01 1.536374449729919434e+00 -4.408640265464782715e-01 9.672456234693527222e-02 -3.530579805374145508e-02 8.916483521461486816e-01 5.050016151696989475e+00 1.212118290009679633e+00 -5.630302290860300651e+00 6.577154562619102585e+00 5.317525410824852194e+00 -9.653110957337649012e+00 1.364335047310325599e+01
1.661602204875504971e+09 3.234389424324035645e-01 2.006478905677795410e-01 1.533142447471618652e+00 -4.461115300655364990e-01 1.082342118024826050e-01 -1.891062781214714050e-02 8.882073163986206055e-01 5.048403660152272820e+00 1.211828586785490103e+00 -5.628956616316596495e+00 6.575582584951172649e+00 5.316254491749608846e+00 -9.650803808447273369e+00 1.364008963408004682e+01
1.661602204878497362e+09 3.238105177879333496e-01 2.101352810859680176e-01 1.529781460762023926e+00 -4.511120319366455078e-01 1.198105812072753906e-01 -2.535544335842132568e-03 8.843850493431091309e-01 3.365864578943632779e+00 8.079500927592208059e-01 -3.752936735346767527e+00 4.384070996006008691e+00 3.544452042622956434e+00 -6.434381823686302404e+00 9.094117604810918465e+00
1.661602204883483648e+09 3.240479826927185059e-01 2.195819169282913208e-01 1.526293635368347168e+00 -4.558648467063903809e-01 1.314471364021301270e-01 1.380919478833675385e-02 8.801807761192321777e-01 2.020090158110877443e+00 4.848704989108243435e-01 -2.252228601192372448e+00 2.630987619339744121e+00 2.127111867024994218e+00 -3.861429007797971380e+00 5.457601131203109190e+00
1.661602204886475801e+09 3.241502940654754639e-01 2.289856225252151489e-01 1.522681236267089844e+00 -4.603697061538696289e-01 1.431374400854110718e-01 3.011332452297210693e-02 8.755938410758972168e-01 3.366874227369297756e+00 8.080144712526677875e-01 -3.753235774130460278e+00 4.384420324372223732e+00 3.544734469080536243e+00 -6.434894523433209557e+00 9.094842235695763222e+00
1.661602204888469696e+09 3.241163492202758789e-01 2.383442074060440063e-01 1.518946766853332520e+00 -4.646258950233459473e-01 1.548749208450317383e-01 4.636649414896965027e-02 8.706243038177490234e-01 5.053544843166902112e+00 1.212553104653949498e+00 -5.632322009486700587e+00 6.579513938882149304e+00 5.319432929207307481e+00 -9.656573749741333756e+00 1.364824465598252168e+01
1.661602204889466763e+09 3.239453136920928955e-01 2.476554661989212036e-01 1.515092492103576660e+00 -4.686336517333984375e-01 1.666531711816787720e-01 6.255835294723510742e-02 8.652719855308532715e-01 1.010855356810460748e+01 2.424816263563123186e+00 -1.126329721791900518e+01 1.315745458413950608e+01 1.063759387540906509e+01 -1.931083841919817701e+01 2.729322574318073436e+01
1.661602204891461849e+09 3.236362636089324951e-01 2.569171190261840820e-01 1.511120796203613281e+00 -4.723928272724151611e-01 1.784657239913940430e-01 7.867851108312606812e-02 8.595374822616577148e-01 5.053448586127381681e+00 1.211828586785490103e+00 -5.628956616316596495e+00 6.575582584951172649e+00 5.316254491749607070e+00 -9.650803808447273369e+00 1.364008963408004682e+01
1.661602204894454718e+09 3.231885135173797607e-01 2.661269605159759521e-01 1.507034063339233398e+00 -4.759036898612976074e-01 1.903061717748641968e-01 9.471656382083892822e-02 8.534213304519653320e-01 3.369939108928017735e+00 8.078213665435338697e-01 -3.752338800711963351e+00 4.383372506243241595e+00 3.543887324700128350e+00 -6.433356669249325144e+00 9.092668689395509318e+00
1.661602204895451307e+09 3.226013481616973877e-01 2.752826511859893799e-01 1.502834916114807129e+00 -4.791667163372039795e-01 2.021681368350982666e-01 1.106621026992797852e-01 8.469245433807373047e-01 1.012433774342628467e+01 2.425976462732291949e+00 -1.126868635534384566e+01 1.316375001695488400e+01 1.064268363324418942e+01 -1.932007805480544960e+01 2.730628470286646703e+01
1.661602204897445679e+09 3.218742907047271729e-01 2.843819260597229004e-01 1.498525619506835938e+00 -4.821821749210357666e-01 2.140452414751052856e-01 1.265046894550323486e-01 8.400485515594482422e-01 5.061408167651778811e+00 1.212263193570934039e+00 -5.630975369436614031e+00 6.577940833337885707e+00 5.318161098261890096e+00 -9.654264945497523343e+00 1.364498147734391331e+01
1.661602204899440289e+09 3.210068047046661377e-01 2.934224307537078857e-01 1.494108796119689941e+00 -4.849510192871093750e-01 2.259312123060226440e-01 1.422339528799057007e-01 8.327947854995727539e-01 5.063189905428138182e+00 1.212118290009665866e+00 -5.630302290860300651e+00 6.577154562619102585e+00 5.317525410824852194e+00 -9.653110957337649012e+00 1.364335047310325599e+01
1.661602204901436090e+09 3.199985325336456299e-01 3.024018704891204834e-01 1.489586949348449707e+00 -4.874740540981292725e-01 2.378197610378265381e-01 1.578394919633865356e-01 8.251650929450988770e-01 5.062706801092068609e+00 1.211394291508897547e+00 -5.626939310158556751e+00 6.573226026863148164e+00 5.314349251817072073e+00 -9.647345152202444041e+00 1.363520129709495166e+01
1.661602204903429985e+09 3.188492059707641602e-01 3.113178908824920654e-01 1.484962701797485352e+00 -4.897523522377014160e-01 2.497046887874603271e-01 1.733109354972839355e-01 8.171619176864624023e-01 5.070179483076058702e+00 1.212553104653949498e+00 -5.632322009486700587e+00 6.579513938882149304e+00 5.319432929207307481e+00 -9.656573749741319546e+00 1.364824465598252168e+01
1.661602204905424833e+09 3.175586760044097900e-01 3.201680779457092285e-01 1.480238556861877441e+00 -4.917870461940765381e-01 2.615798413753509521e-01 1.886379867792129517e-01 8.087874650955200195e-01 5.070452072570341251e+00 1.211973421085319025e+00 -5.629629373172854834e+00 6.576368479846047777e+00 5.316889875338916660e+00 -9.651957245020517107e+00 1.364171985872855686e+01
1.661602204906421900e+09 3.161268532276153564e-01 3.289501368999481201e-01 1.475417137145996094e+00 -4.935796856880187988e-01 2.734391987323760986e-01 2.038104534149169922e-01 8.000446557998657227e-01 1.015008973334660425e+01 2.424816263563095209e+00 -1.126329721791900518e+01 1.315745458413961622e+01 1.063759387540906509e+01 -1.931083841919814859e+01 2.729322574318073436e+01
1.661602204908416510e+09 3.145537078380584717e-01 3.376615941524505615e-01 1.470501065254211426e+00 -4.951315820217132568e-01 2.852765619754791260e-01 2.188179790973663330e-01 7.909365892410278320e-01 5.076587038100128346e+00 1.212118290009679633e+00 -5.630302290860300651e+00 6.577154562619102585e+00 5.317525410824852194e+00 -9.653110957337634801e+00 1.364335047310325599e+01
1.661602204910411835e+09 3.128394186496734619e-01 3.463001251220703125e-01 1.465492963790893555e+00 -4.964444935321807861e-01 2.970860898494720459e-01 2.336504757404327393e-01 7.814666628837585449e-01 5.077539382487069375e+00 1.211683787097739273e+00 -5.628284020233872198e+00 6.574796877867353118e+00 5.315619260002475421e+00 -9.649650647519017355e+00 1.363845979901802252e+01
1.661602204912405729e+09 3.109841644763946533e-01 3.548632860183715820e-01 1.460395336151123047e+00 -4.975203871726989746e-01 3.088619112968444824e-01 2.482978850603103638e-01 7.716385126113891602e-01 5.083939181780951166e+00 1.212553104653935732e+00 -5.632322009486700587e+00 6.579513938882204371e+00 5.319432929207307481e+00 -9.656573749741319546e+00 1.364824465598252168e+01
1.661602204913402796e+09 3.089882731437683105e-01 3.633486628532409668e-01 1.455211043357849121e+00 -4.983609616756439209e-01 3.205980360507965088e-01 2.627501487731933594e-01 7.614562511444091797e-01 1.017193454115009565e+01 2.424816263563095209e+00 -1.126329721791900518e+01 1.315745458413950608e+01 1.063759387540906509e+01 -1.931083841919814859e+01 2.729322574318073436e+01
1.661602204915397882e+09 3.068521320819854736e-01 3.717539012432098389e-01 1.449942588806152344e+00 -4.989686012268066406e-01 3.322889208793640137e-01 2.769974470138549805e-01 7.509239912033081055e-01 5.086146117791118471e+00 1.211828586785490103e+00 -5.628956616316596495e+00 6.575582584951172649e+00 5.316254491749607070e+00 -9.650803808447266263e+00 1.364008963408004682e+01
1.661602204917394161e+09 3.045763075351715088e-01 3.800765573978424072e-01 1.444592714309692383e+00 -4.993454217910766602e-01 3.439287245273590088e-01 2.910298109054565430e-01 7.400464415550231934e-01 5.085561678028692967e+00 1.211104934219632279e+00 -5.625595242486238767e+00 6.571655926295458805e+00 5.313079850347630639e+00 -9.645040758280988058e+00 1.363194435184304787e+01
1.661602204919387341e+09 3.021613359451293945e-01 3.883142173290252686e-01 1.439164042472839355e+00 -4.994940757751464844e-01 3.555121421813964844e-01 3.048377335071563721e-01 7.288283705711364746e-01 5.095803540271330867e+00 1.212988231366131986e+00 -5.634343177671922831e+00 6.581875008477497069e+00 5.321341816622094711e+00 -9.660039027402717693e+00 1.365314235143323351e+01
1.661602204921381712e+09 2.996079921722412109e-01 3.964644670486450195e-01 1.433659076690673828e+00 -4.994169175624847412e-01 3.670334219932556152e-01 3.184114992618560791e-01 7.172749638557434082e-01 5.094958332111256816e+00 1.212263193570934039e+00 -5.630975369436614031e+00 6.577940833337885707e+00 5.318161098261890096e+00 -9.654264945497516237e+00 1.364498147734391331e+01
1.661602204922379017e+09 2.969170212745666504e-01 4.045249223709106445e-01 1.428080677986145020e+00 -4.991165995597839355e-01 3.784872889518737793e-01 3.317417204380035400e-01 7.053916454315185547e-01 1.019264570635971445e+01 2.424236580019359266e+00 -1.126060458172060130e+01 1.315430912523820517e+01 1.063505082164970439e+01 -1.930622191467527671e+01 2.728670094620651199e+01
1.661602204924373865e+09 2.940894067287445068e-01 4.124931395053863525e-01 1.422431468963623047e+00 -4.985961914062500000e-01 3.898684978485107422e-01 3.448190391063690186e-01 6.931841373443603516e-01 5.097455603669217794e+00 1.211973421085319025e+00 -5.629629373172854834e+00 6.576368479846047777e+00 5.316889875338916660e+00 -9.651957245020520659e+00 1.364171985872855686e+01
1.661602204926368713e+09 2.911260724067687988e-01 4.203667938709259033e-01 1.416713953018188477e+00 -4.978584349155426025e-01 4.011717438697814941e-01 3.576342761516571045e-01 6.806584596633911133e-01 5.099040797841609240e+00 1.211973421085319025e+00 -5.629629373172854834e+00 6.576368479846047777e+00 5.316889875338916660e+00 -9.651957245020520659e+00 1.364171985872855686e+01
1.661602204928363323e+09 2.880281507968902588e-01 4.281434416770935059e-01 1.410930871963500977e+00 -4.969065189361572266e-01 4.123921096324920654e-01 3.701784312725067139e-01 6.678208112716674805e-01 5.100922362285785994e+00 1.212118290009679633e+00 -5.630302290860300651e+00 6.577154562619158540e+00 5.317525410824866405e+00 -9.653110957337638354e+00 1.364335047310325599e+01
1.661602204930357933e+09 2.847968339920043945e-01 4.358207583427429199e-01 1.405084729194641113e+00 -4.957435727119445801e-01 4.235244989395141602e-01 3.824425637722015381e-01 6.546777486801147461e-01 5.101971558663075612e+00 1.212118290009679633e+00 -5.630302290860300651e+00 6.577154562619158540e+00 5.317525410824866405e+00 -9.653110957337638354e+00 1.364335047310325599e+01
1.661602204932352304e+09 2.814334332942962646e-01 4.433963596820831299e-01 1.399178266525268555e+00 -4.943731129169464111e-01 4.345641136169433594e-01 3.944180607795715332e-01 6.412360668182373047e-01 5.103283956098173313e+00 1.212263193570934039e+00 -5.630975369436614031e+00 6.577940833337941662e+00 5.318161098261904307e+00 -9.654264945497516237e+00 1.364498147734391331e+01
1.661602204933349609e+09 2.779392898082733154e-01 4.508679211139678955e-01 1.393214106559753418e+00 -4.927983582019805908e-01 4.455060660839080811e-01 4.060962796211242676e-01 6.275029182434082031e-01 1.020613463497740447e+01 2.424236580019331733e+00 -1.126060458172060130e+01 1.315430912523831708e+01 1.063505082164973281e+01 -1.930622191467528381e+01 2.728670094620651199e+01
1.661602204935344934e+09 2.743159234523773193e-01 4.582330882549285889e-01 1.387194633483886719e+00 -4.910230636596679688e-01 4.563459157943725586e-01 4.174689948558807373e-01 6.134854555130004883e-01 5.101337842515806464e+00 1.211683787097739273e+00 -5.628284020233872198e+00 6.574796877867353118e+00 5.315619260002488744e+00 -9.649650647519024460e+00 1.363845979901802252e+01
1.661602204937338829e+09 2.705649137496948242e-01 4.654895663261413574e-01 1.381122589111328125e+00 -4.890507757663726807e-01 4.670790731906890869e-01 4.285280108451843262e-01 5.991913080215454102e-01 5.104695823213723394e+00 1.212553104653949498e+00 -5.632322009486756542e+00 6.579513938882204371e+00 5.319432929207321692e+00 -9.656573749741319546e+00 1.364824465598255010e+01
1.661602204939333916e+09 2.666879296302795410e-01 4.726350903511047363e-01 1.375000357627868652e+00 -4.868853390216827393e-01 4.777010977268218994e-01 4.392653107643127441e-01 5.846283435821533203e-01 5.101029279717173459e+00 1.211828586785490103e+00 -5.628956616316596495e+00 6.575582584951228604e+00 5.316254491749621280e+00 -9.650803808447273369e+00 1.364008963408004682e+01
1.661602204940330982e+09 2.626866698265075684e-01 4.796673953533172607e-01 1.368830561637878418e+00 -4.845306873321533203e-01 4.882078766822814941e-01 4.496733248233795166e-01 5.698045492172241211e-01 1.020489437086000528e+01 2.424816263563123186e+00 -1.126329721791900518e+01 1.315745458413961622e+01 1.063759387540909351e+01 -1.931083841919814859e+01 2.729322574318073436e+01
1.661602204942326069e+09 2.585630714893341064e-01 4.865842163562774658e-01 1.362615704536437988e+00 -4.819905757904052734e-01 4.985949695110321045e-01 4.597442150115966797e-01 5.547282695770263672e-01 5.098558403884529078e+00 1.211828586785490103e+00 -5.628956616316596495e+00 6.575582584951228604e+00 5.316254491749621280e+00 -9.650803808447259158e+00 1.364008963408004682e+01
1.661602204944320440e+09 2.543190121650695801e-01 4.933833479881286621e-01 1.356358170509338379e+00 -4.792694151401519775e-01 5.088586807250976562e-01 4.694710373878479004e-01 5.394079089164733887e-01 5.098563702443829726e+00 1.212263193570948028e+00 -5.630975369436614031e+00 6.577940833337941662e+00 5.318161098261904307e+00 -9.654264945497509132e+00 1.364498147734391331e+01
1.661602204945318222e+09 2.499565482139587402e-01 5.000626444816589355e-01 1.350060462951660156e+00 -4.763710200786590576e-01 5.189949274063110352e-01 4.788463413715362549e-01 5.238523483276367188e-01 1.018651344692156790e+01 2.423078044019350230e+00 -1.125522316973411563e+01 1.314802271705421255e+01 1.062996836008622026e+01 -1.929699552427399212e+01 2.727366070680569621e+01
