1.661602227776238680e+09 1.378528122206244648e-16 -2.367949187755584717e-01 1.128897309303283691e+00 -6.125128269195556641e-01 6.125135421752929688e-01 3.533097505569458008e-01 3.533093035221099854e-01 0.000000000000000000e+00 0.000000000000000000e+00 0.000000000000000000e+00 0.000000000000000000e+00 0.000000000000000000e+00 0.000000000000000000e+00 0.000000000000000000e+00
1.661602235886541367e+09 1.378528122206244648e-16 -2.367949187755584717e-01 1.128897309303283691e+00 -6.125128269195556641e-01 6.125135421752929688e-01 3.533097505569458008e-01 3.533093035221099854e-01 0.000000000000000000e+00 0.000000000000000000e+00 0.000000000000000000e+00 0.000000000000000000e+00 0.000000000000000000e+00 0.000000000000000000e+00 0.000000000000000000e+00
1.661602235887538671e+09 1.378528122206244648e-16 -2.367949187755584717e-01 1.128897309303283691e+00 -6.125128269195556641e-01 6.125135421752929688e-01 3.533097505569458008e-01 3.533093035221099854e-01 0.000000000000000000e+00 0.000000000000000000e+00 0.000000000000000000e+00 0.000000000000000000e+00 0.000000000000000000e+00 0.000000000000000000e+00 0.000000000000000000e+00
1.661602235889533520e+09 1.518637500703334808e-02 -2.479508221149444580e-01 1.127031803131103516e+00 -6.010624170303344727e-01 6.193420886993408203e-01 3.574300706386566162e-01 3.569075465202331543e-01 9.492294937951459843e+00 -1.101903591448232334e+01 1.063023952286442508e+01 -8.175144080368946575e+00 6.843694888535606147e+00 3.847164650696330845e+00 2.459346947799048028e-02
1.661602235890530586e+09 2.992489375174045563e-02 -2.592874169349670410e-01 1.124938964843750000e+00 -5.894737839698791504e-01 6.259503960609436035e-01 3.614754974842071533e-01 3.606137037277221680e-01 1.876660684180060912e+01 -2.204597644583299854e+01 2.126810475557308422e+01 -1.635615268303370939e+01 1.369229917082195946e+01 7.697089103868053783e+00 4.920458133006846979e-02
1.661602235892525673e+09 4.421831667423248291e-02 -2.707864344120025635e-01 1.122620940208435059e+00 -5.777511000633239746e-01 6.323359012603759766e-01 3.654435873031616211e-01 3.644255995750427246e-01 9.268072492597841716e+00 -1.101771910808718680e+01 1.062896917875318437e+01 -8.174167127204466254e+00 6.842877047368237875e+00 3.846704903486639626e+00 2.459053048785209486e-02
1.661602235894520283e+09 5.807016789913177490e-02 -2.824299037456512451e-01 1.120080113410949707e+00 -5.658988952636718750e-01 6.384961605072021484e-01 3.693318665027618408e-01 3.683409988880157471e-01 9.161154948792930242e+00 -1.102035303567697966e+01 1.063151017066777904e+01 -8.176121267086656985e+00 6.844512925218436905e+00 3.847624507814483508e+00 2.459640917073228905e-02
1.661602235895517349e+09 7.148470729589462280e-02 -2.942002713680267334e-01 1.117318749427795410e+00 -5.539217591285705566e-01 6.444286704063415527e-01 3.731380701065063477e-01 3.723578155040740967e-01 1.811182850132683697e+01 -2.204597644583300209e+01 2.126810475557308422e+01 -1.635615268303370939e+01 1.369229917082196124e+01 7.697089103867997828e+00 4.920458133006846979e-02
1.661602235897512197e+09 8.446691185235977173e-02 -3.060804009437561035e-01 1.114339709281921387e+00 -5.418244004249572754e-01 6.501312255859375000e-01 3.768598139286041260e-01 3.764736354351043701e-01 8.947028071532157512e+00 -1.101903591448231801e+01 1.063023952286442508e+01 -8.175144080368946575e+00 6.843694888535608811e+00 3.847164650696303312e+00 2.459346947799048028e-02
1.661602235899506569e+09 9.702245891094207764e-02 -3.180536329746246338e-01 1.111145377159118652e+00 -5.296114087104797363e-01 6.556015014648437500e-01 3.804949522018432617e-01 3.806862235069274902e-01 8.845378235462707295e+00 -1.102167047178406101e+01 1.063278112227216354e+01 -8.177098687441359814e+00 6.845331157486842955e+00 3.848084474880570038e+00 2.459934956632951059e-02
1.661602235900504112e+09 1.091576889157295227e-01 -3.301037251949310303e-01 1.107738494873046875e+00 -5.172874927520751953e-01 6.608374714851379395e-01 3.840412795543670654e-01 3.849931955337524414e-01 1.748070144334784715e+01 -2.203543821617437004e+01 2.125793835750636873e+01 -1.634833425440893251e+01 1.368575409473648286e+01 7.693409806973224185e+00 4.918106097570418972e-02
1.661602235902498722e+09 1.208795979619026184e-01 -3.422150015830993652e-01 1.104121923446655273e+00 -5.048574209213256836e-01 6.658371686935424805e-01 3.874966204166412354e-01 3.893921673297882080e-01 8.642540543140436071e+00 -1.102035303567697255e+01 1.063151017066800286e+01 -8.176121267086656985e+00 6.844512925218436905e+00 3.847624507814483508e+00 2.459640917073228905e-02
1.661602235904493332e+09 1.321957856416702271e-01 -3.543722629547119141e-01 1.100298643112182617e+00 -4.923258721828460693e-01 6.705986261367797852e-01 3.908590674400329590e-01 3.938806354999542236e-01 8.544656638879144950e+00 -1.102035303567697255e+01 1.063151017066777904e+01 -8.176121267086656985e+00 6.844512925218429800e+00 3.847624507814483508e+00 2.459640917073228905e-02
1.661602235906488180e+09 1.431144326925277710e-01 -3.665609061717987061e-01 1.096271634101867676e+00 -4.796977937221527100e-01 6.751199960708618164e-01 3.941265046596527100e-01 3.984561562538146973e-01 8.447861127413998972e+00 -1.101903591448231801e+01 1.063023952286442508e+01 -8.175144080368946575e+00 6.843694888535608811e+00 3.847164650696303312e+00 2.459346947799048028e-02
1.661602235907485485e+09 1.536443084478378296e-01 -3.787668943405151367e-01 1.092043995857238770e+00 -4.669778943061828613e-01 6.793997287750244141e-01 3.972971439361572266e-01 4.031161963939666748e-01 1.671049012914907195e+01 -2.204070607135397353e+01 2.126302034133600571e+01 -1.635224253417331397e+01 1.368902585043687381e+01 7.695249015628967015e+00 4.919281834146457810e-02
1.661602235909480095e+09 1.637946814298629761e-01 -3.909768164157867432e-01 1.087618947029113770e+00 -4.541711807250976562e-01 6.834361553192138672e-01 4.003691375255584717e-01 4.078581035137176514e-01 8.263832948654981081e+00 -1.102035303567698676e+01 1.063151017066800286e+01 -8.176121267086656985e+00 6.844512925218436905e+00 3.847624507814483508e+00 2.459640917073228905e-02
1.661602235911475182e+09 1.735753417015075684e-01 -4.031777977943420410e-01 1.082999706268310547e+00 -4.412824809551239014e-01 6.872277259826660156e-01 4.033406078815460205e-01 4.126793444156646729e-01 8.172725180705873171e+00 -1.101771910808719745e+01 1.062896917875318437e+01 -8.174167127204466254e+00 6.842877047368241428e+00 3.846704903486612093e+00 2.459053048785209486e-02
1.661602235913469076e+09 1.829965263605117798e-01 -4.153577089309692383e-01 1.078189849853515625e+00 -4.283166825771331787e-01 6.907731294631958008e-01 4.062099456787109375e-01 4.175772368907928467e-01 8.090733550047728428e+00 -1.102430628918733468e+01 1.063532393731993864e+01 -8.179054229396983899e+00 6.846968209061035537e+00 3.849004739014225684e+00 2.460523246709869077e-02
1.661602235915463924e+09 1.920689046382904053e-01 -4.275050461292266846e-01 1.073192596435546875e+00 -4.152788221836090088e-01 6.940711140632629395e-01 4.089755117893218994e-01 4.225491583347320557e-01 8.002442499273342946e+00 -1.101903591448233222e+01 1.063023952286464713e+01 -8.175144080368946575e+00 6.843694888535608811e+00 3.847164650696303312e+00 2.459346947799048028e-02
1.661602235917459011e+09 2.008035778999328613e-01 -4.396089315414428711e-01 1.068011641502380371e+00 -4.021738171577453613e-01 6.971205472946166992e-01 4.116356968879699707e-01 4.275923371315002441e-01 7.919468980649996936e+00 -1.101771910808719745e+01 1.062896917875340641e+01 -8.174167127204466254e+00 6.842877047368241428e+00 3.846704903486612093e+00 2.459053048785209486e-02
1.661602235919453621e+09 2.092119902372360229e-01 -4.516592323780059814e-01 1.062650680541992188e+00 -3.890067636966705322e-01 6.999202370643615723e-01 4.141890704631805420e-01 4.327041804790496826e-01 7.841796845349093381e+00 -1.102035303567698676e+01 1.063151017066777904e+01 -8.176121267086656985e+00 6.844512925218436905e+00 3.847624507814483508e+00 2.459640917073228905e-02
1.661602235921447992e+09 2.173058986663818359e-01 -4.636465311050415039e-01 1.057113289833068848e+00 -3.757825195789337158e-01 7.024692893028259277e-01 4.166341125965118408e-01 4.378817677497863770e-01 7.765713531607077336e+00 -1.102167047178406101e+01 1.063278112227216354e+01 -8.177098687441359814e+00 6.845331157486842955e+00 3.848084474880570038e+00 2.459934956632951059e-02
1.661602235923442602e+09 2.250974029302597046e-01 -4.755620956420898438e-01 1.051403403282165527e+00 -3.625062406063079834e-01 7.047668695449829102e-01 4.189695715904235840e-01 4.431224167346954346e-01 7.690325495177875226e+00 -1.102035303567698676e+01 1.063151017066800286e+01 -8.176121267086656985e+00 6.844512925218422694e+00 3.847624507814483508e+00 2.459640917073228905e-02
1.661602235925437450e+09 2.325988262891769409e-01 -4.873978793621063232e-01 1.045524835586547852e+00 -3.491828143596649170e-01 7.068122029304504395e-01 4.211940467357635498e-01 4.484232366085052490e-01 7.617560527161152173e+00 -1.101903591448233222e+01 1.063023952286464713e+01 -8.175144080368946575e+00 6.843694888535595489e+00 3.847164650696303312e+00 2.459346947799048028e-02
1.661602235927431822e+09 2.398227453231811523e-01 -4.991466701030731201e-01 1.039481639862060547e+00 -3.358173966407775879e-01 7.086047530174255371e-01 4.233065247535705566e-01 4.537814855575561523e-01 7.550181025360573450e+00 -1.102167047178403436e+01 1.063278112227216354e+01 -8.177098687441359814e+00 6.845331157486828744e+00 3.848084474880570038e+00 2.459934956632951059e-02
1.661602235929426670e+09 2.467818856239318848e-01 -5.108019113540649414e-01 1.033277750015258789e+00 -3.224150240421295166e-01 7.101438641548156738e-01 4.253056943416595459e-01 4.591942727565765381e-01 7.481888090598987517e+00 -1.101903591448230380e+01 1.063023952286442508e+01 -8.175144080368946575e+00 6.843694888535595489e+00 3.847164650696303312e+00 2.459346947799048028e-02
1.661602235931421280e+09 2.534891963005065918e-01 -5.223578214645385742e-01 1.026917219161987305e+00 -3.089807331562042236e-01 7.114291191101074219e-01 4.271905422210693359e-01 4.646587967872619629e-01 7.419039256764842882e+00 -1.102035303567698676e+01 1.063151017066800286e+01 -8.176121267086656985e+00 6.844512925218450228e+00 3.847624507814511485e+00 2.459640917073228905e-02
1.661602235933415890e+09 2.599576711654663086e-01 -5.338093042373657227e-01 1.020404458045959473e+00 -2.955195307731628418e-01 7.124603390693664551e-01 4.289600849151611328e-01 4.701720476150512695e-01 7.357978671839607188e+00 -1.102035303567698676e+01 1.063151017066800286e+01 -8.176121267086656985e+00 6.844512925218450228e+00 3.847624507814511485e+00 2.459640917073228905e-02
1.661602235935410738e+09 2.662004232406616211e-01 -5.451521873474121094e-01 1.013743638992309570e+00 -2.820365130901336670e-01 7.132372260093688965e-01 4.306133389472961426e-01 4.757311642169952393e-01 7.298901691293893101e+00 -1.101903591448233222e+01 1.063023952286442508e+01 -8.175144080368946575e+00 6.843694888535595489e+00 3.847164650696303312e+00 2.459346947799048028e-02
1.661602235937405109e+09 2.722305953502655029e-01 -5.563828945159912109e-01 1.006938934326171875e+00 -2.685368061065673828e-01 7.137596607208251953e-01 4.321496188640594482e-01 4.813333451747894287e-01 7.245273795266507832e+00 -1.102167047178406101e+01 1.063278112227216354e+01 -8.177098687441359814e+00 6.845331157486828744e+00 3.848084474880570038e+00 2.459934956632951059e-02
1.661602235939399958e+09 2.780613601207733154e-01 -5.674986839294433594e-01 9.999949932098388672e-01 -2.550253570079803467e-01 7.140277624130249023e-01 4.335680305957794189e-01 4.869756102561950684e-01 7.190986222763265268e+00 -1.101903591448227715e+01 1.063023952286464713e+01 -8.175144080368946575e+00 6.843694888535623022e+00 3.847164650696330845e+00 2.459346947799048028e-02
1.661602235941394806e+09 2.798489332199096680e-01 -5.591835379600524902e-01 1.017351508140563965e+00 -2.590243220329284668e-01 7.117726802825927734e-01 4.342341423034667969e-01 4.875723719596862793e-01 9.689140340295118392e+00 3.281964827491208769e+00 -1.309677592042005045e+01 1.386567024995846786e+01 -8.130656797408807035e-02 4.548303348550336578e-01 -2.721260634332803185e+00
1.661602235944386721e+09 2.817710638046264648e-01 -5.504897236824035645e-01 1.034493923187255859e+00 -2.630048096179962158e-01 7.094942927360534668e-01 4.349005222320556641e-01 4.881678223609924316e-01 6.456339091585909351e+00 2.188238083641677267e+00 -8.732227597908710948e+00 9.244885088963611608e+00 -5.421085777663255806e-02 3.032564675856110892e-01 -1.814390607017496659e+00
1.661602235946381330e+09 2.838174998760223389e-01 -5.414182543754577637e-01 1.051411628723144531e+00 -2.669668495655059814e-01 7.071928381919860840e-01 4.355673193931579590e-01 4.887618720531463623e-01 9.678652007267487534e+00 3.282357125462516123e+00 -1.309834139686306642e+01 1.386732763344541830e+01 -8.131628666494884750e-02 4.548847013784166338e-01 -2.721585910526244767e+00
1.661602235948376179e+09 2.859778106212615967e-01 -5.319706797599792480e-01 1.068094015121459961e+00 -2.709100842475891113e-01 7.048683762550354004e-01 4.362343847751617432e-01 4.893545508384704590e-01 9.671487376036482786e+00 3.281964827491208769e+00 -1.309677592042005045e+01 1.386567024995846786e+01 -8.130656797408807035e-02 4.548303348550336578e-01 -2.721260634332803185e+00
1.661602235950371027e+09 2.882415354251861572e-01 -5.221490263938903809e-01 1.084530830383300781e+00 -2.748345136642456055e-01 7.025211453437805176e-01 4.369018375873565674e-01 4.899457991123199463e-01 9.665413224304414186e+00 3.281964827491208769e+00 -1.309677592042005045e+01 1.386567024995846786e+01 -8.130656797408807035e-02 4.548303348550336578e-01 -2.721260634332803185e+00
1.661602235951368093e+09 2.905981242656707764e-01 -5.119555592536926270e-01 1.100711703300476074e+00 -2.787398993968963623e-01 7.001511454582214355e-01 4.375695884227752686e-01 4.905357360839843750e-01 1.932534246142313350e+01 6.566284005647874622e+00 -2.620294694551803261e+01 2.774128717871936090e+01 -1.626714620370545150e-01 9.099869468512274961e-01 -5.444473392506591125e+00
1.661602235953364134e+09 2.930369973182678223e-01 -5.013930797576904297e-01 1.116626620292663574e+00 -2.826262712478637695e-01 6.977586746215820312e-01 4.382377266883850098e-01 4.911242127418518066e-01 9.647166223788412154e+00 3.280004743385022792e+00 -1.308895414789254907e+01 1.385738927154853783e+01 -8.125800934531318687e-02 4.545586970534918336e-01 -2.719635418951572348e+00
1.661602235955357552e+09 2.955476045608520508e-01 -4.904647171497344971e-01 1.132265806198120117e+00 -2.864933013916015625e-01 6.953437328338623047e-01 4.389061629772186279e-01 4.917113482952117920e-01 9.653574453894545826e+00 3.284320022918184812e+00 -1.310617439614335034e+01 1.387562049771588413e+01 -8.136491499093348456e-02 4.551567290673443900e-01 -2.723213458612912863e+00
1.661602235957351923e+09 2.981192767620086670e-01 -4.791740179061889648e-01 1.147619724273681641e+00 -2.903410196304321289e-01 6.929066181182861328e-01 4.395749568939208984e-01 4.922971129417419434e-01 9.642700127284713929e+00 3.282749517228804148e+00 -1.309990724759767566e+01 1.386898541319814804e+01 -8.132600767952119503e-02 4.549390809004263403e-01 -2.721911264490444182e+00
1.661602235959347010e+09 3.007414042949676514e-01 -4.675250053405761719e-01 1.162678599357604980e+00 -2.941690981388092041e-01 6.904474496841430664e-01 4.402440488338470459e-01 4.928814172744750977e-01 9.632836903979843157e+00 3.281572623281422629e+00 -1.309521081813532817e+01 1.386401326259612432e+01 -8.129685160599450788e-02 4.547759813255059513e-01 -2.720935435882237741e+00
1.661602235961341143e+09 3.034033775329589844e-01 -4.555220007896423340e-01 1.177433371543884277e+00 -2.979775965213775635e-01 6.879663467407226562e-01 4.409134685993194580e-01 4.934643208980560303e-01 9.631136929697357019e+00 3.283142002823881356e+00 -1.310147347275901630e+01 1.387064358935968045e+01 -8.133573101852725751e-02 4.549934734256137481e-01 -2.722236696253295563e+00
1.661602235962338448e+09 3.060945570468902588e-01 -4.431697726249694824e-01 1.191874980926513672e+00 -3.017663359642028809e-01 6.854633092880249023e-01 4.415832459926605225e-01 4.940459132194519043e-01 1.924509692495514557e+01 6.564714250924921224e+00 -2.619668279372568875e+01 2.773465526689038896e+01 -1.626325733299533449e-01 9.097694027568888897e-01 -5.443171821052489534e+00
1.661602235964333296e+09 3.088043928146362305e-01 -4.304734170436859131e-01 1.205994486808776855e+00 -3.055351078510284424e-01 6.829387545585632324e-01 4.422532618045806885e-01 4.946260452270507812e-01 9.615141493297272746e+00 3.281964827491208769e+00 -1.309677592042005045e+01 1.386567024995846786e+01 -8.130656797408807035e-02 4.548303348550336578e-01 -2.721260634332806738e+00
1.661602235966327906e+09 3.115223348140716553e-01 -4.174385368824005127e-01 1.219783306121826172e+00 -3.092839419841766357e-01 6.803926825523376465e-01 4.429237544536590576e-01 4.952048659324645996e-01 9.610090725255352240e+00 3.282357125462460612e+00 -1.309834139686306642e+01 1.386732763344541830e+01 -8.131628666494884750e-02 4.548847013784166338e-01 -2.721585910526241214e+00
1.661602235967325449e+09 3.142379224300384521e-01 -4.040710031986236572e-01 1.233233094215393066e+00 -3.130124509334564209e-01 6.778253316879272461e-01 4.435943663120269775e-01 4.957822263240814209e-01 1.920343315225045444e+01 6.563145246562845259e+00 -2.619042163627065634e+01 2.772802652519224864e+01 -1.625937032119890158e-01 9.095519626510119027e-01 -5.441870871764468376e+00
1.661602235969320297e+09 3.169406950473785400e-01 -3.903771340847015381e-01 1.246335625648498535e+00 -3.167208135128021240e-01 6.752367615699768066e-01 4.442654252052307129e-01 4.963582158088684082e-01 9.596859054032009340e+00 3.281964827491208769e+00 -1.309677592042005045e+01 1.386567024995868991e+01 -8.130656797408807035e-02 4.548303348550336578e-01 -2.721260634332806738e+00
1.661602235970317364e+09 3.196203410625457764e-01 -3.763635754585266113e-01 1.259082913398742676e+00 -3.204086720943450928e-01 6.726272702217102051e-01 4.449367821216583252e-01 4.969327747821807861e-01 1.918881963238979438e+01 6.566284005647762712e+00 -2.620294694551803261e+01 2.774128717871936090e+01 -1.626714620371101927e-01 9.099869468512832293e-01 -5.444473392506598231e+00
1.661602235972312927e+09 3.222666382789611816e-01 -3.620374202728271484e-01 1.271467447280883789e+00 -3.240760266780853271e-01 6.699968576431274414e-01 4.456084072589874268e-01 4.975059330463409424e-01 9.581828726938905305e+00 3.280788496011849187e+00 -1.309208173550255871e+01 1.386070047567555186e+01 -8.127742583500142948e-02 4.546673132296097375e-01 -2.720285272098271978e+00
1.661602235974306583e+09 3.248693645000457764e-01 -3.474060297012329102e-01 1.283481597900390625e+00 -3.277227282524108887e-01 6.673457026481628418e-01 4.462803304195404053e-01 4.980777502059936523e-01 9.585397435620047091e+00 3.283927255634917053e+00 -1.310460704689744382e+01 1.387396113147624455e+01 -8.135518467339894477e-02 4.551022975044048957e-01 -2.722887793286598246e+00
1.661602235975303650e+09 3.274185359477996826e-01 -3.324771523475646973e-01 1.295118331909179688e+00 -3.313485980033874512e-01 6.646741032600402832e-01 4.469525814056396484e-01 4.986480474472045898e-01 1.915549194501913632e+01 6.566284005647762712e+00 -2.620294694551803261e+01 2.774128717871936090e+01 -1.626714620371101927e-01 9.099869468512832293e-01 -5.444473392506598231e+00
1.661602235977298498e+09 3.299042284488677979e-01 -3.172589540481567383e-01 1.306370615959167480e+00 -3.349535763263702393e-01 6.619819998741149902e-01 4.476251304149627686e-01 4.992170631885528564e-01 9.569099056202444942e+00 3.281964827491208769e+00 -1.309677592042027250e+01 1.386567024995857977e+01 -8.130656797408807035e-02 4.548303348550336578e-01 -2.721260634332806738e+00
1.661602235979293108e+09 3.323166668415069580e-01 -3.017598390579223633e-01 1.317231774330139160e+00 -3.385375440120697021e-01 6.592696905136108398e-01 4.482980072498321533e-01 4.997846186161041260e-01 9.565265361126424892e+00 3.282357125462488590e+00 -1.309834139686306642e+01 1.386732763344530639e+01 -8.131628666494884750e-02 4.548847013784166338e-01 -2.721585910526241214e+00
1.661602235980290651e+09 3.346461951732635498e-01 -2.859886288642883301e-01 1.327695369720458984e+00 -3.421003818511962891e-01 6.565374732017517090e-01 4.489711821079254150e-01 5.003507137298583984e-01 1.911643045423737064e+01 6.563145246562901214e+00 -2.619042163627065634e+01 2.772802652519202482e+01 -1.625937032119890158e-01 9.095519626510119027e-01 -5.441870871764468376e+00
1.661602235982285500e+09 3.368833363056182861e-01 -2.699544727802276611e-01 1.337755441665649414e+00 -3.456419110298156738e-01 6.537851691246032715e-01 4.496445953845977783e-01 5.009155273437500000e-01 9.554879864270827028e+00 3.281964827491208769e+00 -1.309677592042027250e+01 1.386567024995857977e+01 -8.130656797408807035e-02 4.548303348550336578e-01 -2.721260634332806738e+00
1.661602235984280109e+09 3.390187919139862061e-01 -2.536667883396148682e-01 1.347406029701232910e+00 -3.491622209548950195e-01 6.510134339332580566e-01 4.503184556961059570e-01 5.014787316322326660e-01 9.551795118780532334e+00 3.282357125462460612e+00 -1.309834139686306642e+01 1.386732763344530639e+01 -8.131628666497667246e-02 4.548847013784444449e-01 -2.721585910526248320e+00
1.661602235985277176e+09 3.410434126853942871e-01 -2.371353507041931152e-01 1.356641530990600586e+00 -3.526608347892761230e-01 6.482217311859130859e-01 4.509923756122589111e-01 5.020407438278198242e-01 1.910024241739564133e+01 6.566284005647818667e+00 -2.620294694551803261e+01 2.774128717871913707e+01 -1.626714620370545150e-01 9.099869468512274961e-01 -5.444473392506598231e+00
1.661602235987271786e+09 3.429482579231262207e-01 -2.203702330589294434e-01 1.365456700325012207e+00 -3.561379313468933105e-01 6.454106569290161133e-01 4.516666531562805176e-01 5.026013255119323730e-01 9.544188852712089499e+00 3.282357125462488590e+00 -1.309834139686295629e+01 1.386732763344530639e+01 -8.131628666494884750e-02 4.548847013784166338e-01 -2.721585910526248320e+00
1.661602235988269091e+09 3.447245955467224121e-01 -2.033817768096923828e-01 1.373846530914306641e+00 -3.595934212207794189e-01 6.425805091857910156e-01 4.523413181304931641e-01 5.031603574752807617e-01 1.908172580387018158e+01 6.564714250924921224e+00 -2.619668279372591257e+01 2.773465526689061278e+01 -1.626325733299533449e-01 9.097694027568888897e-01 -5.443171821052496639e+00
1.661602235990265131e+09 3.463638126850128174e-01 -1.861806362867355347e-01 1.381806373596191406e+00 -3.630269169807434082e-01 6.397311091423034668e-01 4.530161619186401367e-01 5.037181377410888672e-01 9.531037859119734890e+00 3.280004743384967281e+00 -1.308895414789243716e+01 1.385738927154842770e+01 -8.125800934534099795e-02 4.545586970535196447e-01 -2.719635418951575900e+00
1.661602235992258310e+09 3.478576540946960449e-01 -1.687777638435363770e-01 1.389331579208374023e+00 -3.664386272430419922e-01 6.368629932403564453e-01 4.536913931369781494e-01 5.042743086814880371e-01 9.542013768797346529e+00 3.284712884164973534e+00 -1.310774212035352804e+01 1.387728026093342493e+01 -8.137464763623947217e-02 4.552111736521332053e-01 -2.723539201849592306e+00
1.661602235994253159e+09 3.491979837417602539e-01 -1.511843502521514893e-01 1.396418333053588867e+00 -3.698281347751617432e-01 6.339759230613708496e-01 4.543667137622833252e-01 5.048292279243469238e-01 9.531744134877369490e+00 3.281964827491236747e+00 -1.309677592042016059e+01 1.386567024995857977e+01 -8.130656797406023151e-02 4.548303348550057912e-01 -2.721260634332806738e+00
1.661602235995250702e+09 3.503769338130950928e-01 -1.334118396043777466e-01 1.403062582015991211e+00 -3.731956481933593750e-01 6.310703158378601074e-01 4.550424218177795410e-01 5.053827166557312012e-01 1.905729086906853453e+01 6.563145246562845259e+00 -2.619042163627043251e+01 2.772802652519202482e+01 -1.625937032120446657e-01 9.095519626510675248e-01 -5.441870871764482587e+00
1.661602235997245073e+09 3.513868749141693115e-01 -1.154719442129135132e-01 1.409260749816894531e+00 -3.765408992767333984e-01 6.281464695930480957e-01 4.557185769081115723e-01 5.059346556663513184e-01 9.530467033853700087e+00 3.282749517228804148e+00 -1.309990724759778757e+01 1.386898541319825817e+01 -8.132600767952119503e-02 4.549390809004263403e-01 -2.721911264490447735e+00
1.661602235998242617e+09 3.522204160690307617e-01 -9.737659990787506104e-02 1.415009856224060059e+00 -3.798636794090270996e-01 6.252040266990661621e-01 4.563946723937988281e-01 5.064853429794311523e-01 1.905176370327032132e+01 6.563145246562901214e+00 -2.619042163627043251e+01 2.772802652519202482e+01 -1.625937032119890158e-01 9.095519626510119027e-01 -5.441870871764482587e+00
1.661602236000237226e+09 3.528704643249511719e-01 -7.913797348737716675e-02 1.420306921005249023e+00 -3.831641077995300293e-01 6.222437024116516113e-01 4.570711851119995117e-01 5.070345401763916016e-01 9.527373650545252204e+00 3.282357125462488590e+00 -1.309834139686295629e+01 1.386732763344530639e+01 -8.131628666494884750e-02 4.548847013784444449e-01 -2.721585910526248320e+00
1.661602236001235962e+09 3.533301353454589844e-01 -6.076845154166221619e-02 1.425149202346801758e+00 -3.864419162273406982e-01 6.192653775215148926e-01 4.577479958534240723e-01 5.075823068618774414e-01 1.902664782825084089e+01 6.555311461355680436e+00 -2.615916068898436109e+01 2.769493028918678235e+01 -1.623996309952721040e-01 9.084663193440120077e-01 -5.435375442220719222e+00
1.661602236003229141e+09 3.535929024219512939e-01 -4.228061810135841370e-02 1.429534554481506348e+00 -3.896971940994262695e-01 6.162694692611694336e-01 4.584251344203948975e-01 5.081285834312438965e-01 9.533833848599869043e+00 3.284712884164945557e+00 -1.310774212035352804e+01 1.387728026093342493e+01 -8.137464763626732489e-02 4.552111736521610719e-01 -2.723539201849592306e+00
1.661602236005225420e+09 3.536524176597595215e-01 -2.368724718689918518e-02 1.433460950851440430e+00 -3.929295837879180908e-01 6.132557988166809082e-01 4.591023325920104980e-01 5.086736083030700684e-01 9.519469471966077734e+00 3.279613007478702880e+00 -1.308739091438618019e+01 1.385573426267806418e+01 -8.124830457887997903e-02 4.545044084237508941e-01 -2.719310608797634643e+00
1.661602236006221294e+09 3.535026907920837402e-01 -5.001298617571592331e-03 1.436926603317260742e+00 -3.961391150951385498e-01 6.102247238159179688e-01 4.597799181938171387e-01 5.092170834541320801e-01 1.908393818029314559e+01 6.574144053535833976e+00 -2.623431269479422667e+01 2.777449436950046291e+01 -1.628661848788513222e-01 9.110762297658765441e-01 -5.450990597908210056e+00
1.661602236008215666e+09 3.531380295753479004e-01 1.376410201191902161e-02 1.439930319786071777e+00 -3.993257284164428711e-01 6.071764826774597168e-01 4.604577124118804932e-01 5.097591280937194824e-01 9.530710246383261364e+00 3.282749517228804148e+00 -1.309990724759778757e+01 1.386898541319825817e+01 -8.132600767952119503e-02 4.549390809004263403e-01 -2.721911264490447735e+00
1.661602236009213686e+09 3.525529801845550537e-01 3.259567171335220337e-02 1.442471027374267578e+00 -4.024893045425415039e-01 6.041111350059509277e-01 4.611358046531677246e-01 5.102998018264770508e-01 1.904890750433194668e+01 6.560009486769934561e+00 -2.617790829578487433e+01 2.771477854309685540e+01 -1.625160186906819959e-01 9.091173941070392894e-01 -5.439270837903151801e+00
1.661602236011208773e+09 3.517424166202545166e-01 5.147998780012130737e-02 1.444548010826110840e+00 -4.056297540664672852e-01 6.010289788246154785e-01 4.618141651153564453e-01 5.108389854431152344e-01 9.531152060656944869e+00 3.281572623281450607e+00 -1.309521081813521626e+01 1.386401326259601241e+01 -8.129685160599450788e-02 4.547759813255337624e-01 -2.720935435882241293e+00
1.661602236013202429e+09 3.507016003131866455e-01 7.040349394083023071e-02 1.446160793304443359e+00 -4.087469577789306641e-01 5.979299545288085938e-01 4.624926447868347168e-01 5.113767981529235840e-01 9.540564889146738281e+00 3.283927255634917053e+00 -1.310460704689733191e+01 1.387396113147613441e+01 -8.135518467339894477e-02 4.551022975044327068e-01 -2.722887793286605351e+00
1.661602236014199734e+09 3.494260311126708984e-01 8.935251086950302124e-02 1.447309255599975586e+00 -4.118409454822540283e-01 5.948145389556884766e-01 4.631716012954711914e-01 5.119131207466125488e-01 1.907801098602865153e+01 6.564714250924921224e+00 -2.619668279372591257e+01 2.773465526689061278e+01 -1.626325733299533449e-01 9.097694027568888897e-01 -5.443171821052496639e+00
1.661602236016194582e+09 3.479115068912506104e-01 1.083132624626159668e-01 1.447993755340576172e+00 -4.149112403392791748e-01 5.916825532913208008e-01 4.638505578041076660e-01 5.124481320381164551e-01 9.541304902676783328e+00 3.281964827491236747e+00 -1.309677592042016059e+01 1.386567024995857977e+01 -8.130656797408807035e-02 4.548303348550336578e-01 -2.721260634332806738e+00
1.661602236017192602e+09 3.461542427539825439e-01 1.272718757390975952e-01 1.448214769363403320e+00 -4.179582297801971436e-01 5.885344743728637695e-01 4.645298421382904053e-01 5.129815936088562012e-01 1.907893478390974806e+01 6.560009486769989628e+00 -2.617790829578487433e+01 2.771477854309685540e+01 -1.625160186906263737e-01 9.091173941070392894e-01 -5.439270837903151801e+00
1.661602236019186497e+09 3.441506624221801758e-01 1.462143957614898682e-01 1.447973251342773438e+00 -4.209814369678497314e-01 5.853702425956726074e-01 4.652092754840850830e-01 5.135137438774108887e-01 9.554024338887918688e+00 3.283534582281379510e+00 -1.310304007248062774e+01 1.387230216207143840e+01 -8.134545668288437059e-02 4.550478789587548145e-01 -2.722562205842711247e+00
1.661602236021181107e+09 3.418976664543151855e-01 1.651268005371093750e-01 1.447270154953002930e+00 -4.239812791347503662e-01 5.821903944015502930e-01 4.658891856670379639e-01 5.140442848205566406e-01 9.555303613957066844e+00 3.282357125462488590e+00 -1.309834139686295629e+01 1.386732763344530639e+01 -8.131628666497667246e-02 4.548847013784444449e-01 -2.721585910526248320e+00
1.661602236022178411e+09 3.393923342227935791e-01 1.839950233697891235e-01 1.446107149124145508e+00 -4.269571900367736816e-01 5.789946913719177246e-01 4.665691554546356201e-01 5.145735144615173340e-01 1.912085596993959058e+01 6.564714250924977179e+00 -2.619668279372591257e+01 2.773465526689061278e+01 -1.626325733299533449e-01 9.097694027568888897e-01 -5.443171821052496639e+00
1.661602236024173021e+09 3.366322219371795654e-01 2.028049528598785400e-01 1.444486021995544434e+00 -4.299093484878540039e-01 5.757836103439331055e-01 4.672494530677795410e-01 5.151012539863586426e-01 9.565955582369936039e+00 3.282357125462488590e+00 -1.309834139686295629e+01 1.386732763344530639e+01 -8.131628666494884750e-02 4.548847013784444449e-01 -2.721585910526248320e+00
1.661602236025171041e+09 3.336151242256164551e-01 2.215424627065658569e-01 1.442408800125122070e+00 -4.328373968601226807e-01 5.725570917129516602e-01 4.679298996925354004e-01 5.156275629997253418e-01 1.913007172778420184e+01 6.560009486769989628e+00 -2.617790829578487433e+01 2.771477854309685540e+01 -1.625160186906263737e-01 9.091173941070392894e-01 -5.439270837903151801e+00
1.661602236027165174e+09 3.303392231464385986e-01 2.401933819055557251e-01 1.439877986907958984e+00 -4.357415437698364258e-01 5.693154931068420410e-01 4.686105549335479736e-01 5.161524415016174316e-01 9.580503739782052719e+00 3.283142002823909333e+00 -1.310147347275890617e+01 1.387064358935956854e+01 -8.133573101855509635e-02 4.549934734256416147e-01 -2.722236696253299115e+00
1.661602236029160023e+09 3.268030285835266113e-01 2.587435841560363770e-01 1.436896324157714844e+00 -4.386216104030609131e-01 5.660588741302490234e-01 4.692914485931396484e-01 5.166758894920349121e-01 9.583778987115218584e+00 3.281964827491236747e+00 -1.309677592042016059e+01 1.386567024995857977e+01 -8.130656797408807035e-02 4.548303348550336578e-01 -2.721260634332806738e+00
1.661602236030157089e+09 3.230054378509521484e-01 2.771788835525512695e-01 1.433466792106628418e+00 -4.414775669574737549e-01 5.627876520156860352e-01 4.699726700782775879e-01 5.171978473663330078e-01 1.918855690228219757e+01 6.566284005647818667e+00 -2.620294694551781234e+01 2.774128717871913707e+01 -1.626714620370545150e-01 9.099869468512832293e-01 -5.444473392506598231e+00
1.661602236032151699e+09 3.189456462860107422e-01 2.954852283000946045e-01 1.429592728614807129e+00 -4.443091750144958496e-01 5.595015287399291992e-01 4.706540107727050781e-01 5.177184343338012695e-01 9.599435580013743419e+00 3.282357125462488590e+00 -1.309834139686295629e+01 1.386732763344530639e+01 -8.131628666494884750e-02 4.548847013784444449e-01 -2.721585910526248320e+00
1.661602236033149004e+09 3.146232068538665771e-01 3.136485517024993896e-01 1.425277948379516602e+00 -4.471164345741271973e-01 5.562011003494262695e-01 4.713355302810668945e-01 5.182375311851501465e-01 1.921443380444699400e+01 6.564714250924948757e+00 -2.619668279372591257e+01 2.773465526689061278e+01 -1.626325733299533449e-01 9.097694027568888897e-01 -5.443171821052496639e+00
1.661602236035143614e+09 3.100380003452301025e-01 3.316548168659210205e-01 1.420526266098022461e+00 -4.498992860317230225e-01 5.528863668441772461e-01 4.720173180103302002e-01 5.187552571296691895e-01 9.615337849611783838e+00 3.282357125462474379e+00 -1.309834139686295629e+01 1.386732763344536146e+01 -8.131628666497667246e-02 4.548847013784444449e-01 -2.721585910526248320e+00
1.661602236037138224e+09 3.051902651786804199e-01 3.494900763034820557e-01 1.415341973304748535e+00 -4.526576995849609375e-01 5.495575666427612305e-01 4.726992845535278320e-01 5.192714929580688477e-01 9.623773965452224743e+00 3.282357125462474379e+00 -1.309834139686295629e+01 1.386732763344530639e+01 -8.131628666494884750e-02 4.548847013784444449e-01 -2.721585910526248320e+00
1.661602236038135529e+09 3.000806272029876709e-01 3.671404719352722168e-01 1.409729599952697754e+00 -4.553917348384857178e-01 5.462149977684020996e-01 4.733815491199493408e-01 5.197862386703491211e-01 1.926503099884099512e+01 6.564714250924948757e+00 -2.619668279372591257e+01 2.773465526689061278e+01 -1.626325733298976950e-01 9.097694027568888897e-01 -5.443171821052496639e+00
1.661602236040130377e+09 2.947099804878234863e-01 3.845922350883483887e-01 1.403694033622741699e+00 -4.581008851528167725e-01 5.428584814071655273e-01 4.740638732910156250e-01 5.202996134757995605e-01 9.640392019195562767e+00 3.281964827491222980e+00 -1.309677592042016059e+01 1.386567024995857977e+01 -8.130656797408807035e-02 4.548303348550336578e-01 -2.721260634332806738e+00
1.661602236042125225e+09 2.890796065330505371e-01 4.018317162990570068e-01 1.397240281105041504e+00 -4.607855677604675293e-01 5.394886136054992676e-01 4.747465252876281738e-01 5.208114385604858398e-01 9.649716779375088649e+00 3.281964827491222980e+00 -1.309677592042016059e+01 1.386567024995857977e+01 -8.130656797408807035e-02 4.548303348550336578e-01 -2.721260634332806738e+00
1.661602236043122530e+09 2.831911146640777588e-01 4.188453853130340576e-01 1.390373826026916504e+00 -4.634453058242797852e-01 5.361052751541137695e-01 4.754292964935302734e-01 5.213219523429870605e-01 1.932089274375210763e+01 6.564714250924948757e+00 -2.619668279372591257e+01 2.773465526689061278e+01 -1.626325733299533449e-01 9.097694027568888897e-01 -5.443171821052496639e+00
1.661602236045117140e+09 2.770464420318603516e-01 4.356198310852050781e-01 1.383100509643554688e+00 -4.660803079605102539e-01 5.327088236808776855e-01 4.761122465133666992e-01 5.218309164047241211e-01 9.670233435388535526e+00 3.282357125462474379e+00 -1.309834139686295629e+01 1.386732763344530639e+01 -8.131628666497667246e-02 4.548847013784444449e-01 -2.721585910526248320e+00
1.661602236046114206e+09 2.706478834152221680e-01 4.521417915821075439e-01 1.375426054000854492e+00 -4.686906039714813232e-01 5.292994976043701172e-01 4.767955541610717773e-01 5.223384499549865723e-01 1.936519982562712627e+01 6.566284005647791133e+00 -2.620294694551781234e+01 2.774128717871913707e+01 -1.626714620371101927e-01 9.099869468512832293e-01 -5.444473392506598231e+00
1.661602236048109055e+09 2.639980316162109375e-01 4.683981537818908691e-01 1.367356896400451660e+00 -4.712756276130676270e-01 5.258770585060119629e-01 4.774788916110992432e-01 5.228445529937744141e-01 9.689340880534160760e+00 3.281964827491222980e+00 -1.309677592042021743e+01 1.386567024995857977e+01 -8.130656797408807035e-02 4.548303348550336578e-01 -2.721260634332806738e+00
1.661602236050104141e+09 2.570998370647430420e-01 4.843760132789611816e-01 1.358899354934692383e+00 -4.738358557224273682e-01 5.224421620368957520e-01 4.781624972820281982e-01 5.233492255210876465e-01 9.698627178374097824e+00 3.281572623281436396e+00 -1.309521081813521626e+01 1.386401326259601241e+01 -8.129685160602233285e-02 4.547759813255198291e-01 -2.720935435882241293e+00
1.661602236052098513e+09 2.499565482139587402e-01 5.000626444816589355e-01 1.350060462951660156e+00 -4.763710200786590576e-01 5.189949274063110352e-01 4.788463413715362549e-01 5.238523483276367188e-01 9.712670970225191880e+00 3.282749517228817915e+00 -1.309990724759778757e+01 1.386898541319825817e+01 -8.132600767952119503e-02 4.549390809004124070e-01 -2.721911264490447735e+00
