1.661602287812624931e+09 1.378528122206244648e-16 -2.367949187755584717e-01 1.128897309303283691e+00 -6.125128269195556641e-01 6.125135421752929688e-01 3.533097505569458008e-01 3.533093035221099854e-01 0.000000000000000000e+00 0.000000000000000000e+00 0.000000000000000000e+00 0.000000000000000000e+00 0.000000000000000000e+00 0.000000000000000000e+00 0.000000000000000000e+00
1.661602293314904690e+09 1.378528122206244648e-16 -2.367949187755584717e-01 1.128897309303283691e+00 -6.125128269195556641e-01 6.125135421752929688e-01 3.533097505569458008e-01 3.533093035221099854e-01 0.000000000000000000e+00 0.000000000000000000e+00 0.000000000000000000e+00 0.000000000000000000e+00 0.000000000000000000e+00 0.000000000000000000e+00 0.000000000000000000e+00
1.661602293316898823e+09 1.378528122206244648e-16 -2.367949187755584717e-01 1.128897309303283691e+00 -6.125128269195556641e-01 6.125135421752929688e-01 3.533097505569458008e-01 3.533093035221099854e-01 0.000000000000000000e+00 0.000000000000000000e+00 0.000000000000000000e+00 0.000000000000000000e+00 0.000000000000000000e+00 0.000000000000000000e+00 0.000000000000000000e+00
1.661602293318893671e+09 4.069570451974868774e-03 -2.386855781078338623e-01 1.127384901046752930e+00 6.128439307212829590e-01 -6.111164093017578125e-01 -3.462664783000946045e-01 -3.620202243328094482e-01 2.373780875796597467e+00 -3.922967939102747770e-01 1.798197878882630940e+00 -2.404788176033227920e+00 -1.753498502860430719e+01 1.939685706780281516e+00 8.363331407544478679e+00
1.661602293319890738e+09 8.084929548203945160e-03 -2.405794262886047363e-01 1.125985503196716309e+00 6.131145358085632324e-01 -6.095296144485473633e-01 -3.393077552318572998e-01 -3.707215189933776855e-01 4.668594250498260045e+00 -7.848750058936558860e-01 3.597685713202049662e+00 -4.811301451188430889e+00 -3.508254895608135371e+01 3.880762866721811477e+00 1.673266233546739556e+01
1.661602293321885109e+09 1.204182207584381104e-02 -2.424758821725845337e-01 1.124696373939514160e+00 6.133284568786621094e-01 -6.077535152435302734e-01 -3.324345648288726807e-01 -3.794089853763580322e-01 2.293121267181227108e+00 -3.923905887205342280e-01 1.798627812625340328e+00 -2.405363140331143512e+00 -1.753917749364402212e+01 1.940149469053271458e+00 8.365331008598285933e+00
1.661602293322883129e+09 1.593612320721149445e-02 -2.443743646144866943e-01 1.123514771461486816e+00 6.134894490242004395e-01 -6.057884097099304199e-01 -3.256476819515228271e-01 -3.880781829357147217e-01 4.499565477463122853e+00 -7.841250058880241403e-01 3.594247886433581396e+00 -4.806703934273773626e+00 -3.504902525903779775e+01 3.877054541001102805e+00 1.671667316935611680e+01
1.661602293324877262e+09 1.976383849978446960e-02 -2.462742775678634644e-01 1.122437715530395508e+00 6.136013269424438477e-01 -6.036350131034851074e-01 -3.189478516578674316e-01 -3.967247903347015381e-01 2.209953067060324461e+00 -3.924375029468279430e-01 1.798842856601024831e+00 -2.405650725594215444e+00 -1.754127447804068396e+01 1.940381433360905739e+00 8.366331167733696006e+00
1.661602293325875044e+09 2.352111786603927612e-02 -2.481750696897506714e-01 1.121461987495422363e+00 6.136679649353027344e-01 -6.012936830520629883e-01 -3.123355805873870850e-01 -4.053443968296051025e-01 4.331900759845619397e+00 -7.843123714808288849e-01 3.595106727027711280e+00 -4.807852489574675481e+00 -3.505740017546769138e+01 3.877980957856777877e+00 1.672066759544197012e+01
1.661602293327869177e+09 2.720425277948379517e-02 -2.500761449337005615e-01 1.120584368705749512e+00 6.136930584907531738e-01 -5.987653732299804688e-01 -3.058113455772399902e-01 -4.139326512813568115e-01 2.124591801692941040e+00 -3.924375029468279430e-01 1.798842856601024831e+00 -2.405650725594215444e+00 -1.754127447804068396e+01 1.940381433360905739e+00 8.366331167733703111e+00
1.661602293328866482e+09 3.080968186259269714e-02 -2.519769370555877686e-01 1.119801640510559082e+00 6.136804223060607910e-01 -5.960509777069091797e-01 -2.993756234645843506e-01 -4.224853813648223877e-01 4.161491823281652458e+00 -7.846873714193806082e-01 3.596825640117373268e+00 -4.810151247638063232e+00 -3.507416202111696890e+01 3.879835120399381942e+00 1.672866217712758896e+01
1.661602293329864025e+09 3.433400020003318787e-02 -2.538768947124481201e-01 1.119109988212585449e+00 6.136335134506225586e-01 -5.931515693664550781e-01 -2.930285632610321045e-01 -4.309981465339660645e-01 4.073138348066376757e+00 -7.844998266365365014e-01 3.595965978157498188e+00 -4.809001593898187821e+00 -3.506577909520370184e+01 3.878907817550338422e+00 1.672466393090934389e+01
1.661602293331858873e+09 3.777395933866500854e-02 -2.557754814624786377e-01 1.118506193161010742e+00 6.135562062263488770e-01 -5.900682806968688965e-01 -2.867702841758728027e-01 -4.394667148590087891e-01 1.992752194340215333e+00 -3.922967939102747770e-01 1.798197878882630940e+00 -2.404788176033227920e+00 -1.753498502860431429e+01 1.939685706780281516e+00 8.363331407544484009e+00
1.661602293334850788e+09 4.112646728754043579e-02 -2.576721608638763428e-01 1.117986202239990234e+00 6.134520173072814941e-01 -5.868024230003356934e-01 -2.806009352207183838e-01 -4.478868842124938965e-01 1.299095967320977429e+00 -2.615624571397935361e-01 1.198941880039124497e+00 -1.603383749212687670e+00 -1.169138734037232297e+01 1.293278373466460796e+00 5.576220725709196024e+00
1.661602293335848093e+09 4.438859596848487854e-02 -2.595663666725158691e-01 1.117546319961547852e+00 6.133244037628173828e-01 -5.833554267883300781e-01 -2.745204567909240723e-01 -4.562545716762542725e-01 3.808024864694390388e+00 -7.846873714193806082e-01 3.596825640117373268e+00 -4.810151247638063232e+00 -3.507416202111696890e+01 3.879835120399381942e+00 1.672866217712758896e+01
1.661602293337842703e+09 4.755759239196777344e-02 -2.614576220512390137e-01 1.117182612419128418e+00 6.131770014762878418e-01 -5.797287225723266602e-01 -2.685284614562988281e-01 -4.645654857158660889e-01 1.859172728911353767e+00 -3.923436857096903041e-01 1.798412820058686634e+00 -2.405075623819031616e+00 -1.753708101055848445e+01 1.939917560199690971e+00 8.364331088563794481e+00
1.661602293338840246e+09 5.063086375594139099e-02 -2.633453905582427979e-01 1.116891145706176758e+00 6.130131483078002930e-01 -5.759240388870239258e-01 -2.626249194145202637e-01 -4.728155732154846191e-01 3.627422056997435362e+00 -7.844998266365365014e-01 3.595965978157498188e+00 -4.809001593898187821e+00 -3.506577909520370184e+01 3.878907817550393933e+00 1.672466393090934389e+01
1.661602293340834618e+09 5.360599607229232788e-02 -2.652292251586914062e-01 1.116667747497558594e+00 6.128361821174621582e-01 -5.719432234764099121e-01 -2.568094134330749512e-01 -4.810007512569427490e-01 1.769217733076848154e+00 -3.923905887205342280e-01 1.798627812625340328e+00 -2.405363140331143512e+00 -1.753917749364402923e+01 1.940149469053299214e+00 8.365331008598277052e+00
1.661602293341831923e+09 5.648075044155120850e-02 -2.671086192131042480e-01 1.116508364677429199e+00 6.126495003700256348e-01 -5.677880048751831055e-01 -2.510814070701599121e-01 -4.891170263290405273e-01 3.447566859507530168e+00 -7.846873714193806082e-01 3.596825640117373268e+00 -4.810151247638063232e+00 -3.507416202111691916e+01 3.879835120399381942e+00 1.672866217712756054e+01
1.661602293343826771e+09 5.925305932760238647e-02 -2.689831554889678955e-01 1.116408586502075195e+00 6.124563217163085938e-01 -5.634604692459106445e-01 -2.454402297735214233e-01 -4.971604645252227783e-01 1.678355677245474409e+00 -3.922967939102747770e-01 1.798197878882630940e+00 -2.404788176033227920e+00 -1.753498502860428587e+01 1.939685706780281516e+00 8.363331407544469798e+00
1.661602293344823837e+09 6.192103400826454163e-02 -2.708523869514465332e-01 1.116364479064941406e+00 -6.122598648071289062e-01 5.589628219604492188e-01 2.398853600025177002e-01 5.051271319389343262e-01 3.267507988490089943e+00 -7.848750058936558860e-01 3.597685713202049662e+00 -4.811301451188430889e+00 -3.508254895608131818e+01 3.880762866721866988e+00 1.673266233546738135e+01
1.661602293346818924e+09 6.448297947645187378e-02 -2.727158665657043457e-01 1.116371393203735352e+00 -6.120632886886596680e-01 5.542972087860107422e-01 2.344160526990890503e-01 5.130131244659423828e-01 1.587896562859806293e+00 -3.922499133182682507e-01 1.797982989078749094e+00 -2.404500796949093910e+00 -1.753288954760182250e+01 1.939453908775196966e+00 8.362331965454657734e+00
1.661602293347816467e+09 6.693735718727111816e-02 -2.745732367038726807e-01 1.116425037384033203e+00 -6.118693351745605469e-01 5.494656562805175781e-01 2.290311902761459351e-01 5.208148360252380371e-01 3.086001561126018533e+00 -7.844998266365365014e-01 3.595965978157498188e+00 -4.809001593898187821e+00 -3.506577909520364500e+01 3.878907817550338422e+00 1.672466393090931547e+01
1.661602293349811554e+09 6.928282976150512695e-02 -2.764240801334381104e-01 1.116521120071411133e+00 -6.116812229156494141e-01 5.444709062576293945e-01 2.237300127744674683e-01 5.285283923149108887e-01 1.498346020522014710e+00 -3.922499133182682507e-01 1.797982989078749094e+00 -2.404500796949093910e+00 -1.753288954760182250e+01 1.939453908775169211e+00 8.362331965454657734e+00
1.661602293350808144e+09 7.151824235916137695e-02 -2.782680690288543701e-01 1.116655111312866211e+00 -6.115019321441650391e-01 5.393154621124267578e-01 2.185114473104476929e-01 5.361500382423400879e-01 2.910843747831303840e+00 -7.852505441739877634e-01 3.599407093926069834e+00 -4.813603509299047012e+00 -3.509933486467274122e+01 3.882619691060011480e+00 1.674066839400109785e+01
1.661602293352802515e+09 7.364260405302047729e-02 -2.801048457622528076e-01 1.116822600364685059e+00 -6.113340854644775391e-01 5.340018868446350098e-01 2.133743315935134888e-01 5.436763763427734375e-01 1.410624983070924543e+00 -3.923905887205342280e-01 1.798627812625340328e+00 -2.405363140331143512e+00 -1.753917749364400080e+01 1.940149469053299214e+00 8.365331008598277052e+00
1.661602293353799820e+09 7.565512508153915405e-02 -2.819341421127319336e-01 1.117019176483154297e+00 -6.111804842948913574e-01 5.285328030586242676e-01 2.083173990249633789e-01 5.511037707328796387e-01 2.734126517667414547e+00 -7.846873714193806082e-01 3.596825640117373268e+00 -4.810151247638063232e+00 -3.507416202111691916e+01 3.879835120399381942e+00 1.672866217712756054e+01
1.661602293355795145e+09 7.755519449710845947e-02 -2.837556004524230957e-01 1.117240190505981445e+00 -6.110435128211975098e-01 5.229109525680541992e-01 2.033393979072570801e-01 5.584289431571960449e-01 1.323777946221744939e+00 -3.922030439296533832e-01 1.797768150628626271e+00 -2.404213486542002176e+00 -1.753079456737149755e+01 1.939222166164489947e+00 8.361332762208697034e+00
1.661602293357789516e+09 7.934237271547317505e-02 -2.855690121650695801e-01 1.117481350898742676e+00 -6.109262108802795410e-01 5.171394348144531250e-01 1.984388679265975952e-01 5.656482577323913574e-01 1.282341299230006282e+00 -3.923905887205342280e-01 1.798627812625340328e+00 -2.405363140331143512e+00 -1.753917749364405410e+01 1.940149469053299214e+00 8.365331008598277052e+00
1.661602293358786821e+09 8.101640641689300537e-02 -2.873741388320922852e-01 1.117738127708435059e+00 -6.108306646347045898e-01 5.112210512161254883e-01 1.936143487691879272e-01 5.727586150169372559e-01 2.481927464802809791e+00 -7.846873714193806082e-01 3.596825640117373268e+00 -4.810151247638063232e+00 -3.507416202111702574e+01 3.879835120399437898e+00 1.672866217712756054e+01
1.661602293360781431e+09 8.257722109556198120e-02 -2.891707122325897217e-01 1.118006110191345215e+00 -6.107593178749084473e-01 5.051588416099548340e-01 1.888643205165863037e-01 5.797567367553710938e-01 1.200695060118722068e+00 -3.923436857096903041e-01 1.798412820058686634e+00 -2.405075623819031616e+00 -1.753708101055845958e+01 1.939917560199690971e+00 8.364331088563780270e+00
1.661602293361778736e+09 8.402492851018905640e-02 -2.909585535526275635e-01 1.118280768394470215e+00 -6.107144951820373535e-01 4.989559650421142578e-01 1.841871142387390137e-01 5.866395235061645508e-01 2.323084264424585488e+00 -7.846873714193806082e-01 3.596825640117373268e+00 -4.810151247638063232e+00 -3.507416202111691916e+01 3.879835120399381942e+00 1.672866217712756054e+01
1.661602293363773108e+09 8.535980433225631714e-02 -2.927375435829162598e-01 1.118557810783386230e+00 -6.106982231140136719e-01 4.926155209541320801e-01 1.795809864997863770e-01 5.934039950370788574e-01 1.123815622281192139e+00 -3.923905887205342280e-01 1.798627812625340328e+00 -2.405363140331366445e+00 -1.753917749364405410e+01 1.940149469053299214e+00 8.365331008598277052e+00
1.661602293364770889e+09 8.658229559659957886e-02 -2.945074737071990967e-01 1.118832945823669434e+00 -6.107127070426940918e-01 4.861408770084381104e-01 1.750442087650299072e-01 6.000471115112304688e-01 2.173423694864145883e+00 -7.843123714808288849e-01 3.595106727027711280e+00 -4.807852489575120458e+00 -3.505740017546774823e+01 3.877980957856833388e+00 1.672066759544200920e+01
1.661602293366765261e+09 8.769303560256958008e-02 -2.962682545185089111e-01 1.119101643562316895e+00 -6.107599139213562012e-01 4.795353114604949951e-01 1.705749332904815674e-01 6.065660119056701660e-01 1.052520448555786858e+00 -3.923905887205342280e-01 1.798627812625340328e+00 -2.405363140331143512e+00 -1.753917749364405410e+01 1.940149469053271458e+00 8.365331008598303697e+00
1.661602293368759871e+09 8.869280666112899780e-02 -2.980197966098785400e-01 1.119359850883483887e+00 -6.108418107032775879e-01 4.728021919727325439e-01 1.661712378263473511e-01 6.129580140113830566e-01 1.019373196725471775e+00 -3.923436857096903041e-01 1.798412820058686634e+00 -2.405075623819031616e+00 -1.753708101055851287e+01 1.939917560199690971e+00 8.364331088563806915e+00
1.661602293369757175e+09 8.958257734775543213e-02 -2.997620105743408203e-01 1.119603276252746582e+00 -6.109600067138671875e-01 4.659449756145477295e-01 1.618311703205108643e-01 6.192203164100646973e-01 1.976686583241342277e+00 -7.846873714193806082e-01 3.596825640117373268e+00 -4.810151247638508210e+00 -3.507416202111702574e+01 3.879835120399437898e+00 1.672866217712761383e+01
1.661602293371752024e+09 9.036346524953842163e-02 -3.014948964118957520e-01 1.119827866554260254e+00 -6.111163496971130371e-01 4.589672386646270752e-01 1.575526446104049683e-01 6.253504157066345215e-01 9.594353398627699647e-01 -3.922967939102747770e-01 1.798197878882630940e+00 -2.404788176033450409e+00 -1.753498502860434272e+01 1.939685706780309271e+00 8.363331407544498219e+00
1.661602293372749805e+09 9.103675186634063721e-02 -3.032183945178985596e-01 1.120029330253601074e+00 -6.113122701644897461e-01 4.518723487854003906e-01 1.533336192369461060e-01 6.313458681106567383e-01 1.865413911199973018e+00 -7.843123714808288849e-01 3.595106727027711280e+00 -4.807852489574675481e+00 -3.505740017546774823e+01 3.877980957856777877e+00 1.672066759544200920e+01
1.661602293374744177e+09 9.160386770963668823e-02 -3.049325346946716309e-01 1.120203971862792969e+00 -6.115493178367614746e-01 4.446640610694885254e-01 1.491718739271163940e-01 6.372041702270507812e-01 9.095322112733839059e-01 -3.923905887205342280e-01 1.798627812625340328e+00 -2.405363140331143512e+00 -1.753917749364405410e+01 1.940149469053271458e+00 8.365331008598303697e+00
1.661602293375741482e+09 9.206640720367431641e-02 -3.066373467445373535e-01 1.120347619056701660e+00 -6.118285655975341797e-01 4.373458921909332275e-01 1.450652480125427246e-01 6.429232358932495117e-01 1.777065114806623436e+00 -7.846873714193806082e-01 3.596825640117373268e+00 -4.810151247638508210e+00 -3.507416202111702574e+01 3.879835120399437898e+00 1.672866217712761383e+01
1.661602293377735853e+09 9.242609888315200806e-02 -3.083328604698181152e-01 1.120456695556640625e+00 -6.121519207954406738e-01 4.299217164516448975e-01 1.410115361213684082e-01 6.485006213188171387e-01 8.707885173028115933e-01 -3.923905887205342280e-01 1.798627812625340328e+00 -2.405363140331366445e+00 -1.753917749364405410e+01 1.940149469053299214e+00 8.365331008598303697e+00
1.661602293378733397e+09 9.268482774496078491e-02 -3.100191950798034668e-01 1.120527267456054688e+00 -6.125199794769287109e-01 4.223951697349548340e-01 1.370084136724472046e-01 6.539344787597656250e-01 1.711731265457796303e+00 -7.844998266365365014e-01 3.595965978157498188e+00 -4.809001593898187821e+00 -3.506577909520375869e+01 3.878907817550338422e+00 1.672466393090937231e+01
1.661602293380728006e+09 9.284461289644241333e-02 -3.116964399814605713e-01 1.120555877685546875e+00 -6.129339337348937988e-01 4.147700369358062744e-01 1.330535262823104858e-01 6.592226624488830566e-01 8.448176990483388105e-01 -3.923436857096903041e-01 1.798412820058686634e+00 -2.405075623819031616e+00 -1.753708101055851287e+01 1.939917560199690971e+00 8.364331088563806915e+00
1.661602293381725550e+09 9.290760755538940430e-02 -3.133647143840789795e-01 1.120538830757141113e+00 -6.133948564529418945e-01 4.070501327514648438e-01 1.291445046663284302e-01 6.643633842468261719e-01 1.673661987694868181e+00 -7.844998266365365014e-01 3.595965978157498188e+00 -4.809001593898632798e+00 -3.506577909520375869e+01 3.878907817550393933e+00 1.672466393090937231e+01
1.661602293383719921e+09 9.287609159946441650e-02 -3.150241672992706299e-01 1.120472908020019531e+00 -6.139032840728759766e-01 3.992390930652618408e-01 1.252789050340652466e-01 6.693550348281860352e-01 8.328743613163674953e-01 -3.923905887205342280e-01 1.798627812625340328e+00 -2.405363140331366445e+00 -1.753917749364405410e+01 1.940149469053299214e+00 8.365331008598303697e+00
1.661602293384717226e+09 9.275246411561965942e-02 -3.166749775409698486e-01 1.120354533195495605e+00 -6.144602298736572266e-01 3.913409709930419922e-01 1.214543282985687256e-01 6.741956472396850586e-01 1.664144856600875189e+00 -7.846873714193806082e-01 3.596825640117373268e+00 -4.810151247638063232e+00 -3.507416202111702574e+01 3.879835120399381942e+00 1.672866217712761383e+01
1.661602293386712074e+09 9.253926575183868408e-02 -3.183173537254333496e-01 1.120180845260620117e+00 -6.150661110877990723e-01 3.833595812320709229e-01 1.176682636141777039e-01 6.788839101791381836e-01 8.347697085988690091e-01 -3.922967939102747770e-01 1.798197878882630940e+00 -2.404788176033227920e+00 -1.753498502860434272e+01 1.939685706780281516e+00 8.363331407544498219e+00
1.661602293387709141e+09 9.223912656307220459e-02 -3.199514746665954590e-01 1.119948625564575195e+00 -6.157214641571044922e-01 3.752986788749694824e-01 1.139182075858116150e-01 6.834183335304260254e-01 1.682541404792854856e+00 -7.848750058936558860e-01 3.597685713202049662e+00 -4.811301451188875866e+00 -3.508254895608142476e+01 3.880762866721866988e+00 1.673266233546743464e+01
1.661602293389704227e+09 9.185478836297988892e-02 -3.215776085853576660e-01 1.119654893875122070e+00 -6.164267659187316895e-01 3.671623170375823975e-01 1.102016046643257141e-01 6.877975463867187500e-01 8.503675719593455362e-01 -3.922499133182682507e-01 1.797982989078749094e+00 -2.404500796949316399e+00 -1.753288954760187934e+01 1.939453908775196966e+00 8.362331965454686156e+00
1.661602293390701294e+09 9.138911962509155273e-02 -3.231959939002990723e-01 1.119296908378601074e+00 -6.171822547912597656e-01 3.589543700218200684e-01 1.065159216523170471e-01 6.920203566551208496e-01 1.726742497135870025e+00 -7.848750058936558860e-01 3.597685713202049662e+00 -4.811301451188430889e+00 -3.508254895608142476e+01 3.880762866721811477e+00 1.673266233546743464e+01
1.661602293391698360e+09 9.084505587816238403e-02 -3.248068988323211670e-01 1.118872046470642090e+00 -6.179881095886230469e-01 3.506787419319152832e-01 1.028586179018020630e-01 6.960856914520263672e-01 1.757733761092169056e+00 -7.848750058936558860e-01 3.597685713202049662e+00 -4.811301451188430889e+00 -3.508254895608142476e+01 3.880762866721811477e+00 1.673266233546743464e+01
1.661602293393693209e+09 9.022562950849533081e-02 -3.264106214046478271e-01 1.118377804756164551e+00 -6.188442111015319824e-01 3.423391878604888916e-01 9.922703355550765991e-02 6.999925971031188965e-01 8.967216586297782621e-01 -3.922967939102747770e-01 1.798197878882630940e+00 -2.404788176033450409e+00 -1.753498502860434272e+01 1.939685706780309271e+00 8.363331407544498219e+00
1.661602293394690514e+09 8.953397721052169800e-02 -3.280074596405029297e-01 1.117811679840087891e+00 -6.197509169578552246e-01 3.339399099349975586e-01 9.561862796545028687e-02 7.037400007247924805e-01 1.834910448065766087e+00 -7.846873714193806082e-01 3.596825640117373268e+00 -4.810151247638508210e+00 -3.507416202111702574e+01 3.879835120399437898e+00 1.672866217712761383e+01
1.661602293396685362e+09 8.877328783273696899e-02 -3.295977413654327393e-01 1.117171525955200195e+00 -6.207078099250793457e-01 3.254846036434173584e-01 9.203076362609863281e-02 7.073273062705993652e-01 9.401638848060155373e-01 -3.922967939102747770e-01 1.798197878882630940e+00 -2.404788176033227920e+00 -1.753498502860434272e+01 1.939685706780281516e+00 8.363331407544498219e+00
1.661602293398679972e+09 8.794683963060379028e-02 -3.311817944049835205e-01 1.116455197334289551e+00 -6.217146515846252441e-01 3.169772028923034668e-01 8.846081793308258057e-02 7.107538580894470215e-01 9.650674767126864451e-01 -3.923436857096903041e-01 1.798412820058686634e+00 -2.405075623819031616e+00 -1.753708101055851287e+01 1.939917560199690971e+00 8.364331088563806915e+00
1.661602293399677277e+09 8.705797791481018066e-02 -3.327600061893463135e-01 1.115660786628723145e+00 -6.227711439132690430e-01 3.084215819835662842e-01 8.490617573261260986e-02 7.140190601348876953e-01 1.983201297424236342e+00 -7.846873714193806082e-01 3.596825640117373268e+00 -4.810151247638508210e+00 -3.507416202111702574e+01 3.879835120399437898e+00 1.672866217712761383e+01
1.661602293401671648e+09 8.611010015010833740e-02 -3.343326747417449951e-01 1.114786624908447266e+00 -6.238768100738525391e-01 2.998216450214385986e-01 8.136421442031860352e-02 7.171224355697631836e-01 1.019717528768429471e+00 -3.923905887205342280e-01 1.798627812625340328e+00 -2.405363140331366445e+00 -1.753917749364405410e+01 1.940149469053299214e+00 8.365331008598248630e+00
1.661602293402669430e+09 8.510664850473403931e-02 -3.359002172946929932e-01 1.113830804824829102e+00 -6.250311136245727539e-01 2.911812663078308105e-01 7.783235609531402588e-02 7.200636863708496094e-01 2.096946191012209582e+00 -7.843123714808288849e-01 3.595106727027711280e+00 -4.807852489574675481e+00 -3.505740017546774823e+01 3.877980957856777877e+00 1.672066759544200920e+01
1.661602293404664040e+09 8.405113965272903442e-02 -3.374629914760589600e-01 1.112792015075683594e+00 -6.262332797050476074e-01 2.825042009353637695e-01 7.430794090032577515e-02 7.228427529335021973e-01 1.079413431502457721e+00 -3.923436857096903041e-01 1.798412820058686634e+00 -2.405075623819031616e+00 -1.753708101055851287e+01 1.939917560199690971e+00 8.364331088563806915e+00
1.661602293405661106e+09 8.294709771871566772e-02 -3.390214145183563232e-01 1.111668944358825684e+00 -6.274826526641845703e-01 2.737942636013031006e-01 7.078839093446731567e-02 7.254593372344970703e-01 2.222117559003615739e+00 -7.848750058936558860e-01 3.597685713202049662e+00 -4.811301451188875866e+00 -3.508254895608142476e+01 3.880762866721866988e+00 1.673266233546732451e+01
1.661602293407655716e+09 8.179810643196105957e-02 -3.405759036540985107e-01 1.110460281372070312e+00 -6.287782192230224609e-01 2.650552093982696533e-01 6.727111339569091797e-02 7.279136180877685547e-01 1.142979946853709849e+00 -3.923436857096903041e-01 1.798412820058686634e+00 -2.405075623819254105e+00 -1.753708101055840274e+01 1.939917560199718949e+00 8.364331088563806915e+00
1.661602293408653498e+09 8.060776442289352417e-02 -3.421268165111541748e-01 1.109165191650390625e+00 -6.301193833351135254e-01 2.562909424304962158e-01 6.375357508659362793e-02 7.302054762840270996e-01 2.350315319699682881e+00 -7.843123714808288849e-01 3.595106727027711280e+00 -4.807852489574675481e+00 -3.505740017546752796e+01 3.877980957856777877e+00 1.672066759544200920e+01
1.661602293410647869e+09 7.937969267368316650e-02 -3.436746299266815186e-01 1.107782721519470215e+00 -6.315046548843383789e-01 2.475049644708633423e-01 6.023316830396652222e-02 7.323353886604309082e-01 1.209129830917508475e+00 -3.923905887205342280e-01 1.798627812625340328e+00 -2.405363140331143512e+00 -1.753917749364394396e+01 1.940149469053271458e+00 8.365331008598248630e+00
1.661602293412642717e+09 7.811751961708068848e-02 -3.452197015285491943e-01 1.106312155723571777e+00 -6.329331398010253906e-01 2.387010604143142700e-01 5.670740082859992981e-02 7.343035340309143066e-01 1.242443174489230806e+00 -3.922967939102747770e-01 1.798197878882630940e+00 -2.404788176033450409e+00 -1.753498502860422903e+01 1.939685706780309271e+00 8.363331407544443152e+00
1.661602293413639784e+09 7.682489603757858276e-02 -3.467625081539154053e-01 1.104753017425537109e+00 -6.344035267829895020e-01 2.298828214406967163e-01 5.317375808954238892e-02 7.361104488372802734e-01 2.553475747244616567e+00 -7.848750058936558860e-01 3.597685713202049662e+00 -4.811301451188875866e+00 -3.508254895608120449e+01 3.880762866721866988e+00 1.673266233546732451e+01
1.661602293415634632e+09 7.550546526908874512e-02 -3.483034372329711914e-01 1.103104948997497559e+00 -6.359145045280456543e-01 2.210538685321807861e-01 4.962977766990661621e-02 7.377566695213317871e-01 1.310230904456567647e+00 -3.922967939102747770e-01 1.798197878882630940e+00 -2.404788176033227920e+00 -1.753498502860422903e+01 1.939685706780281516e+00 8.363331407544443152e+00
1.661602293416632175e+09 7.416285574436187744e-02 -3.498429358005523682e-01 1.101367592811584473e+00 -6.374645233154296875e-01 2.122176736593246460e-01 4.607298597693443298e-02 7.392427921295166016e-01 2.688219742353529895e+00 -7.844998266365365014e-01 3.595965978157498188e+00 -4.809001593898187821e+00 -3.506577909520353842e+01 3.878907817550338422e+00 1.672466393090926218e+01
1.661602293418626547e+09 7.280070334672927856e-02 -3.513814210891723633e-01 1.099541068077087402e+00 -6.390521526336669922e-01 2.033777534961700439e-01 4.250099137425422668e-02 7.405697107315063477e-01 1.378523955423456959e+00 -3.923905887205342280e-01 1.798627812625340328e+00 -2.405363140331366445e+00 -1.753917749364394396e+01 1.940149469053299214e+00 8.365331008598248630e+00
1.661602293419623613e+09 7.142261415719985962e-02 -3.529193401336669922e-01 1.097625255584716797e+00 -6.406759023666381836e-01 1.945376098155975342e-01 3.891141712665557861e-02 7.417381405830383301e-01 2.825140820223798421e+00 -7.848750058936558860e-01 3.597685713202049662e+00 -4.811301451188875866e+00 -3.508254895608120449e+01 3.880762866721866988e+00 1.673266233546732451e+01
1.661602293421618462e+09 7.003217190504074097e-02 -3.544570505619049072e-01 1.095620632171630859e+00 -6.423338651657104492e-01 1.857005059719085693e-01 3.530192002654075623e-02 7.427491545677185059e-01 1.445632054669970579e+00 -3.922967939102747770e-01 1.798197878882630940e+00 -2.404788176033227920e+00 -1.753498502860422903e+01 1.939685706780281516e+00 8.363331407544443152e+00
1.661602293422616005e+09 6.863291561603546143e-02 -3.559950292110443115e-01 1.093527317047119141e+00 -6.440244317054748535e-01 1.768698394298553467e-01 3.167022019624710083e-02 7.436037659645080566e-01 2.957734719156420944e+00 -7.844998266365365014e-01 3.595965978157498188e+00 -4.809001593898187821e+00 -3.506577909520353842e+01 3.878907817550338422e+00 1.672466393090926218e+01
1.661602293424610615e+09 6.722837686538696289e-02 -3.575336933135986328e-01 1.091346025466918945e+00 -6.457456946372985840e-01 1.680488437414169312e-01 2.801405079662799835e-02 7.443032264709472656e-01 1.512240831940901975e+00 -3.923436857096903041e-01 1.798412820058686634e+00 -2.405075623819254105e+00 -1.753708101055840274e+01 1.939917560199718949e+00 8.364331088563751848e+00
1.661602293425607681e+09 6.582202762365341187e-02 -3.590734004974365234e-01 1.089077472686767578e+00 -6.474959850311279297e-01 1.592407822608947754e-01 2.433124184608459473e-02 7.448485493659973145e-01 3.090436946102291582e+00 -7.848750058936558860e-01 3.597685713202049662e+00 -4.811301451188875866e+00 -3.508254895608120449e+01 3.880762866721839455e+00 1.673266233546732451e+01
1.661602293427602530e+09 6.441727280616760254e-02 -3.606145679950714111e-01 1.086722373962402344e+00 -6.492727994918823242e-01 1.504486799240112305e-01 2.061960473656654358e-02 7.452414631843566895e-01 1.576879645908094707e+00 -3.922967939102747770e-01 1.798197878882630940e+00 -2.404788176033227920e+00 -1.753498502860422903e+01 1.939685706780295504e+00 8.363331407544443152e+00
1.661602293428600073e+09 6.301750242710113525e-02 -3.621576130390167236e-01 1.084281802177429199e+00 -6.510747075080871582e-01 1.416756808757781982e-01 1.687707379460334778e-02 7.454830408096313477e-01 3.216755207050898235e+00 -7.844998266365365014e-01 3.595965978157498188e+00 -4.809001593898187821e+00 -3.506577909520353842e+01 3.878907817550365955e+00 1.672466393090926218e+01
1.661602293430594921e+09 6.162601336836814880e-02 -3.637028932571411133e-01 1.081756830215454102e+00 -6.528989672660827637e-01 1.329247802495956421e-01 1.310158800333738327e-02 7.455751299858093262e-01 1.639737144246266265e+00 -3.922967939102747770e-01 1.798197878882853429e+00 -2.404788176033450409e+00 -1.753498502860422903e+01 1.939685706780295504e+00 8.363331407544443152e+00
1.661602293431591988e+09 6.024605035781860352e-02 -3.652507960796356201e-01 1.079148650169372559e+00 -6.547437906265258789e-01 1.241988390684127808e-01 9.291169233620166779e-03 7.455192208290100098e-01 3.341905558236145435e+00 -7.848750058936558860e-01 3.597685713202495084e+00 -4.811301451188875866e+00 -3.508254895608120449e+01 3.880762866721839455e+00 1.673266233546732451e+01
1.661602293433586359e+09 5.888078734278678894e-02 -3.668016195297241211e-01 1.076458811759948730e+00 -6.566067934036254883e-01 1.155007630586624146e-01 5.443898029625415802e-03 7.453170418739318848e-01 1.700680308750800007e+00 -3.923905887205342280e-01 1.798627812625340328e+00 -2.405363140331143512e+00 -1.753917749364394396e+01 1.940149469053285447e+00 8.365331008598248630e+00
1.661602293434584141e+09 5.753331631422042847e-02 -3.683557808399200439e-01 1.073688626289367676e+00 -6.584856510162353516e-01 1.068333238363265991e-01 1.557903364300727844e-03 7.449703812599182129e-01 3.458036423236411139e+00 -7.843123714808288849e-01 3.595106727027711280e+00 -4.807852489574675481e+00 -3.505740017546796850e+01 3.877980957856805855e+00 1.672066759544189907e+01
1.661602293436578751e+09 5.620665103197097778e-02 -3.699135780334472656e-01 1.070839762687683105e+00 -6.603779792785644531e-01 9.819918125867843628e-02 -2.368613844737410545e-03 7.444812059402465820e-01 1.758506459307703329e+00 -3.923436857096903041e-01 1.798412820058909345e+00 -2.405075623819254105e+00 -1.753708101055840274e+01 1.939917560199704960e+00 8.364331088563751848e+00
1.661602293437575579e+09 5.490371957421302795e-02 -3.714753091335296631e-01 1.067914128303527832e+00 -6.622812747955322266e-01 8.960096538066864014e-02 -6.337365601211786270e-03 7.438514828681945801e-01 3.574478566613732866e+00 -7.850627301237189659e-01 3.598546197706968375e+00 -4.812452204944243306e+00 -3.509093990297335353e+01 3.881691056835860465e+00 1.673666440730072935e+01
1.661602293439570904e+09 5.362736061215400696e-02 -3.730413019657135010e-01 1.064913511276245117e+00 -6.641932129859924316e-01 8.104123175144195557e-02 -1.035003457218408585e-02 7.430831789970397949e-01 1.812906179429869313e+00 -3.922030439296533832e-01 1.797768150628626271e+00 -2.404213486542002176e+00 -1.753079456737166453e+01 1.939222166164503713e+00 8.361332762208780522e+00
1.661602293441565514e+09 5.238031595945358276e-02 -3.746118247509002686e-01 1.061839818954467773e+00 -6.661111712455749512e-01 7.252240180969238281e-02 -1.440819166600704193e-02 7.421784400939941406e-01 1.839982521966680107e+00 -3.923436857096903041e-01 1.798412820058686634e+00 -2.405075623819031616e+00 -1.753708101055862656e+01 1.939917560199704960e+00 8.364331088563863759e+00
1.661602293442562819e+09 5.116522312164306641e-02 -3.761871457099914551e-01 1.058695197105407715e+00 -6.680324077606201172e-01 6.404685974121093750e-02 -1.851336658000946045e-02 7.411395907402038574e-01 3.731175729518270590e+00 -7.846873714193806082e-01 3.596825640117818690e+00 -4.810151247638508210e+00 -3.507416202111680548e+01 3.879835120399409920e+00 1.672866217712750370e+01
1.661602293444557667e+09 4.998462274670600891e-02 -3.777675032615661621e-01 1.055481910705566406e+00 -6.699545979499816895e-01 5.561688169836997986e-02 -2.266700193285942078e-02 7.399687767028808594e-01 1.890111161521695449e+00 -3.922967939102747770e-01 1.798197878882853429e+00 -2.404788176033450409e+00 -1.753498502860422903e+01 1.939685706780295504e+00 8.363331407544443152e+00
1.661602293446552038e+09 4.884094744920730591e-02 -3.793531358242034912e-01 1.052202224731445312e+00 -6.718748807907104492e-01 4.723465070128440857e-02 -2.687045186758041382e-02 7.386683821678161621e-01 1.914482194902938028e+00 -3.923905887205342280e-01 1.798627812625340328e+00 -2.405363140331143512e+00 -1.753917749364416778e+01 1.940149469053285447e+00 8.365331008598360540e+00
1.661602293447549343e+09 4.773651063442230225e-02 -3.809442222118377686e-01 1.048858523368835449e+00 -6.737906932830810547e-01 3.890228271484375000e-02 -3.112501837313175201e-02 7.372407913208007812e-01 3.874594964792096086e+00 -7.846873714193806082e-01 3.596825640117373268e+00 -4.810151247638063232e+00 -3.507416202111725312e+01 3.879835120399409920e+00 1.672866217712772752e+01
1.661602293449543953e+09 4.667351767420768738e-02 -3.825409710407257080e-01 1.045453190803527832e+00 -6.756990551948547363e-01 3.062177449464797974e-02 -3.543188422918319702e-02 7.356885671615600586e-01 1.959497652078644014e+00 -3.923436857096903041e-01 1.798412820058909345e+00 -2.405075623819254105e+00 -1.753708101055840274e+01 1.939917560199704960e+00 8.364331088563751848e+00
1.661602293450541258e+09 4.565405845642089844e-02 -3.841435313224792480e-01 1.041988849639892578e+00 -6.775974035263061523e-01 2.239505946636199951e-02 -3.979220241308212280e-02 7.340141534805297852e-01 3.961519098856788546e+00 -7.846873714193806082e-01 3.596825640117818690e+00 -4.810151247638508210e+00 -3.507416202111680548e+01 3.879835120399409920e+00 1.672866217712750370e+01
1.661602293452536106e+09 4.468009620904922485e-02 -3.857520520687103271e-01 1.038468241691589355e+00 -6.794828772544860840e-01 1.422396022826433182e-02 -4.420699551701545715e-02 7.322202324867248535e-01 2.000812993082169200e+00 -3.922967939102747770e-01 1.798197878882630940e+00 -2.404788176033227920e+00 -1.753498502860445285e+01 1.939685706780295504e+00 8.363331407544553286e+00
1.661602293453533173e+09 4.375346750020980835e-02 -3.873666226863861084e-01 1.034893870353698730e+00 -6.813527345657348633e-01 6.110219284892082214e-03 -4.867723211646080017e-02 7.303093075752258301e-01 4.041945081688115948e+00 -7.848750058936558860e-01 3.597685713202049662e+00 -4.811301451188430889e+00 -3.508254895608165214e+01 3.880762866721839455e+00 1.673266233546754833e+01
1.661602293455528021e+09 4.287589341402053833e-02 -3.889873921871185303e-01 1.031268596649169922e+00 -6.832039356231689453e-01 -1.944522955454885960e-03 -5.320376157760620117e-02 7.282842397689819336e-01 2.038699212230307367e+00 -3.922967939102747770e-01 1.798197878882853429e+00 -2.404788176033450409e+00 -1.753498502860422903e+01 1.939685706780295504e+00 8.363331407544443152e+00
1.661602293457522631e+09 4.204896092414855957e-02 -3.906143903732299805e-01 1.027595281600952148e+00 -6.850337982177734375e-01 -9.938718751072883606e-03 -5.778738483786582947e-02 7.261477708816528320e-01 2.056406877092428420e+00 -3.923436857096903041e-01 1.798412820058909345e+00 -2.405075623819254105e+00 -1.753708101055840274e+01 1.939917560199704960e+00 8.364331088563751848e+00
1.661602293458520174e+09 4.127411916851997375e-02 -3.922476470470428467e-01 1.023876786231994629e+00 -6.868393421173095703e-01 -1.787090860307216644e-02 -6.242879107594490051e-02 7.239025831222534180e-01 4.144806315683377207e+00 -7.844998266365365014e-01 3.595965978157498188e+00 -4.809001593898187821e+00 -3.506577909520397895e+01 3.878907817550365955e+00 1.672466393090948245e+01
1.661602293460514545e+09 4.055269435048103333e-02 -3.938872516155242920e-01 1.020116090774536133e+00 -6.886177659034729004e-01 -2.573974058032035828e-02 -6.712859123945236206e-02 7.215516567230224609e-01 2.088639866609055762e+00 -3.923905887205342280e-01 1.798627812625340328e+00 -2.405363140331143512e+00 -1.753917749364416778e+01 1.940149469053285447e+00 8.365331008598360540e+00
1.661602293461511850e+09 3.988587856292724609e-02 -3.955331146717071533e-01 1.016316056251525879e+00 -6.903660893440246582e-01 -3.354394808411598206e-02 -7.188729196786880493e-02 7.190978527069091797e-01 4.205827979803122396e+00 -7.846873714193806082e-01 3.596825640117818690e+00 -4.810151247638508210e+00 -3.507416202111680548e+01 3.879835120399409920e+00 1.672866217712750370e+01
1.661602293463506699e+09 3.927472233772277832e-02 -3.971852958202362061e-01 1.012479782104492188e+00 -6.920814514160156250e-01 -4.128236696124076843e-02 -7.670532166957855225e-02 7.165440320968627930e-01 2.116150692494035201e+00 -3.922967939102747770e-01 1.798197878882853429e+00 -2.404788176033450409e+00 -1.753498502860422903e+01 1.939685706780295504e+00 8.363331407544443152e+00
1.661602293465501070e+09 3.872014582157135010e-02 -3.988436758518218994e-01 1.008610248565673828e+00 -6.937609910964965820e-01 -4.895392060279846191e-02 -8.158300071954727173e-02 7.138931751251220703e-01 2.129142357548880149e+00 -3.923905887205342280e-01 1.798627812625340328e+00 -2.405363140331143512e+00 -1.753917749364416778e+01 1.940149469053285447e+00 8.365331008598360540e+00
1.661602293466498613e+09 4.052065312862396240e-02 -3.932386636734008789e-01 1.017738223075866699e+00 -6.925626993179321289e-01 -4.217208921909332275e-02 -7.858534157276153564e-02 7.158231139183044434e-01 1.088851294804307379e+01 -8.288581721631237409e-01 -1.223372934571552761e+01 1.513567943966423890e+01 3.039530186729245642e+01 -7.806479218858872748e-01 -1.600647167535097992e+01
1.661602293468493223e+09 4.234970360994338989e-02 -3.875731527805328369e-01 1.026775240898132324e+00 -6.913424730300903320e-01 -3.538420051336288452e-02 -7.558174431324005127e-02 7.176913619041442871e-01 5.425517029312715955e+00 -4.145281606897503468e-01 -6.118326988103709674e+00 7.569648909341777809e+00 1.520128412774919546e+01 -3.904172729106425987e-01 -8.005149114232541052e+00
1.661602293469490767e+09 4.420663416385650635e-02 -3.818478286266326904e-01 1.035719513893127441e+00 -6.901010870933532715e-01 -2.859107963740825653e-02 -7.257161289453506470e-02 7.194973230361938477e-01 1.080743830638965441e+01 -8.288581721631098631e-01 -1.223372934571597348e+01 1.513567943966379481e+01 3.039530186729201233e+01 -7.806479218858595193e-01 -1.600647167535120374e+01
1.661602293471485138e+09 4.609076306223869324e-02 -3.760633170604705811e-01 1.044569730758666992e+00 -6.888392567634582520e-01 -2.179360948503017426e-02 -6.955438852310180664e-02 7.212404012680053711e-01 5.384904560948938546e+00 -4.145777157597670959e-01 -6.119058407946655009e+00 7.570553828518251649e+00 1.520310137630025515e+01 -3.904639456270833642e-01 -8.006106095596951633e+00
1.661602293472482443e+09 4.800137504935264587e-02 -3.702203035354614258e-01 1.053324222564697266e+00 -6.875576972961425781e-01 -1.499266829341650009e-02 -6.652947515249252319e-02 7.229201197624206543e-01 1.072621480970048857e+01 -8.290563213795006936e-01 -1.223665397620741935e+01 1.513929781868400148e+01 3.040256825549883857e+01 -7.808345458213130641e-01 -1.601029822846485828e+01
1.661602293474477291e+09 4.993774369359016418e-02 -3.643194139003753662e-01 1.061981678009033203e+00 -6.862571835517883301e-01 -8.189145475625991821e-03 -6.349627673625946045e-02 7.245358824729919434e-01 5.341082726998699570e+00 -4.144786174650952337e-01 -6.117595743094971894e+00 7.568744206472249658e+00 1.519946731358309755e+01 -3.903706113505959197e-01 -8.004192361619390184e+00
1.661602293475474596e+09 5.189911276102066040e-02 -3.583612740039825439e-01 1.070540785789489746e+00 -6.849383711814880371e-01 -1.383948256261646748e-03 -6.045417115092277527e-02 7.260873317718505859e-01 1.064021364898570710e+01 -8.290563213795006936e-01 -1.223665397620741935e+01 1.513929781868355562e+01 3.040256825549883857e+01 -7.808345458212851975e-01 -1.601029822846508210e+01
1.661602293477469206e+09 5.388471484184265137e-02 -3.523465692996978760e-01 1.078999876976013184e+00 -6.836020350456237793e-01 5.421997047960758209e-03 -5.740254744887351990e-02 7.275739312171936035e-01 5.298110604783826894e+00 -4.145281606897503468e-01 -6.118326988103709674e+00 7.569648909342000742e+00 1.520128412774941928e+01 -3.904172729106565320e-01 -8.005149114232429142e+00
1.661602293478466511e+09 5.589375644922256470e-02 -3.462759256362915039e-01 1.087357997894287109e+00 -6.822489500045776367e-01 1.222775131464004517e-02 -5.434077605605125427e-02 7.289952039718627930e-01 1.055208583787610976e+01 -8.290563213795006936e-01 -1.223665397620741935e+01 1.513929781868400148e+01 3.040256825549883857e+01 -7.808345458213130641e-01 -1.601029822846485828e+01
1.661602293480461359e+09 5.792542919516563416e-02 -3.401499986648559570e-01 1.095613598823547363e+00 -6.808795928955078125e-01 1.903236284852027893e-02 -5.126822367310523987e-02 7.303508520126342773e-01 5.253035480003128477e+00 -4.144786174650952337e-01 -6.117595743094971894e+00 7.568744206472249658e+00 1.519946731358331959e+01 -3.903706113505959197e-01 -8.004192361619390184e+00
1.661602293482455730e+09 5.997889861464500427e-02 -3.339693844318389893e-01 1.103765487670898438e+00 -6.794949173927307129e-01 2.583486028015613556e-02 -4.818425700068473816e-02 7.316402792930603027e-01 5.231763602284124737e+00 -4.145777157597670959e-01 -6.119058407946877942e+00 7.570553828518029604e+00 1.520310137630025515e+01 -3.904639456270694309e-01 -8.006106095597063543e+00
1.661602293483453274e+09 6.205332279205322266e-02 -3.277347981929779053e-01 1.111812353134155273e+00 -6.780954003334045410e-01 3.263427317142486572e-02 -4.508821293711662292e-02 7.328633666038513184e-01 1.041429682406402080e+01 -8.288581721631098631e-01 -1.223372934571597348e+01 1.513567943966423890e+01 3.039530186729245642e+01 -7.806479218858872748e-01 -1.600647167535120374e+01
1.661602293485447884e+09 6.414784491062164307e-02 -3.214468359947204590e-01 1.119753360748291016e+00 -6.766817569732666016e-01 3.942959755659103394e-02 -4.197945073246955872e-02 7.340195775032043457e-01 5.185655711708490045e+00 -4.145281606897503468e-01 -6.118326988103709674e+00 7.569648909342000742e+00 1.520128412774941928e+01 -3.904172729106565320e-01 -8.005149114232541052e+00
1.661602293486445427e+09 6.626158207654953003e-02 -3.151061236858367920e-01 1.127587080001831055e+00 -6.752547621726989746e-01 4.621982946991920471e-02 -3.885730728507041931e-02 7.351087331771850586e-01 1.032291668465623680e+01 -8.288581721631098631e-01 -1.223372934571597348e+01 1.513567943966379481e+01 3.039530186729245642e+01 -7.806479218858595193e-01 -1.600647167535120374e+01
1.661602293488439798e+09 6.839364022016525269e-02 -3.087133467197418213e-01 1.135312438011169434e+00 -6.738149523735046387e-01 5.300394818186759949e-02 -3.572112321853637695e-02 7.361304163932800293e-01 5.140244769361164145e+00 -4.145777157597670959e-01 -6.119058407946877942e+00 7.570553828518029604e+00 1.520310137630025515e+01 -3.904639456270694309e-01 -8.006106095597063543e+00
1.661602293489437103e+09 7.054312527179718018e-02 -3.022691011428833008e-01 1.142928600311279297e+00 -6.723629832267761230e-01 5.978091806173324585e-02 -3.257022053003311157e-02 7.370844483375549316e-01 1.023319125364400861e+01 -8.290563213795006936e-01 -1.223665397620741935e+01 1.513929781868400148e+01 3.040256825549883857e+01 -7.808345458213130641e-01 -1.601029822846508210e+01
1.661602293491431713e+09 7.270911335945129395e-02 -2.957740724086761475e-01 1.150434374809265137e+00 -6.708993911743164062e-01 6.654970347881317139e-02 -2.940394543111324310e-02 7.379705309867858887e-01 5.093430792686116426e+00 -4.145281606897503468e-01 -6.118326988103709674e+00 7.569648909342000742e+00 1.520128412774941928e+01 -3.904172729106565320e-01 -8.005149114232541052e+00
1.661602293492429256e+09 7.489067316055297852e-02 -2.892288863658905029e-01 1.157828807830810547e+00 -6.694249510765075684e-01 7.330923527479171753e-02 -2.622161060571670532e-02 7.387884855270385742e-01 1.013808060268232225e+01 -8.288581721631098631e-01 -1.223372934571597348e+01 1.513567943966379481e+01 3.039530186729245642e+01 -7.806479218858595193e-01 -1.600647167535120374e+01
1.661602293494425297e+09 7.708687335252761841e-02 -2.826341688632965088e-01 1.165111184120178223e+00 -6.679401397705078125e-01 8.005845546722412109e-02 -2.302255854010581970e-02 7.395380735397338867e-01 5.043537726377766539e+00 -4.142310788736803251e-01 -6.113942138375016100e+00 7.564223934012579420e+00 1.519038975307592487e+01 -3.901374707561438004e-01 -7.999412026955259769e+00
1.661602293495421171e+09 7.929676026105880737e-02 -2.759906053543090820e-01 1.172280550003051758e+00 -6.664455533027648926e-01 8.679627627134323120e-02 -1.980609260499477386e-02 7.402191758155822754e-01 1.006250896829287456e+01 -8.302472090807879734e-01 -1.225423116650122957e+01 1.516104447583273007e+01 3.044623964873153810e+01 -7.819561659493781125e-01 -1.603329602338267534e+01
1.661602293497416258e+09 8.151937276124954224e-02 -2.692988216876983643e-01 1.179335951805114746e+00 -6.649417281150817871e-01 9.352163225412368774e-02 -1.657155156135559082e-02 7.408316731452941895e-01 4.999733662011593971e+00 -4.144290860815549316e-01 -6.116864672857986740e+00 7.567839719831897405e+00 1.519765093364622821e+01 -3.903239609429436374e-01 -8.003235837675601871e+00
1.661602293498413324e+09 8.375374227762222290e-02 -2.625594437122344971e-01 1.186276793479919434e+00 -6.634292602539062500e-01 1.002333909273147583e-01 -1.331824902445077896e-02 7.413753867149353027e-01 9.958306619968114504e+00 -8.292545653587880539e-01 -1.223958000537437485e+01 1.514291792815717663e+01 3.040983811878327003e+01 -7.810212590077560968e-01 -1.601412661159001161e+01
1.661602293500407696e+09 8.599890768527984619e-02 -2.557731866836547852e-01 1.193102240562438965e+00 -6.619087457656860352e-01 1.069304570555686951e-01 -1.004551071673631668e-02 7.418502569198608398e-01 4.955625954454898618e+00 -4.145777157597670959e-01 -6.119058407946877942e+00 7.570553828518029604e+00 1.520310137630025515e+01 -3.904639456270694309e-01 -8.006106095597063543e+00
1.661602293502402782e+09 8.825388550758361816e-02 -2.489406466484069824e-01 1.199811816215515137e+00 -6.603805422782897949e-01 1.136117130517959595e-01 -6.752663757652044296e-03 7.422562241554260254e-01 4.931131666606074937e+00 -4.144290860815549316e-01 -6.116864672857986740e+00 7.567839719831897405e+00 1.519765093364622821e+01 -3.903239609429436374e-01 -8.003235837675601871e+00
1.661602293503400087e+09 9.051768481731414795e-02 -2.420625239610671997e-01 1.206404566764831543e+00 -6.588453054428100586e-01 1.202760413289070129e-01 -3.439017105847597122e-03 7.425932288169860840e-01 9.819201635115959448e+00 -8.290563213795006936e-01 -1.223665397620741935e+01 1.513929781868355562e+01 3.040256825549883857e+01 -7.808345458213130641e-01 -1.601029822846508210e+01
1.661602293505394459e+09 9.278932958841323853e-02 -2.351394593715667725e-01 1.212880253791809082e+00 -6.573035717010498047e-01 1.269223093986511230e-01 -1.039164053509011865e-04 7.428612112998962402e-01 4.887761021720292476e+00 -4.145777157597670959e-01 -6.119058407946877942e+00 7.570553828518029604e+00 1.520310137630025515e+01 -3.904639456270694309e-01 -8.006106095597063543e+00
1.661602293506392241e+09 9.506782889366149902e-02 -2.281721383333206177e-01 1.219238162040710449e+00 -6.557554602622985840e-01 1.335493177175521851e-01 3.253312781453132629e-03 7.430604100227355957e-01 9.725083276438661883e+00 -8.286601176416850123e-01 -1.223080611289740283e+01 1.513206278985742337e+01 3.038803895167303182e+01 -7.804613871374996847e-01 -1.600264695093654410e+01
1.661602293508386850e+09 9.735218435525894165e-02 -2.211612313985824585e-01 1.225477814674377441e+00 -6.542018055915832520e-01 1.401559859514236450e-01 6.633335258811712265e-03 7.431907057762145996e-01 4.842760769774320018e+00 -4.145281606897503468e-01 -6.118326988103709674e+00 7.569648909341777809e+00 1.520128412774941928e+01 -3.904172729106565320e-01 -8.005149114232541052e+00
1.661602293509383678e+09 9.964141249656677246e-02 -2.141074091196060181e-01 1.231598734855651855e+00 -6.526428461074829102e-01 1.467411369085311890e-01 1.003681775182485580e-02 7.432520985603332520e-01 9.646346929789702429e+00 -8.294529041689671089e-01 -1.224250743422043364e+01 1.514653976932631352e+01 3.041711145963923357e+01 -7.812080615093404123e-01 -1.601795682603908944e+01
1.661602293511378527e+09 1.019345223903656006e-01 -2.070113718509674072e-01 1.237600684165954590e+00 -6.510789990425109863e-01 1.533035635948181152e-01 1.346440799534320831e-02 7.432448267936706543e-01 4.798682287392500356e+00 -4.144786174650952337e-01 -6.117595743094971894e+00 7.568744206472249658e+00 1.519946731358331959e+01 -3.903706113505959197e-01 -8.004192361619390184e+00
1.661602293512375832e+09 1.042305156588554382e-01 -1.998737901449203491e-01 1.243483185768127441e+00 -6.495108604431152344e-01 1.598421633243560791e-01 1.691678352653980255e-02 7.431688904762268066e-01 9.555731606864089400e+00 -8.290563213795006936e-01 -1.223665397620741935e+01 1.513929781868355562e+01 3.040256825549883857e+01 -7.808345458212851975e-01 -1.601029822846508210e+01
1.661602293514370203e+09 1.065284162759780884e-01 -1.926953941583633423e-01 1.249246120452880859e+00 -6.479385495185852051e-01 1.663556993007659912e-01 2.039455436170101166e-02 7.430245280265808105e-01 4.757361954334093035e+00 -4.145777157597670959e-01 -6.119058407946877942e+00 7.570553828518029604e+00 1.520310137630025515e+01 -3.904639456270833642e-01 -8.006106095597063543e+00
1.661602293515367746e+09 1.088272258639335632e-01 -1.854768693447113037e-01 1.254889011383056641e+00 -6.463626027107238770e-01 1.728430241346359253e-01 2.389838546514511108e-02 7.428119182586669922e-01 9.469630421951526600e+00 -8.288581721631098631e-01 -1.223372934571597348e+01 1.513567943966379481e+01 3.039530186729245642e+01 -7.806479218858872748e-01 -1.600647167535120374e+01
1.661602293517362118e+09 1.111259758472442627e-01 -1.782189160585403442e-01 1.260411858558654785e+00 -6.447832584381103516e-01 1.793029457330703735e-01 2.742889337241649628e-02 7.425312399864196777e-01 4.716036876786083631e+00 -4.145777157597670959e-01 -6.119058407946877942e+00 7.570553828518029604e+00 1.520310137630025515e+01 -3.904639456270833642e-01 -8.006106095597063543e+00
1.661602293519357204e+09 1.134236976504325867e-01 -1.709222942590713501e-01 1.265814423561096191e+00 -6.432010531425476074e-01 1.857343018054962158e-01 3.098670952022075653e-02 7.421826124191284180e-01 4.694157405166878405e+00 -4.144290860815549316e-01 -6.116864672857986740e+00 7.567839719831897405e+00 1.519765093364622821e+01 -3.903239609429436374e-01 -8.003235837675601871e+00
1.661602293520354271e+09 1.157194077968597412e-01 -1.635876893997192383e-01 1.271096706390380859e+00 -6.416160464286804199e-01 1.921358406543731689e-01 3.457245975732803345e-02 7.417663931846618652e-01 9.353166751089172948e+00 -8.292545653587880539e-01 -1.223958000537437485e+01 1.514291792815717663e+01 3.040983811878327003e+01 -7.810212590077839634e-01 -1.601412661159001161e+01
1.661602293521351576e+09 1.180121600627899170e-01 -1.562158763408660889e-01 1.276258587837219238e+00 -6.400286555290222168e-01 1.985064297914505005e-01 3.818673267960548401e-02 7.412828803062438965e-01 9.311934483027766163e+00 -8.290563213795006936e-01 -1.223665397620741935e+01 1.513929781868355562e+01 3.040256825549883857e+01 -7.808345458213130641e-01 -1.601029822846508210e+01
1.661602293523346424e+09 1.203009933233261108e-01 -1.488075852394104004e-01 1.281299948692321777e+00 -6.384391188621520996e-01 2.048448622226715088e-01 4.183013364672660828e-02 7.407323718070983887e-01 4.636249208500273333e+00 -4.144786174650952337e-01 -6.117595743094971894e+00 7.568744206472361569e+00 1.519946731358331959e+01 -3.903706113506098530e-01 -8.004192361619390184e+00
1.661602293525341034e+09 1.225849762558937073e-01 -1.413635760545730591e-01 1.286221146583557129e+00 -6.368474960327148438e-01 2.111498415470123291e-01 4.550324007868766785e-02 7.401151657104492188e-01 4.618095931458070957e+00 -4.145281606897503468e-01 -6.118326988103709674e+00 7.569648909341889720e+00 1.520128412774941928e+01 -3.904172729106565320e-01 -8.005149114232541052e+00
1.661602293526338577e+09 1.248631775379180908e-01 -1.338846385478973389e-01 1.291021943092346191e+00 -6.352543234825134277e-01 2.174202948808670044e-01 4.920663684606552124e-02 7.394315600395202637e-01 9.197143577698453143e+00 -8.288581721631098631e-01 -1.223372934571597348e+01 1.513567943966379481e+01 3.039530186729245642e+01 -7.806479218858872748e-01 -1.600647167535120374e+01
1.661602293527335644e+09 1.271346658468246460e-01 -1.263715177774429321e-01 1.295702695846557617e+00 -6.336597204208374023e-01 2.236549705266952515e-01 5.294087901711463928e-02 7.386820316314697266e-01 9.165601071307442282e+00 -8.292545653587880539e-01 -1.223958000537437485e+01 1.514291792815717663e+01 3.040983811878327003e+01 -7.810212590077839634e-01 -1.601412661159001161e+01
1.661602293529330254e+09 1.293985545635223389e-01 -1.188250333070755005e-01 1.300263643264770508e+00 -6.320636868476867676e-01 2.298526316881179810e-01 5.670653656125068665e-02 7.378669381141662598e-01 4.564137210662863708e+00 -4.145281606897503468e-01 -6.118326988103709674e+00 7.569648909341889720e+00 1.520128412774941928e+01 -3.904172729106565320e-01 -8.005149114232541052e+00
1.661602293530327797e+09 1.316539198160171509e-01 -1.112459748983383179e-01 1.304704785346984863e+00 -6.304665803909301758e-01 2.360121756792068481e-01 6.050413474440574646e-02 7.369866967201232910e-01 9.091653853542114305e+00 -8.288581721631098631e-01 -1.223372934571597348e+01 1.513567943966401685e+01 3.039530186729245642e+01 -7.806479218858872748e-01 -1.600647167535120374e+01
1.661602293532322407e+09 1.338999271392822266e-01 -1.036351621150970459e-01 1.309026479721069336e+00 -6.288684606552124023e-01 2.421323210000991821e-01 6.433419138193130493e-02 7.360417842864990234e-01 4.530119585298187701e+00 -4.145281606897503468e-01 -6.118326988103709674e+00 7.569648909341777809e+00 1.520128412774941928e+01 -3.904172729106565320e-01 -8.005149114232541052e+00
1.661602293533319950e+09 1.361356675624847412e-01 -9.599342197179794312e-02 1.313229203224182129e+00 -6.272695064544677734e-01 2.482119053602218628e-01 6.819722056388854980e-02 7.350326180458068848e-01 9.025372442525386063e+00 -8.288581721631098631e-01 -1.223372934571597348e+01 1.513567943966379481e+01 3.039530186729245642e+01 -7.806479218858872748e-01 -1.600647167535120374e+01
1.661602293535314083e+09 1.383603215217590332e-01 -8.832160383462905884e-02 1.317313194274902344e+00 -6.256697177886962891e-01 2.542496621608734131e-01 7.209373265504837036e-02 7.339597940444946289e-01 4.498865209320091374e+00 -4.146272826793940269e-01 -6.119790002687187425e+00 7.571458964078700227e+00 1.520491905939163502e+01 -3.905106295038919817e-01 -8.007063305795005803e+00
1.661602293536311865e+09 1.405730545520782471e-01 -8.062054961919784546e-02 1.321278929710388184e+00 -6.240693926811218262e-01 2.602446079254150391e-01 7.602421194314956665e-02 7.328236699104309082e-01 8.960204853690632021e+00 -8.286601176416850123e-01 -1.223080611289740283e+01 1.513206278985764541e+01 3.038803895167303182e+01 -7.804613871375274403e-01 -1.600264695093654410e+01
1.661602293538306236e+09 1.427730619907379150e-01 -7.289113849401473999e-02 1.325126767158508301e+00 -6.224681735038757324e-01 2.661953270435333252e-01 7.998910546302795410e-02 7.316249608993530273e-01 4.467617575352757164e+00 -4.145777157597670959e-01 -6.119058407946877942e+00 7.570553828518029604e+00 1.520310137630025515e+01 -3.904639456270833642e-01 -8.006106095597063543e+00
1.661602293540301323e+09 1.449595242738723755e-01 -6.513425707817077637e-02 1.328857302665710449e+00 -6.208665966987609863e-01 2.721007466316223145e-01 8.398889750242233276e-02 7.303641438484191895e-01 4.451282192907017432e+00 -4.144290860815549316e-01 -6.116864672857986740e+00 7.567839719831897405e+00 1.519765093364622821e+01 -3.903239609429436374e-01 -8.003235837675601871e+00
1.661602293541298628e+09 1.471316963434219360e-01 -5.735078826546669006e-02 1.332471132278442383e+00 -6.192643046379089355e-01 2.779596149921417236e-01 8.802398294210433960e-02 7.290418148040771484e-01 8.876067400572903665e+00 -8.290563213795006936e-01 -1.223665397620741935e+01 1.513929781868377944e+01 3.040256825549883857e+01 -7.808345458213130641e-01 -1.601029822846508210e+01
1.661602293543292999e+09 1.492888182401657104e-01 -4.954166337847709656e-02 1.335968613624572754e+00 -6.176614165306091309e-01 2.837708294391632080e-01 9.209478646516799927e-02 7.276585698127746582e-01 4.424593934246550120e+00 -4.145777157597670959e-01 -6.119058407946877942e+00 7.570553828518140627e+00 1.520310137630025515e+01 -3.904639456270833642e-01 -8.006106095597063543e+00
1.661602293544290304e+09 1.514301598072052002e-01 -4.170779883861541748e-02 1.339350581169128418e+00 -6.160579323768615723e-01 2.895332574844360352e-01 9.620172530412673950e-02 7.262150645256042480e-01 8.821073218356023204e+00 -8.290563213795006936e-01 -1.223665397620741935e+01 1.513929781868355562e+01 3.040256825549883857e+01 -7.808345458213130641e-01 -1.601029822846508210e+01
1.661602293546285152e+09 1.535549908876419067e-01 -3.385014832019805908e-02 1.342617630958557129e+00 -6.144537925720214844e-01 2.952456772327423096e-01 1.003451570868492126e-01 7.247119545936584473e-01 4.396847163277256776e+00 -4.144786174650952337e-01 -6.117595743094971894e+00 7.568744206472249658e+00 1.519946731358331959e+01 -3.903706113506098530e-01 -8.004192361619390184e+00
1.661602293547282219e+09 1.556626558303833008e-01 -2.596966736018657684e-02 1.345770478248596191e+00 -6.128488183021545410e-01 3.009069263935089111e-01 1.045254692435264587e-01 7.231498956680297852e-01 8.771282457534020693e+00 -8.292545653587880539e-01 -1.223958000537437485e+01 1.514291792815740045e+01 3.040983811878327003e+01 -7.810212590077839634e-01 -1.601412661159001161e+01
1.661602293549276829e+09 1.577524840831756592e-01 -1.806733570992946625e-02 1.348809838294982910e+00 -6.112430691719055176e-01 3.065159320831298828e-01 1.087429970502853394e-01 7.215295433998107910e-01 4.372171456140461210e+00 -4.145281606897503468e-01 -6.118326988103709674e+00 7.569648909341889720e+00 1.520128412774941928e+01 -3.904172729106565320e-01 -8.005149114232541052e+00
1.661602293550274372e+09 1.598238348960876465e-01 -1.014414988458156586e-02 1.351736426353454590e+00 -6.096363067626953125e-01 3.120714426040649414e-01 1.129980683326721191e-01 7.198516726493835449e-01 8.718099892070261703e+00 -8.288581721631098631e-01 -1.223372934571597348e+01 1.513567943966379481e+01 3.039530186729245642e+01 -7.806479218858872748e-01 -1.600647167535120374e+01
1.661602293552268982e+09 1.618760973215103149e-01 -2.201120136305689812e-03 1.354551196098327637e+00 -6.080284118652343750e-01 3.175725042819976807e-01 1.172909662127494812e-01 7.181169986724853516e-01 4.348377845055894753e+00 -4.145281606897503468e-01 -6.118326988103709674e+00 7.569648909341777809e+00 1.520128412774941928e+01 -3.904172729106565320e-01 -8.005149114232541052e+00
1.661602293553266287e+09 1.639086753129959106e-01 5.760723724961280823e-03 1.357254862785339355e+00 -6.064193248748779297e-01 3.230177760124206543e-01 1.216220036149024963e-01 7.163261771202087402e-01 8.673934447208955234e+00 -8.290563213795006936e-01 -1.223665397620741935e+01 1.513929781868377944e+01 3.040256825549883857e+01 -7.808345458213130641e-01 -1.601029822846508210e+01
1.661602293555260897e+09 1.659210175275802612e-01 1.374033465981483459e-02 1.359848380088806152e+00 -6.048087477684020996e-01 3.284063935279846191e-01 1.259914189577102661e-01 7.144801020622253418e-01 4.325880551933582119e+00 -4.145281606897503468e-01 -6.118326988103709674e+00 7.569648909341889720e+00 1.520128412774941928e+01 -3.904172729106565320e-01 -8.005149114232541052e+00
1.661602293556259155e+09 1.679126024246215820e-01 2.173664607107639313e-02 1.362332582473754883e+00 -6.031965613365173340e-01 3.337371647357940674e-01 1.303994506597518921e-01 7.125794291496276855e-01 8.621910817271364991e+00 -8.282642924123362338e-01 -1.222496383627313854e+01 1.512483467292890360e+01 3.037352352824256840e+01 -7.800885849463942145e-01 -1.599500298296380052e+01
1.661602293558253288e+09 1.698828935623168945e-01 2.974857762455940247e-02 1.364708542823791504e+00 -6.015824079513549805e-01 3.390089273452758789e-01 1.348463445901870728e-01 7.106251120567321777e-01 4.305598043799162333e+00 -4.146272826793940269e-01 -6.119790002687187425e+00 7.571458964078588316e+00 1.520491905939163502e+01 -3.905106295038919817e-01 -8.007063305795005803e+00
1.661602293560247660e+09 1.718314290046691895e-01 3.777502477169036865e-02 1.366977095603942871e+00 -5.999660491943359375e-01 3.442206978797912598e-01 1.393322646617889404e-01 7.086178660392761230e-01 4.294813093418137662e+00 -4.145777157597601015e-01 -6.119058407946877942e+00 7.570553828518140627e+00 1.520310137630025515e+01 -3.904639456270833642e-01 -8.006106095597063543e+00
1.661602293561244965e+09 1.737577766180038452e-01 4.581487178802490234e-02 1.369139432907104492e+00 -5.983475446701049805e-01 3.493714928627014160e-01 1.438574343919754028e-01 7.065584659576416016e-01 8.568598210432323725e+00 -8.290563213794868158e-01 -1.223665397620741935e+01 1.513929781868377944e+01 3.040256825549883857e+01 -7.808345458213130641e-01 -1.601029822846508210e+01
1.661602293563240051e+09 1.756614893674850464e-01 5.386697500944137573e-02 1.371196389198303223e+00 -5.967262387275695801e-01 3.544601202011108398e-01 1.484219580888748169e-01 7.044478654861450195e-01 4.273465682877978011e+00 -4.144290860815618704e-01 -6.116864672857986740e+00 7.567839719831897405e+00 1.519765093364622821e+01 -3.903239609429436374e-01 -8.003235837675601871e+00
1.661602293564237118e+09 1.775421798229217529e-01 6.193017959594726562e-02 1.373149037361145020e+00 -5.951017737388610840e-01 3.594855964183807373e-01 1.530259698629379272e-01 7.022869586944580078e-01 8.531795914813798731e+00 -8.292545653588019317e-01 -1.223958000537437485e+01 1.514291792815717663e+01 3.040983811878327003e+01 -7.810212590077839634e-01 -1.601412661159001161e+01
1.661602293566231728e+09 1.793995052576065063e-01 7.000330835580825806e-02 1.374998688697814941e+00 -5.934742093086242676e-01 3.644469976425170898e-01 1.576695740222930908e-01 7.000764608383178711e-01 4.255472737130651772e+00 -4.145281606897434079e-01 -6.118326988103709674e+00 7.569648909341889720e+00 1.520128412774941928e+01 -3.904172729106565320e-01 -8.005149114232541052e+00
1.661602293567229271e+09 1.812331229448318481e-01 7.808516174554824829e-02 1.376746177673339844e+00 -5.918428301811218262e-01 3.693432211875915527e-01 1.623528748750686646e-01 6.978174448013305664e-01 8.490345863450890818e+00 -8.288581721630959853e-01 -1.223372934571597348e+01 1.513567943966401685e+01 3.039530186729245642e+01 -7.806479218858872748e-01 -1.600647167535120374e+01
1.661602293569223881e+09 1.830427199602127075e-01 8.617453277111053467e-02 1.378392696380615234e+00 -5.902075171470642090e-01 3.741734325885772705e-01 1.670759469270706177e-01 6.955106258392333984e-01 4.237043068314646277e+00 -4.145281606897573412e-01 -6.118326988103709674e+00 7.569648909341777809e+00 1.520128412774941928e+01 -3.904172729106565320e-01 -8.005149114232541052e+00
1.661602293570220947e+09 1.848280578851699829e-01 9.427018463611602783e-02 1.379939556121826172e+00 -5.885677337646484375e-01 3.789364993572235107e-01 1.718387901782989502e-01 6.931570172309875488e-01 8.458066507052979688e+00 -8.292545653588019317e-01 -1.223958000537437485e+01 1.514291792815717663e+01 3.040983811878327003e+01 -7.810212590077839634e-01 -1.601412661158995832e+01
1.661602293572215796e+09 1.865888833999633789e-01 1.023708581924438477e-01 1.381387829780578613e+00 -5.869228839874267578e-01 3.836315274238586426e-01 1.766414046287536621e-01 6.907576322555541992e-01 4.218565245921827689e+00 -4.144786174650882393e-01 -6.117595743094971894e+00 7.568744206472361569e+00 1.519946731358331959e+01 -3.903706113506098530e-01 -8.004192361619390184e+00
1.661602293574210644e+09 1.883249878883361816e-01 1.104752942919731140e-01 1.382738709449768066e+00 -5.852729678153991699e-01 3.882576227188110352e-01 1.814837902784347534e-01 6.883132457733154297e-01 4.209677341638284886e+00 -4.144786174650882393e-01 -6.117595743094971894e+00 7.568744206472361569e+00 1.519946731358331959e+01 -3.903706113506098530e-01 -8.004192361619390184e+00
1.661602293576205015e+09 1.900361925363540649e-01 1.185821890830993652e-01 1.383993387222290039e+00 -5.836172699928283691e-01 3.928138613700866699e-01 1.863659173250198364e-01 6.858249306678771973e-01 4.201818609364273094e+00 -4.145777157597740348e-01 -6.119058407946877942e+00 7.570553828518029604e+00 1.520310137630025515e+01 -3.904639456270833642e-01 -8.006106095597063543e+00
1.661602293577202082e+09 1.917223781347274780e-01 1.266902387142181396e-01 1.385153055191040039e+00 -5.819554328918457031e-01 3.972994387149810791e-01 1.912877112627029419e-01 6.832935214042663574e-01 8.386930535706120793e+00 -8.292545653588019317e-01 -1.223958000537437485e+01 1.514291792815717663e+01 3.040983811878327003e+01 -7.810212590077839634e-01 -1.601412661159001161e+01
1.661602293579197168e+09 1.933834105730056763e-01 1.347981244325637817e-01 1.386219143867492676e+00 -5.802868604660034180e-01 4.017134010791778564e-01 1.962490975856781006e-01 6.807200908660888672e-01 4.182606285239844901e+00 -4.144290860815479927e-01 -6.116864672857986740e+00 7.567839719832008427e+00 1.519765093364622821e+01 -3.903239609429436374e-01 -8.003235837675601871e+00
1.661602293581191778e+09 1.950192302465438843e-01 1.429044753313064575e-01 1.387192726135253906e+00 -5.786110758781433105e-01 4.060548543930053711e-01 2.012498974800109863e-01 6.781055927276611328e-01 4.174684000807892481e+00 -4.145281606897434079e-01 -6.118326988103709674e+00 7.569648909341889720e+00 1.520128412774941928e+01 -3.904172729106565320e-01 -8.005149114232541052e+00
1.661602293582189083e+09 1.966297775506973267e-01 1.510079503059387207e-01 1.388075113296508789e+00 -5.769275426864624023e-01 4.103230535984039307e-01 2.062899768352508545e-01 6.754509806632995605e-01 8.331411449741541020e+00 -8.290563213795146824e-01 -1.223665397620741935e+01 1.513929781868355562e+01 3.040256825549883857e+01 -7.808345458213130641e-01 -1.601029822846508210e+01
1.661602293584183455e+09 1.982150524854660034e-01 1.591071486473083496e-01 1.388867735862731934e+00 -5.752357840538024902e-01 4.145171344280242920e-01 2.113692015409469604e-01 6.727572679519653320e-01 4.157129421596533092e+00 -4.145777157597740348e-01 -6.119058407946877942e+00 7.570553828518029604e+00 1.520310137630025515e+01 -3.904639456270833642e-01 -8.006106095597063543e+00
1.661602293585180998e+09 1.997750550508499146e-01 1.672006696462631226e-01 1.389571666717529297e+00 -5.735352039337158203e-01 4.186364114284515381e-01 2.164874076843261719e-01 6.700254678726196289e-01 8.292869936487427651e+00 -8.288581721630959853e-01 -1.223372934571597348e+01 1.513567943966401685e+01 3.039530186729245642e+01 -7.806479218858872748e-01 -1.600647167535120374e+01
1.661602293587175608e+09 2.013098746538162231e-01 1.752870976924896240e-01 1.390188336372375488e+00 -5.718250870704650879e-01 4.226799309253692627e-01 2.216442525386810303e-01 6.672566533088684082e-01 4.138084492606088460e+00 -4.145281606897434079e-01 -6.118326988103709674e+00 7.569648909341889720e+00 1.520128412774941928e+01 -3.904172729106565320e-01 -8.005149114232541052e+00
1.661602293589170218e+09 2.028195559978485107e-01 1.833649873733520508e-01 1.390719056129455566e+00 -5.701052546501159668e-01 4.266473650932312012e-01 2.268397212028503418e-01 6.644515395164489746e-01 4.128562397710885179e+00 -4.145281606897573412e-01 -6.118326988103709674e+00 7.569648909341777809e+00 1.520128412774941928e+01 -3.904172729106565320e-01 -8.005149114232541052e+00
1.661602293590167522e+09 2.043042331933975220e-01 1.914328932762145996e-01 1.391165137290954590e+00 -5.683746337890625000e-01 4.305374622344970703e-01 2.320732325315475464e-01 6.616114974021911621e-01 8.237696423097974119e+00 -8.290563213795146824e-01 -1.223665397620741935e+01 1.513929781868355562e+01 3.040256825549883857e+01 -7.808345458213130641e-01 -1.601029822846508210e+01
1.661602293592162371e+09 2.057640552520751953e-01 1.994893252849578857e-01 1.391527891159057617e+00 -5.666327476501464844e-01 4.343498051166534424e-01 2.373446375131607056e-01 6.587374210357666016e-01 4.108410451691552723e+00 -4.144786174650882393e-01 -6.117595743094971894e+00 7.568744206472249658e+00 1.519946731358331959e+01 -3.903706113506098530e-01 -8.004192361619390184e+00
1.661602293594156742e+09 2.071992158889770508e-01 2.075328230857849121e-01 1.391808629035949707e+00 -5.648791790008544922e-01 4.380839169025421143e-01 2.426536828279495239e-01 6.558301448822021484e-01 4.099211659310892486e+00 -4.145777157597601015e-01 -6.119058407946877942e+00 7.570553828518140627e+00 1.520310137630025515e+01 -3.904639456270833642e-01 -8.006106095597063543e+00
1.661602293595154285e+09 2.086098939180374146e-01 2.155618369579315186e-01 1.392008781433105469e+00 -5.631130337715148926e-01 4.417387545108795166e-01 2.479998618364334106e-01 6.528909802436828613e-01 8.174537154568762176e+00 -8.288581721631237409e-01 -1.223372934571597348e+01 1.513567943966379481e+01 3.039530186729245642e+01 -7.806479218858872748e-01 -1.600647167535120374e+01
1.661602293597148895e+09 2.099963724613189697e-01 2.235748916864395142e-01 1.392129540443420410e+00 -5.613336563110351562e-01 4.453140497207641602e-01 2.533829510211944580e-01 6.499207615852355957e-01 4.077497267259751368e+00 -4.145281606897573412e-01 -6.118326988103709674e+00 7.569648909341777809e+00 1.520128412774941928e+01 -3.904172729106565320e-01 -8.005149114232541052e+00
1.661602293599143744e+09 2.113589048385620117e-01 2.315704077482223511e-01 1.392172217369079590e+00 -5.595404505729675293e-01 4.488089680671691895e-01 2.588023543357849121e-01 6.469206809997558594e-01 4.065920034395041682e+00 -4.144786174650882393e-01 -6.117595743094971894e+00 7.568744206472249658e+00 1.519946731358331959e+01 -3.903706113506098530e-01 -8.004192361619390184e+00
1.661602293600140810e+09 2.126978039741516113e-01 2.395468652248382568e-01 1.392138242721557617e+00 -5.577327013015747070e-01 4.522231519222259521e-01 2.642578184604644775e-01 6.438915133476257324e-01 8.111915947012555250e+00 -8.292545653587741761e-01 -1.223958000537437485e+01 1.514291792815717663e+01 3.040983811878327003e+01 -7.810212590077839634e-01 -1.601412661159001161e+01
1.661602293602135658e+09 2.140134125947952271e-01 2.475026696920394897e-01 1.392028927803039551e+00 -5.559096336364746094e-01 4.555559158325195312e-01 2.697487771511077881e-01 6.408345699310302734e-01 4.042708156198041358e+00 -4.144786174651021726e-01 -6.117595743094971894e+00 7.568744206472249658e+00 1.519946731358331959e+01 -3.903706113506098530e-01 -8.004192361619390184e+00
1.661602293603133202e+09 2.153060883283615112e-01 2.554362714290618896e-01 1.391845464706420898e+00 -5.540705919265747070e-01 4.588068425655364990e-01 2.752747833728790283e-01 6.377506852149963379e-01 8.060118528865709564e+00 -8.288581721631237409e-01 -1.223372934571597348e+01 1.513567943966379481e+01 3.039530186729245642e+01 -7.806479218858872748e-01 -1.600647167535120374e+01
1.661602293605127335e+09 2.165762335062026978e-01 2.633460462093353271e-01 1.391589403152465820e+00 -5.522148609161376953e-01 4.619753360748291016e-01 2.808352708816528320e-01 6.346409916877746582e-01 4.019389087852601961e+00 -4.146272826793870880e-01 -6.119790002687187425e+00 7.571458964078588316e+00 1.520491905939163502e+01 -3.905106295038919817e-01 -8.007063305795005803e+00
1.661602293606125116e+09 2.178242653608322144e-01 2.712303698062896729e-01 1.391261816024780273e+00 -5.503414869308471680e-01 4.650610387325286865e-01 2.864296436309814453e-01 6.315065026283264160e-01 8.006970118458673014e+00 -8.286601176416710235e-01 -1.223080611289740283e+01 1.513206278985742337e+01 3.038803895167303182e+01 -7.804613871375274403e-01 -1.600264695093654410e+01
1.661602293608119488e+09 2.190506607294082642e-01 2.790876626968383789e-01 1.390864133834838867e+00 -5.484501123428344727e-01 4.680635333061218262e-01 2.920574843883514404e-01 6.283481717109680176e-01 3.992418079529998387e+00 -4.145777157597740348e-01 -6.119058407946877942e+00 7.570553828518029604e+00 1.520310137630025515e+01 -3.904639456270833642e-01 -8.006106095597063543e+00
1.661602293609117031e+09 2.202558964490890503e-01 2.869162857532501221e-01 1.390397667884826660e+00 -5.465396642684936523e-01 4.709824919700622559e-01 2.977181673049926758e-01 6.251670122146606445e-01 7.954118260423541642e+00 -8.288581721631237409e-01 -1.223372934571597348e+01 1.513567943966379481e+01 3.039530186729245642e+01 -7.806479218858872748e-01 -1.600647167535120374e+01
1.661602293611111879e+09 2.214404791593551636e-01 2.947145700454711914e-01 1.389863491058349609e+00 -5.446094870567321777e-01 4.738174080848693848e-01 3.034110069274902344e-01 6.219640970230102539e-01 3.963113077281327001e+00 -4.144786174650882393e-01 -6.117595743094971894e+00 7.568744206472249658e+00 1.519946731358331959e+01 -3.903706113506098530e-01 -8.004192361619383078e+00
1.661602293613106489e+09 2.226049602031707764e-01 3.024808764457702637e-01 1.389263153076171875e+00 -5.426587462425231934e-01 4.765680134296417236e-01 3.091353774070739746e-01 6.187404394149780273e-01 3.948659772237087306e+00 -4.145281606897434079e-01 -6.118326988103709674e+00 7.569648909341777809e+00 1.520128412774939086e+01 -3.904172729106565320e-01 -8.005149114232533947e+00
1.661602293614103794e+09 2.237498909235000610e-01 3.102135658264160156e-01 1.388597607612609863e+00 -5.406866669654846191e-01 4.792340397834777832e-01 3.148906528949737549e-01 6.154969930648803711e-01 7.866473404092446664e+00 -8.290563213795146824e-01 -1.223665397620741935e+01 1.513929781868355562e+01 3.040256825549883857e+01 -7.808345458213130641e-01 -1.601029822846506789e+01
1.661602293616098404e+09 2.248758822679519653e-01 3.179109096527099609e-01 1.387868285179138184e+00 -5.386925339698791504e-01 4.818151295185089111e-01 3.206760883331298828e-01 6.122347116470336914e-01 3.917246111574958167e+00 -4.145281606897573412e-01 -6.118326988103709674e+00 7.569648909341777809e+00 1.520128412774941928e+01 -3.904172729106565320e-01 -8.005149114232533947e+00
1.661602293618093491e+09 2.259835302829742432e-01 3.255712389945983887e-01 1.387076497077941895e+00 -5.366753935813903809e-01 4.843111634254455566e-01 3.264909982681274414e-01 6.089547276496887207e-01 3.899775106878534903e+00 -4.144290860815479927e-01 -6.116864672857986740e+00 7.567839719831897405e+00 1.519765093364622821e+01 -3.903239609429436374e-01 -8.003235837675594766e+00
1.661602293619090319e+09 2.270735055208206177e-01 3.331929147243499756e-01 1.386223196983337402e+00 -5.346345901489257812e-01 4.867218434810638428e-01 3.323345780372619629e-01 6.056579351425170898e-01 7.771009980098585679e+00 -8.294529041689532312e-01 -1.224250743422043364e+01 1.514653976932631352e+01 3.041711145963923357e+01 -7.812080615093404123e-01 -1.601795682603907522e+01
1.661602293621085167e+09 2.281464636325836182e-01 3.407741785049438477e-01 1.385309576988220215e+00 -5.325691699981689453e-01 4.890470206737518311e-01 3.382061719894409180e-01 6.023452281951904297e-01 3.865521294304321120e+00 -4.144786174651021726e-01 -6.117595743094971894e+00 7.568744206472249658e+00 1.519946731358331959e+01 -3.903706113506098530e-01 -8.004192361619383078e+00
1.661602293622082233e+09 2.292030900716781616e-01 3.483133614063262939e-01 1.384337067604064941e+00 -5.304782986640930176e-01 4.912864267826080322e-01 3.441047966480255127e-01 5.990177392959594727e-01 7.697312178788139114e+00 -8.292545653588019317e-01 -1.223958000537437485e+01 1.514291792815717663e+01 3.040983811878327003e+01 -7.810212590077839634e-01 -1.601412661158999740e+01
1.661602293624077082e+09 2.302441000938415527e-01 3.558087348937988281e-01 1.383306622505187988e+00 -5.283613801002502441e-01 4.934402704238891602e-01 3.500298559665679932e-01 5.956763029098510742e-01 3.828439281114426773e+00 -4.144786174650882393e-01 -6.117595743094971894e+00 7.568744206472249658e+00 1.519946731358331959e+01 -3.903706113506098530e-01 -8.004192361619383078e+00
1.661602293626071692e+09 2.312702387571334839e-01 3.632586300373077393e-01 1.382219314575195312e+00 -5.262172222137451172e-01 4.955080449581146240e-01 3.559802174568176270e-01 5.923219919204711914e-01 3.809481815288974005e+00 -4.145281606897434079e-01 -6.118326988103709674e+00 7.569648909341833765e+00 1.520128412774941928e+01 -3.904172729106565320e-01 -8.005149114232533947e+00
1.661602293627068996e+09 2.322822511196136475e-01 3.706612884998321533e-01 1.381076455116271973e+00 -5.240452289581298828e-01 4.974899291992187500e-01 3.619553446769714355e-01 5.889555811882019043e-01 7.578841389559983988e+00 -8.290563213795146824e-01 -1.223665397620741935e+01 1.513929781868366753e+01 3.040256825549883857e+01 -7.808345458213130641e-01 -1.601029822846506789e+01
1.661602293629063368e+09 2.332809269428253174e-01 3.780149817466735840e-01 1.379878878593444824e+00 -5.218445658683776855e-01 4.993859827518463135e-01 3.679541349411010742e-01 5.855780839920043945e-01 3.769209370491963362e+00 -4.145777157597740348e-01 -6.119058407946877942e+00 7.570553828518084671e+00 1.520310137630025515e+01 -3.904639456270833642e-01 -8.006106095597056438e+00
1.661602293630060911e+09 2.342670559883117676e-01 3.853180408477783203e-01 1.378627896308898926e+00 -5.196144580841064453e-01 5.011961460113525391e-01 3.739757537841796875e-01 5.821903347969055176e-01 7.493171044016492921e+00 -8.288581721630959853e-01 -1.223372934571597348e+01 1.513567943966390494e+01 3.039530186729245642e+01 -7.806479218858872748e-01 -1.600647167535118953e+01
1.661602293632055759e+09 2.352414429187774658e-01 3.925687074661254883e-01 1.377324223518371582e+00 -5.173536539077758789e-01 5.029201507568359375e-01 3.800190985202789307e-01 5.787934064865112305e-01 3.725142532952861796e+00 -4.144786174650882393e-01 -6.117595743094971894e+00 7.568744206472305613e+00 1.519946731358330538e+01 -3.903706113506098530e-01 -8.004192361619383078e+00
1.661602293634050369e+09 2.362049371004104614e-01 3.997652530670166016e-01 1.375969171524047852e+00 -5.150618553161621094e-01 5.045586228370666504e-01 3.860835433006286621e-01 5.753879547119140625e-01 3.703039557058602771e+00 -4.145281606897573412e-01 -6.118326988103709674e+00 7.569648909341833765e+00 1.520128412774941218e+01 -3.904172729106565320e-01 -8.005149114232533947e+00
1.661602293635047436e+09 2.371583729982376099e-01 4.069060087203979492e-01 1.374563574790954590e+00 -5.127379894256591797e-01 5.061113834381103516e-01 3.921679556369781494e-01 5.719749331474304199e-01 7.361563383589659892e+00 -8.292545653588019317e-01 -1.223958000537437485e+01 1.514291792815728854e+01 3.040983811878325582e+01 -7.810212590077839634e-01 -1.601412661158999740e+01
1.661602293637042284e+09 2.381026148796081543e-01 4.139891862869262695e-01 1.373108506202697754e+00 -5.103811621665954590e-01 5.075786709785461426e-01 3.982712328433990479e-01 5.685552954673767090e-01 3.655655041245838621e+00 -4.144786174650882393e-01 -6.117595743094971894e+00 7.568744206472305613e+00 1.519946731358331249e+01 -3.903706113506098530e-01 -8.004192361619390184e+00
1.661602293638039589e+09 2.390385568141937256e-01 4.210131168365478516e-01 1.371604681015014648e+00 -5.079904198646545410e-01 5.089603066444396973e-01 4.043923020362854004e-01 5.651299357414245605e-01 7.263405817141515008e+00 -8.290563213794868158e-01 -1.223665397620741935e+01 1.513929781868366753e+01 3.040256825549882436e+01 -7.808345458213130641e-01 -1.601029822846508210e+01
1.661602293640034199e+09 2.399670779705047607e-01 4.279761016368865967e-01 1.370053052902221680e+00 -5.055653452873229980e-01 5.102571249008178711e-01 4.105304479598999023e-01 5.616993308067321777e-01 3.606693326789546461e+00 -4.145281606897434079e-01 -6.118326988103709674e+00 7.569648909341833765e+00 1.520128412774941218e+01 -3.904172729106565320e-01 -8.005149114232541052e+00
1.661602293641031504e+09 2.408890724182128906e-01 4.348763823509216309e-01 1.368454694747924805e+00 -5.031048059463500977e-01 5.114690065383911133e-01 4.166843295097351074e-01 5.582646131515502930e-01 7.162039619920610889e+00 -8.290563213794868158e-01 -1.223665397620741935e+01 1.513929781868366753e+01 3.040256825549882436e+01 -7.808345458213130641e-01 -1.601029822846508210e+01
1.661602293643026114e+09 2.418054789304733276e-01 4.417122900485992432e-01 1.366810202598571777e+00 -5.006078481674194336e-01 5.125960707664489746e-01 4.228529036045074463e-01 5.548265576362609863e-01 3.554781039168533052e+00 -4.145281606897434079e-01 -6.118326988103709674e+00 7.569648909341833765e+00 1.520128412774941218e+01 -3.904172729106565320e-01 -8.005149114232541052e+00
1.661602293644023657e+09 2.427172064781188965e-01 4.484821557998657227e-01 1.365120410919189453e+00 -4.980738759040832520e-01 5.136389136314392090e-01 4.290351271629333496e-01 5.513858199119567871e-01 7.054213049987468231e+00 -8.288581721630959853e-01 -1.223372934571597348e+01 1.513567943966390494e+01 3.039530186729244221e+01 -7.806479218858872748e-01 -1.600647167535120374e+01
1.661602293646018267e+09 2.436252087354660034e-01 4.551842510700225830e-01 1.363386273384094238e+00 -4.955022037029266357e-01 5.145978927612304688e-01 4.352299571037292480e-01 5.479431152343750000e-01 3.500486312185868698e+00 -4.145281606897434079e-01 -6.118326988103709674e+00 7.569648909341833765e+00 1.520128412774941928e+01 -3.904172729106565320e-01 -8.005149114232541052e+00
1.661602293647015572e+09 2.445304095745086670e-01 4.618169367313385010e-01 1.361608386039733887e+00 -4.928914904594421387e-01 5.154730081558227539e-01 4.414359927177429199e-01 5.444995164871215820e-01 6.944956553738943938e+00 -8.290563213794868158e-01 -1.223665397620741935e+01 1.513929781868366753e+01 3.040256825549883857e+01 -7.808345458213130641e-01 -1.601029822846508210e+01
1.661602293649010181e+09 2.454337626695632935e-01 4.683785140514373779e-01 1.359787464141845703e+00 -4.902414679527282715e-01 5.162652134895324707e-01 4.476523399353027344e-01 5.410553216934204102e-01 3.443888542933850161e+00 -4.145281606897434079e-01 -6.118326988103653719e+00 7.569648909341833765e+00 1.520128412774941928e+01 -3.904172729106565320e-01 -8.005149114232541052e+00
1.661602293651005030e+09 2.463362365961074829e-01 4.748673737049102783e-01 1.357924222946166992e+00 -4.875512123107910156e-01 5.169746279716491699e-01 4.538778960704803467e-01 5.376114249229431152e-01 3.414357557955476352e+00 -4.144786174650882393e-01 -6.117595743094971894e+00 7.568744206472305613e+00 1.519946731358330538e+01 -3.903706113506098530e-01 -8.004192361619390184e+00
1.661602293652002335e+09 2.472387850284576416e-01 4.812818169593811035e-01 1.356019258499145508e+00 -4.848197102546691895e-01 5.176017284393310547e-01 4.601111114025115967e-01 5.341686010360717773e-01 6.770176692677856600e+00 -8.290563213794868158e-01 -1.223665397620741935e+01 1.513929781868366753e+01 3.040256825549883857e+01 -7.808345458213130641e-01 -1.601029822846508210e+01
1.661602293653996944e+09 2.481423616409301758e-01 4.876202642917633057e-01 1.354073286056518555e+00 -4.820463657379150391e-01 5.181471109390258789e-01 4.663511216640472412e-01 5.307273268699645996e-01 3.354903893544333826e+00 -4.145281606897434079e-01 -6.118326988103709674e+00 7.569648909341833765e+00 1.520128412774941928e+01 -3.904172729106565320e-01 -8.005149114232541052e+00
1.661602293655991554e+09 2.490479648113250732e-01 4.938810765743255615e-01 1.352086901664733887e+00 -4.792304337024688721e-01 5.186113715171813965e-01 4.725966453552246094e-01 5.272883772850036621e-01 3.324212054925756998e+00 -4.145281606897434079e-01 -6.118326988103709674e+00 7.569648909341833765e+00 1.520128412774941928e+01 -3.904172729106565320e-01 -8.005149114232541052e+00
