1.661415328411221743e+09 1.378528122206244648e-16 -2.367949187755584717e-01 1.128897309303283691e+00 -6.125128269195556641e-01 6.125135421752929688e-01 3.533097505569458008e-01 3.533093035221099854e-01 0.000000000000000000e+00 0.000000000000000000e+00 0.000000000000000000e+00 0.000000000000000000e+00 0.000000000000000000e+00 0.000000000000000000e+00 0.000000000000000000e+00
1.661415328443274021e+09 1.958302967250347137e-02 -2.168148458003997803e-01 1.120314478874206543e+00 -6.019020676612854004e-01 6.159250140190124512e-01 3.542586863040924072e-01 3.644873797893524170e-01 9.129986327251979894e-01 -7.732734488109321846e-01 -1.042742320421382152e+00 -3.387584751732977684e-02 -5.783709214390905795e-02 1.699805250220464359e+00 -1.874592929476929029e-02
1.661415328476434946e+09 4.179242998361587524e-02 -1.969935148954391479e-01 1.100449681282043457e+00 -5.897877812385559082e-01 6.204808354377746582e-01 3.524283468723297119e-01 3.780848979949951172e-01 1.079210153227326829e+00 -7.486315175478795991e-01 -1.132146373514839377e+00 -4.504231085808665935e-01 -6.932393890627500666e-01 2.181758840757098028e+00 5.671419348313141429e-01
1.661415328510299444e+09 5.733285471796989441e-02 -1.767110973596572876e-01 1.087279677391052246e+00 -5.839818120002746582e-01 6.187967658042907715e-01 3.557957410812377930e-01 3.866072595119476318e-01 8.488524094067031456e-01 -5.809327386363321022e-01 -1.140755538203750197e+00 -9.706085602110017807e-02 6.434117038064481875e-01 1.832742725774329395e+00 -8.078711293801668081e-01
1.661415328543496132e+09 7.322610169649124146e-02 -1.564099192619323730e-01 1.072980284690856934e+00 -5.772545933723449707e-01 6.178557276725769043e-01 3.582429289817810059e-01 3.958452045917510986e-01 8.881095616441567753e-01 -5.442210847199658863e-01 -1.227751933350940794e+00 -7.967066402048032792e-02 4.554909869157460212e-01 1.908672171750135815e+00 -5.985436037162747969e-01
1.661415328576915741e+09 8.926546573638916016e-02 -1.360782533884048462e-01 1.055571794509887695e+00 -5.681291818618774414e-01 6.190715432167053223e-01 3.614952564239501953e-01 4.041050672531127930e-01 9.337051199268849855e-01 -5.028040436035222660e-01 -1.314051746310578528e+00 -1.246607372927346080e-01 4.056582304737279543e-01 2.027614747663181838e+00 -3.328161573257390482e-01
1.661415328610053062e+09 9.800957143306732178e-02 -1.150462925434112549e-01 1.046036720275878906e+00 -5.650807023048400879e-01 6.158135533332824707e-01 3.640419542789459229e-01 4.110120534896850586e-01 7.451573039105566787e-01 -2.392714605441522702e-01 -1.247909123596840475e+00 2.592125095599352447e-01 7.808334548542236186e-01 1.477862113885304529e+00 -9.582066137097796643e-01
1.661415328643420219e+09 1.187934130430221558e-01 -9.517287462949752808e-02 1.027047157287597656e+00 -5.551271438598632812e-01 6.173138022422790527e-01 3.639378547668457031e-01 4.222638905048370361e-01 1.032766282219326204e+00 -5.800715571806245308e-01 -1.430997631345811705e+00 -4.162296357020176668e-02 -1.032265084153284607e-01 2.080812886349694413e+00 3.876758495304238883e-02
1.661415328676876068e+09 1.398915499448776245e-01 -7.587968558073043823e-02 1.031113028526306152e+00 -5.457623004913330078e-01 6.179311871528625488e-01 3.642030358314514160e-01 4.331982433795928955e-01 8.631420765248261073e-01 -5.769318289870384309e-01 -1.007599701324580765e+00 7.777351305904814938e-01 -2.032087885333963562e-01 8.454720867190991251e-01 1.239431731140286652e-01
1.661415328710185051e+09 1.391670852899551392e-01 -5.308180674910545349e-02 1.027759552001953125e+00 -5.445119738578796387e-01 6.119238734245300293e-01 3.688766658306121826e-01 4.393016397953033447e-01 6.921431989862547596e-01 1.386951376208131193e-01 -1.155010534477416639e+00 5.918848817815881569e-01 2.098452707518385363e-01 1.125018963177396802e+00 -3.244443242160339747e-01
1.661415328743366003e+09 1.407859474420547485e-01 -3.056907281279563904e-02 1.014395117759704590e+00 -5.427240729331970215e-01 6.073164343833923340e-01 3.720892667770385742e-01 4.451594352722167969e-01 7.905362506593517358e-01 6.478571153149438600e-02 -1.352269427605195196e+00 3.379459856724669753e-01 -2.498428180305927448e-01 1.499332285982059698e+00 1.411975147746254988e-01
1.661415328776705503e+09 1.471789926290512085e-01 -8.596256375312805176e-03 9.949234127998352051e-01 -5.395863056182861328e-01 6.023790240287780762e-01 3.751095235347747803e-01 4.530772566795349121e-01 9.012436447699445630e-01 -9.250564105084124744e-02 -1.498299295837604683e+00 1.884597995126235104e-01 -6.767881954557660729e-01 1.902210463934214335e+00 5.057734481150036876e-01
1.661415328810045004e+09 1.676669418811798096e-01 1.131578627973794937e-02 9.890616536140441895e-01 -5.310450196266174316e-01 6.033518910408020020e-01 3.753216266632080078e-01 4.616181850433349609e-01 8.747925253840265203e-01 -5.029220331467475491e-01 -1.199100941126117315e+00 6.734945245030722338e-01 5.094438699832393863e-02 1.027170353621657650e+00 -4.680031247260012933e-02
1.661415328843589067e+09 1.734679788351058960e-01 3.370098024606704712e-02 9.805920124053955078e-01 -5.292914509773254395e-01 5.987476110458374023e-01 3.799994587898254395e-01 4.657813310623168945e-01 7.341654048776553587e-01 -9.773544531291103454e-02 -1.244278607036353845e+00 6.524178707059447024e-01 -1.372686434906160491e+00 1.052753475268839889e+00 1.282996849533451389e+00
1.661415328876976490e+09 1.864302009344100952e-01 5.492524802684783936e-02 9.724104404449462891e-01 -5.242774486541748047e-01 5.950524806976318359e-01 3.846420049667358398e-01 4.723307490348815918e-01 7.841473285932251125e-01 -2.990038709522319094e-01 -1.245585073796086739e+00 6.725653777425916191e-01 -9.178450319687511127e-01 1.183306303258263803e+00 8.613701650597241910e-01
1.661415328910310745e+09 1.941112726926803589e-01 7.697710394859313965e-02 9.634130001068115234e-01 -5.239852666854858398e-01 5.866033434867858887e-01 3.931844234466552734e-01 4.761743843555450439e-01 7.507211580274057994e-01 -2.111363286334604628e-01 -1.260332963458360656e+00 6.877355523967422224e-01 -2.211034374940358926e+00 1.257632790561584279e+00 1.990218040532566457e+00
1.661415328943245411e+09 2.009599804878234863e-01 9.788359701633453369e-02 9.577791690826416016e-01 -5.239791274070739746e-01 5.812405943870544434e-01 3.988203406333923340e-01 4.780664443969726562e-01 6.895351051237118556e-01 -1.580289032698625473e-01 -1.102421460763932881e+00 8.163770295445730296e-01 -1.326836808973555382e+00 7.309946499075138382e-01 1.183476046382740288e+00
1.661415328976408005e+09 2.054044157266616821e-01 1.190887242555618286e-01 9.518234729766845703e-01 -5.265552997589111328e-01 5.694292187690734863e-01 4.122184514999389648e-01 4.780855476856231689e-01 6.775571159393497522e-01 -1.944293628302714572e-01 -1.125964878789404766e+00 7.787550857092381262e-01 -2.863442320238534844e+00 1.205292600924303903e+00 2.604931139912886717e+00
1.661415329010315895e+09 2.118434309959411621e-01 1.393332183361053467e-01 9.410553574562072754e-01 -5.257937908172607422e-01 5.612145662307739258e-01 4.224633574485778809e-01 4.796914160251617432e-01 7.024049168572144008e-01 -1.768827457001735104e-01 -1.183344819499649869e+00 6.756564123058727001e-01 -1.094844694893907011e+00 1.242080800125869633e+00 9.757811494622367077e-01
1.661415329043351412e+09 2.235316932201385498e-01 1.595358401536941528e-01 9.436287879943847656e-01 -5.264630317687988281e-01 5.529108643531799316e-01 4.321461021900177002e-01 4.799750149250030518e-01 7.107976028677321922e-01 -3.440194169883097342e-01 -9.006537510082501807e-01 1.092570845899145660e+00 -2.181566173828155097e+00 5.905479555495941613e-01 1.991869764581426283e+00
1.661415329076792479e+09 2.360661923885345459e-01 1.795287281274795532e-01 9.389711022377014160e-01 -5.219171643257141113e-01 5.482572317123413086e-01 4.383666217327117920e-01 4.846144914627075195e-01 7.192507039500950494e-01 -2.536422064977750801e-01 -1.059255549253384832e+00 9.229717553990004486e-01 -1.469152014688777375e-01 7.957956690936406341e-01 1.403997431320003486e-01
1.661415329110077620e+09 2.498301118612289429e-01 1.993970274925231934e-01 9.473015069961547852e-01 -5.196795463562011719e-01 5.407542586326599121e-01 4.483782649040222168e-01 4.862868487834930420e-01 7.680729059275944737e-01 -3.485722083592945331e-01 -7.676261848243194352e-01 1.243692808073624478e+00 -1.706256131802815990e+00 4.317378152126640778e-01 1.683257097508533917e+00
1.661415329143121004e+09 2.692385315895080566e-01 2.193366438150405884e-01 9.491565823554992676e-01 -5.126232504844665527e-01 5.383410453796386719e-01 4.532313942909240723e-01 4.919223785400390625e-01 8.439682188644550553e-01 -3.846597363359186006e-01 -9.619088270334835711e-01 1.202372614733187017e+00 -1.983419870671233876e-01 4.285628406926330070e-01 3.240884825331090680e-01
1.661415329176775455e+09 2.750733792781829834e-01 2.393298298120498657e-01 9.500178098678588867e-01 -5.069690942764282227e-01 5.347059965133666992e-01 4.594518244266510010e-01 4.959595203399658203e-01 6.193835900892228352e-01 -2.680261069904977395e-02 -8.506714305639893059e-01 1.033623524522650605e+00 2.576090457936235922e-01 3.849737648042869664e-01 -6.037202871211860833e-02
1.661415329209922314e+09 2.685149013996124268e-01 2.594307065010070801e-01 9.502170085906982422e-01 -5.017758607864379883e-01 5.307085514068603516e-01 4.656834602355957031e-01 4.997082650661468506e-01 6.379097835642967285e-01 3.018199831999490712e-01 -7.677190171080582326e-01 9.066295742654825185e-01 9.184947160498662111e-01 3.160761709182304258e-01 -6.543843382328841107e-01
1.661415329243244886e+09 2.684310376644134521e-01 2.796461284160614014e-01 9.431886076927185059e-01 -4.927065372467041016e-01 5.303657054901123047e-01 4.673947095870971680e-01 5.074393153190612793e-01 6.422835531348177751e-01 2.072994765905964709e-01 -9.719692200170673146e-01 8.556816893535741375e-01 1.888226306486489703e+00 4.314521002054857446e-01 -1.588907904814282235e+00
1.661415329276638031e+09 2.635669112205505371e-01 2.997893095016479492e-01 9.321456551551818848e-01 -4.856870174407958984e-01 5.277670025825500488e-01 4.709828495979309082e-01 5.135613679885864258e-01 7.031663079101918568e-01 2.831228141974142520e-01 -1.031994803512252146e+00 7.671231106911355901e-01 1.539208692926179900e+00 6.700516686111535059e-01 -1.312763248457457843e+00
1.661415329309935570e+09 2.590854465961456299e-01 3.197916150093078613e-01 9.358260035514831543e-01 -4.807425439357757568e-01 5.228908658027648926e-01 4.762838482856750488e-01 5.182911753654479980e-01 6.254505078417388342e-01 2.261270300892288809e-01 -7.090551198301717761e-01 1.067734897280787854e+00 5.579912280853767115e-01 1.800204027558755804e-01 -3.970560234608278005e-01
1.661415329343553782e+09 2.608011066913604736e-01 3.397534787654876709e-01 9.361865520477294922e-01 -4.766373634338378906e-01 5.191028714179992676e-01 4.798869490623474121e-01 5.225490927696228027e-01 5.960667969028549118e-01 6.973850546534554606e-02 -8.113058521347353835e-01 1.113773781950408770e+00 2.863605597477972831e-01 1.403919019588746875e-01 -2.039503048223884063e-01
1.661415329376878500e+09 2.589519619941711426e-01 3.595672845840454102e-01 9.274865984916687012e-01 -4.824586212635040283e-01 5.232155323028564453e-01 4.761703312397003174e-01 5.164700150489807129e-01 6.517249458277005747e-01 1.302061134538010923e-01 -8.356675288868785634e-01 1.071003972027374518e+00 -4.102418992391819730e-01 -8.036021705125111492e-01 3.879650211352256295e-01
1.661415329410072803e+09 2.619182169437408447e-01 3.795941472053527832e-01 9.103094935417175293e-01 -4.780795276165008545e-01 5.182600617408752441e-01 4.808178842067718506e-01 5.212109088897705078e-01 7.998498346457165731e-01 2.749621390723028594e-02 -1.239524521135121349e+00 9.110501147513723197e-01 4.841058249949576342e-01 8.614626421924872490e-01 -4.667999718296818035e-01
1.661415329444204330e+09 2.596686482429504395e-01 3.994664251804351807e-01 9.018430709838867188e-01 -4.795567393302917480e-01 5.188886523246765137e-01 4.802770018577575684e-01 5.197248458862304688e-01 6.362875415964052150e-01 1.410941770532086470e-01 -8.766336803449706894e-01 1.057453473971192492e+00 3.532883655693497965e-02 -3.128847653237672999e-01 -1.137986705230289997e-02
1.661415329477418661e+09 2.631573677062988281e-01 4.193039536476135254e-01 8.940938115119934082e-01 -4.807732701301574707e-01 5.242133140563964844e-01 4.753538668155670166e-01 5.177797675132751465e-01 6.497567455404652526e-01 4.698106760764701045e-02 -8.837430981701385191e-01 1.216081766362485661e+00 1.863016850319406392e-01 -7.749424763046750542e-01 -1.088145409296735616e-01
1.661415329510054827e+09 2.621416747570037842e-01 4.393570423126220703e-01 8.857567310333251953e-01 -4.749049842357635498e-01 5.201243162155151367e-01 4.785157144069671631e-01 5.243650078773498535e-01 6.661584663008717211e-01 1.453067376704529068e-01 -1.040844650887698730e+00 1.124915741761998600e+00 9.059920627116118119e-01 4.444430287086772458e-01 -8.225021270552709263e-01
1.661415329543606281e+09 2.532808780670166016e-01 4.594495892524719238e-01 8.753108382225036621e-01 -4.706976115703582764e-01 5.277861952781677246e-01 4.708626270294189453e-01 5.274218916893005371e-01 7.247823072148209533e-01 3.970729303797975174e-01 -8.787770843676472321e-01 1.068566842756822677e+00 2.186415752484371477e+00 -6.061481252559033361e-01 -1.918661262105185283e+00
1.661415329576682568e+09 2.498858869075775146e-01 4.793767929077148438e-01 8.579810857772827148e-01 -4.687234759330749512e-01 5.258117318153381348e-01 4.630885720252990723e-01 5.379307866096496582e-01 8.049852361003595469e-01 2.456726784397941232e-01 -1.163972911769334040e+00 1.070440493079740873e+00 1.866824465199389715e+00 2.420378138268820811e-01 -2.219829722209179845e+00
1.661415329609971285e+09 2.524417638778686523e-01 4.929832816123962402e-01 8.526662588119506836e-01 -4.591136872768402100e-01 5.355763435363769531e-01 4.559839665889739990e-01 5.426337122917175293e-01 4.454836562885985396e-01 1.390105281800939896e-01 -6.496454920688676804e-01 9.148508467443317027e-01 2.406255809623671915e+00 -4.017880179151511744e-01 -1.936768225200886206e+00
