1.661415330561285019e+09 1.378528122206244648e-16 -2.367949187755584717e-01 1.128897309303283691e+00 -6.125128269195556641e-01 6.125135421752929688e-01 3.533097505569458008e-01 3.533093035221099854e-01 0.000000000000000000e+00 0.000000000000000000e+00 0.000000000000000000e+00 0.000000000000000000e+00 0.000000000000000000e+00 0.000000000000000000e+00 0.000000000000000000e+00
1.661415330593537092e+09 2.080363035202026367e-02 -2.168620228767395020e-01 1.111426949501037598e+00 -6.019050478935241699e-01 6.159006357192993164e-01 3.517206013202667236e-01 3.669733703136444092e-01 1.044726072453087129e+00 -7.685878466775062368e-01 -1.080818280638685236e+00 -4.234820518133887712e-01 -4.889808307042587954e-01 2.123599424891878140e+00 2.561090427047020279e-01
1.661415330626862288e+09 4.062336683273315430e-02 -1.968859136104583740e-01 1.102832794189453125e+00 -5.913401842117309570e-01 6.189795732498168945e-01 3.527924120426177979e-01 3.777810633182525635e-01 8.829124229128966217e-01 -7.178553585810741877e-01 -1.068246618640082302e+00 2.776580744070847664e-02 -9.256165605659730233e-02 1.640267797653577109e+00 4.827757248844727345e-02
1.661415330660236835e+09 6.085473671555519104e-02 -1.769463270902633667e-01 1.082919359207153320e+00 -5.824579596519470215e-01 6.234383583068847656e-01 3.511509597301483154e-01 3.856945931911468506e-01 1.039433928857394607e+00 -6.941165787371675888e-01 -1.243046967248251589e+00 -2.813587888394692427e-01 -1.521999418594599252e-01 1.853494986890103169e+00 1.168347476468536705e-01
1.661415330693773031e+09 7.648745179176330566e-02 -1.571230888366699219e-01 1.067521452903747559e+00 -5.750639438629150391e-01 6.230859160423278809e-01 3.522670567035675049e-01 3.961985707283020020e-01 8.817606899656504904e-01 -4.894737354522986084e-01 -1.209769474466503958e+00 -1.315303913707845107e-01 -3.167139476870853287e-01 1.939051638404105660e+00 1.633333485167343391e-01
1.661415330726574659e+09 9.812782704830169678e-02 -1.380131691694259644e-01 1.048066258430480957e+00 -5.651385188102722168e-01 6.249364614486694336e-01 3.517588078975677490e-01 4.078463613986968994e-01 1.061343130219223108e+00 -6.789226415600121411e-01 -1.348972361880353299e+00 -2.179096565332476476e-01 -7.822358391488520857e-01 2.168322844409736661e+00 6.657157134796763964e-01
1.661415330760024071e+09 1.109300702810287476e-01 -1.170243397355079651e-01 1.028688549995422363e+00 -5.616637468338012695e-01 6.205305457115173340e-01 3.544799983501434326e-01 4.169169068336486816e-01 9.358531622996333343e-01 -3.882139228292157962e-01 -1.434079997051079580e+00 -1.031594040110720284e-01 3.341553025161626556e-01 2.160584607715388294e+00 -6.182632576929115720e-01
1.661415330793641329e+09 1.317622959613800049e-01 -9.856630861759185791e-02 1.019500136375427246e+00 -5.520098805427551270e-01 6.219083070755004883e-01 3.558845221996307373e-01 4.264520108699798584e-01 8.718895312534838959e-01 -6.100967280031930340e-01 -1.213427181495022378e+00 2.744195212507337112e-01 -4.062053113373659263e-01 1.523715046416382668e+00 4.064611263606728864e-01
1.661415330826718569e+09 1.403344720602035522e-01 -7.721536606550216675e-02 1.004739165306091309e+00 -5.497173666954040527e-01 6.204396486282348633e-01 3.574215173721313477e-01 4.302502870559692383e-01 8.264150916898969079e-01 -1.953861002532547575e-01 -1.414612498666587781e+00 2.829965030502306078e-01 1.273777317199168702e-01 1.418962345812064596e+00 -2.021854562176668979e-01
1.661415330859890461e+09 1.461408138275146484e-01 -5.484584346413612366e-02 9.933053851127624512e-01 -5.467412471771240234e-01 6.152815818786621094e-01 3.623981773853302002e-01 4.372300803661346436e-01 7.772996655466507532e-01 -9.586677946947867734e-02 -1.377665021977532378e+00 3.689756724128741006e-01 -1.417012393786001301e-01 1.635704520863269673e+00 2.614425583602121919e-02
1.661415330893242836e+09 1.587841808795928955e-01 -3.516245260834693909e-02 9.951262474060058594e-01 -5.403366684913635254e-01 6.133101582527160645e-01 3.658605217933654785e-01 4.450090527534484863e-01 7.035480467050710951e-01 -3.011798124723814585e-01 -9.928190024000012048e-01 7.541348833841469146e-01 3.672431212278319534e-02 8.399114551363113801e-01 -4.792118729656094644e-02
1.661415330926681042e+09 1.735885739326477051e-01 -1.440808922052383423e-02 9.875703454017639160e-01 -5.358057618141174316e-01 6.115447282791137695e-01 3.670321106910705566e-01 4.518989622592926025e-01 7.951853531066176428e-01 -3.530267408246658967e-01 -1.250794336037919452e+00 6.069867967622829541e-01 -2.399099232404293125e-01 1.092936121279959316e+00 1.098354889574103127e-01
1.661415330960126877e+09 1.739747226238250732e-01 7.150888908654451370e-03 9.886270165443420410e-01 -5.338308215141296387e-01 6.052536368370056152e-01 3.738548457622528076e-01 4.570833742618560791e-01 6.454708528398231948e-01 7.529667199038107828e-02 -9.725178612870578609e-01 7.699681916003062732e-01 -5.619272852967813758e-01 8.241366496716281409e-01 5.223364955885381189e-01
1.661415330993443012e+09 1.877456456422805786e-01 2.829589881002902985e-02 9.744120836257934570e-01 -5.293360948562622070e-01 6.009995937347412109e-01 3.782825171947479248e-01 4.642253518104553223e-01 8.693171308843932188e-01 -3.324911160424535717e-01 -1.410495480593020101e+00 4.657090020239288974e-01 -6.606970169625827616e-01 1.582743369372186626e+00 5.319507085904597865e-01
1.661415331026528358e+09 1.889233589172363281e-01 5.034122616052627563e-02 9.714942574501037598e-01 -5.290818810462951660e-01 5.925278067588806152e-01 3.873665332794189453e-01 4.678999483585357666e-01 6.730698454384241858e-01 1.450238698444682910e-03 -1.084009512971819245e+00 7.528034599167451324e-01 -1.593480012292459280e+00 1.029113230701403703e+00 1.468099648256585121e+00
1.661415331059836626e+09 1.969465166330337524e-01 7.054047286510467529e-02 9.618265628814697266e-01 -5.257365107536315918e-01 5.871949195861816406e-01 3.933848142623901367e-01 4.733409583568572998e-01 7.141618969568001019e-01 -1.628520239133772474e-01 -1.203567594975980537e+00 5.915441018525736672e-01 -2.519990142711180936e-01 1.244205078834130340e+00 1.745779230961529704e-01
1.661415331093364239e+09 2.078932523727416992e-01 9.182030707597732544e-02 9.585825204849243164e-01 -5.241647958755493164e-01 5.795749425888061523e-01 4.024965167045593262e-01 4.768025279045104980e-01 7.202793773523310517e-01 -3.012052096454989614e-01 -1.104338148409346632e+00 8.522515820130440733e-01 -1.880562920350400846e+00 1.004023051576695469e+00 1.727529491095351588e+00
1.661415331127164602e+09 2.209994643926620483e-01 1.126953363418579102e-01 9.560689330101013184e-01 -5.239077806472778320e-01 5.716006159782409668e-01 4.106443226337432861e-01 4.797547161579132080e-01 7.330143969788270875e-01 -3.590334522069399403e-01 -1.065757992947362398e+00 9.171436832004286055e-01 -1.904656400244806758e+00 8.756126741878632602e-01 1.659016882093624856e+00
1.661415331160087824e+09 2.281682193279266357e-01 1.330281049013137817e-01 9.500474929809570312e-01 -5.234807729721069336e-01 5.628671050071716309e-01 4.208770394325256348e-01 4.816751778125762939e-01 6.799030516173342198e-01 -1.970110598403627677e-01 -1.112976654878115257e+00 8.043555688073115162e-01 -1.295809197792805678e+00 1.109155183221678609e+00 1.147375821614408542e+00
1.661415331193376303e+09 2.360206395387649536e-01 1.532299369573593140e-01 9.457920789718627930e-01 -5.264225006103515625e-01 5.571364164352416992e-01 4.268096089363098145e-01 4.799081385135650635e-01 6.635351344156539266e-01 -2.012840734005319210e-01 -1.000204384898467413e+00 9.556939227307169604e-01 -1.674103786939970195e+00 4.559317259476723949e-01 1.468475345175789259e+00
1.661415331226669788e+09 2.475894093513488770e-01 1.732362210750579834e-01 9.437440633773803711e-01 -5.244773030281066895e-01 5.497006773948669434e-01 4.365505874156951904e-01 4.818466901779174805e-01 6.968603367848718033e-01 -2.891432647295434921e-01 -1.012358954018357515e+00 9.802740125842142049e-01 -1.153213116516115466e+00 8.653099560878677599e-01 1.083735053354875300e+00
1.661415331259926558e+09 2.531417608261108398e-01 1.930675655603408813e-01 9.498454332351684570e-01 -5.255601406097412109e-01 5.430769324302673340e-01 4.444927275180816650e-01 4.809160530567169189e-01 6.458465499434183910e-01 -1.224798527979159141e-01 -7.250435887756901954e-01 1.151598931458347908e+00 -1.594100991164511427e+00 2.072952846620596257e-01 1.539106221235202021e+00
1.661415331293616056e+09 2.633411586284637451e-01 2.125464528799057007e-01 9.530863165855407715e-01 -5.278171300888061523e-01 5.305062532424926758e-01 4.589063525199890137e-01 4.789331853389739990e-01 6.597061013761013060e-01 -3.293047513641442769e-01 -8.778498507561985909e-01 1.123071080532659360e+00 -2.371955863083397897e+00 9.509597350179233022e-01 2.182510475044650455e+00
1.661415331326705456e+09 2.752623260021209717e-01 2.328000068664550781e-01 9.553439021110534668e-01 -5.171855092048645020e-01 5.323783755302429199e-01 4.595580995082855225e-01 4.877486228942871094e-01 7.135121395606111028e-01 -7.598026087269182938e-02 -8.646372546544972559e-01 1.121440248865889222e+00 1.476568760202961794e+00 2.528995449275825771e-02 -1.123758770125791395e+00
1.661415331359898329e+09 2.792168855667114258e-01 2.530151605606079102e-01 9.549958109855651855e-01 -5.090519189834594727e-01 5.315267443656921387e-01 4.628162086009979248e-01 4.941120743751525879e-01 6.206532854306686664e-01 8.614957693815832040e-02 -8.616172020128902709e-01 1.005482230947284839e+00 1.265689150211119829e+00 2.143280845700822335e-01 -9.604032219126044101e-01
1.661415331393536806e+09 2.715073525905609131e-01 2.732371687889099121e-01 9.467668533325195312e-01 -5.048611164093017578e-01 5.276710987091064453e-01 4.686389267444610596e-01 4.970472157001495361e-01 6.883025664079468475e-01 3.192111847185709061e-01 -9.294991773111327404e-01 7.489442222119639947e-01 1.133750483838776857e+00 5.253786597176489659e-01 -9.292389146556940815e-01
1.661415331426620722e+09 2.694219350814819336e-01 2.934292554855346680e-01 9.413399100303649902e-01 -4.985800683498382568e-01 5.245910882949829102e-01 4.733805358409881592e-01 5.021287202835083008e-01 6.351244016564494554e-01 1.996121833783039146e-01 -9.352159090858203072e-01 8.995414750050391151e-01 1.138129904100928291e+00 4.616247040140791236e-01 -9.110334879514125905e-01
1.661415331460376740e+09 2.647223174571990967e-01 3.135643005371093750e-01 9.400864243507385254e-01 -4.929290413856506348e-01 5.209454298019409180e-01 4.781270623207092285e-01 5.069825053215026855e-01 6.136443667842075289e-01 2.483959100554616328e-01 -8.027131617077979397e-01 9.544941043651677948e-01 9.400650287245432279e-01 2.821584015219976149e-01 -7.295382836273143212e-01
1.661415331493497372e+09 2.709254324436187744e-01 3.334117829799652100e-01 9.328470826148986816e-01 -4.905478358268737793e-01 5.134367346763610840e-01 4.861546158790588379e-01 5.093124508857727051e-01 6.647936114028657473e-01 -9.856028989891091330e-02 -1.060531106467329954e+00 1.046515484516130190e+00 -4.225094857573558627e-01 7.295585965810567064e-01 3.992334191086709394e-01
1.661415331527112961e+09 2.697490453720092773e-01 3.535450994968414307e-01 9.285063147544860840e-01 -4.847289919853210449e-01 5.112180709838867188e-01 4.885884225368499756e-01 5.147574543952941895e-01 6.136887135593808162e-01 1.755166910737594177e-01 -8.893782948440164260e-01 1.014309734701765775e+00 9.633478810968906236e-01 2.121741283408704326e-01 -7.930868692996663194e-01
1.661415331559927225e+09 2.718162238597869873e-01 3.734391033649444580e-01 9.138187170028686523e-01 -4.871185421943664551e-01 5.144091248512268066e-01 4.851534068584442139e-01 5.125671625137329102e-01 7.562173591436401887e-01 6.960002682178528799e-02 -1.047437037807346982e+00 1.028802098891447692e+00 5.553502590933240279e-02 -3.475315236935344054e-01 -7.474218211226010822e-02
1.661415331593207121e+09 2.590905427932739258e-01 3.936865925788879395e-01 8.942805528640747070e-01 -4.832979440689086914e-01 5.102819204330444336e-01 4.895536899566650391e-01 5.161131024360656738e-01 9.279212059604937668e-01 4.087722841230626569e-01 -1.164505132050714709e+00 7.351417343378315872e-01 1.267058571806018996e+00 7.560344293043083086e-01 -1.147068266919189838e+00
1.661415331626970768e+09 2.628675103187561035e-01 4.122272431850433350e-01 8.791165351867675781e-01 -4.867002069950103760e-01 5.167559981346130371e-01 4.826944172382354736e-01 5.129252076148986816e-01 7.181707776568772017e-01 3.372885498843707086e-02 -9.524029398182263240e-01 1.026850486774319338e+00 9.854618040431468995e-02 -7.012511042039913933e-01 -1.101295124928431818e-01
1.661415331659981012e+09 2.553883492946624756e-01 4.315138161182403564e-01 8.674168586730957031e-01 -4.818282723426818848e-01 5.117269754409790039e-01 4.879015386104583740e-01 5.176187157630920410e-01 7.199388275344438259e-01 2.677886940593653953e-01 -1.031442774268601870e+00 9.440101230984591085e-01 8.513050334369308692e-01 6.007148817729346391e-01 -7.283781420410936347e-01
1.661415331693739891e+09 2.494980096817016602e-01 4.514908492565155029e-01 8.688737750053405762e-01 -4.824160635471343994e-01 5.209519863128662109e-01 4.783814847469329834e-01 5.167542695999145508e-01 6.184515748201563357e-01 3.042355284397361137e-01 -5.657300870847363772e-01 1.261678169781127901e+00 1.062139132930461694e+00 -1.441008882672789371e+00 -8.742973356836652998e-01
1.661415331726560831e+09 2.496700584888458252e-01 4.705215990543365479e-01 8.604274988174438477e-01 -4.758521914482116699e-01 5.236905217170715332e-01 4.753659963607788086e-01 5.228193402290344238e-01 6.343995701606500726e-01 1.648190459481838899e-01 -9.505408428449716451e-01 1.151762723201341876e+00 1.587933756330006663e+00 -1.300708078539973556e-01 -1.381957085889522485e+00
1.661415331759906054e+09 2.501354217529296875e-01 4.887495040893554688e-01 8.543750047683715820e-01 -4.651531577110290527e-01 5.244145393371582031e-01 4.714397192001342773e-01 5.351322293281555176e-01 5.761582664939330911e-01 1.904600642627227169e-01 -9.144861603840972464e-01 1.122820469337068916e+00 2.348738860825057451e+00 2.107195964454579018e-01 -2.202758500976373490e+00
1.661415331793785572e+09 2.512399852275848389e-01 4.942231476306915283e-01 8.546194434165954590e-01 -4.610707163810729980e-01 5.335207581520080566e-01 4.632626175880432129e-01 5.368025302886962891e-01 1.649765983714323592e-01 1.003670171967116498e-01 -1.564973681959181406e-01 4.090274908625953776e-01 1.658442045158121658e+00 -6.545672730188482058e-01 -1.407088571874771876e+00
