1.661415332711614609e+09 1.378528122206244648e-16 -2.367949187755584717e-01 1.128897309303283691e+00 -6.125128269195556641e-01 6.125135421752929688e-01 3.533097505569458008e-01 3.533093035221099854e-01 0.000000000000000000e+00 0.000000000000000000e+00 0.000000000000000000e+00 0.000000000000000000e+00 0.000000000000000000e+00 0.000000000000000000e+00 0.000000000000000000e+00
1.661415332744002342e+09 1.582842133939266205e-02 -2.167863547801971436e-01 1.108986258506774902e+00 -6.116671562194824219e-01 6.125798225402832031e-01 3.493221104145050049e-01 3.585851192474365234e-01 9.992209388359815092e-01 -6.799855757683269664e-01 -1.165389528881815240e+00 -3.442230945721138080e-01 4.826148774041754685e-01 1.575646535745388377e+00 -9.367478544419401976e-01
1.661415332776891232e+09 3.882669284939765930e-02 -1.969881057739257812e-01 1.092964887619018555e+00 -5.987573862075805664e-01 6.181012392044067383e-01 3.463312685489654541e-01 3.734904229640960693e-01 1.043386396174505792e+00 -7.546207694889065509e-01 -1.124507706719398037e+00 -2.861985439556873900e-01 -9.308915854157949754e-01 2.027180055610419362e+00 7.765201885419484862e-01
1.661415332809837818e+09 6.186491623520851135e-02 -1.773104518651962280e-01 1.073843836784362793e+00 -5.867475867271423340e-01 6.224093437194824219e-01 3.448823690414428711e-01 3.865100443363189697e-01 1.087431191295752608e+00 -7.628625414659794268e-01 -1.234451053747773086e+00 -3.351548276216750888e-01 -7.216142037982522517e-01 2.175263749039341832e+00 6.280315544528125571e-01
1.661415332843525171e+09 8.312629163265228271e-02 -1.575047075748443604e-01 1.059398055076599121e+00 -5.773678421974182129e-01 6.239271163940429688e-01 3.449196517467498779e-01 3.979845941066741943e-01 9.632657092086129857e-01 -6.899025534329075171e-01 -1.235354187280782501e+00 -6.846625087505575635e-02 -3.247631900308658448e-01 1.902895938511268925e+00 1.790474780968588087e-01
1.661415332876642704e+09 9.480340033769607544e-02 -1.384719014167785645e-01 1.049725174903869629e+00 -5.703229904174804688e-01 6.232285499572753906e-01 3.470271229743957520e-01 4.072960913181304932e-01 7.347916218748763439e-01 -3.196890527037320462e-01 -1.147100230389190623e+00 1.198376948870030628e-01 -8.138829151587857469e-01 1.618785967661570124e+00 7.636579140489342388e-01
1.661415332910394669e+09 1.055806502699851990e-01 -1.176446229219436646e-01 1.029291272163391113e+00 -5.669549703598022461e-01 6.187824010848999023e-01 3.510872423648834229e-01 4.152205586433410645e-01 9.215512203962242799e-01 -3.319903433457503938e-01 -1.406781160903708194e+00 -1.606353924428161328e-01 3.416320323173721585e-01 2.188219369025933947e+00 -5.456895489776135699e-01
1.661415332943564177e+09 1.291314065456390381e-01 -9.922689944505691528e-02 1.026053309440612793e+00 -5.571914911270141602e-01 6.202740073204040527e-01 3.510594666004180908e-01 4.260928630828857422e-01 9.066207510085189103e-01 -7.088225659303560855e-01 -1.125747015582374111e+00 4.831812243698605513e-01 -5.656680701883858298e-01 1.241351565894376119e+00 4.684790559581534786e-01
1.661415332976677179e+09 1.410061419010162354e-01 -7.987018674612045288e-02 1.012794494628906250e+00 -5.509185791015625000e-01 6.185750961303710938e-01 3.556433916091918945e-01 4.328641891479492188e-01 7.941338477582692290e-01 -3.236607334858013774e-01 -1.294755549539686301e+00 1.692667048497010773e-01 -8.150304272517752691e-02 1.723234072630267733e+00 1.171455801117469719e-01
1.661415333010049582e+09 1.471637338399887085e-01 -5.751821771264076233e-02 1.001846075057983398e+00 -5.475183129310607910e-01 6.137266159057617188e-01 3.612610697746276855e-01 4.393788874149322510e-01 7.682905908334178857e-01 -1.147835019801290157e-01 -1.353102131108375294e+00 3.675641608355886825e-01 -2.765070329173232450e-02 1.616100303138868099e+00 -3.954143134470675808e-02
1.661415333043776512e+09 1.593225747346878052e-01 -3.724133968353271484e-02 9.894273281097412109e-01 -5.430455207824707031e-01 6.098316907882690430e-01 3.648484051227569580e-01 4.473170340061187744e-01 7.918323737603973900e-01 -3.001368256832910308e-01 -1.322817945506426840e+00 3.313862261928899322e-01 -1.177121560123711719e-01 1.606914965868370793e+00 -2.881811483119305420e-02
1.661415333076808691e+09 1.623513996601104736e-01 -1.544339302927255630e-02 9.862905740737915039e-01 -5.411159396171569824e-01 6.045266389846801758e-01 3.704105615615844727e-01 4.522578120231628418e-01 6.729737178215238202e-01 -1.063815045480346472e-02 -1.129865548381835172e+00 6.814284874872262865e-01 -5.406431195796204126e-01 1.003817114773518204e+00 4.702559283691568059e-01
1.661415333110075235e+09 1.687923967838287354e-01 6.663992535322904587e-03 9.806262850761413574e-01 -5.381818413734436035e-01 5.987379550933837891e-01 3.770353198051452637e-01 4.579492211341857910e-01 7.128187222217355901e-01 -1.308254785556906830e-01 -1.212998790216064826e+00 6.480470144490857454e-01 -9.359533976173249892e-01 1.226708071135846012e+00 8.531040775919239705e-01
1.661415333143317699e+09 1.811504215002059937e-01 2.783370949327945709e-02 9.721675515174865723e-01 -5.348149538040161133e-01 5.931813120841979980e-01 3.821963369846343994e-01 4.647955298423767090e-01 7.800629352513571702e-01 -3.108950390312346101e-01 -1.275488966478264707e+00 6.161926936062630533e-01 -8.066811868429583088e-01 1.334300689011914676e+00 6.198736988803906778e-01
1.661415333176474094e+09 1.890988200902938843e-01 4.986650869250297546e-02 9.627595543861389160e-01 -5.345046520233154297e-01 5.842388272285461426e-01 3.916099071502685547e-01 4.686272144317626953e-01 7.612850466175206110e-01 -2.363209613227981176e-01 -1.306336264979762074e+00 6.399888803573837714e-01 -1.976569725177394377e+00 1.444588608926579365e+00 1.743884399306886879e+00
1.661415333210430384e+09 2.033531814813613892e-01 6.964387744665145874e-02 9.647434353828430176e-01 -5.282766222953796387e-01 5.815446376800537109e-01 3.948744535446166992e-01 4.762392044067382812e-01 7.203229785462990087e-01 -2.938604409612368684e-01 -9.273029734793469814e-01 9.035579157914348514e-01 2.328305139369462040e-01 6.184857603072339005e-01 -2.551575655819915411e-01
1.661415333243731260e+09 2.160946428775787354e-01 9.059726446866989136e-02 9.572730660438537598e-01 -5.265505313873291016e-01 5.740398168563842773e-01 4.037690162658691406e-01 4.797847270965576172e-01 7.698244232862080372e-01 -3.534980136700038300e-01 -1.224767308853193182e+00 7.660156614248744278e-01 -1.591148513480259874e+00 1.232415853075528700e+00 1.416222242252484609e+00
1.661415333276884794e+09 2.323246598243713379e-01 1.109701171517372131e-01 9.452432990074157715e-01 -5.231636166572570801e-01 5.684181451797485352e-01 4.119257926940917969e-01 4.832368493080139160e-01 8.654023512861289680e-01 -4.258146357581133468e-01 -1.343409006269159045e+00 7.287520592579130874e-01 -9.793425119874579199e-01 1.351411705487334025e+00 8.808062981877565756e-01
1.661415333310175419e+09 2.315537780523300171e-01 1.311725676059722900e-01 9.351076483726501465e-01 -5.245985984802246094e-01 5.581771135330200195e-01 4.241494834423065186e-01 4.830443263053894043e-01 6.793379541956718892e-01 7.854029886901398028e-03 -1.143108781595059353e+00 6.455831618612609679e-01 -1.081985100907047803e+00 1.267240418626924381e+00 9.480674505098208860e-01
1.661415333343449593e+09 2.403921782970428467e-01 1.512687057256698608e-01 9.270185828208923340e-01 -5.297880172729492188e-01 5.464351773262023926e-01 4.373780786991119385e-01 4.789924025535583496e-01 7.031486170641058076e-01 -3.387992689730054408e-01 -1.161046839089165061e+00 8.811445576426141235e-01 -2.692450945927180594e+00 1.145752107255803010e+00 2.328955481404993755e+00
1.661415333376613617e+09 2.450520545244216919e-01 1.711294203996658325e-01 9.286898374557495117e-01 -5.318253040313720703e-01 5.347436070442199707e-01 4.510103464126586914e-01 4.772849380970001221e-01 6.171869521036914552e-01 -1.750649451196341355e-01 -8.797448538183177957e-01 1.019882513768823662e+00 -1.878712034216132309e+00 8.781476333974856940e-01 1.706170846802617103e+00
1.661415333410392761e+09 2.537830173969268799e-01 1.909714192152023315e-01 9.302768707275390625e-01 5.309962630271911621e-01 -5.288445949554443359e-01 -4.584555923938751221e-01 -4.776870906352996826e-01 6.434737009455495649e-01 -1.808728559154561544e-01 -8.489350534767217127e-01 1.076035840321373671e+00 -9.419332967612557006e-01 4.221831217287377314e-01 9.127507220310246971e-01
1.661415333443772554e+09 2.722952961921691895e-01 2.107375413179397583e-01 9.365445375442504883e-01 5.266923308372497559e-01 -5.258261561393737793e-01 -4.639932811260223389e-01 -4.804293215274810791e-01 8.327571250742256126e-01 -3.884256166442470737e-01 -8.207686356102155134e-01 1.298777659930929307e+00 -9.070212513145593514e-01 2.080026712274976874e-01 1.001094987907659384e+00
1.661415333476689816e+09 2.732403874397277832e-01 2.308526784181594849e-01 9.415485858917236328e-01 -5.193490982055664062e-01 5.241612195968627930e-01 4.685441255569458008e-01 4.857962131500244141e-01 6.303609969301392502e-01 1.523975353595520277e-01 -7.081180017638682989e-01 1.058762637013189956e+00 8.846665612870946438e-01 5.954524348158228564e-02 -5.296397117706260760e-01
1.661415333510040522e+09 2.665880620479583740e-01 2.509263157844543457e-01 9.343869686126708984e-01 -5.169610381126403809e-01 5.173069238662719727e-01 4.777720272541046143e-01 4.867020547389984131e-01 6.694598683578993903e-01 2.458550563239154663e-01 -9.510859546250522989e-01 7.822892820257468793e-01 4.265346436104461292e-01 7.299294375542483282e-01 -2.925799027725245471e-01
1.661415333543664932e+09 2.633753418922424316e-01 2.710381746292114258e-01 9.342712163925170898e-01 -5.115334987640380859e-01 5.133555531501770020e-01 4.838301241397857666e-01 4.906199872493743896e-01 6.057258718543341303e-01 2.105553650268708332e-01 -7.908084547126974506e-01 9.502986158995406774e-01 7.186613452306126471e-01 3.030134583957520000e-01 -4.721654053493178349e-01
1.661415333576680183e+09 2.692173123359680176e-01 2.911179363727569580e-01 9.250531792640686035e-01 -5.061690211296081543e-01 5.091172456741333008e-01 4.896137714385986328e-01 4.948443174362182617e-01 6.922204639772926438e-01 -2.829326004912296327e-02 -1.103372369130551256e+00 9.548789948770420866e-01 5.311064385277933786e-01 6.916686675278416185e-01 -4.137565972003926507e-01
1.661415333610037088e+09 2.695509791374206543e-01 3.112659752368927002e-01 9.066206216812133789e-01 -5.019803643226623535e-01 5.036051869392395020e-01 4.961512982845306396e-01 4.982282817363739014e-01 8.187089023742808447e-01 9.383287175657471779e-02 -1.271876212166121789e+00 7.796587340595853011e-01 7.323199580351342775e-01 9.983271813225573776e-01 -6.833360758445168326e-01
1.661415333643299580e+09 2.613582015037536621e-01 3.316297829151153564e-01 8.953573107719421387e-01 -4.926159083843231201e-01 5.032488107681274414e-01 4.970028102397918701e-01 5.070092678070068359e-01 7.417125360463039385e-01 4.158496375500534969e-01 -1.006114624783471578e+00 7.886235804351762191e-01 2.129888988433935371e+00 4.217502278441360719e-01 -1.807635434867920887e+00
1.661415333676702499e+09 2.573787868022918701e-01 3.515529930591583252e-01 8.947151303291320801e-01 -4.941804707050323486e-01 5.073561072349548340e-01 4.924525022506713867e-01 5.058320760726928711e-01 6.085363108651209441e-01 2.400813875118766594e-01 -6.385723478808128517e-01 1.119436653284157313e+00 2.593677154810015151e-01 -9.031576563688094028e-01 -1.563355737842541393e-01
1.661415333710387707e+09 2.541022300720214844e-01 3.715705871582031250e-01 8.940539956092834473e-01 -4.890102148056030273e-01 5.025498867034912109e-01 4.977150857448577881e-01 5.104822516441345215e-01 6.024826480238024695e-01 1.843851992156737007e-01 -8.063010148231561924e-01 1.076978100991430987e+00 5.165799364261709492e-01 2.531186089108638515e-01 -3.554122052180780367e-01
1.661415333744299889e+09 2.495203167200088501e-01 3.914631903171539307e-01 8.973475694656372070e-01 -4.886807501316070557e-01 5.037385821342468262e-01 4.963254630565643311e-01 5.109789967536926270e-01 6.097353710604034305e-01 2.250620549016669469e-01 -5.991541056483268290e-01 1.179093421588875756e+00 2.412960235528277542e-01 -6.920004284215319768e-01 -1.207128476688368868e-01
1.661415333777024031e+09 2.482309043407440186e-01 4.117012619972229004e-01 8.889799118041992188e-01 -4.854649007320404053e-01 5.144073367118835449e-01 4.853511750698089600e-01 5.139485597610473633e-01 6.703807493276662255e-01 2.674643798223486080e-01 -8.469307179295914034e-01 1.137132809407415124e+00 1.766244698497322796e+00 -1.038749193469348242e+00 -1.513650953743663763e+00
1.661415333809870958e+09 2.473768591880798340e-01 4.316456615924835205e-01 8.852888941764831543e-01 -4.842374622821807861e-01 5.087764263153076172e-01 4.866669774055480957e-01 5.194380283355712891e-01 6.180497803129133549e-01 1.118190115717749566e-01 -9.043038446124177510e-01 1.194298715385943455e+00 2.810573880886729770e-01 1.058721975381703428e-01 -4.583045707791679191e-01
1.661415333843652010e+09 2.510129213333129883e-01 4.491866230964660645e-01 8.739001750946044922e-01 -4.825325012207031250e-01 5.187622904777526855e-01 4.818738400936126709e-01 5.156024098396301270e-01 6.283865229258029927e-01 5.230315395728118294e-02 -8.455012194993891672e-01 1.050881817440467492e+00 5.280559945832361546e-01 -7.953250690835824699e-01 -1.414676744875622005e-01
1.661415333877140284e+09 2.441850751638412476e-01 4.695084393024444580e-01 8.659924864768981934e-01 -4.755787849426269531e-01 5.171887874603271484e-01 4.777352809906005859e-01 5.273609757423400879e-01 6.823314901784151010e-01 3.407128786670128862e-01 -9.600327411011616574e-01 1.102295258854102400e+00 2.247633353618995411e+00 1.531221314035967340e-01 -2.283558678840488465e+00
1.661415333910079002e+09 2.451885044574737549e-01 4.878308176994323730e-01 8.535011410713195801e-01 -4.726241230964660645e-01 5.239773392677307129e-01 4.733619987964630127e-01 5.272597074508666992e-01 6.739174027308904025e-01 1.166371029039117158e-01 -9.595597543467724311e-01 1.141091622809770278e+00 1.044969001287240573e+00 -5.171107513985685467e-01 -7.685052847285904765e-01
1.661415333943608522e+09 2.524046301841735840e-01 5.008810162544250488e-01 8.505383133888244629e-01 -4.629886150360107422e-01 5.336130261421203613e-01 4.635730087757110596e-01 5.347886085510253906e-01 4.534481118134684463e-01 5.528265253576318539e-02 -6.016487066370025394e-01 9.501793490122246721e-01 2.530737637095410886e+00 -5.292263817553991556e-01 -2.210380278430049028e+00
