1.661415337211102247e+09 1.378528122206244648e-16 -2.367949187755584717e-01 1.128897309303283691e+00 -6.125128269195556641e-01 6.125135421752929688e-01 3.533097505569458008e-01 3.533093035221099854e-01 0.000000000000000000e+00 0.000000000000000000e+00 0.000000000000000000e+00 0.000000000000000000e+00 0.000000000000000000e+00 0.000000000000000000e+00 0.000000000000000000e+00
1.661415337243861675e+09 2.253050543367862701e-02 -2.169403433799743652e-01 1.109044313430786133e+00 -5.996521115303039551e-01 6.181055903434753418e-01 3.501510322093963623e-01 3.684523701667785645e-01 1.098907263109681898e+00 -7.739532422114214771e-01 -1.076384236225916613e+00 -5.192248707615542136e-01 -9.345518744338047190e-01 2.199132600224034118e+00 7.509964588407269659e-01
1.661415337277348518e+09 4.652320966124534607e-02 -1.973254978656768799e-01 1.089390397071838379e+00 -5.868490338325500488e-01 6.232745051383972168e-01 3.470429480075836182e-01 3.830121755599975586e-01 1.095862675067305947e+00 -7.912423735210075693e-01 -1.151689486695180342e+00 -4.206336184419656732e-01 -1.045445834497967574e+00 2.147863826437557133e+00 8.958522332891700746e-01
1.661415337309821129e+09 6.299175322055816650e-02 -1.770214736461639404e-01 1.073007941246032715e+00 -5.829879045486450195e-01 6.228688955307006836e-01 3.470084369182586670e-01 3.895442485809326172e-01 9.500956388069298209e-01 -6.343340458859646480e-01 -1.284199055615476093e+00 -1.241559299367525071e-01 4.373317475014459332e-01 1.770165334799258305e+00 -6.812030607436607710e-01
1.661415337343423128e+09 7.654312252998352051e-02 -1.564111411571502686e-01 1.053436517715454102e+00 -5.778371095657348633e-01 6.204571127891540527e-01 3.514802753925323486e-01 3.969872593879699707e-01 9.370738145347662362e-01 -4.905392186495246554e-01 -1.318578094942800760e+00 -2.532293226644984907e-01 7.344636299272131463e-01 2.180061793321166785e+00 -8.489294765450425828e-01
1.661415337376775503e+09 9.030628949403762817e-02 -1.362489312887191772e-01 1.044303774833679199e+00 -5.709174871444702148e-01 6.195591092109680176e-01 3.544726073741912842e-01 4.056463241577148438e-01 7.814818467297072191e-01 -4.263437538494215806e-01 -1.210106598293078983e+00 1.889982261247381556e-01 1.147075231269275436e-01 1.623876546607627702e+00 -1.739744848835487467e-01
1.661415337410219431e+09 1.114682853221893311e-01 -1.164366081357002258e-01 1.037238240242004395e+00 -5.621381998062133789e-01 6.222242116928100586e-01 3.538497984409332275e-01 4.142800867557525635e-01 8.921667440371082725e-01 -6.396484013325777207e-01 -1.223500803951163451e+00 3.817346661898315396e-01 -1.507465116706484531e-01 1.277387167734487461e+00 1.061521939582775742e-01
1.661415337443336964e+09 1.231685876846313477e-01 -9.694734960794448853e-02 1.023903369903564453e+00 -5.570143461227416992e-01 6.230673789978027344e-01 3.548351824283599854e-01 4.190632402896881104e-01 7.957797036598219798e-01 -3.085604896084930271e-01 -1.284361021548351633e+00 2.032540222207841196e-01 -1.864451935790541470e-01 1.389962295147693982e+00 2.088607274740522379e-01
1.661415337476562977e+09 1.331006735563278198e-01 -7.545088976621627808e-02 1.016295075416564941e+00 -5.515338778495788574e-01 6.205379366874694824e-01 3.591215908527374268e-01 4.263504445552825928e-01 7.485784953819333287e-01 -2.385097149995602794e-01 -1.263196141465577016e+00 4.220551896221100829e-01 3.166220619530412117e-01 1.444742244889195337e+00 -3.327811072618397925e-01
1.661415337509948730e+09 1.512829810380935669e-01 -5.517147481441497803e-02 9.994034171104431152e-01 -5.444593429565429688e-01 6.199371218681335449e-01 3.602576851844787598e-01 4.352658987045288086e-01 9.599793744979326915e-01 -4.820814682172436250e-01 -1.453784199439413172e+00 1.921932474533865343e-01 -4.755338067462105966e-02 1.810153843527910311e+00 -4.963506218663141234e-02
1.661415337543592930e+09 1.729259639978408813e-01 -3.548660501837730408e-02 9.954800605773925781e-01 -5.347038507461547852e-01 6.209070682525634766e-01 3.618769943714141846e-01 4.445348381996154785e-01 8.773543607415210666e-01 -5.593005896918202824e-01 -1.180464629768144480e+00 6.365969594937233023e-01 4.778851564531178681e-02 1.136417952289769051e+00 -1.073578120428649030e-02
1.661415337576941967e+09 1.892993450164794922e-01 -1.489272806793451309e-02 9.797803759574890137e-01 -5.277136564254760742e-01 6.192719340324401855e-01 3.644960224628448486e-01 4.529494345188140869e-01 9.187015198078620770e-01 -3.841777506508484152e-01 -1.459399914904932372e+00 3.464651691140406276e-01 -1.611138760512221269e-01 1.715201583819148334e+00 1.256833683137295876e-01
1.661415337609922409e+09 2.055075168609619141e-01 5.882314406335353851e-03 9.677624702453613281e-01 -5.211346745491027832e-01 6.171414256095886230e-01 3.674515783786773682e-01 4.610144793987274170e-01 8.781253236111747906e-01 -3.714144895901712595e-01 -1.402661734626819090e+00 5.289149064376227338e-01 -3.223285507194872945e-01 1.484926030683568321e+00 2.813069941116607131e-01
1.661415337643192768e+09 2.056908309459686279e-01 2.881694212555885315e-02 9.596039056777954102e-01 -5.219811201095581055e-01 6.081958413124084473e-01 3.760691285133361816e-01 4.649790823459625244e-01 7.316792598529441305e-01 5.346020147976381087e-02 -1.244814967742815304e+00 6.246665911149150707e-01 -1.792397654682206021e+00 1.276735433814094378e+00 1.615613566807295065e+00
1.661415337676610470e+09 2.048659473657608032e-01 5.042626336216926575e-02 9.530274868011474609e-01 -5.221210122108459473e-01 5.997512936592102051e-01 3.858314752578735352e-01 4.677844047546386719e-01 6.763759826039408285e-01 6.431976569967509660e-02 -1.126522925097555028e+00 6.367519739670816081e-01 -1.382112171388294453e+00 1.155101970853932514e+00 1.297433911036889320e+00
1.661415337709915876e+09 2.163948267698287964e-01 7.108187675476074219e-02 9.450972080230712891e-01 -5.191110968589782715e-01 5.947832465171813965e-01 3.914946317672729492e-01 4.727457463741302490e-01 7.491012940164764045e-01 -2.632524790479089938e-01 -1.211311459277824021e+00 7.250812369561798754e-01 -7.794236813243510253e-01 1.087533462087091118e+00 6.670331005162105642e-01
1.661415337743710756e+09 2.260821908712387085e-01 9.267409890890121460e-02 9.426320791244506836e-01 -5.206869244575500488e-01 5.840306282043457031e-01 4.027319252490997314e-01 4.749742150306701660e-01 7.040658689930846537e-01 -3.017157077968076195e-01 -1.086248405474314227e+00 8.868704010395044302e-01 -2.674374980151723147e+00 1.034377239004048432e+00 2.364095813353155773e+00
1.661415337776618958e+09 2.333822101354598999e-01 1.133311390876770020e-01 9.367270469665527344e-01 -5.213637948036193848e-01 5.742914080619812012e-01 4.144897758960723877e-01 4.759910106658935547e-01 6.895184838128316507e-01 -2.277049554738311832e-01 -1.139050791601196488e+00 8.115880773972399265e-01 -1.894246524717302815e+00 1.175647701533184097e+00 1.703898993854974453e+00
1.661415337809873819e+09 2.418304532766342163e-01 1.336898356676101685e-01 9.319339990615844727e-01 -5.239027738571166992e-01 5.623731613159179688e-01 4.280219972133636475e-01 4.754572212696075439e-01 6.783097640420983065e-01 -2.966986717343659818e-01 -1.102648390811559187e+00 8.736035366537169278e-01 -2.329571428132969579e+00 1.210271031465176561e+00 2.036976619533748423e+00
1.661415337843235493e+09 2.419743537902832031e-01 1.537026464939117432e-01 9.263031482696533203e-01 -5.272137522697448730e-01 5.498008131980895996e-01 4.422800540924072266e-01 4.734480977058410645e-01 6.231814874498561307e-01 -6.049223433551452478e-02 -1.033080689001906416e+00 7.949563931203714739e-01 -1.645175382038574829e+00 1.185805913042617066e+00 1.420492543091846471e+00
1.661415337876921177e+09 2.556452155113220215e-01 1.735805720090866089e-01 9.261451959609985352e-01 -5.271271467208862305e-01 5.401979684829711914e-01 4.524646103382110596e-01 4.749725162982940674e-01 7.162003429292964629e-01 -3.635496996286098348e-01 -9.797317303598183091e-01 1.061189052038494118e+00 -1.447261957126073195e+00 8.705207546490749682e-01 1.224809187479883432e+00
1.661415337910393000e+09 2.633048295974731445e-01 1.932751834392547607e-01 9.399025440216064453e-01 -5.274760723114013672e-01 5.330755710601806641e-01 4.605117440223693848e-01 4.748982489109039307e-01 7.533295589857958996e-01 -1.660452099092701306e-01 -5.452123576212157818e-01 1.312201765776954021e+00 -1.677789084354443405e+00 1.380909968574306652e-02 1.654818603883350780e+00
1.661415337943419695e+09 2.710694372653961182e-01 2.131305485963821411e-01 9.554798007011413574e-01 -5.215913653373718262e-01 5.293101072311401367e-01 4.664752185344696045e-01 4.797646701335906982e-01 7.994769837727455641e-01 -7.142974092399054231e-02 -5.306636680399007266e-01 1.333548742552739697e+00 -3.200869799070500399e-01 -1.081371374654722523e-01 5.719200779245044997e-01
1.661415337976557970e+09 2.744533121585845947e-01 2.334758639335632324e-01 9.550968408584594727e-01 -5.117058753967285156e-01 5.304397940635681152e-01 4.669508337974548340e-01 4.886179268360137939e-01 6.224933910981009788e-01 1.571689604735428125e-01 -8.462693112820542929e-01 9.634637037273012794e-01 1.974327181512445684e+00 5.064323554213864820e-02 -1.626270915831099950e+00
1.661415338009921789e+09 2.692124843597412109e-01 2.538180351257324219e-01 9.443402290344238281e-01 -5.046822428703308105e-01 5.285127162933349609e-01 4.703627526760101318e-01 4.947009384632110596e-01 7.073625368799217883e-01 3.195835139256950064e-01 -1.018471109606951419e+00 6.949504068195573314e-01 1.947595344529347461e+00 5.718947808205788741e-01 -1.696263124922628318e+00
1.661415338043561459e+09 2.603098452091217041e-01 2.739861309528350830e-01 9.404007196426391602e-01 -4.999876916408538818e-01 5.238400697708129883e-01 4.760728478431701660e-01 4.989573955535888672e-01 6.657270788687843499e-01 3.536496335779559796e-01 -8.355548839803914607e-01 8.126227159047740844e-01 1.106800716039554544e+00 4.443294390295685070e-01 -9.134394775397248756e-01
1.661415338076949358e+09 2.638273239135742188e-01 2.940433025360107422e-01 9.314439296722412109e-01 -4.954307675361633301e-01 5.187131166458129883e-01 4.815564751625061035e-01 5.035756230354309082e-01 6.662908844113144546e-01 2.194145638916673857e-02 -1.065166758586373774e+00 9.132088078007750687e-01 4.923879059737115704e-01 7.047913854906149300e-01 -4.393174083491196980e-01
1.661415338109933853e+09 2.687110900878906250e-01 3.141227066516876221e-01 9.269635081291198730e-01 -4.891109466552734375e-01 5.151920914649963379e-01 4.848187565803527832e-01 5.101945400238037109e-01 6.410564746530990066e-01 2.637173726023262985e-02 -9.745489389039313499e-01 1.042833321494461618e+00 7.626496300503127213e-01 4.341885899188334119e-01 -6.536488799663522364e-01
1.661415338143250704e+09 2.629975378513336182e-01 3.342302143573760986e-01 9.177884459495544434e-01 -4.848478734493255615e-01 5.096368193626403809e-01 4.896208941936492920e-01 5.152321457862854004e-01 6.851924335614284489e-01 2.556650539303797487e-01 -9.961332474321900055e-01 8.684685926364584807e-01 8.508983336856869029e-01 6.167575735482337951e-01 -7.882676432379309706e-01
1.661415338176592350e+09 2.581036090850830078e-01 3.541553914546966553e-01 9.168581366539001465e-01 -4.872633814811706543e-01 5.170757770538330078e-01 4.829374253749847412e-01 5.118383169174194336e-01 6.160004391974769344e-01 2.731825572924710954e-01 -6.146789728054068425e-01 1.136965752736446733e+00 3.735856654793300868e-01 -1.217149333199844419e+00 -2.062650407126842000e-01
1.661415338209873676e+09 2.535837888717651367e-01 3.743631243705749512e-01 9.074381589889526367e-01 -4.802138209342956543e-01 5.151996612548828125e-01 4.838970601558685303e-01 5.194301009178161621e-01 6.835366082139594512e-01 2.750315138645643143e-01 -9.956552639499709478e-01 9.327175285718967146e-01 1.574310417869968948e+00 4.064224844437681061e-01 -1.414387375964471616e+00
1.661415338243493319e+09 2.443876862525939941e-01 3.943607211112976074e-01 9.019001722335815430e-01 -4.816941022872924805e-01 5.216460824012756348e-01 4.779923856258392334e-01 5.170874595642089844e-01 6.751032071814097035e-01 3.593383011398753601e-01 -7.158444751620565150e-01 1.056121560219425604e+00 8.721924706354754475e-01 -9.365231499115090896e-01 -7.033810647614811007e-01
1.661415338276673317e+09 2.514930665493011475e-01 4.143753349781036377e-01 8.867306113243103027e-01 -4.772497713565826416e-01 5.240678787231445312e-01 4.751799106597900391e-01 5.213344097137451172e-01 7.866050736646003072e-01 -1.085913757375946663e-02 -1.150419635923037864e+00 1.094938420534455448e+00 9.359779193568765754e-01 7.524209348300739397e-02 -8.360165445081833013e-01
1.661415338309900522e+09 2.601106464862823486e-01 4.343481063842773438e-01 8.785267472267150879e-01 -4.698889553546905518e-01 5.221142768859863281e-01 4.755325615406036377e-01 5.295942425727844238e-01 6.996729151731094776e-01 -4.898158959693697106e-02 -1.074294809007543483e+00 1.217110035979543481e+00 8.875353369104951318e-01 3.340364127864767219e-01 -8.204713966778781620e-01
1.661415338343580246e+09 2.590376734733581543e-01 4.542208015918731689e-01 8.617391586303710938e-01 -4.705134630203247070e-01 5.290663838386535645e-01 4.695045650005340576e-01 5.275145173072814941e-01 7.730610447039131250e-01 1.598424121545778953e-01 -1.033928769844435269e+00 1.097053122458260699e+00 8.233619530216782501e-01 -5.945132718806790395e-01 -6.818227946435313491e-01
1.661415338376787186e+09 2.462467253208160400e-01 4.741220176219940186e-01 8.543720245361328125e-01 -4.608757495880126953e-01 5.282954573631286621e-01 4.676775932312011719e-01 5.383075475692749023e-01 7.461645521581351526e-01 4.778163128798031400e-01 -9.240073846892253862e-01 1.045025876615627514e+00 2.531499210344120954e+00 3.567375804640586234e-01 -2.323284309802882586e+00
1.661415338410583735e+09 2.469639182090759277e-01 4.937691986560821533e-01 8.574615120887756348e-01 -4.569887220859527588e-01 5.293287634849548340e-01 4.657240509986877441e-01 5.422856211662292480e-01 5.888628817773887691e-01 1.077619129497863065e-01 -7.149381798796452525e-01 1.379096810339207169e+00 8.835734185711540123e-01 -5.373188313657530912e-01 -7.944135891069241673e-01
1.661415338443856716e+09 2.511592507362365723e-01 4.979590475559234619e-01 8.606202006340026855e-01 -4.493702352046966553e-01 5.413389801979064941e-01 4.537289440631866455e-01 5.469446182250976562e-01 2.019087771457800939e-01 8.750463092962236511e-02 -7.442211781014335115e-02 4.141493005255043047e-01 2.700154858637545896e+00 -6.907247081751219930e-01 -2.378041100769754390e+00
1.661415338477189064e+09 2.541471123695373535e-01 4.972525835037231445e-01 8.614375591278076172e-01 -4.474478363990783691e-01 5.518980026245117188e-01 4.436149597167968750e-01 5.462645292282104492e-01 9.531826874115365000e-02 3.044827363261640163e-02 1.034378187749380867e-01 5.521454150517987602e-02 1.778130148580344461e+00 -6.947855492345639261e-01 -1.587070163358264230e+00
1.661415338509846449e+09 2.449931949377059937e-01 5.018922090530395508e-01 8.620280623435974121e-01 -4.401472806930541992e-01 5.485913753509521484e-01 4.445275366306304932e-01 5.547189712524414062e-01 3.147693540414169822e-01 2.802404155723681178e-01 -2.107140197533367010e-01 1.975644783727480702e-01 1.324704872014175860e+00 7.049201645065326094e-01 -1.246039931293241088e+00
1.661415338543313265e+09 2.379329800605773926e-01 5.025797486305236816e-01 8.663301467895507812e-01 -4.445785582065582275e-01 5.529139041900634766e-01 4.419059157371520996e-01 5.489583611488342285e-01 2.478939305017331673e-01 1.453935434494914303e-01 1.802317083371971496e-01 6.860318485025231061e-02 3.811088746691129181e-01 -7.519428072253304673e-01 -3.286877156815803391e-01
1.661415338576910257e+09 2.365083247423171997e-01 5.029687285423278809e-01 8.559484481811523438e-01 -4.353145956993103027e-01 5.511312484741210938e-01 4.408053755760192871e-01 5.589688420295715332e-01 3.121175405457946028e-01 1.169681273800944055e-01 -3.225152091567001778e-01 -1.461127980705154983e-01 1.141446689384883806e+00 1.168079375472957260e+00 -1.039447538801708593e+00
1.661415338610018730e+09 2.404837906360626221e-01 5.052306056022644043e-01 8.543753027915954590e-01 -4.401193559169769287e-01 5.555102825164794922e-01 4.382688999176025391e-01 5.528324842453002930e-01 1.460912695620404655e-01 -1.006403956833142599e-01 -6.741316736900181128e-02 2.249356234185670989e-01 -2.115628803705813521e-01 -7.326343787412831210e-01 2.108723098029213761e-01
1.661415338643192768e+09 2.366645485162734985e-01 5.139843821525573730e-01 8.506955504417419434e-01 -4.382600188255310059e-01 5.501119494438171387e-01 4.424669444561004639e-01 5.563523173332214355e-01 3.085252299087036243e-01 9.537025222334519214e-02 -4.739608102144605706e-01 5.112737641711897485e-01 -2.490689404579520816e-01 4.088203740099428662e-01 1.879577191148614490e-01
1.661415338676703215e+09 2.388617992401123047e-01 5.101358890533447266e-01 8.511509299278259277e-01 -4.455620050430297852e-01 5.534093976020812988e-01 4.416166245937347412e-01 5.478935241699218750e-01 1.329407889288418410e-01 -1.135297293850091177e-01 2.443044808578783700e-01 -2.144742176754111662e-01 -8.431141330827818248e-01 -6.977389731479165524e-01 8.044450884629034126e-01
1.661415338710123062e+09 2.373162508010864258e-01 5.045034885406494141e-01 8.525964021682739258e-01 -4.407705664634704590e-01 5.506635308265686035e-01 4.428588151931762695e-01 5.535043478012084961e-01 1.800371342201178837e-01 4.486399552199286239e-02 2.006184422628366215e-01 -4.340274522434842130e-01 3.180074335659085483e-01 6.967178796942831154e-01 -2.941632044265946599e-01
1.661415338743716955e+09 2.403562217950820923e-01 5.054710507392883301e-01 8.474159240722656250e-01 -4.419725239276885986e-01 5.585641264915466309e-01 4.360380172729492188e-01 5.500338673591613770e-01 1.811040944728226909e-01 -1.911363421591869352e-02 -9.015625349196254579e-02 9.907399007320549789e-02 8.924105225108023287e-01 -5.376214923493757292e-01 -7.746579585976581805e-01
1.661415338778144598e+09 2.481537610292434692e-01 5.082354545593261719e-01 8.457716703414916992e-01 -4.372265934944152832e-01 5.587167143821716309e-01 4.346069693565368652e-01 5.547841191291809082e-01 2.450029786330974735e-01 -1.110799783817113529e-01 -2.277729712022917297e-01 2.509567349577526141e-01 4.043841527003323999e-01 2.458624282145728812e-01 -3.785870554457628767e-01
