1.661415354961235285e+09 1.378528122206244648e-16 -2.367949187755584717e-01 1.128897309303283691e+00 -6.125128269195556641e-01 6.125135421752929688e-01 3.533097505569458008e-01 3.533093035221099854e-01 0.000000000000000000e+00 0.000000000000000000e+00 0.000000000000000000e+00 0.000000000000000000e+00 0.000000000000000000e+00 0.000000000000000000e+00 0.000000000000000000e+00
1.661415354993738174e+09 2.253050543367862701e-02 -2.169403433799743652e-01 1.109044313430786133e+00 -5.996521115303039551e-01 6.181055903434753418e-01 3.501510322093963623e-01 3.684523701667785645e-01 1.107580704284988338e+00 -7.800618904514582397e-01 -1.084879907943031352e+00 -5.233230021730825854e-01 -9.419280935018600198e-01 2.216489885852273911e+00 7.569239140749257633e-01
1.661415355026672840e+09 4.150968417525291443e-02 -1.970001906156539917e-01 1.091632366180419922e+00 -5.904553532600402832e-01 6.198074817657470703e-01 3.506641685962677002e-01 3.797837495803833008e-01 9.890161275531589302e-01 -6.917504657989431704e-01 -1.152511802022204268e+00 -3.363920658667097219e-01 -2.187925106608077375e-01 2.096590055864159918e+00 7.009349763410994971e-02
1.661415355060527563e+09 6.386103481054306030e-02 -1.772722005844116211e-01 1.076871395111083984e+00 -5.816208720207214355e-01 6.261709332466125488e-01 3.456005156040191650e-01 3.875401318073272705e-01 9.826262871175446278e-01 -7.324631154102753117e-01 -1.216707303328901757e+00 -8.347311339235568076e-03 -5.594989370222268610e-01 1.378142625934111187e+00 4.758387004812830723e-01
1.661415355093759537e+09 7.748292386531829834e-02 -1.568839848041534424e-01 1.056744217872619629e+00 -5.788587927818298340e-01 6.248360276222229004e-01 3.461475074291229248e-01 3.932993113994598389e-01 9.545878497288241560e-01 -4.810070015973260116e-01 -1.335892387313150520e+00 -2.027257573544395397e-01 4.225904991374980213e-01 1.877939169595860047e+00 -6.488491345688189860e-01
1.661415355126677513e+09 8.514638990163803101e-02 -1.357841044664382935e-01 1.042046904563903809e+00 -5.770316123962402344e-01 6.197879910469055176e-01 3.514455854892730713e-01 3.992284536361694336e-01 8.151103999225521868e-01 -2.738551507419558217e-01 -1.315895468005656266e+00 2.740278351982037338e-03 1.125524715815306109e+00 1.890082400925480410e+00 -1.312072182347022498e+00
1.661415355160463095e+09 9.137112647294998169e-02 -1.151802092790603638e-01 1.026141166687011719e+00 -5.736364126205444336e-01 6.156210303306579590e-01 3.557923734188079834e-01 4.066495299339294434e-01 7.921438464357218878e-01 -1.548851734011011949e-01 -1.300884170764325720e+00 -1.299037063443179985e-02 4.072705715346135458e-01 1.906039772123884868e+00 -5.362146240025553734e-01
1.661415355193209648e+09 1.011289209127426147e-01 -9.413844347000122070e-02 1.022888183593750000e+00 -5.672877430915832520e-01 6.143257021903991699e-01 3.601851761341094971e-01 4.135883450508117676e-01 7.152262519761506399e-01 -2.639602298220358190e-01 -1.171347429440754651e+00 5.208435499311684369e-01 5.832450653622865966e-01 1.240353332790503860e+00 -5.358565347568683412e-01
1.661415355226942301e+09 1.101784482598304749e-01 -7.297149300575256348e-02 1.005289554595947266e+00 -5.609846711158752441e-01 6.129000782966613770e-01 3.638252019882202148e-01 4.210474193096160889e-01 8.590085422652420366e-01 -2.021399303970854711e-01 -1.414823770447747986e+00 8.010765950162217208e-02 2.929390811779410408e-01 1.905501898832929530e+00 -2.624477568574986042e-01
1.661415355260398388e+09 1.203404366970062256e-01 -5.182124301791191101e-02 9.909642934799194336e-01 -5.557892322540283203e-01 6.101711392402648926e-01 3.660053610801696777e-01 4.299182295799255371e-01 8.217350273474972600e-01 -2.241962937897886143e-01 -1.388333445850944869e+00 2.533755414473029544e-01 -8.733109266038813212e-02 1.724629222842687826e+00 -3.581199264722662035e-02
1.661415355293620110e+09 1.223307102918624878e-01 -2.962407656013965607e-02 9.715617299079895020e-01 -5.551571846008300781e-01 6.068062782287597656e-01 3.679975867271423340e-01 4.337792098522186279e-01 8.894438344962569687e-01 2.788751245866998713e-02 -1.520892574871327119e+00 2.482762147857787149e-01 -5.958786702150850045e-01 1.581789970931364309e+00 4.835946541730360426e-01
1.661415355326586962e+09 1.317521482706069946e-01 -8.226030506193637848e-03 9.691977500915527344e-01 -5.517367124557495117e-01 6.020225286483764648e-01 3.707473576068878174e-01 4.423820674419403076e-01 7.128232171365169734e-01 -2.131404188365374763e-01 -1.133424566473289596e+00 7.181648508497301409e-01 -6.704568859309112394e-01 1.033215632409994811e+00 4.401016340532531990e-01
1.661415355359973431e+09 1.380541324615478516e-01 1.365854591131210327e-02 9.632839560508728027e-01 -5.509907603263854980e-01 5.974041819572448730e-01 3.733260929584503174e-01 4.473758339881896973e-01 7.047521936572072043e-01 -1.279967135087619889e-01 -1.183445974172717241e+00 7.015407267757020060e-01 -1.097396558904568220e+00 8.888221104106666104e-01 8.782774849478559576e-01
1.661415355393733978e+09 1.557187438011169434e-01 3.400385752320289612e-02 9.523633718490600586e-01 -5.438317656517028809e-01 5.973962545394897461e-01 3.753494322299957275e-01 4.543980062007904053e-01 8.611480128671866741e-01 -4.345703004267679193e-01 -1.291029642804553346e+00 5.812066457989248924e-01 -2.185815820244595697e-01 1.202030412225573830e+00 2.262676940738913567e-01
1.661415355426820755e+09 1.689733415842056274e-01 5.503860861063003540e-02 9.411506056785583496e-01 -5.398374199867248535e-01 5.927498340606689453e-01 3.800407946109771729e-01 4.612940847873687744e-01 8.243173169364050867e-01 -3.357574711359956332e-01 -1.333318988408670025e+00 6.102823875718311752e-01 -1.035632649368651181e+00 1.362366004441028844e+00 8.712024432323086653e-01
1.661415355460119247e+09 1.834654957056045532e-01 7.588666677474975586e-02 9.467178583145141602e-01 -5.348660349845886230e-01 5.888597965240478516e-01 3.845784962177276611e-01 4.682541489601135254e-01 7.806188002499478973e-01 -3.477485943304498561e-01 -8.776323319780551246e-01 1.049982286276273324e+00 -9.414776099122489361e-01 4.702892527571717607e-01 8.436367327415666972e-01
1.661415355493740559e+09 1.988451778888702393e-01 9.658288210630416870e-02 9.359294176101684570e-01 -5.300117731094360352e-01 5.849636793136596680e-01 3.907463550567626953e-01 4.735211431980133057e-01 8.313477107504679831e-01 -3.813983218339677128e-01 -1.283139447084466589e+00 6.990467912240464488e-01 -9.919414597690142665e-01 1.222367852426378576e+00 9.406026896267770665e-01
1.661415355526575565e+09 2.059116065502166748e-01 1.175254434347152710e-01 9.360757470130920410e-01 -5.310527086257934570e-01 5.775839686393737793e-01 3.981981873512268066e-01 4.752030670642852783e-01 6.731563287362321013e-01 -1.930812086222878365e-01 -9.522760447086642266e-01 9.794450972321482318e-01 -1.956521234594437386e+00 5.379638711351392155e-01 1.733989997480444689e+00
1.661415355560310125e+09 2.159057706594467163e-01 1.380285918712615967e-01 9.366700649261474609e-01 -5.284490585327148438e-01 5.712074637413024902e-01 4.071754217147827148e-01 4.781964123249053955e-01 6.763687740365805778e-01 -2.484330454923288911e-01 -9.295848120120125957e-01 9.597703012656967347e-01 -1.420085988215146422e+00 6.880371570863277331e-01 1.373462710239223172e+00
1.661415355593982458e+09 2.236522883176803589e-01 1.583538502454757690e-01 9.357100129127502441e-01 -5.303606390953063965e-01 5.673151612281799316e-01 4.113141000270843506e-01 4.771705865859985352e-01 6.466022405083309277e-01 -1.730215115022611938e-01 -8.889910650124591696e-01 1.021301674428183759e+00 -1.533898903910304590e+00 1.403977519397405227e-01 1.388558368897300443e+00
1.661415355626741648e+09 2.315736413002014160e-01 1.784672886133193970e-01 9.414620399475097656e-01 -5.288302898406982422e-01 5.626090764999389648e-01 4.170756638050079346e-01 4.794345200061798096e-01 6.828394120420644420e-01 -1.543629266320656057e-01 -7.616346094008028533e-01 1.144486880050882283e+00 -1.088173499238872521e+00 1.588860449275593667e-01 1.052780932465767538e+00
1.661415355660030365e+09 2.394518554210662842e-01 1.982378810644149780e-01 9.347143173217773438e-01 -5.340614318847656250e-01 5.521673560142517090e-01 4.283533692359924316e-01 4.758182168006896973e-01 6.706938819707402022e-01 -2.833802582825653560e-01 -1.056103603755541132e+00 9.175371023544235394e-01 -2.845158080666056577e+00 8.921379938590126013e-01 2.519726531689254312e+00
1.661415355693577051e+09 2.518887817859649658e-01 2.176587134599685669e-01 9.357843399047851562e-01 -5.363725423812866211e-01 5.445340275764465332e-01 4.372367262840270996e-01 4.739316403865814209e-01 6.881929784237712511e-01 -3.429794957470669314e-01 -8.769186714311839603e-01 1.128118681714426197e+00 -2.357863482464273019e+00 5.025013890703368125e-01 2.167741075088783997e+00
1.661415355727054119e+09 2.572209537029266357e-01 2.373256534337997437e-01 9.488070607185363770e-01 -5.318989753723144531e-01 5.395256280899047852e-01 4.455609023571014404e-01 4.769392311573028564e-01 7.223716036361114146e-01 -5.755126593628182019e-02 -5.642596161185183812e-01 1.245941614512854789e+00 -7.333399916372719263e-01 7.936044454588851715e-02 9.431129509100228958e-01
1.661415355760100842e+09 2.600592970848083496e-01 2.572315931320190430e-01 9.522492885589599609e-01 -5.282449126243591309e-01 5.382791161537170410e-01 4.493917822837829590e-01 4.788110256195068359e-01 6.173015557959329325e-01 5.045383967455190771e-02 -7.418441537535140906e-01 1.114032068999771141e+00 3.506848287760491734e-02 -5.917458764119257891e-02 1.845517153408327282e-01
1.661415355793663025e+09 2.635756731033325195e-01 2.772612869739532471e-01 9.437347054481506348e-01 -5.249224901199340820e-01 5.326419472694396973e-01 4.580857753753662109e-01 4.805271029472351074e-01 6.568875184696905123e-01 -2.163139825573663633e-02 -1.045682141860655889e+00 8.742549198400036969e-01 1.919313086187054707e-01 7.997638031546494553e-01 -8.252883647634716435e-02
1.661415355826553106e+09 2.702604234218597412e-01 2.973336279392242432e-01 9.360183477401733398e-01 -5.205125808715820312e-01 5.293989777565002441e-01 4.638889133930206299e-01 4.833326637744903564e-01 6.846890627363528825e-01 -6.314529738813995374e-02 -1.056186706946568021e+00 9.883932420344472281e-01 3.575371630563339287e-01 5.558064634419094263e-01 -2.179945938741064682e-01
1.661415355860009193e+09 2.739808261394500732e-01 3.176639974117279053e-01 9.198407530784606934e-01 -5.159716606140136719e-01 5.267054438591003418e-01 4.688071310520172119e-01 4.863892495632171631e-01 7.845066090179707574e-01 2.670815664021065558e-02 -1.201651004636738129e+00 8.347135990594659605e-01 9.105362131582689367e-01 7.191158985391902236e-01 -7.831684028249948915e-01
1.661415355893847704e+09 2.759932279586791992e-01 3.380786478519439697e-01 9.145904779434204102e-01 -5.082066059112548828e-01 5.252984762191772461e-01 4.719896912574768066e-01 4.929639101028442383e-01 6.257610649874409958e-01 1.165995941948615583e-01 -9.359524391638873730e-01 9.965296620932412308e-01 1.311891624051880978e+00 2.943996130352637408e-01 -1.054316545926403892e+00
1.661415355927233219e+09 2.681582272052764893e-01 3.586903810501098633e-01 8.996495604515075684e-01 -5.007705688476562500e-01 5.235384702682495117e-01 4.751768112182617188e-01 4.993430972099304199e-01 7.978227659187632215e-01 3.538227742851929314e-01 -1.095134950921364370e+00 7.751320656027054223e-01 2.006226696435724488e+00 5.927707538371657092e-01 -1.740026297702019109e+00
1.661415355960276365e+09 2.712394297122955322e-01 3.791886568069458008e-01 8.930885195732116699e-01 -4.906298816204071045e-01 5.293653607368469238e-01 4.695078134536743164e-01 5.085443258285522461e-01 6.579922369994465337e-01 1.887970342935566259e-01 -9.369322283892372871e-01 1.099158104925550328e+00 2.423214475630939280e+00 -2.635090342669675900e-01 -2.069267851957877102e+00
1.661415355993410110e+09 2.637024521827697754e-01 3.995401859283447266e-01 8.855195045471191406e-01 -4.810845553874969482e-01 5.327745676040649414e-01 4.661553502082824707e-01 5.171151757240295410e-01 6.936843032806625509e-01 4.089600737169578615e-01 -9.002864675269566241e-01 9.782499963661501763e-01 2.663221367234664960e+00 -9.915838463341864611e-03 -2.300502738809718561e+00
1.661415356026894569e+09 2.671516537666320801e-01 4.195344448089599609e-01 8.821098804473876953e-01 -4.734765887260437012e-01 5.302949547767639160e-01 4.684033691883087158e-01 5.246002674102783203e-01 6.144367945061909309e-01 6.341528807179729055e-02 -9.258687577897777299e-01 1.179952762889295181e+00 9.482255158786278004e-01 2.662025010937109082e-01 -7.908117993489910402e-01
1.661415356060214996e+09 2.638529241085052490e-01 4.394862651824951172e-01 8.824540972709655762e-01 -4.667859077453613281e-01 5.268594622611999512e-01 4.710969328880310059e-01 5.315991640090942383e-01 6.070032813809256300e-01 2.057180977317130954e-01 -8.073734210216360063e-01 1.192288910958450021e+00 1.008509662170665733e+00 1.438661362202614813e-01 -8.644795422582673972e-01
1.661415356093500137e+09 2.529447972774505615e-01 4.593050181865692139e-01 8.779960870742797852e-01 -4.692222774028778076e-01 5.293225049972534180e-01 4.689477086067199707e-01 5.289008617401123047e-01 6.927237547438106491e-01 3.368016842838899016e-01 -7.391787467254241628e-01 1.147824658843322077e+00 5.079987238066278055e-01 -7.369480159898857963e-01 -4.298383586021529701e-01
1.661415356126862288e+09 2.536941766738891602e-01 4.791926741600036621e-01 8.625413179397583008e-01 -4.610543251037597656e-01 5.272147655487060547e-01 4.685799777507781982e-01 5.384294986724853516e-01 7.552817651901100326e-01 1.384284717509329798e-01 -1.193752088494561381e+00 1.104861369703009411e+00 1.530166287888313104e+00 6.128869909693447360e-01 -1.455769690182256326e+00
1.661415356160037279e+09 2.563195228576660156e-01 4.918913245201110840e-01 8.509496450424194336e-01 -4.576218426227569580e-01 5.385544896125793457e-01 4.582894444465637207e-01 5.389918684959411621e-01 5.242792468208715695e-01 1.093511682577711086e-01 -6.880166007345777102e-01 8.137816112526953249e-01 1.916298019745104053e+00 -7.066992235691147428e-01 -1.641420024642081366e+00
1.661415356194169283e+09 2.500076293945312500e-01 5.037090182304382324e-01 8.494522571563720703e-01 -4.605031609535217285e-01 5.403035879135131836e-01 4.557302296161651611e-01 5.369532704353332520e-01 3.949694830016967084e-01 1.795040286132670582e-01 -4.102809874112875455e-01 7.508560073790178091e-01 3.604708831221560272e-01 -6.084443792303543264e-01 -3.937116915753202107e-01
