1.661415308677558184e+09 1.378528122206244648e-16 -2.367949187755584717e-01 1.128897309303283691e+00 -6.125128269195556641e-01 6.125135421752929688e-01 3.533097505569458008e-01 3.533093035221099854e-01 0.000000000000000000e+00 0.000000000000000000e+00 0.000000000000000000e+00 0.000000000000000000e+00 0.000000000000000000e+00 0.000000000000000000e+00 0.000000000000000000e+00
1.661415308709785461e+09 1.909068971872329712e-02 -2.168135195970535278e-01 1.108971953392028809e+00 -6.034740805625915527e-01 6.167536973953247070e-01 3.529449105262756348e-01 3.617511093616485596e-01 1.057163320540677853e+00 -7.666114243288862928e-01 -1.124562558061006134e+00 -4.607771983499481805e-01 9.185437789298699085e-02 1.997984842560347474e+00 -1.497861001521708646e-01
1.661415308743356705e+09 3.912429511547088623e-02 -1.968560963869094849e-01 1.095067739486694336e+00 -5.927269458770751953e-01 6.200820207595825195e-01 3.535377383232116699e-01 3.730738759040832520e-01 9.386440077799732551e-01 -7.076955841998986418e-01 -1.098645103179308968e+00 -1.872531473139641411e-01 -1.538033497343794520e-01 1.879563644388472010e+00 8.892264793014394153e-02
1.661415308776584387e+09 5.756511911749839783e-02 -1.767929792404174805e-01 1.079441308975219727e+00 -5.833284854888916016e-01 6.218627095222473145e-01 3.556208908557891846e-01 3.828163444995880127e-01 9.453871176199782900e-01 -6.512028681486236037e-01 -1.192398562796113337e+00 -1.917209919238073157e-01 1.765183428671916188e-01 1.984444095981857448e+00 -2.129142263852371597e-01
1.661415308809680462e+09 7.433755695819854736e-02 -1.565737426280975342e-01 1.059585809707641602e+00 -5.763650536537170410e-01 6.211665868759155273e-01 3.571671545505523682e-01 3.929212391376495361e-01 9.949765957750955625e-01 -5.617068883998198592e-01 -1.316860883882454258e+00 -2.830769885251285811e-01 2.824163041321143264e-01 2.202653291597568952e+00 -4.682936487420102933e-01
1.661415308842943430e+09 9.220179170370101929e-02 -1.369512528181076050e-01 1.042624115943908691e+00 -5.663164854049682617e-01 6.231302618980407715e-01 3.585053384304046631e-01 4.030736088752746582e-01 9.468186987540481159e-01 -5.352621361934770672e-01 -1.316323875439791680e+00 -1.088643889053142050e-01 -3.442930503696981503e-01 2.026949479492136774e+00 3.616221493485044514e-01
1.661415308876283169e+09 1.007935851812362671e-01 -1.160505339503288269e-01 1.035477519035339355e+00 -5.612057447433471680e-01 6.205259561538696289e-01 3.630411326885223389e-01 4.101180434226989746e-01 7.108904869747886268e-01 -2.311975298051971439e-01 -1.207302404958391584e+00 3.195689032221840642e-01 5.902241028484180863e-01 1.478493556920713159e+00 -6.175840310464727478e-01
1.661415308909834146e+09 1.291552931070327759e-01 -9.747289121150970459e-02 1.027432918548583984e+00 -5.491077303886413574e-01 6.238228082656860352e-01 3.612954020500183105e-01 4.228373765945434570e-01 1.038593157191203709e+00 -8.342198127259183860e-01 -1.232614393228996574e+00 3.344509002131351716e-01 -5.504526460420757772e-01 1.503349874926974472e+00 4.593754111729851375e-01
1.661415308943253517e+09 1.472526043653488159e-01 -7.770959287881851196e-02 1.010464191436767578e+00 -5.422548055648803711e-01 6.222706437110900879e-01 3.618126213550567627e-01 4.333942830562591553e-01 9.490934975330425072e-01 -4.823775109488532831e-01 -1.427058956299725789e+00 9.701819081883716889e-02 -1.325838610785758653e-01 1.936939524158778569e+00 -5.749425727567578082e-02
1.661415308976622105e+09 1.512308269739151001e-01 -5.514955520629882812e-02 1.009045839309692383e+00 -5.392438173294067383e-01 6.174145936965942383e-01 3.664050996303558350e-01 4.401847422122955322e-01 6.878318612048026637e-01 -1.215712758969126825e-02 -1.147970504049594220e+00 6.782509973752856025e-01 -6.760248446641048403e-02 1.064042830974093468e+00 -1.018281370100602642e-02
1.661415309009922504e+09 1.568285822868347168e-01 -3.278485313057899475e-02 9.909348487854003906e-01 -5.369010567665100098e-01 6.117028594017028809e-01 3.703000843524932861e-01 4.476992785930633545e-01 8.803983876252864382e-01 -7.087416296675574934e-02 -1.508194640946802334e+00 2.064161562781222647e-01 -5.507474344421453560e-01 1.910385298832808942e+00 3.652559208642952027e-01
1.661415309043074131e+09 1.740910261869430542e-01 -1.319899689406156540e-02 9.896259903907775879e-01 -5.299555063247680664e-01 6.098217964172363281e-01 3.716807663440704346e-01 4.572941362857818604e-01 7.885047512664061786e-01 -4.211165339529295282e-01 -1.094012238781739033e+00 7.248942631766841505e-01 7.655444283308962539e-02 9.863011989129529811e-01 -1.913583634022968660e-01
1.661415309076642275e+09 1.809606999158859253e-01 9.194547310471534729e-03 9.773260354995727539e-01 -5.280555486679077148e-01 6.033376455307006836e-01 3.768966197967529297e-01 4.637780487537384033e-01 7.881463017553890227e-01 -1.261061593062338670e-01 -1.373960069697249153e+00 4.862284846032356445e-01 -1.216347179141861856e+00 1.511168954977738954e+00 1.026741049024756380e+00
1.661415309110157728e+09 1.859013438224792480e-01 3.158248960971832275e-02 9.677172899246215820e-01 -5.275299549102783203e-01 5.952764749526977539e-01 3.846447467803955078e-01 4.684084057807922363e-01 7.417103702212021199e-01 -1.066148478972875902e-01 -1.292963816935017718e+00 5.927036047396386786e-01 -1.732828768457025603e+00 1.365525514450733668e+00 1.539744923900552731e+00
1.661415309143227100e+09 2.000614404678344727e-01 5.171555280685424805e-02 9.667689800262451172e-01 -5.211600065231323242e-01 5.927340388298034668e-01 3.885020315647125244e-01 4.755258560180664062e-01 7.448660455577006401e-01 -3.120321858166632545e-01 -1.052628418387860920e+00 8.472782595244037207e-01 -1.049075036192921861e-01 8.196440949340438875e-01 1.093984170729582900e-01
1.661415309176519394e+09 2.118537127971649170e-01 7.307356595993041992e-02 9.484332799911499023e-01 -5.203222632408142090e-01 5.847432017326354980e-01 3.973172903060913086e-01 4.790398180484771729e-01 9.167040206273748826e-01 -3.373575733750772687e-01 -1.521439412922905188e+00 4.902272024699535491e-01 -1.840016285219908232e+00 1.748129156197452572e+00 1.608822902238219221e+00
1.661415309209905148e+09 2.206178158521652222e-01 9.390617907047271729e-02 9.431942701339721680e-01 -5.197882056236267090e-01 5.763399600982666016e-01 4.068334698677062988e-01 4.818080365657806396e-01 6.949165401591588243e-01 -2.417260411201276604e-01 -1.129229303342878410e+00 8.016689929258128400e-01 -1.640578889591564282e+00 1.070535300706056958e+00 1.456333463157724273e+00
1.661415309243540287e+09 2.273226380348205566e-01 1.144174262881278992e-01 9.353423714637756348e-01 -5.207079052925109863e-01 5.664481520652770996e-01 4.179859459400177002e-01 4.829984307289123535e-01 6.827208309923772367e-01 -2.061294227614935970e-01 -1.156436709500956228e+00 7.479695067437767131e-01 -1.672812254195404691e+00 1.197577232028486982e+00 1.452682478207912409e+00
1.661415309276660442e+09 2.353631556034088135e-01 1.344954371452331543e-01 9.310390353202819824e-01 -5.176767706871032715e-01 5.604555010795593262e-01 4.255460500717163086e-01 4.866322576999664307e-01 6.658211733722833037e-01 -1.578750703644595521e-01 -1.051959244843115648e+00 8.586471292244142184e-01 -4.238875183918133782e-01 8.694391747366068124e-01 3.895052932752980368e-01
1.661415309309938192e+09 2.399460524320602417e-01 1.545236557722091675e-01 9.398263692855834961e-01 -5.134854912757873535e-01 5.564972162246704102e-01 4.313354194164276123e-01 4.905030429363250732e-01 6.715037644257924043e-01 -1.568842431788794456e-02 -6.504185652443446042e-01 1.113468985173602155e+00 -1.775086295054737195e-01 9.381263795824063001e-02 3.043769637092105240e-01
1.661415309343250036e+09 2.460436671972274780e-01 1.745889782905578613e-01 9.383378028869628906e-01 -5.157347321510314941e-01 5.448774695396423340e-01 4.449526369571685791e-01 4.890230298042297363e-01 6.311306807603178637e-01 -2.201914026978539496e-01 -9.702478877879903152e-01 9.625827389496032227e-01 -2.141442302374889195e+00 9.430197960135134894e-01 1.938504798627804782e+00
1.661415309376513720e+09 2.556770145893096924e-01 1.944743692874908447e-01 9.404662847518920898e-01 -5.157579183578491211e-01 5.352383255958557129e-01 4.567304253578186035e-01 4.887852668762207031e-01 6.673407526580044102e-01 -2.702652061822221619e-01 -8.977598902278833837e-01 1.095309109687451210e+00 -1.699635121740045163e+00 7.348584129680382215e-01 1.594511027013725268e+00
1.661415309410035133e+09 2.658114135265350342e-01 2.144393473863601685e-01 9.484924674034118652e-01 -5.087182521820068359e-01 5.328094363212585449e-01 4.613049030303955078e-01 4.944872856140136719e-01 7.095463042030353273e-01 -1.161619620775335704e-01 -7.141658959259455930e-01 1.193572896440469044e+00 1.767386622587754363e-01 9.478796245806765663e-02 4.747295617389760830e-02
1.661415309443447113e+09 2.773788869380950928e-01 2.343015968799591064e-01 9.573176503181457520e-01 -5.041205286979675293e-01 5.276357531547546387e-01 4.683808982372283936e-01 4.980786144733428955e-01 7.368947945238074615e-01 -2.044043732425537829e-01 -7.327883420411465121e-01 1.269309712883759600e+00 -6.398550402252854985e-01 2.059997662211593694e-01 7.606853224926837242e-01
1.661415309476411581e+09 2.813450396060943604e-01 2.522316277027130127e-01 9.501327276229858398e-01 -4.970731139183044434e-01 5.252810120582580566e-01 4.724058806896209717e-01 5.038161873817443848e-01 5.981899456544902405e-01 5.069609009933583738e-02 -9.522071352767689234e-01 7.738054978019976993e-01 1.116336936297447124e+00 6.082551053825066001e-01 -9.139670001303882296e-01
1.661415309509996653e+09 2.827798426151275635e-01 2.723112702369689941e-01 9.365964531898498535e-01 -4.932545721530914307e-01 5.220054984092712402e-01 4.767639040946960449e-01 5.068591833114624023e-01 7.223041385506265843e-01 9.151422797425816380e-02 -1.125261692853117612e+00 7.908467246362282932e-01 6.955716709695044520e-01 6.863122172602502680e-01 -6.044487503734514711e-01
1.661415309542901039e+09 2.802134454250335693e-01 2.923761010169982910e-01 9.295448064804077148e-01 -4.890625178813934326e-01 5.176207423210144043e-01 4.818587899208068848e-01 5.105865597724914551e-01 6.510431139042928139e-01 1.910721165288825907e-01 -9.703182017945022331e-01 8.963809538771886354e-01 6.773784677111591712e-01 5.194467558133730734e-01 -5.488902869295982923e-01
1.661415309576769829e+09 2.758833765983581543e-01 3.123666048049926758e-01 9.255329966545104980e-01 -4.863995909690856934e-01 5.108701586723327637e-01 4.888318181037902832e-01 5.132938623428344727e-01 6.154282091023958179e-01 1.892847268976803332e-01 -8.726272055558422780e-01 9.340728766111423553e-01 2.081065094189167852e-01 4.952160094115916067e-01 -1.476207938522237084e-01
1.661415309609808683e+09 2.739463150501251221e-01 3.323270380496978760e-01 9.171394109725952148e-01 -4.891630113124847412e-01 5.179883837699890137e-01 4.816939234733581543e-01 5.102728009223937988e-01 6.580101908722636450e-01 2.133987516089541348e-01 -8.126703368418822793e-01 1.038332455141653732e+00 3.779289434288532479e-01 -9.336389931993521740e-01 -2.948878743762834986e-01
1.661415309643218517e+09 2.700797021389007568e-01 3.525384664535522461e-01 9.103627800941467285e-01 -4.818009436130523682e-01 5.177466273307800293e-01 4.817886948585510254e-01 5.173838138580322266e-01 6.484638652777831025e-01 2.817241521682484762e-01 -9.145340859978470238e-01 9.470994976238910068e-01 1.619487571404506276e+00 1.937481100744392615e-01 -1.386529145702585897e+00
1.661415309676567793e+09 2.623564600944519043e-01 3.726494312286376953e-01 8.968899250030517578e-01 -4.819073081016540527e-01 5.105611681938171387e-01 4.820717871189117432e-01 5.241177678108215332e-01 7.619055551254541037e-01 2.928877019652081914e-01 -1.057052884211679311e+00 8.599991506459612189e-01 8.272189842342244637e-01 5.461640641499814208e-01 -1.143254627316129701e+00
1.661415309710047722e+09 2.646739184856414795e-01 3.922675848007202148e-01 8.919110298156738281e-01 -4.851946830749511719e-01 5.109313130378723145e-01 4.852656424045562744e-01 5.177379250526428223e-01 6.084939195698755299e-01 -1.635657991410477061e-02 -8.325960446893306832e-01 1.194125668915087868e+00 -1.033945752353995440e+00 -4.540404015445698160e-01 1.141219798610524139e+00
1.661415309743318796e+09 2.586283981800079346e-01 4.117705225944519043e-01 8.875491619110107422e-01 -4.883542656898498535e-01 5.147521495819091797e-01 4.884898364543914795e-01 5.078561902046203613e-01 6.275465308641036133e-01 1.822801572927902625e-01 -7.309563941581104229e-01 1.144549995728300740e+00 -8.613074308180375116e-01 -7.419450985132457488e-01 1.220354297184925940e+00
1.661415309776480436e+09 2.538672685623168945e-01 4.319366216659545898e-01 8.787981867790222168e-01 -4.878773093223571777e-01 5.084785223007202148e-01 4.875576496124267578e-01 5.154734253883361816e-01 6.782732590272546602e-01 2.225704804059897290e-01 -9.815059041027955899e-01 1.071418851250086846e+00 8.082221849002039216e-01 2.266008459608343795e-01 -1.120098752361943895e+00
1.661415309810154676e+09 2.509526014328002930e-01 4.518589675426483154e-01 8.768578767776489258e-01 -4.835402965545654297e-01 5.193464756011962891e-01 4.839485287666320801e-01 5.121151804924011230e-01 6.006877225989165625e-01 2.282061352468917059e-01 -6.961127004753843162e-01 1.241892738293508769e+00 8.966691456908784108e-01 -1.100233903706704597e+00 -2.887496537354886095e-01
1.661415309843155384e+09 2.524427175521850586e-01 4.718897640705108643e-01 8.701740503311157227e-01 -4.826201200485229492e-01 5.136744976043701172e-01 4.821009635925292969e-01 5.203798413276672363e-01 6.414712582931186846e-01 7.822962851937002859e-02 -9.948534503702640697e-01 1.249866974889848326e+00 6.041843316514102780e-01 9.340216183381742920e-02 -9.466766878925846340e-01
1.661415309876376867e+09 2.459128350019454956e-01 4.819139242172241211e-01 8.613951206207275391e-01 -4.789860248565673828e-01 5.236539840698242188e-01 4.796486794948577881e-01 5.160388946533203125e-01 4.466655920861068996e-01 2.448542773402921924e-01 -4.672325332760436933e-01 5.149176284156340433e-01 1.098060908371509159e+00 -5.788701485058497243e-01 -5.292798452168221424e-01
1.661415309910127401e+09 2.453044950962066650e-01 4.885472059249877930e-01 8.570144176483154297e-01 -4.715506732463836670e-01 5.280078649520874023e-01 4.717884957790374756e-01 5.256075263023376465e-01 2.362190528139536394e-01 1.720950010859358947e-01 -3.499581560358764332e-01 3.504441649629332911e-01 2.428880362074811394e+00 -2.569412234934087894e-02 -2.348586866949336383e+00
1.661415309943610191e+09 2.551117241382598877e-01 4.933208525180816650e-01 8.493394255638122559e-01 -4.612368643283843994e-01 5.412043929100036621e-01 4.625721573829650879e-01 5.295143723487854004e-01 3.983233379200966096e-01 -3.462837660281652130e-02 -3.691316041893258348e-01 3.605953068570029174e-01 2.420836770795108173e+00 -3.556248052427169459e-01 -1.893854787711120036e+00
