1.661415321827567577e+09 1.378528122206244648e-16 -2.367949187755584717e-01 1.128897309303283691e+00 -6.125128269195556641e-01 6.125135421752929688e-01 3.533097505569458008e-01 3.533093035221099854e-01 0.000000000000000000e+00 0.000000000000000000e+00 0.000000000000000000e+00 0.000000000000000000e+00 0.000000000000000000e+00 0.000000000000000000e+00 0.000000000000000000e+00
1.661415321860245228e+09 1.757923141121864319e-02 -2.167904675006866455e-01 1.111413955688476562e+00 -6.062909364700317383e-01 6.132256984710693359e-01 3.540247082710266113e-01 3.619835674762725830e-01 9.748896866954812612e-01 -7.363363972675220914e-01 -1.086018386282481707e+00 -3.716051631895767038e-01 4.370170831651283838e-01 1.928401047284780123e+00 -6.657604021405395534e-01
1.661415321893646479e+09 4.078399017453193665e-02 -1.970142126083374023e-01 1.094931483268737793e+00 -5.935718417167663574e-01 6.187566518783569336e-01 3.506774306297302246e-01 3.766139149665832520e-01 1.037650007143230413e+00 -7.512618564048706427e-01 -1.118862598802959685e+00 -2.913142909777190481e-01 -9.264085156889808603e-01 1.986076861842323016e+00 7.686585577520941293e-01
1.661415321926898718e+09 5.994125828146934509e-02 -1.769975125789642334e-01 1.075012207031250000e+00 -5.859776139259338379e-01 6.187220215797424316e-01 3.507242202758789062e-01 3.883372545242309570e-01 1.026216335282501779e+00 -6.642416026268673779e-01 -1.239094815957362261e+00 -3.631302909964710390e-01 -7.431362091505666623e-02 2.212301804115776704e+00 -1.916874663929737654e-01
1.661415321959946394e+09 7.651273161172866821e-02 -1.568291932344436646e-01 1.062580227851867676e+00 -5.791754722595214844e-01 6.177827119827270508e-01 3.522687256336212158e-01 3.985059857368469238e-01 8.748704645455950279e-01 -5.561778881458226964e-01 -1.231901537889375620e+00 3.662844920174597712e-03 1.433880536553072682e-01 1.842814095484195835e+00 -3.361532629362414260e-01
1.661415321993087053e+09 1.010161340236663818e-01 -1.374528408050537109e-01 1.047577381134033203e+00 -5.675306320190429688e-01 6.212038397789001465e-01 3.515993654727935791e-01 4.103568196296691895e-01 1.045683959208173697e+00 -7.697411675353589278e-01 -1.313336250211931899e+00 -2.426463815235099450e-02 -5.444969856224708415e-01 1.942883336321456822e+00 4.958135436947187502e-01
1.661415322026364565e+09 1.156677007675170898e-01 -1.171979084610939026e-01 1.027592301368713379e+00 -5.628210902214050293e-01 6.203620433807373047e-01 3.519614636898040771e-01 4.177397489547729492e-01 9.617672246987288842e-01 -4.277401432443375673e-01 -1.438713641789364006e+00 -7.583279552939266310e-02 3.789510389067110574e-02 1.935394232923647539e+00 -2.046896395995524698e-01
1.661415322060193300e+09 1.195687726140022278e-01 -9.503738582134246826e-02 1.025402426719665527e+00 -5.601087808609008789e-01 6.154634952545166016e-01 3.574323356151580811e-01 4.239398241043090820e-01 6.682951587064389631e-01 -5.481785978183298380e-02 -1.143659240036903446e+00 5.562094146796209282e-01 7.088402416002552719e-01 1.174713489108735187e+00 -7.821843482899328848e-01
1.661415322093413830e+09 1.217056363821029663e-01 -7.348004728555679321e-02 1.006998419761657715e+00 -5.595277547836303711e-01 6.123837232589721680e-01 3.597295284271240234e-01 4.272114038467407227e-01 8.556518913338727605e-01 1.816801667864327216e-02 -1.434255287663565026e+00 1.270191488325122242e-01 2.441043522647634578e-01 1.595851004793846339e+00 -3.304420912201145866e-01
1.661415322126590967e+09 1.342492699623107910e-01 -5.290025472640991211e-02 9.994618296623229980e-01 -5.525857210159301758e-01 6.111339330673217773e-01 3.628352284431457520e-01 4.353329837322235107e-01 7.611308983324303057e-01 -3.071602955757570252e-01 -1.242218428019984833e+00 4.582069169974766765e-01 1.472273878401862387e-03 1.383408800708948450e+00 3.763490679796594428e-03
1.661415322159752607e+09 1.423771232366561890e-01 -3.115562349557876587e-02 9.876231551170349121e-01 -5.479587316513061523e-01 6.076800823211669922e-01 3.666326701641082764e-01 4.427715241909027100e-01 7.858023797143744993e-01 -1.576362232119465911e-01 -1.363068089950109307e+00 3.958031782039027613e-01 -3.373012649452099554e-01 1.565863231853345638e+00 2.743712057477072364e-01
1.661415322193048477e+09 1.462627053260803223e-01 -9.527206420898437500e-03 9.778864979743957520e-01 -5.450496077537536621e-01 6.024671196937561035e-01 3.718321025371551514e-01 4.491048157215118408e-01 7.218659524997795840e-01 -3.689743961570883524e-02 -1.274036290741799471e+00 4.736987415507194488e-01 -6.192117670527761408e-01 1.405368771545919104e+00 5.369832055523003911e-01
1.661415322226789713e+09 1.524239778518676758e-01 1.260210387408733368e-02 9.721706509590148926e-01 -5.425891876220703125e-01 5.964999794960021973e-01 3.773414194583892822e-01 4.554099142551422119e-01 7.015591139668322374e-01 -1.223473475339981603e-01 -1.191959896719679390e+00 6.504045526717608938e-01 -1.165352290841117577e+00 1.163067605331715049e+00 1.017643446447144218e+00
1.661415322260188580e+09 1.625756472349166870e-01 3.388048335909843445e-02 9.722519516944885254e-01 -5.382111072540283203e-01 5.921927690505981445e-01 3.824904263019561768e-01 4.618847072124481201e-01 7.058951743374637378e-01 -2.348851516154929209e-01 -1.038914992338913379e+00 8.364054036401267211e-01 -8.696675138898667390e-01 8.327302985433585603e-01 7.983774823160945111e-01
1.661415322293218851e+09 1.752004921436309814e-01 5.505064874887466431e-02 9.639050960540771484e-01 -5.341125130653381348e-01 5.876197814941406250e-01 3.881511092185974121e-01 4.677237868309020996e-01 7.878740334370664122e-01 -3.226292290416691855e-01 -1.261317211679018779e+00 6.735028606005362128e-01 -1.073589843911864516e+00 1.233286683440272702e+00 9.741505259433010933e-01
1.661415322326396942e+09 1.848017424345016479e-01 7.657686620950698853e-02 9.523574709892272949e-01 -5.337579250335693359e-01 5.788844823837280273e-01 3.974348306655883789e-01 4.712119996547698975e-01 7.910970264096902627e-01 -2.947951175438109361e-01 -1.332672105729135525e+00 6.267195856567827628e-01 -2.119590900849528836e+00 1.458667992219376819e+00 1.869678876582947069e+00
1.661415322359791040e+09 1.916361302137374878e-01 9.722124785184860229e-02 9.480077028274536133e-01 -5.326898694038391113e-01 5.709012150764465332e-01 4.063191115856170654e-01 4.745714366436004639e-01 6.640997211787315058e-01 -1.851907406361955888e-01 -1.075172474615299079e+00 7.787133224702922352e-01 -1.319999463749107926e+00 1.025984233867897943e+00 1.160847539608018675e+00
1.661415322393591881e+09 2.066069692373275757e-01 1.177179664373397827e-01 9.354853034019470215e-01 -5.320464372634887695e-01 5.622510910034179688e-01 4.161230325698852539e-01 4.771183431148529053e-01 8.373419535691661864e-01 -4.446327948381346706e-01 -1.325283243962305901e+00 6.980455972381994778e-01 -1.763538713250655920e+00 1.439179013818644881e+00 1.489958606267230312e+00
1.661415322426876783e+09 2.203863412141799927e-01 1.378568261861801147e-01 9.244151115417480469e-01 -5.299820303916931152e-01 5.552060008049011230e-01 4.250078797340393066e-01 4.798268079757690430e-01 8.050319015341962370e-01 -3.715517712676650319e-01 -1.276981048432930699e+00 7.732587303797893163e-01 -1.027663002115903890e+00 1.269858982880392340e+00 8.637269453764091498e-01
1.661415322460060835e+09 2.346843630075454712e-01 1.579199284315109253e-01 9.265472292900085449e-01 -5.298709273338317871e-01 5.457056164741516113e-01 4.361401200294494629e-01 4.808576703071594238e-01 7.451976187242630445e-01 -4.214629513306303865e-01 -9.400644488143410360e-01 1.096889599084572842e+00 -2.080482558079132627e+00 7.929545376563665871e-01 1.864292912611475117e+00
1.661415322493163109e+09 2.334451079368591309e-01 1.778861284255981445e-01 9.289454817771911621e-01 -5.293838977813720703e-01 5.395300984382629395e-01 4.434612095355987549e-01 4.816659986972808838e-01 6.086550484145372142e-01 9.496986853558556096e-02 -7.594514194481440938e-01 9.760837162514616194e-01 -4.692336948085576998e-01 3.155184915011823299e-01 4.887448397687619295e-01
1.661415322526792526e+09 2.381608635187149048e-01 1.977140754461288452e-01 9.389854669570922852e-01 -5.293026566505432129e-01 5.355885028839111328e-01 4.489754438400268555e-01 4.810453951358795166e-01 6.755916057565374278e-01 -6.550611943631330647e-02 -5.780203562217181013e-01 1.215584877649043438e+00 -1.215538742417024531e+00 -1.939711254456041312e-01 1.266221208342895199e+00
1.661415322560355425e+09 2.495984435081481934e-01 2.171839028596878052e-01 9.332973957061767578e-01 5.351556539535522461e-01 -5.282130837440490723e-01 -4.560656845569610596e-01 -4.760288596153259277e-01 6.938074285580010381e-01 -3.338901703812124366e-01 -1.013628496121995459e+00 1.056848888525220520e+00 -2.314901152340569812e+00 5.130912363438007162e-01 1.991053758459338185e+00
1.661415322593417645e+09 2.596481144428253174e-01 2.367272377014160156e-01 9.415267705917358398e-01 5.327563881874084473e-01 -5.208228826522827148e-01 -4.664447903633117676e-01 -4.768055379390716553e-01 7.097574009577398702e-01 -2.325396036458481086e-01 -7.363591967983751374e-01 1.250088469752802744e+00 -1.300921264899177698e+00 4.465958238348690101e-01 1.381355678258746389e+00
1.661415322626580954e+09 2.653245031833648682e-01 2.566068768501281738e-01 9.431511163711547852e-01 5.286443233489990234e-01 -5.173664093017578125e-01 -4.727398753166198730e-01 -4.789407253265380859e-01 6.253262166524696797e-01 -4.193142065146605174e-02 -8.280775720794903982e-01 1.100388729124091913e+00 -8.360412319379739721e-02 2.717345891769316069e-01 2.765702246065826486e-01
1.661415322659843445e+09 2.638580799102783203e-01 2.773222923278808594e-01 9.335435628890991211e-01 -5.182753205299377441e-01 5.193659067153930664e-01 4.737122058868408203e-01 4.870795607566833496e-01 6.879206985572338118e-01 2.745731139398767118e-01 -1.012781717831674477e+00 7.933139072945728509e-01 2.464767215013047519e+00 2.628676151881593204e-01 -2.050847760825802446e+00
1.661415322693344355e+09 2.630468010902404785e-01 2.974564135074615479e-01 9.335660934448242188e-01 -5.121313929557800293e-01 5.162488222122192383e-01 4.793654978275299072e-01 4.913423955440521240e-01 6.014902875207865929e-01 1.518187048047506815e-01 -8.088033189520390520e-01 1.010776576861554643e+00 7.262476257233276833e-01 2.596976786392239944e-01 -4.550663685334281339e-01
1.661415322726895332e+09 2.634590864181518555e-01 3.177194297313690186e-01 9.208105206489562988e-01 -5.059695243835449219e-01 5.130754709243774414e-01 4.846106171607971191e-01 4.958840012550354004e-01 7.137531980249207653e-01 1.205672307861808262e-01 -1.112844219615873875e+00 8.410724349588550863e-01 1.073749412264664915e+00 6.918663552085083657e-01 -8.836193746974139174e-01
1.661415322760290384e+09 2.635107040405273438e-01 3.381859660148620605e-01 9.190305471420288086e-01 -4.939472377300262451e-01 5.156000256538391113e-01 4.834366142749786377e-01 5.064207315444946289e-01 6.151766867272899786e-01 2.489019174348258423e-01 -8.379917730873897019e-01 1.020486102956996710e+00 2.299645755757285137e+00 -2.579092539007909763e-03 -1.872211315601876036e+00
1.661415322793396235e+09 2.648897469043731689e-01 3.581862449645996094e-01 9.265540242195129395e-01 -4.878134131431579590e-01 5.133554339408874512e-01 4.862767159938812256e-01 5.118976831436157227e-01 6.468034442970933551e-01 1.093948543526059719e-01 -6.550022886283943802e-01 1.256774165545678335e+00 5.479599054694995752e-01 -1.813572372944745326e-01 -3.278059707577787307e-01
1.661415322826611519e+09 2.683292627334594727e-01 3.781408369541168213e-01 9.139547944068908691e-01 -4.860876500606536865e-01 5.116482377052307129e-01 4.880449473857879639e-01 5.135630369186401367e-01 7.180013336944925939e-01 2.267870559672539171e-02 -1.085418559194407440e+00 1.024531262996014158e+00 2.113503989959746310e-01 2.476280077239538246e-01 -1.867934307270082972e-01
1.661415322859859467e+09 2.537710964679718018e-01 3.984533846378326416e-01 8.978430032730102539e-01 -4.830467700958251953e-01 5.134458541870117188e-01 4.862728416919708252e-01 5.163118243217468262e-01 8.943203758131894610e-01 5.021506089236353887e-01 -1.004634835370155743e+00 7.954451459809858127e-01 1.720901558045306423e+00 4.388640139733222811e-02 -1.532255564786680457e+00
1.661415322893285990e+09 2.475103884935379028e-01 4.182890057563781738e-01 8.869057297706604004e-01 -4.882127046585083008e-01 5.182098746299743652e-01 4.810195565223693848e-01 5.115926265716552734e-01 7.030487112251118109e-01 2.431085266159621894e-01 -8.516117347182599051e-01 1.068335160799329886e+00 7.217638962567167471e-02 -8.452841881438878380e-01 -7.993967473575905314e-02
1.661415322927090406e+09 2.502550482749938965e-01 4.383436143398284912e-01 8.787580728530883789e-01 -4.812363386154174805e-01 5.151934027671813965e-01 4.844096601009368896e-01 5.180102586746215820e-01 6.454726309039583443e-01 5.847279956000443757e-02 -1.025604023608036597e+00 1.132355451723351170e+00 8.047773505542741290e-01 4.004912161635266754e-01 -6.530712932839782825e-01
1.661415322960025072e+09 2.447214424610137939e-01 4.584763050079345703e-01 8.687171339988708496e-01 -4.805416166782379150e-01 5.256122946739196777e-01 4.731984734535217285e-01 5.185506939888000488e-01 7.034600430461495080e-01 3.266648191009697832e-01 -8.547612422077950356e-01 1.168425966970306984e+00 1.786574028636506828e+00 -1.120035682135162025e+00 -1.602255301787391950e+00
1.661415322993175745e+09 2.463038563728332520e-01 4.785364866256713867e-01 8.641492128372192383e-01 -4.676687717437744141e-01 5.279183387756347656e-01 4.706312716007232666e-01 5.301835536956787109e-01 6.224445958439588367e-01 1.825480262042308843e-01 -9.629337998128247866e-01 1.252343340095535940e+00 2.512977217889087012e+00 1.447244967379090475e-01 -2.175793664949404960e+00
1.661415323026490450e+09 2.427134215831756592e-01 4.893863499164581299e-01 8.611711859703063965e-01 -4.671307802200317383e-01 5.376690626144409180e-01 4.591389298439025879e-01 5.309351086616516113e-01 3.545023053412720282e-01 2.272418538566777779e-01 -3.763741519657357593e-01 7.150206916050804162e-01 1.950775084109920954e+00 -9.999365546704553909e-01 -1.848829119265342991e+00
1.661415323059937477e+09 2.393726706504821777e-01 4.921880364418029785e-01 8.579095005989074707e-01 -4.548385739326477051e-01 5.390067100524902344e-01 4.579751193523406982e-01 5.411584377288818359e-01 1.627964684674181040e-01 1.999500600585651933e-01 -2.418927768891264429e-01 6.459113760916933289e-02 2.275987349964338158e+00 7.559129553626394715e-01 -1.949595867847525810e+00
1.661415323093568325e+09 2.468058019876480103e-01 5.012251138687133789e-01 8.484771251678466797e-01 -4.468587040901184082e-01 5.441427230834960938e-01 4.521464705467224121e-01 5.475304722785949707e-01 4.469002574510247405e-01 -1.882524915340853464e-02 -6.233954290159625655e-01 6.074474564074797689e-01 1.678580249904720212e+00 1.467817771649183312e-01 -1.477435942010191683e+00
