1.661415456362160444e+09 1.378528122206244648e-16 -2.367949187755584717e-01 1.128897309303283691e+00 -6.125128269195556641e-01 6.125135421752929688e-01 3.533097505569458008e-01 3.533093035221099854e-01 0.000000000000000000e+00 0.000000000000000000e+00 0.000000000000000000e+00 0.000000000000000000e+00 0.000000000000000000e+00 0.000000000000000000e+00 0.000000000000000000e+00
1.661415456395544529e+09 1.342351175844669342e-02 -2.168285399675369263e-01 1.149194240570068359e+00 6.117992401123046875e-01 -6.061878204345703125e-01 -3.615318536758422852e-01 -3.571173250675201416e-01 9.428795930107042311e-01 -7.538762765870603566e-01 -9.031196879151488499e-01 1.210656670905813970e+00 1.912723178808992897e+00 2.487739379134245032e-01 -2.138577153643417272e+00
1.661415456428141356e+09 3.275322541594505310e-02 -1.968246847391128540e-01 1.169219255447387695e+00 -6.016535758972167969e-01 6.090873479843139648e-01 3.631226718425750732e-01 3.676513135433197021e-01 1.051490623421039272e+00 -7.244436391701501998e-01 -9.355893140247668605e-01 1.254308925808156117e+00 8.488542387132648470e-02 2.918364970655372703e-01 -1.204535493850811684e-01
1.661415456461201906e+09 5.029676109552383423e-02 -1.767474859952926636e-01 1.189390063285827637e+00 -5.960751771926879883e-01 6.073173880577087402e-01 3.656474947929382324e-01 3.770435750484466553e-01 1.011250089300417487e+00 -6.743631326095341771e-01 -9.372457256178110541e-01 1.276364676846324375e+00 6.149008454819642200e-01 2.374901805997968185e-01 -8.437091637476293871e-01
1.661415456494260073e+09 6.456519663333892822e-02 -1.565580517053604126e-01 1.210147619247436523e+00 -5.939445495605468750e-01 6.022610068321228027e-01 3.745798170566558838e-01 3.797387480735778809e-01 9.764978146917265844e-01 -6.742809381357306453e-01 -9.537982350087589323e-01 1.342834239910305039e+00 1.952192719575664537e+00 7.220127162687765832e-02 -1.950060021498101648e+00
1.661415456527744532e+09 7.788303494453430176e-02 -1.363536417484283447e-01 1.231580257415771484e+00 5.958552360534667969e-01 -5.932711362838745117e-01 -3.840434253215789795e-01 -3.814399242401123047e-01 9.653895529209052251e-01 -6.536025075672619034e-01 -9.600015354878976837e-01 1.398271663827575617e+00 2.380511059220069114e+00 -1.181448813074087584e-01 -2.538802111067173239e+00
1.661415456560959816e+09 9.842773526906967163e-02 -1.164039298892021179e-01 1.251413822174072266e+00 -5.849133133888244629e-01 5.963937044143676758e-01 3.843271732330322266e-01 3.930439651012420654e-01 1.048750675452364778e+00 -5.741974764146466903e-01 -9.571433397023673129e-01 1.347092726910798621e+00 -2.668768221954065378e-01 2.578827106613041931e-01 2.849541235083792867e-01
1.661415456594577312e+09 1.127384901046752930e-01 -9.604242444038391113e-02 1.273147821426391602e+00 -5.868403911590576172e-01 5.873050093650817871e-01 3.937594294548034668e-01 3.945183753967285156e-01 9.828727455803049073e-01 -6.220429400435175671e-01 -9.954749551747468228e-01 1.491360423613617092e+00 2.329057522883485998e+00 -2.627797404146544058e-01 -2.426187553427189947e+00
1.661415456627911329e+09 1.283904314041137695e-01 -7.570838928222656250e-02 1.294876337051391602e+00 5.879145264625549316e-01 -5.788685083389282227e-01 -4.022641181945800781e-01 -3.968013823032379150e-01 1.008704344068336090e+00 -6.191699440169380342e-01 -1.027134433139214709e+00 1.552222147998947754e+00 2.063012091398176207e+00 -3.367048221298489241e-01 -2.137567494387106581e+00
1.661415456661256552e+09 1.472929567098617554e-01 -5.607815831899642944e-02 1.313720703125000000e+00 -5.750398039817810059e-01 5.840997695922851562e-01 3.986745476722717285e-01 4.113578796386718750e-01 9.936201518060426841e-01 -3.267963304383372236e-01 -9.457697604057984098e-01 1.390011220638946998e+00 -1.318520451496096868e+00 3.891694126791594432e-01 1.306482830339840362e+00
1.661415456694280386e+09 1.603908389806747437e-01 -3.558700531721115112e-02 1.335519909858703613e+00 5.771340131759643555e-01 -5.745455026626586914e-01 -4.091470837593078613e-01 -4.115975797176361084e-01 9.889695514486320782e-01 -5.162991645541268326e-01 -1.061217964766514754e+00 1.656200606315950008e+00 2.222812777339430834e+00 -4.632976815296703799e-01 -2.166534227923740286e+00
1.661415456727910995e+09 1.745231598615646362e-01 -1.602076366543769836e-02 1.346503615379333496e+00 -5.642942786216735840e-01 5.785757303237915039e-01 4.070788323879241943e-01 4.255691170692443848e-01 7.885066109516530863e-01 -1.390454835460594729e-01 -8.823411567198906624e-01 1.025679087607705986e+00 -1.180591728799172513e+00 7.646427188085286319e-01 1.203226312158463873e+00
1.661415456761230230e+09 1.831763982772827148e-01 4.223161377012729645e-03 1.361413002014160156e+00 -5.623850226402282715e-01 5.723811984062194824e-01 4.131272137165069580e-01 4.306144416332244873e-01 7.980131224059360262e-01 -1.966126057941307292e-01 -9.577413858084410370e-01 1.308960362720478665e+00 8.949725857549327701e-01 8.614438746795939628e-02 -9.017844024691736848e-01
1.661415456794657230e+09 1.950497627258300781e-01 2.473295107483863831e-02 1.380776166915893555e+00 -5.632655024528503418e-01 5.636298060417175293e-01 4.223813414573669434e-01 4.320270717144012451e-01 9.155256076021517364e-01 -3.782891345537324201e-01 -1.053774042630870600e+00 1.630261653238006536e+00 1.747931648426914952e+00 -3.861235206587448343e-01 -1.656870084545609467e+00
1.661415456827882767e+09 2.022751420736312866e-01 4.502207785844802856e-02 1.391147613525390625e+00 5.610083937644958496e-01 -5.576000809669494629e-01 -4.291615188121795654e-01 -4.360873103141784668e-01 7.194595064622378855e-01 -1.352411996477162481e-01 -9.474016592911208567e-01 1.161559404069075319e+00 9.863855523475364429e-01 1.768886790075665794e-01 -9.124491628943206534e-01
1.661415456860898495e+09 2.049286365509033203e-01 6.441985815763473511e-02 1.393436670303344727e+00 -5.495949387550354004e-01 5.596709251403808594e-01 4.291703104972839355e-01 4.478021264076232910e-01 5.970424383120972456e-01 2.197684853671343086e-01 -7.623301271249480759e-01 6.300402534708704483e-01 -1.122727739517721313e+00 1.128660776035303126e+00 1.176497061369754515e+00
1.661415456894607544e+09 2.058534473180770874e-01 8.466681838035583496e-02 1.402338743209838867e+00 -5.477114915847778320e-01 5.529850721359252930e-01 4.357265233993530273e-01 4.520641565322875977e-01 6.567044517549942562e-01 6.769953013825308341e-02 -8.712328198005645508e-01 1.068300477453197672e+00 6.993733186317843131e-01 2.792814844337269120e-01 -6.669296886573438110e-01
1.661415456928089380e+09 2.133097201585769653e-01 1.052858531475067139e-01 1.415896773338317871e+00 5.477005839347839355e-01 -5.447378158569335938e-01 -4.445806145668029785e-01 -4.534676074981689453e-01 7.699421310344606306e-01 -1.901095358864958451e-01 -1.014491671307304221e+00 1.458566567581570661e+00 1.496929009095280705e+00 -2.138886261948424738e-01 -1.362768014937431715e+00
1.661415456961192608e+09 2.129357755184173584e-01 1.248253956437110901e-01 1.407189011573791504e+00 -5.365678071975708008e-01 5.463330745697021484e-01 4.450243413448333740e-01 4.642934799194335938e-01 6.463205271485534809e-01 2.881132066432630645e-01 -6.909172198008571852e-01 1.254762243441525094e-01 -7.022558952558550782e-01 1.518004455042060163e+00 7.184381149081758844e-01
1.661415456994259357e+09 2.165428996086120605e-01 1.455708742141723633e-01 1.413063645362854004e+00 -5.348600745201110840e-01 5.396903157234191895e-01 4.522368311882019043e-01 4.670557081699371338e-01 6.611133005591386391e-01 -3.038340354626276399e-02 -9.470717217693223056e-01 1.101098592702878465e+00 1.229594659396708645e+00 1.945485935375868836e-01 -1.139447553286282888e+00
1.661415457027775049e+09 2.204779982566833496e-01 1.661246716976165771e-01 1.412409067153930664e+00 -5.299267172813415527e-01 5.359253883361816406e-01 4.569355547428131104e-01 4.724103212356567383e-01 6.247025058505653039e-01 2.619295987966065511e-02 -8.787331799135041921e-01 7.573216000592185582e-01 7.561504589665429821e-01 6.229663287951502371e-01 -6.956033458222096177e-01
1.661415457061030388e+09 2.228574007749557495e-01 1.862668693065643311e-01 1.407233715057373047e+00 -5.220741629600524902e-01 5.345057249069213867e-01 4.593578875064849854e-01 4.803462922573089600e-01 6.294365976534226359e-01 1.271011180508157812e-01 -8.172288912876068956e-01 4.998047922175769542e-01 1.892685544817581944e-01 1.024946764955900758e+00 -1.623239432013288686e-01
1.661415457094504595e+09 2.281549423933029175e-01 2.078236341476440430e-01 1.415972948074340820e+00 -5.219242572784423828e-01 5.268667936325073242e-01 4.681376814842224121e-01 4.804723560810089111e-01 7.126828399180892282e-01 -1.108184194491026175e-01 -1.047076053236532411e+00 1.443361163370421085e+00 1.666926834575502614e+00 -2.452718869260210321e-01 -1.490505294389051105e+00
1.661415457127750397e+09 2.359337210655212402e-01 2.292243689298629761e-01 1.426192760467529297e+00 5.240746736526489258e-01 -5.190333127975463867e-01 -4.768869876861572266e-01 -4.780470132827758789e-01 7.507376261695908326e-01 -2.032407755201299238e-01 -1.126843014127678400e+00 1.687713740222506864e+00 1.626609534122750667e+00 -6.591949531611071000e-01 -1.414592429362262482e+00
1.661415457160946608e+09 2.477363497018814087e-01 2.495737820863723755e-01 1.429676651954650879e+00 5.198113322257995605e-01 -5.165399909019470215e-01 -4.810010194778442383e-01 -4.812698364257812500e-01 7.163783330842605768e-01 -1.913195580663045736e-01 -1.049834912822746658e+00 1.310499370005633990e+00 6.694658826704249499e-01 2.641674396662715626e-02 -4.991790782027848428e-01
1.661415457194457769e+09 2.537236809730529785e-01 2.676784992218017578e-01 1.426193237304687500e+00 -5.169463753700256348e-01 5.196196436882019043e-01 4.780873954296112061e-01 4.839362502098083496e-01 5.784523342724550155e-01 1.581447349790883125e-02 -8.461275768493446980e-01 9.055170046543850049e-01 -9.067330690443823338e-01 1.655195131082548565e-01 8.843083015546705505e-01
1.661415457227739811e+09 2.550981938838958740e-01 2.898110449314117432e-01 1.428061246871948242e+00 5.172263383865356445e-01 -5.112780332565307617e-01 -4.876579046249389648e-01 -4.829715490341186523e-01 6.686406559804813909e-01 -1.286951445769524529e-03 -1.076411902140911980e+00 1.314993358379713317e+00 1.734062934339773321e+00 -1.566434819540813150e-01 -1.525274417194295573e+00
1.661415457261229277e+09 2.578993737697601318e-01 3.102231621742248535e-01 1.427321672439575195e+00 5.125906467437744141e-01 -5.076720714569091797e-01 -4.921364188194274902e-01 -4.871567189693450928e-01 6.156173137090451553e-01 5.390735310290844379e-02 -9.588259724796296402e-01 1.076475964167708854e+00 5.624157312694777477e-01 3.437864377259787774e-01 -4.575163961781512079e-01
1.661415457294497490e+09 2.651105225086212158e-01 3.311975300312042236e-01 1.426240921020507812e+00 5.075356364250183105e-01 -5.036054849624633789e-01 -4.966772794723510742e-01 -4.920373260974884033e-01 6.674747666565299387e-01 -5.201344408132699965e-02 -1.057170310065014718e+00 1.209026057077573491e+00 8.224399651800633482e-01 2.956970330236814437e-01 -7.197237890205184785e-01
1.661415457327576876e+09 2.607182264328002930e-01 3.509169816970825195e-01 1.413010954856872559e+00 -4.969163239002227783e-01 5.043324828147888184e-01 4.956921041011810303e-01 5.030031800270080566e-01 7.300359761643951950e-01 3.416871910271337409e-01 -7.274770871287883356e-01 2.157031439969929465e-01 -7.003285640376023802e-02 1.518623116739681089e+00 -5.625198303265631361e-02
1.661415457361113787e+09 2.589755952358245850e-01 3.711867630481719971e-01 1.416187167167663574e+00 -4.933459460735321045e-01 4.982052147388458252e-01 5.012894868850708008e-01 5.070603489875793457e-01 6.139801064197883962e-01 1.326370651203787054e-01 -1.003635094739483646e+00 1.379013513518517531e+00 4.657677097938610622e-01 1.604275443967201620e-01 -3.962266314753531415e-01
1.661415457394390106e+09 2.580161988735198975e-01 3.867246508598327637e-01 1.394869089126586914e+00 -4.929902255535125732e-01 5.055725574493408203e-01 4.939882457256317139e-01 5.072799324989318848e-01 7.932697988701472580e-01 1.795554572488717859e-01 -5.940565119510375913e-01 9.336072891517171665e-03 -1.317495272545869067e+00 5.405043047732681627e-01 1.149571355808455042e+00
1.661415457427796841e+09 2.623450756072998047e-01 4.035397171974182129e-01 1.387916803359985352e+00 -4.953414201736450195e-01 5.071824789047241211e-01 4.935929179191589355e-01 5.037547945976257324e-01 5.598713381552248292e-01 -3.626356264454298761e-02 -8.854005416869519252e-01 1.043337201284441518e+00 -5.084892266617589973e-01 -3.960910222076373666e-01 5.865075589488792929e-01
1.661415457461108208e+09 2.572828531265258789e-01 4.202016294002532959e-01 1.373231053352355957e+00 -4.920498132705688477e-01 5.088470578193664551e-01 4.915613234043121338e-01 5.072762370109558105e-01 6.838429196792629172e-01 2.532150113635878164e-01 -6.782067771948835366e-01 3.077280778105379588e-01 -5.229459850971717172e-01 7.164926342882002031e-01 4.214109953822240406e-01
1.661415457494280815e+09 2.514000833034515381e-01 4.430351555347442627e-01 1.365396738052368164e+00 -4.952264428138732910e-01 5.020661354064941406e-01 4.958887994289398193e-01 5.067296028137207031e-01 7.490094731046778032e-01 1.768685689853927434e-01 -1.130314625257111683e+00 1.274984556212445330e+00 9.864425595150657644e-01 -1.130571926245726860e-01 -1.076821562921646436e+00
1.661415457527693272e+09 2.546161413192749023e-01 4.609248638153076172e-01 1.348244428634643555e+00 -4.951106905937194824e-01 5.059728026390075684e-01 4.954168200492858887e-01 5.034075379371643066e-01 7.479763368940817170e-01 1.343111728914116003e-02 -8.943112240748707364e-01 6.657221874984831089e-01 -1.489181381099444756e-01 2.917795390345406803e-02 3.066114411250288607e-01
1.661415457561045647e+09 2.504480183124542236e-01 4.793880283832550049e-01 1.341972231864929199e+00 -4.961350560188293457e-01 5.012973546981811523e-01 4.960168302059173584e-01 5.064764618873596191e-01 5.978573808309051163e-01 1.622550135120693071e-01 -9.488393944744131225e-01 1.129169320790230913e+00 -7.705581206033779162e-02 7.580079617206718356e-02 -1.372259165710969508e-01
1.661415457594496012e+09 2.465497404336929321e-01 4.886478185653686523e-01 1.340436577796936035e+00 -4.942835271358489990e-01 5.045307278633117676e-01 4.972913861274719238e-01 5.038192272186279297e-01 3.038408649102906645e-01 1.325916507220706309e-01 -4.882238645902135521e-01 7.278451823772806861e-01 -1.268612950927049621e+00 -1.399147777711423624e-01 1.533175631873933797e+00
1.661415457627760887e+09 2.439724504947662354e-01 5.005376338958740234e-01 1.329254031181335449e+00 -4.985027015209197998e-01 5.033855438232421875e-01 4.895281791687011719e-01 5.083898305892944336e-01 4.967555510446038380e-01 1.389856171937437213e-01 -5.753929964366543137e-01 4.656238718633665674e-01 -1.224747868360476888e+00 1.525543121733206886e-01 6.296542685921521221e-01
1.661415457660832405e+09 2.476552426815032959e-01 4.953681528568267822e-01 1.337657213211059570e+00 -5.026507377624511719e-01 5.006594061851501465e-01 4.891327619552612305e-01 5.073771476745605469e-01 3.184282332204875776e-01 -1.382780015965182074e-01 1.677150603601946510e-01 1.410284395002087965e-01 2.286748237473029410e-01 -5.300271027232666965e-01 -3.608587456034043628e-01
1.661415457694412231e+09 2.450685352087020874e-01 5.008583664894104004e-01 1.347521543502807617e+00 -5.021417140960693359e-01 4.985776245594024658e-01 4.971359670162200928e-01 5.021254420280456543e-01 3.449040534662474178e-01 1.417067643999066900e-02 -4.385219434345647427e-01 1.102795921092036169e+00 1.633034941532485185e-01 -6.569678179748305036e-01 3.089358931429213029e-01
