1.661415483629203796e+09 1.378528122206244648e-16 -2.367949187755584717e-01 1.128897309303283691e+00 -6.125128269195556641e-01 6.125135421752929688e-01 3.533097505569458008e-01 3.533093035221099854e-01 0.000000000000000000e+00 0.000000000000000000e+00 0.000000000000000000e+00 0.000000000000000000e+00 0.000000000000000000e+00 0.000000000000000000e+00 0.000000000000000000e+00
1.661415483661588669e+09 1.778799295425415039e-02 -2.167669683694839478e-01 1.148913383483886719e+00 -6.052607297897338867e-01 6.126209497451782227e-01 3.560093045234680176e-01 3.627841174602508545e-01 1.032553690539660840e+00 -7.655596263717188155e-01 -9.338743889893474925e-01 1.234420639465731107e+00 5.136056264021316986e-01 3.142044592069863085e-01 -6.908069876822048316e-01
1.661415483694583178e+09 3.238571062684059143e-02 -1.966768652200698853e-01 1.169198274612426758e+00 -6.026647090911865234e-01 6.080822348594665527e-01 3.632414937019348145e-01 3.675416409969329834e-01 9.718369766820296185e-01 -7.259098281485412141e-01 -9.286825888240094473e-01 1.255424188000472396e+00 1.622794029442249153e+00 2.322989535797046201e-01 -1.767516267994970303e+00
1.661415483727838039e+09 5.038492009043693542e-02 -1.766154617071151733e-01 1.189334869384765625e+00 -5.957031250000000000e-01 6.076700687408447266e-01 3.658175766468048096e-01 3.768983781337738037e-01 1.011699531894779902e+00 -6.737581660264341243e-01 -9.312427765708118921e-01 1.267107493115598116e+00 4.995664050120777744e-01 2.422437397067200016e-01 -6.409927524859224679e-01
1.661415483761891603e+09 6.468537449836730957e-02 -1.564235538244247437e-01 1.210078716278076172e+00 -5.941100716590881348e-01 6.020771265029907227e-01 3.741326928138732910e-01 3.802120387554168701e-01 9.481571357314341197e-01 -6.498286408728416452e-01 -9.254610533372783499e-01 1.302718344683314600e+00 1.846186052769721586e+00 7.527404974909930602e-02 -1.913276700886734405e+00
1.661415483795212746e+09 8.252052962779998779e-02 -1.363227218389511108e-01 1.230414032936096191e+00 -5.873734354972839355e-01 6.012752056121826172e-01 3.779813349246978760e-01 3.880601525306701660e-01 1.011357117043442777e+00 -6.201661504255783219e-01 -9.532008114464775028e-01 1.340867890501642012e+00 7.014823415885645952e-01 1.482042130033150718e-01 -7.236792401068408154e-01
1.661415483828010559e+09 9.253939986228942871e-02 -1.161370649933815002e-01 1.251167774200439453e+00 -5.852564573287963867e-01 5.959683656692504883e-01 3.861418366432189941e-01 3.913963437080383301e-01 9.340825717033487408e-01 -4.081464100818428808e-01 -9.548567563218266496e-01 1.402980762530471992e+00 1.399881270287088419e+00 3.394288569422054726e-03 -1.354805705527681425e+00
1.661415483861363888e+09 1.071987673640251160e-01 -9.582266211509704590e-02 1.272735834121704102e+00 -5.865555405616760254e-01 5.874390006065368652e-01 3.945942819118499756e-01 3.939078152179718018e-01 9.911100172071171110e-01 -6.208883552461246236e-01 -9.944100764671129911e-01 1.487614043400137698e+00 2.147879971195139959e+00 -2.170782736750707098e-01 -2.277613938144700700e+00
1.661415483894451857e+09 1.201248988509178162e-01 -7.551230490207672119e-02 1.294489622116088867e+00 5.883969664573669434e-01 -5.782303810119628906e-01 -4.040051102638244629e-01 -3.952448070049285889e-01 9.806353127746169074e-01 -5.490413586732290074e-01 -1.014158754432214149e+00 1.549007025286929018e+00 2.150144263540775036e+00 -3.466045246393056889e-01 -2.203186111703248518e+00
1.661415483928169250e+09 1.424047797918319702e-01 -5.580944195389747620e-02 1.313526630401611328e+00 -5.748950242996215820e-01 5.833557248115539551e-01 4.007351994514465332e-01 4.106131196022033691e-01 1.047321097636130904e+00 -4.523103253649454758e-01 -9.528935930705113577e-01 1.379722797260785283e+00 -1.091743451528937703e+00 4.124034521804212927e-01 1.063900611005210939e+00
1.661415483961152077e+09 1.590951681137084961e-01 -3.539565578103065491e-02 1.327620983123779297e+00 -5.735039710998535156e-01 5.771335959434509277e-01 4.070940613746643066e-01 4.150715768337249756e-01 9.064981612086616680e-01 -5.431128840158561122e-01 -1.032731765352701947e+00 1.281162704469542390e+00 1.653288696151705706e+00 4.065229169946571464e-02 -1.712828575753506888e+00
1.661415483994245291e+09 1.695048511028289795e-01 -1.568875089287757874e-02 1.346643805503845215e+00 -5.647557973861694336e-01 5.772333145141601562e-01 4.084066152572631836e-01 4.255074560642242432e-01 8.854301612147689182e-01 -1.140195675620817445e-01 -9.246113257713379774e-01 1.429854835793910706e+00 -6.784477590722027829e-01 2.688014611287994904e-01 7.329836161353706636e-01
1.661415484027931213e+09 1.830614358186721802e-01 4.661684390157461166e-03 1.360975742340087891e+00 -5.628684759140014648e-01 5.710913538932800293e-01 4.137996137142181396e-01 4.310493767261505127e-01 8.413900306518260486e-01 -3.594404661898268349e-01 -9.919564607539703704e-01 1.307984887132005891e+00 1.141181663462916385e+00 6.264388233262087324e-02 -1.201507303202189902e+00
1.661415484060855627e+09 1.864263862371444702e-01 2.498681098222732544e-02 1.372587680816650391e+00 -5.624111294746398926e-01 5.634223818778991699e-01 4.214700460433959961e-01 4.342947900295257568e-01 7.182787430806628626e-01 -4.890967423305517259e-02 -9.252302400289176276e-01 1.168517507250420362e+00 1.103887739128567747e+00 1.464498115427647906e-01 -1.074266320530414820e+00
1.661415484094492912e+09 1.910917460918426514e-01 4.521998018026351929e-02 1.386041522026062012e+00 5.609138607978820801e-01 -5.565302371978759766e-01 -4.282154440879821777e-01 -4.384988546371459961e-01 7.355444073527491744e-01 -6.507498030833389069e-02 -9.226407715549387323e-01 1.266525278317682357e+00 8.376271000969617297e-01 8.131904203649717444e-02 -8.044567483294788879e-01
1.661415484127575159e+09 2.020231932401657104e-01 6.500623375177383423e-02 1.383981943130493164e+00 -5.497368574142456055e-01 5.587316155433654785e-01 4.285462200641632080e-01 4.493956863880157471e-01 6.861314999480336851e-01 -6.810476718457060541e-02 -8.442471980717835001e-01 5.142703565686818079e-01 -3.722138713350393591e-01 1.134790652382294152e+00 4.310555035029275395e-01
1.661415484160897255e+09 2.072490006685256958e-01 8.508826047182083130e-02 1.395887970924377441e+00 -5.454543828964233398e-01 5.543101429939270020e-01 4.342817366123199463e-01 4.545538723468780518e-01 7.179573897640861846e-01 -3.437601340404266431e-02 -9.186285677242502778e-01 1.248453320483430939e+00 4.452971300887424988e-01 2.056731592546171827e-01 -3.307917803293629055e-01
1.661415484194511175e+09 2.122259736061096191e-01 1.060783192515373230e-01 1.401373982429504395e+00 5.460521578788757324e-01 -5.458946824073791504e-01 -4.435487389564514160e-01 -4.550720453262329102e-01 6.621865856522832772e-01 -1.227937137628739572e-01 -9.557632328404777056e-01 1.043041291220536682e+00 1.881057646908879555e+00 7.307622227865731568e-02 -1.772954800909455342e+00
1.661415484227636576e+09 2.176200300455093384e-01 1.256447881460189819e-01 1.411477684974670410e+00 -5.383870005607604980e-01 5.447755455970764160e-01 4.472446739673614502e-01 4.618779122829437256e-01 6.844346334281501409e-01 2.486063732302068452e-02 -8.932227291485235199e-01 1.203132672250706525e+00 -2.695787424420799105e-01 3.888335420408917664e-01 4.484835500518177254e-01
1.661415484261228085e+09 2.161201387643814087e-01 1.462028026580810547e-01 1.416736721992492676e+00 -5.369225144386291504e-01 5.376778841018676758e-01 4.546764194965362549e-01 4.646353721618652344e-01 6.332840424929041534e-01 1.199477849826140613e-01 -8.730942842893384404e-01 9.929679426476992754e-01 9.763318542836254554e-01 2.833374820569978247e-01 -9.001882823082825169e-01
1.661415484294292688e+09 2.225535213947296143e-01 1.674040257930755615e-01 1.424111247062683105e+00 5.372008085250854492e-01 -5.293543338775634766e-01 -4.638282358646392822e-01 -4.648255109786987305e-01 7.062200567214272917e-01 -1.570057357064081061e-01 -1.038685895762765155e+00 1.311781993987950257e+00 1.827633706900490429e+00 -1.616087244159108705e-01 -1.667794106397684661e+00
1.661415484327516556e+09 2.322154045104980469e-01 1.866005361080169678e-01 1.424488782882690430e+00 -5.252643227577209473e-01 5.312710404396057129e-01 4.634186327457427979e-01 4.765414595603942871e-01 6.469504963962877664e-01 -5.768119985982409804e-03 -8.463613198878726651e-01 7.734333500312390308e-01 -6.242731706775958012e-01 1.025188024543959076e+00 6.631386110904177178e-01
1.661415484361296892e+09 2.434934079647064209e-01 2.060109376907348633e-01 1.438804984092712402e+00 -5.246586799621582031e-01 5.283617377281188965e-01 4.664471745491027832e-01 4.774873554706573486e-01 7.881915710809338504e-01 -2.148289152657248402e-01 -1.064127256551433254e+00 1.802163903593914984e+00 7.572090138893579347e-02 -6.160309453720718142e-01 4.930799584758861070e-02
1.661415484394349337e+09 2.417614012956619263e-01 2.257588654756546021e-01 1.443641901016235352e+00 -5.196587443351745605e-01 5.244380831718444824e-01 4.719528555870056152e-01 4.818505942821502686e-01 6.173612947514541816e-01 1.762560789675193806e-01 -8.736756948605159945e-01 1.088154862983324422e+00 1.586196174412913829e-01 3.899049889061265706e-01 -1.219115286732268960e-02
1.661415484427965164e+09 2.486124336719512939e-01 2.470050603151321411e-01 1.437619686126708984e+00 -5.140305161476135254e-01 5.215108990669250488e-01 4.767081141471862793e-01 4.863624274730682373e-01 6.878163618222794540e-01 -4.071869102736325879e-02 -9.392202987624375110e-01 7.133108780467312116e-01 1.088058113636011459e+00 6.377321134308098216e-01 -9.690411068126446592e-01
1.661415484460997820e+09 2.465793043375015259e-01 2.669503688812255859e-01 1.441497206687927246e+00 -5.152109861373901367e-01 5.168120861053466797e-01 4.821378588676452637e-01 4.847741127014160156e-01 6.181818703201302778e-01 1.099332055933124330e-01 -9.546057480437206699e-01 1.304070753576705100e+00 4.553026884566273025e-01 -2.641392584577905156e-01 -3.196656247190838851e-01
1.661415484494158745e+09 2.516705989837646484e-01 2.866127789020538330e-01 1.441393017768859863e+00 -5.079032182693481445e-01 5.147776007652282715e-01 4.848890006542205811e-01 4.918544888496398926e-01 6.125022876530108462e-01 3.439623364400267586e-02 -9.226306639977455148e-01 1.002457642688766581e+00 9.890874792404431848e-02 5.939138816882970628e-01 -3.458907452266720556e-02
1.661415484527832747e+09 2.520843744277954102e-01 3.072114288806915283e-01 1.439685583114624023e+00 -5.027611851692199707e-01 5.105798840522766113e-01 4.896342754364013672e-01 4.967873394489288330e-01 6.139286746143572948e-01 1.147216431960206007e-01 -9.242057645819655720e-01 9.645423066107499110e-01 5.798511333619066344e-01 5.092944014506511907e-01 -5.063418366511857061e-01
1.661415484560961246e+09 2.528757452964782715e-01 3.280083835124969482e-01 1.433734059333801270e+00 -4.964921176433563232e-01 5.074980258941650391e-01 4.926978051662445068e-01 5.031803846359252930e-01 6.534027196477900645e-01 1.321392120863354169e-01 -9.234492045620148470e-01 7.948464008334394926e-01 5.147927530418593411e-01 7.503862170347000982e-01 -5.092209002632259729e-01
1.661415484594590187e+09 2.597581148147583008e-01 3.481094241142272949e-01 1.430542349815368652e+00 -4.931658506393432617e-01 5.050885677337646484e-01 4.947246611118316650e-01 5.068733692169189453e-01 6.388846703275059546e-01 -4.776232291819449555e-02 -1.011110662556947037e+00 1.141375423122213295e+00 3.629607789143187158e-01 1.848809053589190732e-01 -3.391629359399512267e-01
1.661415484627401829e+09 2.600871920585632324e-01 3.653041124343872070e-01 1.423135399818420410e+00 -4.983957111835479736e-01 5.068466663360595703e-01 4.934116899967193604e-01 5.012515187263488770e-01 5.706839394999961845e-01 4.805240836194742127e-02 -8.635417043696378414e-01 9.982646302766715607e-01 -6.338961230216995091e-01 -5.545265783724587783e-01 6.506129966397206088e-01
1.661415484660901308e+09 2.565250694751739502e-01 3.873816728591918945e-01 1.408190250396728516e+00 -4.920686781406402588e-01 5.043665766716003418e-01 4.954212009906768799e-01 5.079769492149353027e-01 8.029170329478327872e-01 2.437109753120346167e-01 -9.012566814553041317e-01 4.541388361929596940e-01 6.827103955726285811e-01 1.065153693504308885e+00 -7.571028223785715161e-01
1.661415484694605350e+09 2.566910386085510254e-01 4.026724398136138916e-01 1.395027995109558105e+00 -4.950346350669860840e-01 5.089923143386840820e-01 4.908125996589660645e-01 5.049461126327514648e-01 5.986292373449145776e-01 8.798719607485565308e-02 -6.976614341948808029e-01 5.607563909410685499e-01 -1.193273845526864996e+00 -1.370596539185557905e-01 1.115532033210771434e+00
1.661415484728460073e+09 2.578079700469970703e-01 4.218583703041076660e-01 1.390973567962646484e+00 -4.904139339923858643e-01 5.061214566230773926e-01 4.937191009521484375e-01 5.094869136810302734e-01 5.801681448688912335e-01 8.271148819324924961e-02 -9.563253227034452797e-01 1.101058323617370105e+00 1.187948572694263599e-01 3.484732265176131438e-01 -7.890248995820610400e-02
1.661415484761616707e+09 2.598783969879150391e-01 4.390972256660461426e-01 1.373829960823059082e+00 -4.957702159881591797e-01 5.096340775489807129e-01 4.902249276638031006e-01 5.041473507881164551e-01 7.359059963335898846e-01 1.720607478622096509e-02 -8.520960770389411909e-01 6.639116968361703508e-01 -4.707970023050239705e-01 -3.357714308950387472e-01 4.115149122848444918e-01
1.661415484794541597e+09 2.539687454700469971e-01 4.624718725681304932e-01 1.360252618789672852e+00 -4.921899735927581787e-01 5.049212574958801270e-01 4.952430129051208496e-01 5.074821114540100098e-01 8.404049940323328194e-01 2.344359859871530116e-01 -1.107928036647455539e+00 9.255242859280048418e-01 1.069103218004789468e+00 6.356931449844522852e-01 -1.034904103681820509e+00
1.661415484827661276e+09 2.515968084335327148e-01 4.771928489208221436e-01 1.352684378623962402e+00 -4.865244925022125244e-01 5.053437352180480957e-01 4.944959580898284912e-01 5.132204294204711914e-01 5.048837513414455858e-01 1.778643524812658083e-01 -7.152469344955131314e-01 6.784183851751682814e-01 -9.076631826463669173e-01 6.130982077498097205e-01 8.598461343661321088e-01
1.661415484861362457e+09 2.443515807390213013e-01 4.915717840194702148e-01 1.343518972396850586e+00 -4.904530346393585205e-01 5.058650374412536621e-01 4.936189949512481689e-01 5.098006725311279297e-01 5.497449736670567688e-01 1.950718745419577627e-01 -7.007310220569276105e-01 7.759264946673235519e-01 -8.356985461911990987e-01 -2.597029897193245396e-01 7.888422213006902606e-01
1.661415484894550800e+09 2.368572801351547241e-01 4.910034537315368652e-01 1.337360262870788574e+00 -4.919967651367187500e-01 5.104392766952514648e-01 4.895637929439544678e-01 5.076595544815063477e-01 2.927791118077803234e-01 1.894483839871216879e-01 1.616614543933810599e-01 -4.249916228462049528e-01 -1.351079229806316562e+00 9.604516514978485298e-02 1.295562512733011040e+00
1.661415484928384781e+09 2.463074624538421631e-01 4.941812157630920410e-01 1.345539569854736328e+00 -4.894639849662780762e-01 5.065347552299499512e-01 4.932177960872650146e-01 5.104738473892211914e-01 3.811533955077568425e-01 -2.062515952077554338e-01 -3.507713296444932016e-01 8.085802155138902547e-01 7.351410275096860181e-01 -2.084629899600583536e-01 -6.534461081353858392e-01
