1.661415488261745214e+09 1.378528122206244648e-16 -2.367949187755584717e-01 1.128897309303283691e+00 -6.125128269195556641e-01 6.125135421752929688e-01 3.533097505569458008e-01 3.533093035221099854e-01 0.000000000000000000e+00 0.000000000000000000e+00 0.000000000000000000e+00 0.000000000000000000e+00 0.000000000000000000e+00 0.000000000000000000e+00 0.000000000000000000e+00
1.661415488295200825e+09 1.472793426364660263e-02 -2.167907357215881348e-01 1.149077415466308594e+00 6.098721027374267578e-01 -6.080892682075500488e-01 -3.598508834838867188e-01 -3.588744401931762695e-01 9.566389009769439289e-01 -7.481292215213172225e-01 -9.023091677756909235e-01 1.202635449058460537e+00 1.481929368695592775e+00 2.715430965273876729e-01 -1.695461343363011908e+00
1.661415488327971935e+09 3.393309190869331360e-02 -1.967800855636596680e-01 1.169100642204284668e+00 -5.997925996780395508e-01 6.108808517456054688e-01 3.617122471332550049e-01 3.691038489341735840e-01 1.043849143506600630e+00 -7.223567366140066781e-01 -9.323195209646873982e-01 1.248476261652271546e+00 1.308432402405416972e-01 2.902170343365358396e-01 -1.549925508066825330e-01
1.661415488361761093e+09 4.907319694757461548e-02 -1.766425818204879761e-01 1.189494252204895020e+00 -5.988802313804626465e-01 6.045790910720825195e-01 3.663930296897888184e-01 3.762747645378112793e-01 9.592898267098866061e-01 -6.603287037405161097e-01 -9.181960848890717841e-01 1.260856808734523327e+00 1.340613407713495908e+00 1.855566377455967197e-01 -1.706170967807664640e+00
1.661415488394863605e+09 6.476974487304687500e-02 -1.564960181713104248e-01 1.210047483444213867e+00 -5.947003960609436035e-01 6.014806628227233887e-01 3.732334077358245850e-01 3.811158537864685059e-01 9.903366729628249043e-01 -6.653379429240510179e-01 -9.505054999672102323e-01 1.329393034861666267e+00 1.433125511282245856e+00 1.169519962496792520e-01 -1.440925692994572183e+00
1.661415488428416014e+09 8.081452548503875732e-02 -1.363283842802047729e-01 1.230748891830444336e+00 -5.909385085105895996e-01 5.978909134864807129e-01 3.795413672924041748e-01 3.863502442836761475e-01 9.852129308554339326e-01 -6.290500878187630374e-01 -9.508382281099724276e-01 1.353247890727973690e+00 1.359326129185723042e+00 5.694013233779874478e-02 -1.395382916487841074e+00
1.661415488461429358e+09 9.821170568466186523e-02 -1.161839663982391357e-01 1.251303434371948242e+00 -5.852383971214294434e-01 5.960440039634704590e-01 3.844918310642242432e-01 3.929295837879180908e-01 1.018666284525388654e+00 -6.081721325652164056e-01 -9.776979910457247458e-01 1.402846331002902014e+00 9.646061413829895015e-01 6.653084508409812248e-02 -9.495333206205474053e-01
1.661415488494478941e+09 1.110829114913940430e-01 -9.608778357505798340e-02 1.271644353866577148e+00 -5.814408659934997559e-01 5.921087861061096191e-01 3.878932297229766846e-01 4.010893702507019043e-01 9.487942909069333464e-01 -3.819268718064601775e-01 -9.533713742717684347e-01 1.402223464394897423e+00 5.143029813491477586e-01 9.454570699512146459e-02 -6.642187982575844529e-01
1.661415488527877331e+09 1.279781311750411987e-01 -7.587417215108871460e-02 1.292355418205261230e+00 -5.772534012794494629e-01 5.885947942733764648e-01 3.929770290851593018e-01 4.073128700256347656e-01 1.003371546237129541e+00 -5.442517577129741824e-01 -9.917970118860437445e-01 1.470183725610856529e+00 1.041844672894106649e+00 -2.940105073037646219e-02 -1.059313441880761486e+00
1.661415488561780453e+09 1.372086256742477417e-01 -5.569335073232650757e-02 1.312987685203552246e+00 -5.747392773628234863e-01 5.833117961883544922e-01 3.999551534652709961e-01 4.116529524326324463e-01 8.937561125660796746e-01 -2.711817530173071256e-01 -9.392415291498809049e-01 1.446651813698816014e+00 9.375837521833081389e-01 -6.750364896984614727e-02 -8.789362147686421434e-01
1.661415488594561338e+09 1.402330249547958374e-01 -3.528843075037002563e-02 1.334672808647155762e+00 5.785910487174987793e-01 -5.719309449195861816e-01 -4.126216769218444824e-01 -4.097203314304351807e-01 9.130052810592852452e-01 -2.103664219501160115e-01 -9.870013340861707452e-01 1.594725100956611685e+00 2.183766198621067467e+00 -4.329548662983537799e-01 -2.060908886221560099e+00
1.661415488628252506e+09 1.624153107404708862e-01 -1.568577997386455536e-02 1.353593349456787109e+00 -5.652210116386413574e-01 5.765730142593383789e-01 4.095065295696258545e-01 4.247273206710815430e-01 1.042785793651034520e+00 -4.216960698333396818e-01 -9.726549317773548475e-01 1.448455645913968137e+00 -1.106156514088283194e+00 3.753564230059753259e-01 1.088953118797080455e+00
1.661415488661089182e+09 1.689476966857910156e-01 4.528065212070941925e-03 1.371357917785644531e+00 -5.643602609634399414e-01 5.692974925041198730e-01 4.163420796394348145e-01 4.290189743041992188e-01 8.433278645094061110e-01 -1.595325694483923640e-01 -9.733468556046850351e-01 1.457862106252113321e+00 9.441317744621203767e-01 -4.857175709895352606e-02 -9.484647281916011030e-01
1.661415488694603205e+09 1.801174879074096680e-01 2.461365237832069397e-02 1.375403761863708496e+00 -5.572440624237060547e-01 5.679641962051391602e-01 4.198091328144073486e-01 4.366418421268463135e-01 6.963023543655054715e-01 -1.851612638674178246e-01 -8.956380611498495625e-01 7.903082880504450625e-01 3.487216824956210215e-01 6.829367312043297389e-01 -2.819007312514223429e-01
1.661415488728238344e+09 1.824647635221481323e-01 4.521754384040832520e-02 1.382754206657409668e+00 -5.585473775863647461e-01 5.587968826293945312e-01 4.295538067817687988e-01 4.373264610767364502e-01 6.541177811789824492e-01 -6.964619364241880772e-02 -9.073748894242326113e-01 9.869155833653863175e-01 1.729220471932076064e+00 1.623147067255233389e-01 -1.657899967475993108e+00
1.661415488761789799e+09 1.923962086439132690e-01 6.559925526380538940e-02 1.392293095588684082e+00 5.560196042060852051e-01 -5.530118346214294434e-01 -4.353870749473571777e-01 -4.421066343784332275e-01 7.331283809996130829e-01 -2.163984031606810410e-01 -9.593072507525818304e-01 1.156025258471428563e+00 1.064240906832175204e+00 1.805660977012757962e-01 -1.043618943157496037e+00
1.661415488794622183e+09 1.928938925266265869e-01 8.491542935371398926e-02 1.391656756401062012e+00 -5.479541420936584473e-01 5.551249384880065918e-01 4.338268339633941650e-01 4.509732127189636230e-01 5.888411776382710405e-01 2.525443210632958846e-01 -7.674344946158250247e-01 5.890095694533614701e-01 -1.212186373161521891e+00 9.149947571053528295e-01 1.182302819417003548e+00
1.661415488827894211e+09 2.031590938568115234e-01 1.050989106297492981e-01 1.403387665748596191e+00 -5.434566736221313477e-01 5.509139299392700195e-01 4.387027025222778320e-01 4.568244516849517822e-01 7.664752619998749239e-01 -1.872107737426497165e-01 -9.735143167025377409e-01 1.321928088466559625e+00 6.103456214356558496e-01 1.500011349472294975e-01 -5.406315628614073443e-01
1.661415488861358166e+09 2.107573896646499634e-01 1.254878938198089600e-01 1.399989604949951172e+00 -5.371730923652648926e-01 5.485205054283142090e-01 4.422157108783721924e-01 4.636977910995483398e-01 6.580968624140927092e-01 -5.801127444656876270e-02 -8.670218411688557225e-01 5.648773665909627706e-01 6.264981576527900442e-01 8.493791503560186307e-01 -5.952381980149989982e-01
1.661415488895056486e+09 2.203096747398376465e-01 1.454170793294906616e-01 1.417501211166381836e+00 -5.330256223678588867e-01 5.434930324554443359e-01 4.470630884170532227e-01 4.697163403034210205e-01 8.367501075131704713e-01 -1.564920542019465621e-01 -9.971344132082412548e-01 1.655807965943140614e+00 3.212209216569706927e-01 -1.215255652796495833e-01 -2.530597112789767511e-01
1.661415488928074121e+09 2.222843617200851440e-01 1.665316671133041382e-01 1.420479893684387207e+00 -5.324221253395080566e-01 5.360070466995239258e-01 4.555101990699768066e-01 4.708859622478485107e-01 6.485896225185706632e-01 -6.030455990011267080e-03 -9.504404577174141444e-01 1.010710435251385597e+00 1.597477780066171027e+00 1.980064797636691964e-01 -1.475498543369498039e+00
1.661415488961353779e+09 2.308926880359649658e-01 1.865544617176055908e-01 1.415813446044921875e+00 -5.232549309730529785e-01 5.357772111892700195e-01 4.566766619682312012e-01 4.802014827728271484e-01 6.697429534841986554e-01 -2.348419028992370511e-02 -8.614425388173191367e-01 5.728548432736131346e-01 9.213862947525290614e-02 1.010749357843325757e+00 -7.828989883118965543e-02
1.661415488994489431e+09 2.336743623018264771e-01 2.072632759809494019e-01 1.431315898895263672e+00 -5.229808688163757324e-01 5.274702906608581543e-01 4.661471247673034668e-01 4.805963635444641113e-01 7.851863525947078148e-01 -4.709422691801144756e-02 -1.047829621846758430e+00 1.744921898625122259e+00 1.188025912727603384e+00 -4.190655353560099883e-01 -9.694050757018339848e-01
1.661415489027912140e+09 2.416669130325317383e-01 2.280210405588150024e-01 1.433469533920288086e+00 -5.182256698608398438e-01 5.233945250511169434e-01 4.712357819080352783e-01 4.852187037467956543e-01 6.686275704483186644e-01 -9.186090812700406505e-02 -9.880631571956219883e-01 1.101669596125524730e+00 8.965710776840791763e-01 3.180245973978503282e-01 -7.818459933921766414e-01
1.661415489061453819e+09 2.457173168659210205e-01 2.491401284933090210e-01 1.431417346000671387e+00 -5.133546590805053711e-01 5.197230577468872070e-01 4.770696461200714111e-01 4.886302649974822998e-01 6.440253726827935843e-01 1.307543965252469520e-02 -9.477444068340148409e-01 9.025382334916360882e-01 1.023224205686810828e+00 4.506263102300942514e-01 -8.559738681615143285e-01
1.661415489094669819e+09 2.493204176425933838e-01 2.683734297752380371e-01 1.443641543388366699e+00 -5.079436302185058594e-01 5.150654315948486328e-01 4.831925928592681885e-01 4.931792616844177246e-01 6.946154771598813671e-01 1.590397284093728394e-02 -9.909544388540492132e-01 1.607732957568295262e+00 8.216246857606224197e-02 4.940315098946219084e-03 1.261500543014316966e-01
1.661415489128160000e+09 2.478022426366806030e-01 2.902828752994537354e-01 1.443095922470092773e+00 -5.065530538558959961e-01 5.081704258918762207e-01 4.912857413291931152e-01 4.937663078308105469e-01 6.559761132166920250e-01 1.018307790436642768e-01 -1.000023429780297901e+00 1.106452083693800326e+00 1.399647209684077742e+00 1.426118997500425423e-01 -1.235147173418866595e+00
1.661415489161257982e+09 2.507818043231964111e-01 3.110991716384887695e-01 1.441953659057617188e+00 -5.013386011123657227e-01 5.041468143463134766e-01 4.959159195423126221e-01 4.985611140727996826e-01 6.362761681726609719e-01 5.143748322236529891e-02 -9.903104791995028799e-01 1.081141057611534118e+00 6.992204472828865702e-01 4.253592515154437370e-01 -6.067754553997269928e-01
1.661415489194583178e+09 2.454584240913391113e-01 3.315464854240417480e-01 1.440082192420959473e+00 -4.964213371276855469e-01 4.994559586048126221e-01 5.004465579986572266e-01 5.036495327949523926e-01 6.365044084941772207e-01 2.548054921957891295e-01 -8.904484328802924065e-01 9.399103035754335922e-01 4.145589699256818084e-01 5.830643787701961234e-01 -3.913513666730368268e-01
1.661415489228247643e+09 2.424021959304809570e-01 3.498994410037994385e-01 1.422645330429077148e+00 -4.954388141632080078e-01 5.029460787773132324e-01 4.968229830265045166e-01 5.047302842140197754e-01 7.574552810311760975e-01 2.189132710014481398e-01 -7.032383516655337230e-01 2.261751539469752104e-01 -5.709163704795020555e-01 5.598662774654603602e-01 4.414028896377892863e-01
1.661415489261784315e+09 2.447060495615005493e-01 3.666033446788787842e-01 1.404589176177978516e+00 -4.970048964023590088e-01 5.092678070068359375e-01 4.914779663085937500e-01 5.020774602890014648e-01 7.366658133994158364e-01 6.540597647977064444e-02 -7.178937752785098381e-01 3.310165820242685353e-01 -9.912924051115915569e-01 1.079660681403028788e-01 9.366158888368709690e-01
1.661415489294810295e+09 2.495067864656448364e-01 3.867949545383453369e-01 1.401420116424560547e+00 -4.933634996414184570e-01 5.059884786605834961e-01 4.938579201698303223e-01 5.066285133361816406e-01 6.357124348160335670e-01 -3.343906541427303820e-03 -1.037555086789725411e+00 1.203795232992487474e+00 3.650602608577672159e-01 2.464765643156212882e-01 -3.704989843930609483e-01
1.661415489327890873e+09 2.479590773582458496e-01 4.042501151561737061e-01 1.380167365074157715e+00 -4.950713813304901123e-01 5.111275911331176758e-01 4.896207153797149658e-01 5.039092302322387695e-01 8.326805191413032547e-01 1.479558165973841044e-01 -7.341381953459266141e-01 2.203850278145860209e-01 -6.604428873793062316e-01 2.534901218829441749e-01 6.003749188235113499e-01
1.661415489361237288e+09 2.561844587326049805e-01 4.236345589160919189e-01 1.372818350791931152e+00 -4.912753105163574219e-01 5.100538134574890137e-01 4.899939298629760742e-01 5.083302259445190430e-01 6.688260217831564214e-01 -6.992773044926998971e-02 -1.026447049693636648e+00 1.094563628144040734e+00 1.200168635731197614e-01 2.580010055508094591e-01 -1.392613037547318910e-01
1.661415489395041227e+09 2.507602572441101074e-01 4.388855695724487305e-01 1.356163859367370605e+00 -4.870791733264923096e-01 5.132610201835632324e-01 4.864693880081176758e-01 5.125080943107604980e-01 6.870416529633390779e-01 2.657408780017954109e-01 -5.956637762757929222e-01 1.364320329522291375e-01 -1.087398664989860597e+00 8.304794761793971025e-01 9.776796980349521382e-01
1.661415489428068638e+09 2.514430284500122070e-01 4.575450420379638672e-01 1.352593302726745605e+00 -4.803048670291900635e-01 5.094429850578308105e-01 4.888522922992706299e-01 5.203831791877746582e-01 5.755911665051125503e-01 1.078096105661612153e-01 -9.701820172185295910e-01 1.123402671062145197e+00 -5.149204572030947197e-02 6.031197353375502557e-01 9.201104887092805343e-03
1.661415489461762190e+09 2.472636550664901733e-01 4.696447253227233887e-01 1.346039175987243652e+00 -4.845657944679260254e-01 5.117751359939575195e-01 4.872332513332366943e-01 5.156413316726684570e-01 4.268308955217959832e-01 1.232161332797908349e-01 -6.035586245108692793e-01 7.558589220138725029e-01 -1.288876329563873435e+00 -4.562633896573400905e-01 1.300373382027499636e+00
1.661415489494616747e+09 2.469313442707061768e-01 4.825944602489471436e-01 1.338618636131286621e+00 -4.879041314125061035e-01 5.149031281471252441e-01 4.854215979576110840e-01 5.110679864883422852e-01 4.543919773842194365e-01 4.910363056089404182e-02 -7.157484811890627574e-01 8.980104474869308184e-01 -1.154915134467059623e+00 -5.069863034778889777e-01 1.212932850602624901e+00
1.661415489527890921e+09 2.485058605670928955e-01 4.898952543735504150e-01 1.337828755378723145e+00 -4.853495061397552490e-01 5.147788524627685547e-01 4.849382042884826660e-01 5.140756964683532715e-01 2.257095905068875197e-01 2.176583460857930280e-02 -4.221742500695245814e-01 5.843162722486585636e-01 -7.181220178420356648e-01 9.848331599452128660e-02 6.899033909785423635e-01
1.661415489561502695e+09 2.503787577152252197e-01 4.953223764896392822e-01 1.345883369445800781e+00 -4.814616441726684570e-01 5.091213583946228027e-01 4.879738390445709229e-01 5.204532146453857422e-01 2.942813907141829666e-01 -1.250652253231929710e-02 -3.873601987595197138e-01 8.075973836783609805e-01 1.958491490009762470e-01 1.477541918847137259e-01 -2.743025936770059903e-01
