1.661415490512537956e+09 1.378528122206244648e-16 -2.367949187755584717e-01 1.128897309303283691e+00 -6.125128269195556641e-01 6.125135421752929688e-01 3.533097505569458008e-01 3.533093035221099854e-01 0.000000000000000000e+00 0.000000000000000000e+00 0.000000000000000000e+00 0.000000000000000000e+00 0.000000000000000000e+00 0.000000000000000000e+00 0.000000000000000000e+00
1.661415490544907331e+09 1.863922178745269775e-02 -2.167763561010360718e-01 1.148894667625427246e+00 -6.038873195648193359e-01 6.139668226242065430e-01 3.550185561180114746e-01 3.637672066688537598e-01 1.046761054456748941e+00 -7.648696356960925646e-01 -9.345614853281216661e-01 1.234092310992648711e+00 2.377588176301586309e-01 3.180905078240105488e-01 -3.917488012096591032e-01
1.661415490577690363e+09 3.349700942635536194e-02 -1.966644972562789917e-01 1.169111728668212891e+00 -6.008551716804504395e-01 6.098408102989196777e-01 3.619655370712280273e-01 3.688471317291259766e-01 9.808552403735586456e-01 -7.298555244486701898e-01 -9.355487432998951247e-01 1.260449899216621539e+00 1.543244171700921319e+00 2.504643353880084966e-01 -1.682470734401461998e+00
1.661415490611242056e+09 4.711591452360153198e-02 -1.765404641628265381e-01 1.189759612083435059e+00 -6.015660762786865234e-01 6.020166277885437012e-01 3.693373203277587891e-01 3.732079267501831055e-01 9.503868527998664550e-01 -6.775410863501796221e-01 -9.249007388547656472e-01 1.283589390155009058e+00 1.922975294967807613e+00 1.266203354584871377e-01 -2.216603506128437928e+00
1.661415490644556522e+09 6.529252231121063232e-02 -1.564811170101165771e-01 1.209980130195617676e+00 -5.929374098777770996e-01 6.032024621963500977e-01 3.734719753265380859e-01 3.809077441692352295e-01 1.014217110372857666e+00 -6.535208118094160135e-01 -9.401937343327732011e-01 1.300908903065290945e+00 5.933961555673019639e-01 1.940672207682366535e-01 -5.092785064753049262e-01
1.661415490677663565e+09 7.932276278734207153e-02 -1.362606734037399292e-01 1.231144905090332031e+00 -5.939062833786010742e-01 5.950804352760314941e-01 3.813696801662445068e-01 3.843329846858978271e-01 9.804607436593316683e-01 -6.460136666475111422e-01 -9.678175106192238308e-01 1.398315953632561115e+00 2.070643898573717667e+00 -4.816676680286233192e-02 -2.279987300681353801e+00
1.661415490711355925e+09 9.352444112300872803e-02 -1.160688698291778564e-01 1.252313852310180664e+00 5.927210450172424316e-01 -5.889580249786376953e-01 -3.890962898731231689e-01 -3.878328502178192139e-01 9.651905326768440707e-01 -5.768391892900580631e-01 -9.597810701454351223e-01 1.407617105127324519e+00 1.707898838253230300e+00 -9.701175511011460306e-02 -1.760059407493027583e+00
1.661415490744264841e+09 1.144595965743064880e-01 -9.616352617740631104e-02 1.272005915641784668e+00 -5.814334154129028320e-01 5.922604203224182129e-01 3.886906504631042480e-01 4.001029133796691895e-01 1.062360491367149606e+00 -5.461619416264944515e-01 -9.740713271764616099e-01 1.386166191170753015e+00 -4.312493397895679759e-01 2.762573840917361689e-01 4.418050431177827364e-01
1.661415490777672529e+09 1.286203265190124512e-01 -7.590270787477493286e-02 1.288986086845397949e+00 -5.777376294136047363e-01 5.883755087852478027e-01 3.960474431514739990e-01 4.039552807807922363e-01 8.976741726544429367e-01 -4.792669835533546752e-01 -9.767133003619167253e-01 1.295435174970063885e+00 1.364818817580722543e+00 7.092334296268307248e-02 -1.257896624975217259e+00
1.661415490811379671e+09 1.371777653694152832e-01 -5.546024069190025330e-02 1.311047792434692383e+00 5.808559656143188477e-01 -5.779575705528259277e-01 -4.087260961532592773e-01 -4.018885195255279541e-01 9.277108882635691778e-01 -4.149182120143034003e-01 -9.931846097551731978e-01 1.565124963657498647e+00 2.449041201416327418e+00 -4.671098957793682893e-01 -2.321921554856414271e+00
1.661415490844364882e+09 1.584502309560775757e-01 -3.567820042371749878e-02 1.330385446548461914e+00 -5.691829919815063477e-01 5.812025070190429688e-01 4.078496396541595459e-01 4.145999252796173096e-01 1.057955156194714474e+00 -4.637577191025500367e-01 -9.980439846730448927e-01 1.476378454450069544e+00 -6.111353377341540716e-01 2.850210946493364483e-01 6.521081654857463494e-01
1.661415490877879858e+09 1.724379509687423706e-01 -1.588821969926357269e-02 1.341521859169006348e+00 -5.593245029449462891e-01 5.824208855628967285e-01 4.082201123237609863e-01 4.257914125919342041e-01 7.957806732818936135e-01 -2.139374014863654749e-01 -9.145165015512641826e-01 1.062938724307197935e+00 -5.011817920148056160e-01 5.881342403955613918e-01 5.201530310182030936e-01
1.661415490910930634e+09 1.779675781726837158e-01 4.085558932274580002e-03 1.361502885818481445e+00 -5.556951165199279785e-01 5.776751041412353516e-01 4.134685099124908447e-01 4.319006502628326416e-01 8.710345178768393870e-01 -5.719795714949683224e-02 -9.352523020514571517e-01 1.516791113905843869e+00 1.992599220671451565e-01 -1.102974350879101437e-03 -1.516184876494502676e-01
1.661415490944343567e+09 1.839270740747451782e-01 2.471001446247100830e-02 1.377344846725463867e+00 -5.583683848381042480e-01 5.673665404319763184e-01 4.244598448276519775e-01 4.314554929733276367e-01 7.985095095787290154e-01 -2.292439367225339586e-01 -9.917995381550311906e-01 1.416593664722661128e+00 2.036149341946405844e+00 -2.501882123056559104e-01 -1.936524353903690043e+00
1.661415490977916479e+09 1.910979896783828735e-01 4.526250436902046204e-02 1.386264085769653320e+00 -5.583623051643371582e-01 5.594275593757629395e-01 4.332875907421112061e-01 4.330521523952484131e-01 7.006846375719474329e-01 -1.968198593495871229e-01 -9.549447239150445910e-01 1.102027091824241189e+00 1.636529897410083922e+00 8.228244169965773236e-02 -1.548831139664394785e+00
1.661415491011003494e+09 1.974309831857681274e-01 6.491906940937042236e-02 1.398996829986572266e+00 -5.506460666656494141e-01 5.581027269363403320e-01 4.357849061489105225e-01 4.420430064201354980e-01 7.332570988005382429e-01 1.399410644586577754e-02 -8.921392840800584922e-01 1.230422233962823464e+00 -4.532646857472902857e-01 4.367887351495160497e-01 5.221697811854633109e-01
1.661415491044596195e+09 2.109955698251724243e-01 8.553723990917205811e-02 1.404575109481811523e+00 -5.480037331581115723e-01 5.525784492492675781e-01 4.416862428188323975e-01 4.463879168033599854e-01 7.532187252758113516e-01 -3.172654631701678496e-01 -9.936794490853408934e-01 1.049146219673980474e+00 1.395851046616996438e+00 2.336297488812271173e-01 -1.358587984206773402e+00
1.661415491077893972e+09 2.176732122898101807e-01 1.062486469745635986e-01 1.413454651832580566e+00 5.482326149940490723e-01 -5.441696047782897949e-01 -4.501336216926574707e-01 -4.479957520961761475e-01 7.058483775200667942e-01 -1.571298037789922442e-01 -9.907182055678183108e-01 1.231218135792370383e+00 1.574278449552271253e+00 -4.497192983915220682e-02 -1.489500447438923736e+00
1.661415491111176968e+09 2.310818135738372803e-01 1.259929984807968140e-01 1.416548490524291992e+00 -5.383741855621337891e-01 5.450125932693481445e-01 4.506421685218811035e-01 4.582970142364501953e-01 7.230903484091775191e-01 -1.455980590094320681e-01 -9.143276355787788301e-01 9.079217311067221408e-01 -1.810910893556465506e-01 7.602449075258876920e-01 2.199795472663401974e-01
1.661415491144752026e+09 2.301924526691436768e-01 1.463607549667358398e-01 1.419250726699829102e+00 -5.352165699005126953e-01 5.394107699394226074e-01 4.565931558609008789e-01 4.627115130424499512e-01 6.125222417842112188e-01 1.469226392298666473e-01 -8.409854867369148668e-01 8.460030451412392516e-01 6.738462458052421056e-01 4.944714410584911679e-01 -6.217011117126447495e-01
1.661415491177782536e+09 2.281740605831146240e-01 1.677147895097732544e-01 1.413749575614929199e+00 5.342247486114501953e-01 -5.325040817260742188e-01 -4.644177854061126709e-01 -4.640684425830841064e-01 6.703931327658660955e-01 1.344441319851342465e-01 -8.665707426291885396e-01 5.419786887609290282e-01 1.667104620649324742e+00 5.587756002049329984e-01 -1.593212909556605217e+00
1.661415491211211681e+09 2.314034253358840942e-01 1.868448257446289062e-01 1.407677888870239258e+00 -5.221940279006958008e-01 5.347550511360168457e-01 4.629772901535034180e-01 4.764477014541625977e-01 6.081104208642699183e-01 1.945383578151782811e-01 -7.347630374618669968e-01 3.643501117332773043e-01 -7.793849453458328025e-01 1.402770385580709878e+00 7.417833593942743109e-01
1.661415491244237661e+09 2.376802116632461548e-01 2.076184749603271484e-01 1.422781348228454590e+00 5.276086330413818359e-01 -5.269209742546081543e-01 -4.714791476726531982e-01 -4.708406925201416016e-01 8.005723586651669610e-01 -2.003899665966020482e-01 -1.131780388721382424e+00 1.942853033040386812e+00 1.343387594839804411e+00 -1.122707199082222607e+00 -1.122572315665159026e+00
1.661415491277698278e+09 2.461988031864166260e-01 2.278062403202056885e-01 1.414914250373840332e+00 -5.175336003303527832e-01 5.276463031768798828e-01 4.717028737068176270e-01 4.808791577816009521e-01 6.957722443049558780e-01 7.345890242198970833e-03 -8.544340722095777885e-01 4.823630569844571392e-01 1.788735231838869122e-01 1.137359927618978972e+00 -1.846394281630200918e-01
1.661415491311433077e+09 2.482544630765914917e-01 2.463953197002410889e-01 1.422431468963623047e+00 -5.089146494865417480e-01 5.255345106124877930e-01 4.742566049098968506e-01 4.897959232330322266e-01 5.975014685629105315e-01 1.296834746760095469e-01 -8.338769576546504192e-01 1.149408341708485048e+00 -5.961572730214236282e-01 5.804442932794208199e-01 6.637882733140537672e-01
1.661415491344339609e+09 2.537750899791717529e-01 2.664553523063659668e-01 1.428745031356811523e+00 -5.035716891288757324e-01 5.213164091110229492e-01 4.791324436664581299e-01 4.950524568557739258e-01 6.607399598543737262e-01 -1.724917457176501634e-02 -9.978107664703288471e-01 1.350407314553206062e+00 4.015624848030079352e-01 2.179282876375287781e-01 -2.794377204827997452e-01
1.661415491377928257e+09 2.566146552562713623e-01 2.870633006095886230e-01 1.428316473960876465e+00 -5.001355409622192383e-01 5.175620913505554199e-01 4.832071065902709961e-01 4.985026419162750244e-01 6.194674471890604384e-01 4.462698028832418756e-02 -9.565257368316032460e-01 1.069550384396453335e+00 5.838504191020947864e-01 2.712349317687240968e-01 -5.148523289609087117e-01
1.661415491410878658e+09 2.578943669795989990e-01 3.075331747531890869e-01 1.429934382438659668e+00 -4.955438971519470215e-01 5.127874612808227539e-01 4.877639114856719971e-01 5.035591721534729004e-01 6.243794028294327170e-01 9.050587767533739558e-02 -9.762917684773106952e-01 1.177423025260156075e+00 5.025641294170640760e-01 3.606515795670116042e-01 -4.492368282278866309e-01
1.661415491444302082e+09 2.629452049732208252e-01 3.297865390777587891e-01 1.436250805854797363e+00 -4.960914552211761475e-01 5.040948987007141113e-01 4.960557818412780762e-01 5.036966204643249512e-01 7.084080871826773373e-01 -8.816954008737465376e-02 -1.198270598664394004e+00 1.746676608741001724e+00 1.458280692563650893e+00 -4.180436461644522206e-01 -1.308647274759785262e+00
1.661415491478085995e+09 2.589989900588989258e-01 3.510550260543823242e-01 1.425029277801513672e+00 -4.940855503082275391e-01 4.994483888149261475e-01 4.943503737449645996e-01 5.119069218635559082e-01 7.213170255025579403e-01 2.516684961578657398e-01 -8.602426831021671161e-01 5.625840299752992157e-01 3.293570505196443121e-01 8.217036986329159243e-01 -7.447449623648867423e-01
1.661415491511036873e+09 2.652872502803802490e-01 3.666768968105316162e-01 1.423909783363342285e+00 -4.948237538337707520e-01 5.036530494689941406e-01 4.967226386070251465e-01 5.047273039817810059e-01 5.121913298083137223e-01 -1.002022057062088856e-01 -8.967267954997119039e-01 1.300327234444003999e+00 -8.018904230381098674e-01 -7.120873686750690545e-01 1.239659771171769620e+00
1.661415491544563293e+09 2.603976726531982422e-01 3.845740258693695068e-01 1.404356122016906738e+00 -5.006026029586791992e-01 5.064329504966735840e-01 4.912081062793731689e-01 5.016346573829650879e-01 8.039866052734959689e-01 2.112887898407717346e-01 -7.110393774907232123e-01 2.882231892417250751e-01 -6.913473954622288975e-01 4.858320002279872124e-02 4.086987459191252503e-01
1.661415491577897072e+09 2.534148991107940674e-01 4.045001268386840820e-01 1.388346195220947266e+00 -4.924939572811126709e-01 5.073164701461791992e-01 4.925834536552429199e-01 5.073866248130798340e-01 7.949194112592370409e-01 3.334056035282579322e-01 -7.688675370844978429e-01 2.611098619651399111e-01 2.662661032032333924e-02 1.183649037576264496e+00 2.751023078262665802e-02
1.661415491611152887e+09 2.593981027603149414e-01 4.195778965950012207e-01 1.375237107276916504e+00 -4.944151639938354492e-01 5.116155147552490234e-01 4.867912530899047852e-01 5.067914128303527832e-01 6.271480326648146697e-01 -3.204420717698266974e-02 -7.644746582161909831e-01 6.469646111631413010e-01 -1.168896224103707970e+00 -8.662397196498133889e-02 1.014924693371221043e+00
1.661415491644666433e+09 2.548616826534271240e-01 4.382661879062652588e-01 1.365060329437255859e+00 -4.845921993255615234e-01 5.109141469001770020e-01 4.893911480903625488e-01 5.144253373146057129e-01 6.492215015038986792e-01 2.603771436040863696e-01 -8.119715059351080289e-01 5.731060320939488362e-01 -1.567942173611295009e-01 1.091567929722707664e+00 2.508839677513678423e-01
1.661415491677825689e+09 2.549648880958557129e-01 4.530067443847656250e-01 1.352163910865783691e+00 -4.893138110637664795e-01 5.134929418563842773e-01 4.850060045719146729e-01 5.115331411361694336e-01 5.906653119063873802e-01 6.199046975236197771e-02 -7.349613697908905507e-01 6.637064016677239886e-01 -1.029084828077326152e+00 -2.733798312908165551e-01 8.678779540396999170e-01
1.661415491711228132e+09 2.497394084930419922e-01 4.728880822658538818e-01 1.341033697128295898e+00 -4.823518097400665283e-01 5.120185613632202148e-01 4.894922971725463867e-01 5.153356790542602539e-01 6.998402685084494923e-01 2.287380920342009516e-01 -9.349145625425944184e-01 7.937069792864507312e-01 2.445523073398099267e-01 7.347253205894426209e-01 -5.991680332026088490e-02
1.661415491744252443e+09 2.549554705619812012e-01 4.825159013271331787e-01 1.351048707962036133e+00 -4.900623261928558350e-01 5.081053376197814941e-01 4.916604161262512207e-01 5.098412036895751953e-01 4.493425024619329133e-01 -1.664381127397613069e-01 -7.650265378211856815e-01 1.723352969482286445e+00 -1.903224113823755725e-01 -1.381539117709605025e+00 1.993195850208024644e-01
1.661415491777734756e+09 2.461787313222885132e-01 4.945174157619476318e-01 1.338788747787475586e+00 -4.925443232059478760e-01 5.107495784759521484e-01 4.889428913593292236e-01 5.074145793914794922e-01 5.755596848877591043e-01 2.491744042830056627e-01 -5.122209784396281051e-01 3.534459223599163424e-01 -1.139640608335373839e+00 1.999038894695322199e-02 1.066057388116876226e+00
1.661415491811645508e+09 2.510957121849060059e-01 4.943880140781402588e-01 1.344266057014465332e+00 -4.908934831619262695e-01 5.102957487106323242e-01 4.893575608730316162e-01 5.090689659118652344e-01 2.170899114634068094e-01 -9.799497911302583464e-02 -9.140439925720460212e-02 3.532063662342918020e-01 -1.882313268320953692e-01 -1.290142711222436456e-01 2.203422254255646417e-01
