1.661415495012239218e+09 1.378528122206244648e-16 -2.367949187755584717e-01 1.128897309303283691e+00 -6.125128269195556641e-01 6.125135421752929688e-01 3.533097505569458008e-01 3.533093035221099854e-01 0.000000000000000000e+00 0.000000000000000000e+00 0.000000000000000000e+00 0.000000000000000000e+00 0.000000000000000000e+00 0.000000000000000000e+00 0.000000000000000000e+00
1.661415495044786453e+09 1.935378275811672211e-02 -2.167891710996627808e-01 1.148886799812316895e+00 -6.035066246986389160e-01 6.143248677253723145e-01 3.534876108169555664e-01 3.652823269367218018e-01 1.052906857248461225e+00 -7.539568509391120221e-01 -9.294327311363643762e-01 1.226614302923428435e+00 -4.083460092279221632e-02 3.189532616469360482e-01 -1.845250256811470924e-01
1.661415495078072786e+09 3.476336970925331116e-02 -1.966647505760192871e-01 1.169030308723449707e+00 -5.983521938323974609e-01 6.122694015502929688e-01 3.609151840209960938e-01 3.699204027652740479e-01 9.726529521358575625e-01 -7.268310064960691319e-01 -9.225427780136572498e-01 1.238468797786935527e+00 1.411215811795242248e+00 2.619795453093757276e-01 -1.393259706148499699e+00
1.661415495111471176e+09 5.264647677540779114e-02 -1.765789985656738281e-01 1.189130306243896484e+00 -5.912755131721496582e-01 6.119145154953002930e-01 3.639164865016937256e-01 3.788385987281799316e-01 1.005275601395717588e+00 -6.731138246410611758e-01 -9.298041462232221610e-01 1.261399098317375733e+00 5.453777522075866635e-01 2.489812223326786089e-01 -6.567637280348326279e-01
1.661415495144722462e+09 6.443074345588684082e-02 -1.563122570514678955e-01 1.210216760635375977e+00 -5.942655801773071289e-01 6.019702553749084473e-01 3.749566972255706787e-01 3.793253302574157715e-01 9.482852393072342956e-01 -6.718120682494121976e-01 -9.493748689394656548e-01 1.353038229092311973e+00 2.732981751824998362e+00 1.046056869521910619e-02 -2.900278469363413159e+00
1.661415495178300619e+09 8.302661776542663574e-02 -1.362484991550445557e-01 1.230417728424072266e+00 -5.868838429450988770e-01 6.017521023750305176e-01 3.772137761116027832e-01 3.888078629970550537e-01 1.012755699002101162e+00 -6.067376083344580007e-01 -9.436460351992476125e-01 1.322371013829314101e+00 3.863278933168713403e-01 1.833021175442723361e-01 -4.714379696679089626e-01
1.661415495211897850e+09 1.001778319478034973e-01 -1.160686388611793518e-01 1.250957250595092773e+00 -5.820571184158325195e-01 5.990214347839355469e-01 3.818769454956054688e-01 3.956675529479980469e-01 9.975558490891084373e-01 -5.925764344689424812e-01 -9.614676638574115586e-01 1.378222879568528958e+00 9.824489323277322272e-01 7.513892147590295334e-02 -1.039573318394070522e+00
1.661415495244748116e+09 1.095623970031738281e-01 -9.574352204799652100e-02 1.272293090820312500e+00 -5.836767554283142090e-01 5.901505947113037109e-01 3.915884792804718018e-01 3.971173763275146484e-01 9.414138040021136078e-01 -4.328971175119653014e-01 -9.777742387592230910e-01 1.477091816915526046e+00 2.039768677066833735e+00 -1.701832988682323022e-01 -2.085240846668379167e+00
1.661415495277978659e+09 1.181623786687850952e-01 -7.557965070009231567e-02 1.293024063110351562e+00 -5.819457173347473145e-01 5.842158794403076172e-01 3.987421393394470215e-01 4.012925624847412109e-01 9.079424372254206732e-01 -2.856119395261213501e-01 -9.467810643705621976e-01 1.443111286045831054e+00 1.060637206399068777e+00 -6.367003793508170528e-02 -1.047156172204322111e+00
1.661415495311264277e+09 1.299320459365844727e-01 -5.513279885053634644e-02 1.315361022949218750e+00 5.860191583633422852e-01 -5.728349089622497559e-01 -4.113836586475372314e-01 -3.990054428577423096e-01 9.760688114873250498e-01 -5.663345800574567379e-01 -1.038281158286206596e+00 1.623338326506750695e+00 2.790435340547817056e+00 -5.645213016144440266e-01 -2.726114483128924348e+00
1.661415495344901562e+09 1.507848203182220459e-01 -3.528668358922004700e-02 1.334866881370544434e+00 -5.749574303627014160e-01 5.756539106369018555e-01 4.114556610584259033e-01 4.107928872108459473e-01 1.033773602471861119e+00 -4.668333670571770955e-01 -9.804960141989262912e-01 1.457834242334242303e+00 -3.947922401552210747e-01 2.340058054260044373e-01 4.654370747171676648e-01
1.661415495378109694e+09 1.664995402097702026e-01 -1.490774191915988922e-02 1.352594494819641113e+00 5.756817460060119629e-01 -5.682945251464843750e-01 -4.181944727897644043e-01 -4.132133424282073975e-01 9.410150383082321879e-01 -5.193296866517598254e-01 -1.062463928996453699e+00 1.523553698978765469e+00 1.648120257864087446e+00 -3.350524051789078306e-01 -1.684293763008396283e+00
1.661415495411872149e+09 1.801196038722991943e-01 5.113845691084861755e-03 1.350117683410644531e+00 -5.655161142349243164e-01 5.701304674148559570e-01 4.193328022956848145e-01 4.234415292739868164e-01 7.209611809715690267e-01 -1.927116711648974579e-01 -8.603821942997911254e-01 4.464315244958386719e-01 7.638960148804643802e-02 1.090102807121890560e+00 -2.982880057281083255e-02
1.661415495444621086e+09 1.926058232784271240e-01 2.584511041641235352e-02 1.362661719322204590e+00 5.676286816596984863e-01 -5.604691505432128906e-01 -4.294768571853637695e-01 -4.233457446098327637e-01 8.323577085273122789e-01 -4.346545763290842745e-01 -1.065871427198309185e+00 1.350055090462443763e+00 2.337118821017290404e+00 -2.848556590809257494e-01 -2.270992263123695398e+00
1.661415495477937698e+09 1.963331997394561768e-01 4.541337490081787109e-02 1.367795228958129883e+00 -5.574014186859130859e-01 5.616487860679626465e-01 4.300718307495117188e-01 4.346177577972412109e-01 6.174376782080396309e-01 1.656259284609820359e-01 -7.881701216259265896e-01 7.616365751069033019e-01 -8.432561043932210731e-01 9.759998072340183572e-01 8.965349881446592617e-01
1.661415495511586905e+09 2.030441015958786011e-01 6.555504351854324341e-02 1.378495693206787109e+00 -5.528852343559265137e-01 5.576584935188293457e-01 4.357731044292449951e-01 4.398144483566284180e-01 7.065372637593693161e-01 -7.598147666124908939e-02 -9.101831553981096778e-01 1.158343711195206627e+00 5.574232705523151088e-01 2.517741023179012605e-01 -4.348591401829376424e-01
1.661415495544609070e+09 2.098746150732040405e-01 8.549270033836364746e-02 1.389627814292907715e+00 -5.475908517837524414e-01 5.541033744812011719e-01 4.394398629665374756e-01 4.472206830978393555e-01 7.217771005319151278e-01 -4.166998641122928587e-02 -9.168683265573588370e-01 1.213301572792378824e+00 1.317160730254281487e-01 3.337086302054437237e-01 -1.045180363981912941e-01
1.661415495578009367e+09 2.168119400739669800e-01 1.055629551410675049e-01 1.396567702293395996e+00 -5.417486429214477539e-01 5.511139631271362305e-01 4.437193870544433594e-01 4.537564814090728760e-01 6.688751214237519394e-01 -4.517366978910786202e-02 -9.018816843655554916e-01 1.036758638996972293e+00 3.436970443196583069e-01 4.476031960082023087e-01 -2.554909767376366547e-01
1.661415495611303091e+09 2.209222912788391113e-01 1.255591809749603271e-01 1.410799741744995117e+00 -5.382242202758789062e-01 5.456833243370056152e-01 4.496022760868072510e-01 4.586961269378662109e-01 7.474573290035609885e-01 -4.609574837246077118e-03 -9.375201135325234025e-01 1.429731762304792264e+00 3.702286613628966716e-01 4.514117550607531920e-02 -2.682531338054034431e-01
1.661415495644632816e+09 2.221847325563430786e-01 1.455823183059692383e-01 1.416828274726867676e+00 -5.337192416191101074e-01 5.410972237586975098e-01 4.541370272636413574e-01 4.648840427398681641e-01 6.285397496340718870e-01 1.086094958430448704e-01 -8.632073940718293370e-01 1.008668775087440128e+00 2.552111059595644771e-01 4.682583422491843894e-01 -2.286620996236072845e-01
1.661415495678380728e+09 2.286442816257476807e-01 1.662727296352386475e-01 1.426182389259338379e+00 -5.321282148361206055e-01 5.341647267341613770e-01 4.613492190837860107e-01 4.676157534122467041e-01 6.995274671814745160e-01 -1.095392611183082510e-01 -9.908326764446111490e-01 1.334588153742175320e+00 1.163998289775790784e+00 -3.642270047128021160e-02 -1.055683686787259434e+00
1.661415495711845875e+09 2.254905849695205688e-01 1.872223615646362305e-01 1.427324652671813965e+00 5.310685634613037109e-01 -5.267780423164367676e-01 -4.690574109554290771e-01 -4.695276618003845215e-01 6.339863837977526284e-01 1.587561434984581799e-01 -8.755076648380154536e-01 8.725926824378030799e-01 1.212877734091536874e+00 3.354645365160782156e-01 -1.135255671725121429e+00
1.661415495744920731e+09 2.406240254640579224e-01 2.070944756269454956e-01 1.440530538558959961e+00 5.261644124984741211e-01 -5.236321687698364258e-01 -4.740357398986816406e-01 -4.735509455204010010e-01 8.542595200885374496e-01 -2.999137243956522259e-01 -1.108582654717870319e+00 1.729775050318907992e+00 4.862938588321986111e-01 -2.426633425449953307e-01 -2.559035269757766184e-01
1.661415495778153896e+09 2.428496330976486206e-01 2.269834280014038086e-01 1.438560962677001953e+00 5.237532258033752441e-01 -5.222512483596801758e-01 -4.766341447830200195e-01 -4.751380681991577148e-01 6.051115782375815488e-01 6.868087791464712322e-02 -8.889564094002385675e-01 8.958114564616361797e-01 2.162229114627846893e-01 2.277968871098145220e-01 -1.298695099630621519e-01
1.661415495811276436e+09 2.502509653568267822e-01 2.476708441972732544e-01 1.438033342361450195e+00 -5.181391239166259766e-01 5.188751220703125000e-01 4.812418520450592041e-01 4.803194105625152588e-01 6.635325123997311003e-01 -5.525865902729470980e-02 -9.767309853631065408e-01 9.975976839592161083e-01 8.087422828176594747e-01 4.543707375260734871e-01 -6.950843090705438598e-01
1.661415495844848394e+09 2.522783577442169189e-01 2.684019804000854492e-01 1.436341762542724609e+00 -5.130452513694763184e-01 5.148884057998657227e-01 4.859887957572937012e-01 4.852725267410278320e-01 6.225018679120419840e-01 8.245648262848166710e-02 -9.168508234546565161e-01 9.034204807948132965e-01 7.121805395101638014e-01 5.251598590141012268e-01 -6.330251253840142311e-01
1.661415495878040314e+09 2.534477710723876953e-01 2.877032756805419922e-01 1.438673257827758789e+00 -5.059686899185180664e-01 5.120141506195068359e-01 4.888538122177124023e-01 4.928073585033416748e-01 5.867916137221047546e-01 1.345311149936777029e-01 -8.825557449951113576e-01 1.053106317182109564e+00 -9.714332008842785360e-02 5.992418665354426466e-01 1.287387782186333318e-01
1.661415495911728859e+09 2.529371976852416992e-01 3.080342411994934082e-01 1.439412236213684082e+00 -5.011900067329406738e-01 5.072516202926635742e-01 4.933963418006896973e-01 4.980607032775878906e-01 6.040865442854804757e-01 1.358897820147015045e-01 -9.247818878588121017e-01 1.073473909306685847e+00 4.461408104101045602e-01 4.324488796824269565e-01 -4.034305800027949140e-01
1.661415495944826126e+09 2.537463605403900146e-01 3.268398046493530273e-01 1.442806839942932129e+00 -5.007996559143066406e-01 5.037035346031188965e-01 4.966871738433837891e-01 4.987830221652984619e-01 5.778909826599638588e-01 5.861701117901363389e-02 -9.663421111367817007e-01 1.381863849803010025e+00 -4.686557839721795099e-02 -2.012278488663691578e-01 1.153170625046315567e-01
1.661415495978134155e+09 2.569949626922607422e-01 3.487642705440521240e-01 1.435481429100036621e+00 -4.962351322174072266e-01 4.995920956134796143e-01 5.000346899032592773e-01 5.041067600250244141e-01 7.008230503772280295e-01 5.365987440285747284e-02 -1.021001496042081236e+00 9.130225978211310434e-01 9.525200075472530781e-01 5.617167228170257820e-01 -9.694663051549069488e-01
1.661415496011877537e+09 2.556818723678588867e-01 3.655093014240264893e-01 1.422801136970520020e+00 -5.003995895385742188e-01 5.036303400993347168e-01 4.966238737106323242e-01 4.993211328983306885e-01 6.236905691084516645e-01 1.148586472413650195e-01 -7.385708360755952606e-01 6.143541174744011624e-01 -9.149489697978799851e-01 -2.341136680004041182e-01 8.777368203609543507e-01
1.661415496044743061e+09 2.626024782657623291e-01 3.869450390338897705e-01 1.418765425682067871e+00 -4.969260096549987793e-01 4.990765750408172607e-01 5.006723403930664062e-01 5.033036470413208008e-01 6.962887207527489464e-01 -6.038767971048407401e-02 -1.141704581084006964e+00 1.302338729355082547e+00 9.054593774013208751e-01 1.930217579544198925e-01 -8.550230954066402322e-01
1.661415496078227520e+09 2.444737851619720459e-01 4.011841118335723877e-01 1.394369006156921387e+00 -4.974077939987182617e-01 5.045692920684814453e-01 4.953879117965698242e-01 5.025795698165893555e-01 1.002394991886347286e+00 5.518878345940479990e-01 -3.108756056400305834e-01 -5.431957729615094488e-01 -1.123156890277756004e+00 9.049156674490571595e-01 9.136637157018135946e-01
1.661415496111305475e+09 2.446546852588653564e-01 4.205813407897949219e-01 1.388760209083557129e+00 -4.950490891933441162e-01 5.020793080329895020e-01 4.978360831737518311e-01 5.049772262573242188e-01 6.104569447119951864e-01 8.776159797119856276e-02 -9.774299185099691867e-01 1.095708298284855831e+00 1.700311575621187565e-01 1.890520087465742960e-01 -1.421721106513196276e-01
1.661415496144802332e+09 2.452066838741302490e-01 4.406350255012512207e-01 1.375206708908081055e+00 -4.943422973155975342e-01 5.014935731887817383e-01 4.983329474925994873e-01 5.057610869407653809e-01 7.227717945948538558e-01 8.116012219196135080e-02 -9.673918733318888075e-01 8.192141258375235102e-01 2.549978316961021285e-01 2.309836951724904830e-01 -2.768185826892740620e-01
1.661415496178284407e+09 2.414687275886535645e-01 4.560360908508300781e-01 1.355354547500610352e+00 -4.972808957099914551e-01 5.064178109169006348e-01 4.934412539005279541e-01 5.027607679367065430e-01 7.586815704679188421e-01 1.725038601473402877e-01 -6.564959667674027388e-01 2.492082689291672815e-01 -9.976661319120755378e-01 1.272616641269604942e-01 8.893814967208901745e-01
1.661415496211682796e+09 2.524112164974212646e-01 4.707238674163818359e-01 1.354434132575988770e+00 -4.913983643054962158e-01 5.065430998802185059e-01 4.929601252079010010e-01 5.088536739349365234e-01 5.490959494952598607e-01 -1.280771582585700230e-01 -9.023456959509040809e-01 1.253574866855800884e+00 -7.618337560512923323e-01 1.461108607866210551e-01 7.794845020904503929e-01
1.661415496245236874e+09 2.481363117694854736e-01 4.825674593448638916e-01 1.343740105628967285e+00 -4.931457638740539551e-01 5.113080739974975586e-01 4.895832538604736328e-01 5.056479573249816895e-01 4.923371303567723456e-01 1.616447167044204880e-01 -5.573658838816206718e-01 5.123738850091601460e-01 -1.552470542417693000e+00 -1.362716574627602373e-01 1.569286016920631743e+00
1.661415496277910709e+09 2.477529048919677734e-01 4.971979856491088867e-01 1.341402053833007812e+00 -4.871673583984375000e-01 5.069044232368469238e-01 4.915078580379486084e-01 5.139416456222534180e-01 4.536084004558025851e-01 1.079375947041879141e-01 -8.101395886594602302e-01 9.887274444359177572e-01 -1.564955421909691169e-01 5.743835729438608872e-01 4.202765951717455511e-02
