1.661415506512389898e+09 1.378528122206244648e-16 -2.367949187755584717e-01 1.128897309303283691e+00 -6.125128269195556641e-01 6.125135421752929688e-01 3.533097505569458008e-01 3.533093035221099854e-01 0.000000000000000000e+00 0.000000000000000000e+00 0.000000000000000000e+00 0.000000000000000000e+00 0.000000000000000000e+00 0.000000000000000000e+00 0.000000000000000000e+00
1.661415506545300484e+09 1.631010137498378754e-02 -2.167711257934570312e-01 1.148983836174011230e+00 -6.059229969978332520e-01 6.119823455810546875e-01 3.592777252197265625e-01 3.595197796821594238e-01 9.941355601214064697e-01 -7.683273601418495469e-01 -9.182281458347751890e-01 1.217880669045378061e+00 1.081307411869741664e+00 2.954449510100088938e-01 -1.093797670601000860e+00
1.661415506578103781e+09 3.426115214824676514e-02 -1.967261731624603271e-01 1.169057965278625488e+00 -5.989794731140136719e-01 6.116598844528198242e-01 3.616167306900024414e-01 3.692278265953063965e-01 1.023402756985076323e+00 -7.157178535695872812e-01 -9.334063597657712430e-01 1.251222120027456031e+00 4.712777601761356516e-01 2.781808655994306712e-01 -6.585029476898984768e-01
1.661415506611911774e+09 4.873772338032722473e-02 -1.765857189893722534e-01 1.189549088478088379e+00 -5.969202518463134766e-01 6.065442562103271484e-01 3.691996037960052490e-01 3.734727799892425537e-01 9.516357429696705728e-01 -6.775755722203354869e-01 -9.187124846080367835e-01 1.266161312268271111e+00 1.693523723578826967e+00 1.590798937234724209e-01 -1.812443197989535681e+00
1.661415506645294905e+09 6.282000988721847534e-02 -1.564353853464126587e-01 1.210450172424316406e+00 -5.970138311386108398e-01 5.993127226829528809e-01 3.767606317996978760e-01 3.774257302284240723e-01 9.665858654234898983e-01 -6.600448980429126644e-01 -9.436212877992353754e-01 1.336636606616651513e+00 1.919266894465561091e+00 4.012594194522636076e-02 -2.129285494176065718e+00
1.661415506678187609e+09 7.646263390779495239e-02 -1.362787783145904541e-01 1.231932044029235840e+00 5.987483859062194824e-01 -5.904639959335327148e-01 -3.857786655426025391e-01 -3.795095086097717285e-01 9.869523153814403482e-01 -6.687537128237180939e-01 -9.776092726816566492e-01 1.426456222569924881e+00 2.334967453305046625e+00 -1.407715541717897423e-01 -2.511040855921587323e+00
1.661415506711709499e+09 9.684051573276519775e-02 -1.163162142038345337e-01 1.251796126365661621e+00 -5.879958271980285645e-01 5.934790372848510742e-01 3.863849639892578125e-01 3.908327221870422363e-01 1.036971341824189263e+00 -5.698834488550449384e-01 -9.474298280259487726e-01 1.335967943473235220e+00 -1.934917093883659900e-01 2.478906811551651601e-01 2.237784392284400958e-01
1.661415506744554996e+09 1.151345521211624146e-01 -9.620398283004760742e-02 1.271646618843078613e+00 -5.814834833145141602e-01 5.922811031341552734e-01 3.900250196456909180e-01 3.986986279487609863e-01 1.024897529103656391e+00 -5.780117955837332788e-01 -9.932097139914013439e-01 1.413472856681548429e+00 6.687138469358236970e-01 9.784544335386696767e-02 -6.687024460287283034e-01
1.661415506778188467e+09 1.310853213071823120e-01 -7.596443593502044678e-02 1.292552947998046875e+00 -5.776129961013793945e-01 5.885295867919921875e-01 3.968076705932617188e-01 4.031622707843780518e-01 9.866196546300207704e-01 -5.317516846119817453e-01 -9.894781632786587844e-01 1.474413135637432593e+00 1.266714749076234714e+00 -9.486158064593309958e-02 -1.183215149272763611e+00
1.661415506811211824e+09 1.473858952522277832e-01 -5.557851120829582214e-02 1.314067959785461426e+00 -5.775932073593139648e-01 5.810806155204772949e-01 4.045732319355010986e-01 4.062658250331878662e-01 1.024301761260954846e+00 -5.912957060581280899e-01 -1.049637804392602236e+00 1.597620243979420929e+00 1.841629703643862914e+00 -3.044571883289650116e-01 -1.881792704688708184e+00
1.661415506844556808e+09 1.592597663402557373e-01 -3.520589694380760193e-02 1.335602045059204102e+00 5.784116983413696289e-01 -5.726785659790039062e-01 -4.145182967185974121e-01 -4.070059359073638916e-01 9.576705707095166664e-01 -4.383571345416334419e-01 -1.032600208570717104e+00 1.613659103538167550e+00 1.847272973036769184e+00 -4.181895841173011719e-01 -1.741447213458378718e+00
1.661415506878553867e+09 1.789236515760421753e-01 -1.519917976111173630e-02 1.355697870254516602e+00 -5.711632370948791504e-01 5.717210769653320312e-01 4.172676503658294678e-01 4.156864881515502930e-01 1.015019280693255421e+00 -4.720190733814700335e-01 -1.018483334442552568e+00 1.547817835036399137e+00 2.956691667611654473e-01 4.334102682161365856e-03 -2.295526210607442830e-01
1.661415506911276579e+09 1.884579658508300781e-01 4.917209967970848083e-03 1.372254014015197754e+00 5.674158334732055664e-01 -5.672388076782226562e-01 -4.237960577011108398e-01 -4.203287363052368164e-01 8.478232132220784312e-01 -2.072872589538062027e-01 -9.914674015944475727e-01 1.427003178601557565e+00 7.195534804457351941e-01 1.692145563931198027e-02 -5.704823887136438731e-01
1.661415506944920063e+09 1.929069906473159790e-01 2.430120296776294708e-02 1.380661010742187500e+00 -5.560447573661804199e-01 5.694647431373596191e-01 4.221933782100677490e-01 4.339089095592498779e-01 6.417858047404250144e-01 1.885950831246302473e-01 -7.827685507795600905e-01 8.785438166022250250e-01 -1.435234120960920290e+00 9.348017956364728098e-01 1.405884308439985464e+00
1.661415506978494644e+09 2.024284154176712036e-01 4.474721476435661316e-02 1.384863615036010742e+00 -5.539535880088806152e-01 5.634253025054931641e-01 4.273863434791564941e-01 4.393497407436370850e-01 6.833297755255230976e-01 -1.909728161520325429e-01 -9.262804880772343985e-01 8.630662646755818956e-01 1.126865526323670652e+00 4.477817625490509990e-01 -1.193239249167177496e+00
1.661415507011516571e+09 2.044422924518585205e-01 6.570085883140563965e-02 1.382390022277832031e+00 5.553235411643981934e-01 -5.544744729995727539e-01 -4.374105930328369141e-01 -4.391421079635620117e-01 6.418473496276252410e-01 -4.689189742569757624e-02 -8.967554201335186104e-01 5.733725152954094462e-01 2.174015017789041160e+00 4.343001344766089789e-01 -2.097930252244893268e+00
1.661415507045189857e+09 2.171183079481124878e-01 8.612752705812454224e-02 1.382154464721679688e+00 -5.490965247154235840e-01 5.523636937141418457e-01 4.407651126384735107e-01 4.462212622165679932e-01 7.139585786605309181e-01 -2.062229960458564215e-01 -9.239968004619097952e-01 7.196299548691145187e-01 8.409371117077815150e-01 6.695899426923328512e-01 -8.109333297235999938e-01
1.661415507077949762e+09 2.314053475856781006e-01 1.065584123134613037e-01 1.397194504737854004e+00 5.467828512191772461e-01 -5.462443232536315918e-01 -4.464237093925476074e-01 -4.509451985359191895e-01 8.887703771526296315e-01 -3.293896639876023325e-01 -1.078032043230857218e+00 1.598858630327008701e+00 1.049481763512331689e+00 -2.035940122205732450e-01 -9.983898696793351846e-01
1.661415507111460924e+09 2.317463606595993042e-01 1.266354322433471680e-01 1.389224290847778320e+00 -5.402771830558776855e-01 5.457947850227355957e-01 4.479017853736877441e-01 4.578129351139068604e-01 6.446769326303679604e-01 2.073644414170169592e-01 -7.592410857593765439e-01 2.917662311328230729e-01 1.091702609231089138e-01 1.071369090597547258e+00 -1.135771409201919296e-01
1.661415507144579411e+09 2.355313152074813843e-01 1.469866186380386353e-01 1.404381036758422852e+00 5.391726493835449219e-01 -5.382114648818969727e-01 -4.555557966232299805e-01 -4.605326056480407715e-01 7.746691291166847293e-01 -3.607111579824606729e-02 -9.799283547602211097e-01 1.556893079976259475e+00 8.490304492977797102e-01 -2.148921402443113582e-01 -7.275718013395446881e-01
1.661415507177914143e+09 2.351671159267425537e-01 1.657663434743881226e-01 1.410900235176086426e+00 -5.315437912940979004e-01 5.384202599525451660e-01 4.560653269290924072e-01 4.685821533203125000e-01 5.964475939397204662e-01 2.325807774884965651e-01 -7.814037722257984875e-01 1.003958763970681956e+00 -1.052765610252159645e+00 6.021200118472913587e-01 1.100345571574040671e+00
1.661415507211208820e+09 2.384642213582992554e-01 1.863597333431243896e-01 1.408963084220886230e+00 -5.260342359542846680e-01 5.352094173431396484e-01 4.606392383575439453e-01 4.739728868007659912e-01 6.290925290126631042e-01 6.042248336777675255e-02 -8.784501376840601061e-01 7.290552081303341980e-01 7.224616852204839290e-01 6.728674169014686735e-01 -6.370805357845528150e-01
1.661415507244551420e+09 2.383995950222015381e-01 2.073793411254882812e-01 1.420212030410766602e+00 5.286982655525207520e-01 -5.262160301208496094e-01 -4.704684913158416748e-01 -4.714172780513763428e-01 7.150146167996555002e-01 3.942022478543790419e-03 -1.018135362053584458e+00 1.559156841248055647e+00 1.418198868934264389e+00 -5.260856860300847648e-01 -1.218033642145217366e+00
1.661415507278179169e+09 2.484597414731979370e-01 2.270316630601882935e-01 1.420984625816345215e+00 -5.197588205337524414e-01 5.261403322219848633e-01 4.718016088008880615e-01 4.800316393375396729e-01 6.569310317024866785e-01 -6.278610904983827901e-02 -9.096021669261756815e-01 9.431866042442011988e-01 -2.858123567481654637e-02 6.736918073848032762e-01 1.010130863532767570e-01
1.661415507311269045e+09 2.517974674701690674e-01 2.470224797725677490e-01 1.425959467887878418e+00 -5.145903229713439941e-01 5.224794745445251465e-01 4.767885804176330566e-01 4.846490025520324707e-01 6.306813916886795379e-01 4.300213281415569272e-02 -9.434680649160034349e-01 1.206790120204381811e+00 3.568336439986379838e-01 2.811905894831475128e-01 -2.111409939736958175e-01
1.661415507344565153e+09 2.454967200756072998e-01 2.667029500007629395e-01 1.424331188201904297e+00 -5.077411532402038574e-01 5.194130539894104004e-01 4.805122911930084229e-01 4.914438426494598389e-01 6.225508928572249800e-01 3.281164595581761989e-01 -7.720185203151183062e-01 7.025056990880010899e-01 -3.297455947931494935e-02 8.653597623074763545e-01 7.173837358443170553e-02
1.661415507378725529e+09 2.483922988176345825e-01 2.847526073455810547e-01 1.428206205368041992e+00 -5.000157952308654785e-01 5.182746052742004395e-01 4.816333353519439697e-01 4.994046390056610107e-01 5.470265764627121330e-01 9.887748397675419354e-02 -8.223765985246577204e-01 1.058521870607074034e+00 -7.005256266372331675e-01 5.273769678014462725e-01 7.239343727011947616e-01
1.661415507411640406e+09 2.401364147663116455e-01 3.057695031166076660e-01 1.420839667320251465e+00 -4.949160814285278320e-01 5.142930746078491211e-01 4.859161674976348877e-01 5.044265389442443848e-01 7.216048532527313819e-01 3.485310879077521684e-01 -8.287879390131035473e-01 5.704082081718998554e-01 5.335181870862115705e-01 8.951478827374736991e-01 -5.238847621619922013e-01
1.661415507444935799e+09 2.469530850648880005e-01 3.284181654453277588e-01 1.421889185905456543e+00 -4.963988363742828369e-01 5.082938671112060547e-01 4.921527802944183350e-01 5.030023455619812012e-01 7.110750424135529046e-01 -1.299997406626368646e-01 -1.182464983746262188e+00 1.537508477984473432e+00 1.482280499999620860e+00 -4.161463368142516162e-01 -1.353928686879433796e+00
1.661415507478009701e+09 2.451114952564239502e-01 3.500381708145141602e-01 1.418851494789123535e+00 -4.929859638214111328e-01 5.029869079589843750e-01 4.965007007122039795e-01 5.074012875556945801e-01 6.624527828290177611e-01 1.538464046016182751e-01 -1.004059260073262738e+00 1.073984302042725547e+00 7.854702159123128080e-01 4.149524709895509034e-01 -7.935983463420550610e-01
1.661415507511230946e+09 2.469777166843414307e-01 3.667249083518981934e-01 1.402354001998901367e+00 -4.954070150852203369e-01 5.084619522094726562e-01 4.918836951255798340e-01 5.040723085403442383e-01 7.085607638760619276e-01 6.185339973562298255e-02 -7.399647861127012227e-01 4.260565999489259181e-01 -9.289773602106763395e-01 -5.284456722491805841e-03 8.835706259843059129e-01
1.661415507544696569e+09 2.469978779554367065e-01 3.842890560626983643e-01 1.391192197799682617e+00 -4.891501367092132568e-01 5.098211765289306641e-01 4.897821247577667236e-01 5.108112692832946777e-01 6.218532788456641036e-01 1.679117633622971562e-01 -7.568476522805289708e-01 4.836644584643391975e-01 -6.417418925892336423e-01 8.455905178644114173e-01 5.426182327347636170e-01
1.661415507578176260e+09 2.465317994356155396e-01 4.006480574607849121e-01 1.375810265541076660e+00 -4.922332465648651123e-01 5.144651532173156738e-01 4.870500564575195312e-01 5.057811141014099121e-01 6.708454223116790960e-01 8.640476972880119233e-02 -7.428309611614770658e-01 5.178630906963540559e-01 -7.909351533884689811e-01 -1.537573758858718220e-01 8.367810008177122283e-01
1.661415507611540556e+09 2.414857149124145508e-01 4.216554760932922363e-01 1.369102597236633301e+00 -4.882820546627044678e-01 5.094157457351684570e-01 4.897128045558929443e-01 5.121108889579772949e-01 6.780384971002550998e-01 2.300769397220028545e-01 -9.663177667327286224e-01 9.508560395334282322e-01 3.737018768954276648e-01 6.301438212711100162e-01 -4.951491152303949539e-01
1.661415507644644499e+09 2.557679116725921631e-01 4.356711208820343018e-01 1.363666892051696777e+00 -4.884397685527801514e-01 5.138679146766662598e-01 4.870737195014953613e-01 5.100250244140625000e-01 6.263794514990488338e-01 -2.504325684660556051e-01 -8.722568280071082425e-01 1.141494098340382735e+00 -1.011711301484815806e+00 -5.048841499276536249e-01 1.127701861073474365e+00
1.661415507677963257e+09 2.515141069889068604e-01 4.545240998268127441e-01 1.353662729263305664e+00 -4.827834069728851318e-01 5.098580718040466309e-01 4.864326417446136475e-01 5.199503898620605469e-01 6.531651078994363813e-01 2.412054131935465195e-01 -8.604573053708386432e-01 6.817415019555040923e-01 -2.566342115878275654e-01 9.652027511578890051e-01 -2.948664130118880053e-02
1.661415507711184978e+09 2.485794574022293091e-01 4.708863794803619385e-01 1.344580769538879395e+00 -4.845282137393951416e-01 5.104208588600158691e-01 4.874045550823211670e-01 5.168554782867431641e-01 5.701842160889188937e-01 1.143258902878684924e-01 -8.317518903518935636e-01 9.136803852640030810e-01 -4.006495367220757609e-01 -2.031400176703651028e-01 4.838061986641741807e-01
1.661415507744645119e+09 2.491974234580993652e-01 4.808290898799896240e-01 1.330721974372863770e+00 -4.819773733615875244e-01 5.171431303024291992e-01 4.830434918403625488e-01 5.166525244712829590e-01 5.100898030286301621e-01 8.920627877842583764e-02 -4.552968403026484423e-01 1.678371617851763808e-01 -1.832820276128612091e+00 2.817399673522319459e-01 1.896134390942953774e+00
1.661415507778302670e+09 2.478313595056533813e-01 4.956993758678436279e-01 1.337975144386291504e+00 -4.900143444538116455e-01 5.105311274528503418e-01 4.840730726718902588e-01 5.147010087966918945e-01 4.932386557041504305e-01 1.193717543495634303e-02 -9.471115065338538974e-01 1.842534258234181266e+00 -1.884354099527107140e-01 -1.077683264439416311e+00 -5.644289272091333048e-02
1.661415507811271191e+09 2.493586093187332153e-01 4.889239668846130371e-01 1.343264460563659668e+00 -4.828654527664184570e-01 5.153819322586059570e-01 4.889018535614013672e-01 5.120520591735839844e-01 2.648026061815623722e-01 -4.217021179519830909e-02 3.562095226313549134e-01 -3.613170865471311832e-01 -7.816597026366875478e-02 1.562559998417454576e-01 6.691901062619493024e-01
1.661415507844640255e+09 2.474576234817504883e-01 4.967578351497650146e-01 1.338603615760803223e+00 -4.848341345787048340e-01 5.132544636726379395e-01 4.806259870529174805e-01 5.201004147529602051e-01 2.790501968422845480e-01 1.298859717476890385e-01 -3.844457117151671155e-01 3.964367900450597171e-01 -1.789569658661110729e+00 2.415732968800975156e-01 1.125022446014440902e+00
1.661415507877979040e+09 2.504249215126037598e-01 4.902693331241607666e-01 1.342182636260986328e+00 -4.795882999897003174e-01 5.184603929519653320e-01 4.813538193702697754e-01 5.191266536712646484e-01 2.394256888327223887e-01 -5.315071282601802755e-02 3.326900797415430211e-01 -3.625259501286930974e-01 -7.786179104064142598e-01 1.027291126268254640e-01 1.117129631595847661e+00
1.661415507911600828e+09 2.458809167146682739e-01 5.009256601333618164e-01 1.345571160316467285e+00 -4.903011322021484375e-01 5.161609053611755371e-01 4.796620905399322510e-01 5.129395723342895508e-01 3.589964559046414094e-01 6.545164200090775042e-02 -6.948413901093591916e-01 1.409007923843949683e+00 -3.581655227505754491e-01 -1.267165232665199426e+00 1.552506574919057525e-01
