1.661415511112255335e+09 1.378528122206244648e-16 -2.367949187755584717e-01 1.128897309303283691e+00 -6.125128269195556641e-01 6.125135421752929688e-01 3.533097505569458008e-01 3.533093035221099854e-01 0.000000000000000000e+00 0.000000000000000000e+00 0.000000000000000000e+00 0.000000000000000000e+00 0.000000000000000000e+00 0.000000000000000000e+00 0.000000000000000000e+00
1.661415511145004749e+09 1.600185967981815338e-02 -2.167701572179794312e-01 1.148991465568542480e+00 -6.078657507896423340e-01 6.100657582283020020e-01 3.583295047283172607e-01 3.604426980018615723e-01 9.945313507206239301e-01 -7.616526202257365430e-01 -9.226513837452647859e-01 1.224460221904092982e+00 1.098904780759560440e+00 2.948585752219974321e-01 -1.289397712684532404e+00
1.661415511177966833e+09 3.338464349508285522e-02 -1.967172920703887939e-01 1.169100522994995117e+00 -6.024411916732788086e-01 6.082506775856018066e-01 3.607524335384368896e-01 3.700720965862274170e-01 1.010143590991947615e+00 -7.089187875563928154e-01 -9.281127853433769337e-01 1.246052854016754585e+00 6.168603847215121672e-01 2.718207807611572324e-01 -8.901703504591349514e-01
1.661415511211171865e+09 4.450223222374916077e-02 -1.766507923603057861e-01 1.190233707427978516e+00 6.052201390266418457e-01 -5.985115766525268555e-01 -3.732300698757171631e-01 -3.690417408943176270e-01 9.393446965008315219e-01 -7.141950046440653788e-01 -9.357742726783915277e-01 1.323520268345330209e+00 2.952484450394492033e+00 1.325964187260123689e-02 -3.045470964567679850e+00
1.661415511244919062e+09 6.431811302900314331e-02 -1.566549092531204224e-01 1.210234880447387695e+00 -5.948212742805480957e-01 6.014310717582702637e-01 3.744619786739349365e-01 3.797979950904846191e-01 1.023295009413025314e+00 -6.313680182607631641e-01 -9.224674561589218946e-01 1.269313381615869707e+00 -2.369780429266639399e-02 2.523546526080036045e-01 3.100875255972279643e-02
1.661415511278146267e+09 8.006115257740020752e-02 -1.364841163158416748e-01 1.231018543243408203e+00 -5.936909914016723633e-01 5.952279567718505859e-01 3.791944980621337891e-01 3.865828812122344971e-01 9.920966641738762082e-01 -6.244303151865733259e-01 -9.594276106796247872e-01 1.369519741938942214e+00 1.366318388023053387e+00 4.936697015417221279e-02 -1.657237831649091220e+00
1.661415511311608791e+09 9.772875159978866577e-02 -1.163721606135368347e-01 1.251446485519409180e+00 -5.885371565818786621e-01 5.927622914314270020e-01 3.820299208164215088e-01 3.953605294227600098e-01 1.006318605498380592e+00 -5.772243239083741928e-01 -9.593961984740501103e-01 1.372704680287795354e+00 6.599511395647377210e-01 1.106973465427911751e-01 -8.116575880628186246e-01
1.661415511344607115e+09 1.137119680643081665e-01 -9.609795361757278442e-02 1.272556662559509277e+00 -5.867404937744140625e-01 5.871322751045227051e-01 3.888482749462127686e-01 3.997602164745330811e-01 1.010622763911819932e+00 -6.049022310435213656e-01 -1.002160408079076692e+00 1.478086805157551753e+00 1.616940072047187593e+00 -1.029410928187699525e-01 -1.677926690266033694e+00
1.661415511377949476e+09 1.227845996618270874e-01 -7.603747397661209106e-02 1.292814135551452637e+00 -5.826150178909301758e-01 5.833852887153625488e-01 3.938512504100799561e-01 4.063280820846557617e-01 8.973039779442137931e-01 -2.296449347797570040e-01 -9.292049680900870134e-01 1.402966197033997275e+00 4.422868946971861281e-01 6.605408599142059689e-02 -4.316709524923242336e-01
1.661415511411619186e+09 1.379150748252868652e-01 -5.576061084866523743e-02 1.313868045806884766e+00 5.813278555870056152e-01 -5.769155621528625488e-01 -3.996680974960327148e-01 -4.116937518119812012e-01 9.775634031658976264e-01 -4.968813493087754773e-01 -9.963182404941105519e-01 1.514324374514096405e+00 1.315291365885301822e+00 -1.515533343969922009e-01 -1.420682698385496989e+00
1.661415511444782019e+09 1.590552181005477905e-01 -3.596523404121398926e-02 1.333339571952819824e+00 -5.703405737876892090e-01 5.793898105621337891e-01 3.986304998397827148e-01 4.243969917297363281e-01 1.052336717025182944e+00 -4.684931634768587094e-01 -9.987930409628817952e-01 1.475934195739119881e+00 -5.550702672844916030e-01 2.578418745859674122e-01 5.423138996634847553e-01
1.661415511478277445e+09 1.712590008974075317e-01 -1.557784993201494217e-02 1.354508161544799805e+00 -5.696687698364257812e-01 5.722804665565490723e-01 4.072258770465850830e-01 4.267781674861907959e-01 9.500623213759810115e-01 -3.963854875918099152e-01 -1.024819392927622808e+00 1.615197837537088121e+00 1.546738460359934342e+00 -2.925507670290540818e-01 -1.450101891458428716e+00
1.661415511511269331e+09 1.817370206117630005e-01 4.680329468101263046e-03 1.372087240219116211e+00 5.681185722351074219e-01 -5.656444430351257324e-01 -4.136803746223449707e-01 -4.314584434032440186e-01 8.728191496932868887e-01 -2.768975208978943781e-01 -1.005969187089626571e+00 1.477407386354984586e+00 1.046733424164145720e+00 -7.151506399214023479e-02 -1.039519392671833797e+00
1.661415511545002222e+09 1.926734000444412231e-01 2.482146583497524261e-02 1.380232095718383789e+00 -5.624209046363830566e-01 5.630006790161132812e-01 4.183195531368255615e-01 4.378603994846343994e-01 7.210470703290053907e-01 -1.992944265195651932e-01 -9.236128884341051615e-01 1.002804489008522815e+00 5.665051306619738325e-01 4.318156235780187813e-01 -4.752865394823382883e-01
1.661415511578435659e+09 1.925091147422790527e-01 4.492040351033210754e-02 1.395476222038269043e+00 5.608353614807128906e-01 -5.560838580131530762e-01 -4.260674118995666504e-01 -4.412492811679840088e-01 7.545298707600895938e-01 8.505771793742292197e-02 -8.936220050113986568e-01 1.323583608675176437e+00 6.027460386071278320e-01 5.400303342310194127e-02 -4.886772473172879550e-01
1.661415511611478329e+09 2.114286124706268311e-01 6.440652161836624146e-02 1.399166107177734375e+00 -5.482254624366760254e-01 5.609098672866821289e-01 4.228982925415039062e-01 4.538569450378417969e-01 8.295132307076682476e-01 -2.708447317352760120e-01 -9.354369025416238159e-01 8.877071361494558444e-01 -9.131979709856127281e-01 8.314192306667679278e-01 9.183205877860466382e-01
1.661415511644928932e+09 2.290794849395751953e-01 8.430055528879165649e-02 1.408356428146362305e+00 -5.392682552337646484e-01 5.608239769935607910e-01 4.247222244739532471e-01 4.629009068012237549e-01 8.412023279725777680e-01 -3.199110674127558784e-01 -9.967615609672124677e-01 1.202839693197592208e+00 7.178371593973524589e-02 4.235299279468126565e-01 1.891531039443729301e-02
1.661415511677955389e+09 2.315688431262969971e-01 1.043264195322990417e-01 1.414896011352539062e+00 -5.343310236930847168e-01 5.568921566009521484e-01 4.303051531314849854e-01 4.681868553161621094e-01 6.423081734323818903e-01 7.232972158077639879e-02 -8.750633205926154901e-01 9.976456036765751767e-01 3.021161417375644587e-01 4.672471612122683360e-01 -1.787609322453803384e-01
1.661415511711167574e+09 2.276910990476608276e-01 1.247988045215606689e-01 1.421205997467041016e+00 -5.333699584007263184e-01 5.494219660758972168e-01 4.391507506370544434e-01 4.698920845985412598e-01 6.555089231022680485e-01 1.802373274443021256e-01 -8.555924597471087356e-01 9.996018463280352817e-01 9.876739531371190317e-01 2.823068414977712437e-01 -8.457160732482414955e-01
1.661415511744926214e+09 2.238952070474624634e-01 1.446939408779144287e-01 1.419577479362487793e+00 -5.277300477027893066e-01 5.456904172897338867e-01 4.431320428848266602e-01 4.768195748329162598e-01 6.019016950807616340e-01 2.758526249787933704e-01 -7.428875236940001292e-01 5.335325905296058879e-01 -5.176242882003662810e-02 9.109437910482272027e-01 5.240768060134929490e-02
1.661415511778114319e+09 2.231249511241912842e-01 1.662418693304061890e-01 1.421210289001464844e+00 -5.288504362106323242e-01 5.370096564292907715e-01 4.535202682018280029e-01 4.756649136543273926e-01 6.515414766184547402e-01 3.481652437790969112e-02 -9.417524019215235409e-01 9.485398667277498141e-01 2.068743442631172602e+00 1.502758420255484173e-01 -1.894666811904079484e+00
1.661415511811520338e+09 2.317919731140136719e-01 1.860655993223190308e-01 1.422787308692932129e+00 -5.203554034233093262e-01 5.359827876091003418e-01 4.560084939002990723e-01 4.837448298931121826e-01 6.493728058329372166e-01 -5.070331524347505142e-02 -8.983455094639404281e-01 8.949044726160870766e-01 3.548688457072572688e-02 6.916976545224319262e-01 5.172019059644616251e-02
1.661415511844538450e+09 2.411220520734786987e-01 2.063230574131011963e-01 1.443644404411315918e+00 -5.183095335960388184e-01 5.291450619697570801e-01 4.648639559745788574e-01 4.850385487079620361e-01 9.248188594269641793e-01 -2.107780146722649794e-01 -1.139078271890160421e+00 2.094823607202474403e+00 9.505806254840014624e-01 -6.245082573419433736e-01 -6.566587278319234722e-01
1.661415511877841949e+09 2.604649364948272705e-01 2.265783250331878662e-01 1.443234682083129883e+00 -5.091288089752197266e-01 5.289301872253417969e-01 4.663420915603637695e-01 4.935036301612854004e-01 8.410692794160343766e-01 -3.183828810729378844e-01 -1.045586391410742610e+00 1.049922160465979193e+00 4.687105185048136557e-01 5.740326556781485401e-01 -3.724173786443257805e-01
1.661415511911643744e+09 2.500759065151214600e-01 2.464741468429565430e-01 1.432670950889587402e+00 -5.065804719924926758e-01 5.273805856704711914e-01 4.691381454467773438e-01 4.951315820217132568e-01 7.338845304976651107e-01 4.056560294575095038e-01 -6.824745329247737802e-01 2.836771340952246034e-01 -3.080793172065211111e-03 7.575683754819356741e-01 2.889768935917685910e-02
1.661415511944876909e+09 2.497316747903823853e-01 2.672046422958374023e-01 1.436726808547973633e+00 -5.032407641410827637e-01 5.218009948730468750e-01 4.763488769531250000e-01 4.975582957267761230e-01 6.357002674468189563e-01 9.701395409712686158e-02 -9.625206009303828303e-01 1.216269576193584223e+00 8.226417808853451197e-01 1.926595062587632967e-01 -6.440847303966710236e-01
1.661415511978304625e+09 2.523132264614105225e-01 2.904356420040130615e-01 1.432597875595092773e+00 -5.028898715972900391e-01 5.149592757225036621e-01 4.846242368221282959e-01 4.970492720603942871e-01 7.100657795103204606e-01 -1.137585202863475309e-02 -1.079694598063360766e+00 1.060813653960591685e+00 2.033008194120562440e+00 1.083255415589559623e-01 -1.863494938520500632e+00
1.661415512011428356e+09 2.519803941249847412e-01 3.110678493976593018e-01 1.431097388267517090e+00 -4.976153075695037842e-01 5.108866095542907715e-01 4.891744852066040039e-01 5.020778775215148926e-01 6.246088105641834920e-01 1.378112191618909854e-01 -9.368141256658243377e-01 9.892221479106632076e-01 5.402996376411713930e-01 5.264299240215525311e-01 -4.700978299968548435e-01
1.661415512044640064e+09 2.448587864637374878e-01 3.315139114856719971e-01 1.431868195533752441e+00 -4.939364492893218994e-01 5.050384998321533203e-01 4.949257671833038330e-01 5.059759020805358887e-01 6.523167620914136489e-01 2.756462975883612887e-01 -9.046058448131095719e-01 1.075602403334331880e+00 4.510405728309224704e-01 4.168223159448731785e-01 -3.996077266722223853e-01
1.661415512078342676e+09 2.495523542165756226e-01 3.509464561939239502e-01 1.420633912086486816e+00 -5.027558207511901855e-01 5.058841109275817871e-01 4.939147830009460449e-01 4.973589777946472168e-01 6.804129016305323630e-01 -9.080263893505095829e-02 -9.716357720727122338e-01 1.003499257833937008e+00 1.681933290587281915e-01 -8.170933329376377507e-01 -1.711726554589246274e-01
1.661415512111316442e+09 2.541222870349884033e-01 3.727683126926422119e-01 1.414309740066528320e+00 -4.976096153259277344e-01 5.022522211074829102e-01 4.979478418827056885e-01 5.021706223487854004e-01 7.028263684857286586e-01 1.456902036923401166e-02 -1.073319170221245011e+00 1.057194882675512426e+00 9.369130769228934952e-01 4.758715055936142413e-01 -8.699122764277489317e-01
1.661415512144923925e+09 2.531482875347137451e-01 3.924471437931060791e-01 1.403686404228210449e+00 -5.036408305168151855e-01 4.991847872734069824e-01 4.962311089038848877e-01 5.009142756462097168e-01 6.660533620187352177e-01 8.311952171214703755e-02 -9.345671529641029762e-01 9.184422160417763381e-01 8.523945787091180559e-02 -2.350152156501070233e-01 -3.693105612395602977e-01
1.661415512177958250e+09 2.562058568000793457e-01 4.112621843814849854e-01 1.392546772956848145e+00 -4.941718578338623047e-01 5.031959414482116699e-01 4.999523758888244629e-01 5.026287436485290527e-01 6.683404760868577599e-01 7.738738357234418996e-02 -8.900082174745792551e-01 6.945554184564108890e-01 7.083205474832672544e-02 6.711807126190992845e-01 3.627065316777889903e-01
1.661415512211098671e+09 2.557556629180908203e-01 4.277436733245849609e-01 1.371799468994140625e+00 -4.944311678409576416e-01 5.060067176818847656e-01 4.907600879669189453e-01 5.085760951042175293e-01 7.996520959696614694e-01 1.756396486078438401e-01 -6.755605992273016058e-01 1.162059041222480299e-01 -1.112580446412777535e+00 7.350634982307826526e-01 5.845348455640435592e-01
1.661415512244802475e+09 2.547117173671722412e-01 4.444972872734069824e-01 1.358298182487487793e+00 -4.850955903530120850e-01 5.118317604064941406e-01 4.943887591361999512e-01 5.082226395606994629e-01 6.391565983679986518e-01 1.538543538526945531e-01 -7.500611812776944998e-01 4.702372320840439435e-01 -3.326631147059089244e-01 6.693246937248037431e-01 8.467510718538416858e-01
1.661415512278294802e+09 2.572839856147766113e-01 4.602696597576141357e-01 1.355695843696594238e+00 -4.895048737525939941e-01 5.083283782005310059e-01 4.917395710945129395e-01 5.100780725479125977e-01 4.834315238590805586e-01 -3.264358732611518515e-03 -8.902753338797529947e-01 1.260605818719461535e+00 -6.805525985703733127e-01 -3.873350631278070222e-01 3.457775735132256889e-01
1.661415512311295509e+09 2.575651109218597412e-01 4.772276282310485840e-01 1.347370505332946777e+00 -4.974302947521209717e-01 5.074409842491149902e-01 4.916730523109436035e-01 5.033136606216430664e-01 5.725169380265784369e-01 -8.327675929221176445e-04 -9.699874995191082316e-01 1.259561966696964408e+00 -1.901355131137169308e-01 -8.462312824636247788e-01 1.605634047126257846e-01
1.661415512344419956e+09 2.471650987863540649e-01 4.953533411026000977e-01 1.345145106315612793e+00 -4.917329549789428711e-01 5.026928782463073730e-01 4.978603124618530273e-01 5.075764060020446777e-01 6.344428513863026309e-01 3.100397010244428375e-01 -9.076480448745448681e-01 1.149222406507847571e+00 4.119849789539414830e-02 4.817870306930524538e-01 9.415073811117351255e-02
