1.661415517829196215e+09 1.378528122206244648e-16 -2.367949187755584717e-01 1.128897309303283691e+00 -6.125128269195556641e-01 6.125135421752929688e-01 3.533097505569458008e-01 3.533093035221099854e-01 0.000000000000000000e+00 0.000000000000000000e+00 0.000000000000000000e+00 0.000000000000000000e+00 0.000000000000000000e+00 0.000000000000000000e+00 0.000000000000000000e+00
1.661415517861780405e+09 1.594354398548603058e-02 -2.167722433805465698e-01 1.148998618125915527e+00 -6.074200868606567383e-01 6.105102300643920898e-01 3.588848710060119629e-01 3.598884642124176025e-01 9.987924093697526651e-01 -7.697397884642588339e-01 -9.272925890293206574e-01 1.230996534823584065e+00 1.156254669065103213e+00 2.948483153886721220e-01 -1.285288013197579682e+00
1.661415517894813776e+09 3.481424227356910706e-02 -1.967475712299346924e-01 1.169024944305419922e+00 -5.998064875602722168e-01 6.108229756355285645e-01 3.593862950801849365e-01 3.714417219161987305e-01 1.030216444391168773e+00 -7.035036742089323392e-01 -9.259863772286995864e-01 1.238968163666174016e+00 1.204122496889998561e-01 2.907088214271312254e-01 -3.801359200280580719e-01
1.661415517928432226e+09 4.874268174171447754e-02 -1.765823960304260254e-01 1.189530730247497559e+00 -5.995119214057922363e-01 6.039671301841735840e-01 3.667472600936889648e-01 3.759063482284545898e-01 9.505201665017998236e-01 -6.761269180545320667e-01 -9.238290011366758758e-01 1.274112966626667287e+00 1.823184301176102862e+00 1.602046771712708484e-01 -2.061643006393520494e+00
1.661415517961390018e+09 6.070774421095848083e-02 -1.564432233572006226e-01 1.210904717445373535e+00 6.024352312088012695e-01 -5.940380096435546875e-01 -3.778478205204010010e-01 -3.760607540607452393e-01 9.621742420723887745e-01 -6.912737117674558895e-01 -9.590412683145732586e-01 1.381305207649845102e+00 2.782529420864433778e+00 -7.554134603999869413e-02 -2.933776458025653344e+00
1.661415517994679213e+09 7.930669188499450684e-02 -1.363992691040039062e-01 1.231162190437316895e+00 5.951736569404602051e-01 -5.938025712966918945e-01 -3.800807893276214600e-01 -3.856233656406402588e-01 1.022255970004126491e+00 -6.134384289623234787e-01 -9.488666390446727217e-01 1.334490471440941795e+00 4.075017148206859230e-01 1.728952842422676883e-01 -4.961697070679186305e-01
1.661415518028341293e+09 9.635528922080993652e-02 -1.165154799818992615e-01 1.250828862190246582e+00 -5.840591788291931152e-01 5.969948768615722656e-01 3.802832365036010742e-01 3.973117470741271973e-01 9.730114771829685427e-01 -4.190039816157273278e-01 -9.210530822547663421e-01 1.304279152652151774e+00 -5.781283460185483447e-01 2.886464083859427432e-01 6.214960495565288179e-01
1.661415518061890841e+09 1.127489507198333740e-01 -9.625060111284255981e-02 1.271669864654541016e+00 -5.803678631782531738e-01 5.931805372238159180e-01 3.870100677013397217e-01 4.019120633602142334e-01 9.947411594725270589e-01 -5.894459254135210324e-01 -9.793980663038661660e-01 1.435067627106909161e+00 1.403405971226213023e+00 -3.205580291689748978e-02 -1.369278354060602609e+00
1.661415518094944000e+09 1.246930658817291260e-01 -7.596184313297271729e-02 1.292702674865722656e+00 -5.801765918731689453e-01 5.858270525932312012e-01 3.938298821449279785e-01 4.063248038291931152e-01 9.551327427932778669e-01 -4.339053536287154622e-01 -9.841582606462642158e-01 1.488949015952369059e+00 1.459225407497818816e+00 -1.147687324906805917e-01 -1.575563251207678928e+00
1.661415518128013849e+09 1.357899159193038940e-01 -5.583501607179641724e-02 1.313161611557006836e+00 -5.770959258079528809e-01 5.809766650199890137e-01 3.986783921718597412e-01 4.128945171833038330e-01 9.304569886621733010e-01 -3.078827828027941860e-01 -9.652890723878821966e-01 1.474063927546267916e+00 6.718701188756872611e-01 -5.651967049342378202e-03 -7.287744923226650018e-01
1.661415518161441565e+09 1.477900594472885132e-01 -3.541810438036918640e-02 1.331478714942932129e+00 5.779430270195007324e-01 -5.725213885307312012e-01 -4.074745476245880127e-01 -4.149282872676849365e-01 8.956471799491828589e-01 -4.392798827879061951e-01 -1.005015767182883657e+00 1.440759035148923006e+00 1.880574926858362028e+00 -1.960997024428532409e-01 -1.884987337989170841e+00
1.661415518195139647e+09 1.687763482332229614e-01 -1.562525704503059387e-02 1.349150300025939941e+00 -5.664963722229003906e-01 5.754473805427551270e-01 4.074036478996276855e-01 4.265729486942291260e-01 1.003913450894675874e+00 -4.465596329775388118e-01 -9.861089663965134644e-01 1.408302577268059519e+00 -4.357055001287801210e-01 2.898543447301142328e-01 5.201293987121761164e-01
1.661415518228264809e+09 1.795125752687454224e-01 5.035113077610731125e-03 1.358621597290039062e+00 5.678579807281494141e-01 -5.665296316146850586e-01 -4.170249104499816895e-01 -4.274011850357055664e-01 7.588215940897227174e-01 -3.720447245930837976e-01 -1.004022466267893599e+00 1.116334268346494296e+00 2.192501425497397349e+00 3.396953569011841589e-02 -2.151598951724098541e+00
1.661415518261727571e+09 1.880706101655960083e-01 2.457709610462188721e-02 1.367882251739501953e+00 -5.571016073226928711e-01 5.682262182235717773e-01 4.170053005218505859e-01 4.391619861125946045e-01 6.950118222832201154e-01 8.075319704391141842e-03 -8.485267667542253367e-01 9.723126532619383866e-01 -9.558710222647410770e-01 7.575551495102977873e-01 1.002978269382185150e+00
1.661415518294656754e+09 1.922093778848648071e-01 4.410383850336074829e-02 1.386772990226745605e+00 -5.497949123382568359e-01 5.664077401161193848e-01 4.199215173721313477e-01 4.478545784950256348e-01 8.345914496941587712e-01 7.257304148572792102e-02 -8.979530376903717137e-01 1.484939399913485447e+00 -7.352542766405549823e-01 1.984924829561802440e-01 8.230303568379242485e-01
1.661415518328102589e+09 2.019159048795700073e-01 6.420972198247909546e-02 1.399062514305114746e+00 -5.450408458709716797e-01 5.625032782554626465e-01 4.246492683887481689e-01 4.540854990482330322e-01 7.619843796265561853e-01 -1.675046592132270473e-01 -9.534109130944656840e-01 1.268381350856299106e+00 4.782857483957532740e-01 2.188761891441225460e-01 -4.163871350440811470e-01
1.661415518361710310e+09 2.017990946769714355e-01 8.462934941053390503e-02 1.405647754669189453e+00 -5.435073375701904297e-01 5.557438135147094727e-01 4.331151545047760010e-01 4.562454521656036377e-01 6.384110461832489536e-01 6.707243404730582614e-02 -8.677477181486706881e-01 9.655815663208143773e-01 1.053984695095311119e+00 3.132959671903001730e-01 -9.150270428483761043e-01
1.661415518394846201e+09 2.031666338443756104e-01 1.052191406488418579e-01 1.405346155166625977e+00 -5.414469242095947266e-01 5.494334101676940918e-01 4.396060109138488770e-01 4.601136445999145508e-01 6.228098725691635362e-01 5.113993514336026558e-02 -8.593915289220950271e-01 6.723871974324130418e-01 1.105485319374423181e+00 6.146383563972394048e-01 -1.089337008004049201e+00
1.661415518428394079e+09 2.037414312362670898e-01 1.264063417911529541e-01 1.399205327033996582e+00 -5.406508445739746094e-01 5.424740910530090332e-01 4.473871886730194092e-01 4.618042111396789551e-01 6.577663033550784633e-01 4.346106113969985113e-02 -8.567621743517191968e-01 4.492229506881989520e-01 1.785931718012543135e+00 6.596683920787331790e-01 -1.737897549900697447e+00
1.661415518461448908e+09 2.012055069208145142e-01 1.469833254814147949e-01 1.407026529312133789e+00 5.396119356155395508e-01 -5.350309610366821289e-01 -4.556388854980468750e-01 -4.636313617229461670e-01 6.703663301320632595e-01 1.296747580680359391e-01 -8.977008516157571894e-01 1.133522605808334527e+00 1.049638553419152132e+00 1.454112492079324692e-01 -9.307699888630570628e-01
1.661415518494914055e+09 2.154806256294250488e-01 1.660495996475219727e-01 1.411252498626708984e+00 -5.270388722419738770e-01 5.374444127082824707e-01 4.548140168190002441e-01 4.759492278099060059e-01 7.228443925627353606e-01 -1.417516699562399729e-01 -8.882812514044065022e-01 9.567295638831166960e-01 -7.927899460702604317e-01 8.555096081554187659e-01 8.512069370393067214e-01
1.661415518528374434e+09 2.193448841571807861e-01 1.860095858573913574e-01 1.412483096122741699e+00 -5.252853035926818848e-01 5.355697274208068848e-01 4.568445980548858643e-01 4.780516326427459717e-01 6.087144394893657662e-01 1.124914840225335437e-02 -9.015731622297056269e-01 9.892231876267709723e-01 1.939672283935311159e-01 1.295620726296926872e-01 -1.667048982192436413e-01
1.661415518561532974e+09 2.265974283218383789e-01 2.057510465383529663e-01 1.430528640747070312e+00 -5.209030508995056152e-01 5.305576324462890625e-01 4.635745584964752197e-01 4.819411337375640869e-01 8.357486530572807437e-01 -1.096617857957197795e-01 -1.032566194323710107e+00 1.822340079151152370e+00 3.324852851233537909e-01 -2.704531968556443400e-01 -1.106048733490332531e-01
1.661415518595114231e+09 2.428487688302993774e-01 2.268908023834228516e-01 1.437333464622497559e+00 -5.170807838439941406e-01 5.259625911712646484e-01 4.697872996330261230e-01 4.850677847862243652e-01 8.194780226364237752e-01 -3.445834272708591661e-01 -1.126598200164636188e+00 1.479771820377052016e+00 1.380121849981646776e+00 -9.425103113797608789e-02 -1.182697288153133020e+00
1.661415518628082991e+09 2.476173639297485352e-01 2.481895834207534790e-01 1.436342000961303711e+00 -5.165555477142333984e-01 5.211203098297119141e-01 4.761206507682800293e-01 4.846783280372619629e-01 6.627056391956338555e-01 -5.815439127348347864e-02 -1.022359154848344831e+00 1.097748195357810319e+00 1.330795877829687779e+00 -2.592518552748159563e-03 -1.167800392731205505e+00
1.661415518661399126e+09 2.530182003974914551e-01 2.687930166721343994e-01 1.444725632667541504e+00 -5.138972401618957520e-01 5.147299766540527344e-01 4.838991761207580566e-01 4.866254031658172607e-01 6.870568881083307655e-01 -6.867991026854367020e-02 -1.065859490351911854e+00 1.547614575637198175e+00 9.647947293352505671e-01 -1.409075075436652114e-01 -7.418265488580638722e-01
1.661415518695067644e+09 2.549249231815338135e-01 2.893109321594238281e-01 1.444701194763183594e+00 -5.088584423065185547e-01 5.104624032974243164e-01 4.890772998332977295e-01 4.912174940109252930e-01 6.120357013409688518e-01 7.547075686610296708e-02 -9.389100256134524924e-01 1.036325621277956799e+00 6.284986356579507216e-01 4.219172693606890179e-01 -5.198097265250969379e-01
1.661415518728504896e+09 2.522879540920257568e-01 3.089705407619476318e-01 1.443605899810791016e+00 -5.020453929901123047e-01 5.072548985481262207e-01 4.926870465278625488e-01 4.978979825973510742e-01 5.941244066649274957e-01 2.185864666822231739e-01 -8.468580790518338564e-01 8.817028793297516653e-01 7.526393654560376012e-02 7.088992888009820748e-01 -3.621554995940889921e-02
1.661415518761718988e+09 2.479046136140823364e-01 3.283873796463012695e-01 1.447341680526733398e+00 -4.970698058605194092e-01 5.020210146903991699e-01 4.979092180728912354e-01 5.029740929603576660e-01 6.097708138580165693e-01 2.206355491756054332e-01 -9.067025017773051587e-01 1.204184959847949932e+00 1.194215079385390899e-01 3.850658073983149743e-01 -5.014305901456621306e-02
1.661415518794693470e+09 2.526451647281646729e-01 3.463372290134429932e-01 1.433892846107482910e+00 -5.017176866531372070e-01 5.062262415885925293e-01 4.942875802516937256e-01 4.976888895034790039e-01 6.952249535784456036e-01 -3.150338406963545945e-02 -8.651648268613485460e-01 7.333290489021478953e-01 -5.437798183931649154e-01 -3.821797996676504217e-01 5.218384856518907267e-01
1.661415518828108788e+09 2.535694539546966553e-01 3.665448427200317383e-01 1.426515460014343262e+00 -4.943596124649047852e-01 5.037934184074401855e-01 4.960411489009857178e-01 5.057113170623779297e-01 6.443756733683588811e-01 1.407387814079334720e-01 -8.996476242126975054e-01 7.486239966378774868e-01 2.226825787862721229e-01 8.718844331828221605e-01 -2.760298612417654285e-01
1.661415518861672163e+09 2.621051669120788574e-01 3.818560242652893066e-01 1.414250016212463379e+00 -4.953855574131011963e-01 5.103024244308471680e-01 4.897454977035522461e-01 5.043153762817382812e-01 6.374408702942451210e-01 -7.634231240450879696e-02 -7.716716481040275522e-01 6.856851850797990311e-01 -1.339364582788449942e+00 -1.575970505596813453e-01 1.271864260246216682e+00
1.661415518894845247e+09 2.552771866321563721e-01 3.995107710361480713e-01 1.407741189002990723e+00 -4.884508550167083740e-01 5.086425542831420898e-01 4.908459484577178955e-01 5.116334557533264160e-01 6.034078246040269766e-01 3.119193211427823686e-01 -7.378507240169266401e-01 6.180552172647831854e-01 -6.139922839513264341e-01 8.943680022149178566e-01 5.481755650485961029e-01
1.661415518928456545e+09 2.558081746101379395e-01 4.161434471607208252e-01 1.383217573165893555e+00 -4.896356761455535889e-01 5.155980587005615234e-01 4.846304655075073242e-01 5.094593167304992676e-01 8.817489735343991830e-01 1.144666614407210820e-01 -6.697583153132703471e-01 3.117670658536986564e-02 -9.632998272339758916e-01 3.396151214173951383e-01 8.685848364398528476e-01
1.661415518961641550e+09 2.489977926015853882e-01 4.366837143898010254e-01 1.365759253501892090e+00 -4.819751083850860596e-01 5.134177803993225098e-01 4.856129288673400879e-01 5.179598331451416016e-01 8.378560926787615992e-01 3.186052489064624127e-01 -8.379518789515825183e-01 2.820145133106558566e-01 7.567121582376143407e-02 1.338559967525284833e+00 -1.936477072671925204e-01
1.661415518994765997e+09 2.492180466651916504e-01 4.504873752593994141e-01 1.351182937622070312e+00 -4.842331707477569580e-01 5.181806087493896484e-01 4.813930392265319824e-01 5.150415897369384766e-01 6.060876492552020878e-01 7.419997196410574314e-02 -6.625582480942547869e-01 4.702922948960657212e-01 -1.266336747539133611e+00 -1.019791219662615489e-01 1.232222780666982764e+00
1.661415519028612137e+09 2.532096505165100098e-01 4.676495194435119629e-01 1.339504599571228027e+00 -4.765592515468597412e-01 5.175981521606445312e-01 4.810629487037658691e-01 5.230315923690795898e-01 6.245604698049174175e-01 5.315557019097991165e-02 -8.496091776941747664e-01 6.449047671426227923e-01 -4.632025091604003442e-01 8.392760680185603617e-01 4.105287817548705642e-01
1.661415519061940193e+09 2.515508830547332764e-01 4.836226701736450195e-01 1.335113763809204102e+00 -4.802421927452087402e-01 5.170143842697143555e-01 4.819498956203460693e-01 5.194111466407775879e-01 4.995340273023829436e-01 6.463376409172556791e-02 -8.795184367286298377e-01 1.228452725924005007e+00 -4.020526405206132914e-01 -5.523761448779265226e-01 4.306498020922985281e-01
1.661415519094883680e+09 2.436203509569168091e-01 4.879276454448699951e-01 1.336966276168823242e+00 -4.858234524726867676e-01 5.161801576614379883e-01 4.837713837623596191e-01 5.133213996887207031e-01 2.796254578450034223e-01 1.329188990350967658e-01 -2.223340980386452892e-01 5.186536898688681729e-01 -4.997207727841325442e-02 -6.445622268768816943e-01 1.184845637166961896e-01
1.661415519128068924e+09 2.461355477571487427e-01 4.852519035339355469e-01 1.346122384071350098e+00 -4.782184660434722900e-01 5.130092501640319824e-01 4.848353564739227295e-01 5.225545167922973633e-01 2.972735787709717137e-01 -1.022473630476624339e-02 1.003793350064914186e-01 6.493594974524510843e-02 -4.304659578118403829e-01 5.930074028025503763e-01 3.447280216544245657e-01
1.661415519161453724e+09 2.446368783712387085e-01 4.892742335796356201e-01 1.350080728530883789e+00 -4.852904081344604492e-01 5.147679448127746582e-01 4.848651289939880371e-01 5.142110586166381836e-01 1.748992333841615510e-01 -1.217719020654405536e-02 -3.175204235209057591e-01 8.387665794008625220e-01 -4.451065199826966801e-01 -1.111961493336093287e+00 5.678673855243191460e-01
1.661415519195313454e+09 2.471664994955062866e-01 4.984197020530700684e-01 1.348263978958129883e+00 -4.762619137763977051e-01 5.122026205062866211e-01 4.854351282119750977e-01 5.245722532272338867e-01 2.853306634657401530e-01 5.301575917232758534e-02 -4.893030470145353084e-01 4.980267244082927647e-01 -7.594328916805902496e-01 8.278830680322381008e-01 6.585036868452593950e-01
