1.661415522529193401e+09 1.378528122206244648e-16 -2.367949187755584717e-01 1.128897309303283691e+00 -6.125128269195556641e-01 6.125135421752929688e-01 3.533097505569458008e-01 3.533093035221099854e-01 0.000000000000000000e+00 0.000000000000000000e+00 0.000000000000000000e+00 0.000000000000000000e+00 0.000000000000000000e+00 0.000000000000000000e+00 0.000000000000000000e+00
1.661415522561854362e+09 1.719482615590095520e-02 -2.167644798755645752e-01 1.148933172225952148e+00 -6.061932444572448730e-01 6.117061376571655273e-01 3.567198216915130615e-01 3.620723187923431396e-01 1.014693222952041562e+00 -7.600494856049418990e-01 -9.257533892574724144e-01 1.224950409258596551e+00 7.016495191336180604e-01 3.075502003927056416e-01 -8.905011423160459350e-01
1.661415522594818830e+09 3.085962496697902679e-02 -1.966960430145263672e-01 1.169338464736938477e+00 6.066095232963562012e-01 -6.041865944862365723e-01 -3.636704683303833008e-01 -3.670520782470703125e-01 9.620982538182836219e-01 -7.181056890454194930e-01 -9.282026390683014716e-01 1.261970963971329240e+00 1.845154702740390062e+00 2.078571941423857372e-01 -2.189047995515310152e+00
1.661415522628655910e+09 5.039915069937705994e-02 -1.766888499259948730e-01 1.189354777336120605e+00 -5.962966084480285645e-01 6.070887446403503418e-01 3.651887178421020508e-01 3.775061070919036865e-01 1.016367083228901791e+00 -6.647624549252773019e-01 -9.129630142759431743e-01 1.237841558254014762e+00 4.304563892775515460e-02 2.655263452308118666e-01 -4.787924795975995185e-02
1.661415522661481142e+09 6.933998316526412964e-02 -1.566399335861206055e-01 1.209424734115600586e+00 -5.868049263954162598e-01 6.089707016944885254e-01 3.679465651512145996e-01 3.865618705749511719e-01 1.039150935211503812e+00 -6.573398820854625679e-01 -9.562184372083910588e-01 1.313334297777051018e+00 2.938208984184149664e-01 2.369916939023671565e-01 -2.508052864691547312e-01
1.661415522694793701e+09 8.420585840940475464e-02 -1.363464891910552979e-01 1.230115413665771484e+00 -5.860945582389831543e-01 6.024007201194763184e-01 3.743403553962707520e-01 3.917599320411682129e-01 9.777634585850715210e-01 -6.230284362789951791e-01 -9.594006696688489599e-01 1.363028604029671298e+00 1.655002164366192741e+00 7.560857096583011028e-02 -1.872303568404817709e+00
1.661415522728208065e+09 1.001637205481529236e-01 -1.160845533013343811e-01 1.250879645347595215e+00 -5.825932621955871582e-01 5.984794497489929199e-01 3.812536299228668213e-01 3.962993025779724121e-01 9.909276646295247515e-01 -6.079963820935996299e-01 -9.707972080473293852e-01 1.400459339635010014e+00 1.469104327113954778e+00 1.806999103027777040e-02 -1.459423632176920727e+00
1.661415522761859179e+09 1.157541647553443909e-01 -9.575800597667694092e-02 1.272009611129760742e+00 -5.816101431846618652e-01 5.920889377593994141e-01 3.882493674755096436e-01 4.005281031131744385e-01 9.868028966365004484e-01 -5.890012545393842336e-01 -9.830386885416402265e-01 1.451019980486365935e+00 1.688141075810504876e+00 -9.675544783648717950e-02 -1.785692131239803304e+00
1.661415522794836998e+09 1.317280381917953491e-01 -7.540840655565261841e-02 1.293346047401428223e+00 -5.808905363082885742e-01 5.853794217109680176e-01 3.956579864025115967e-01 4.041682481765747070e-01 1.016858594189845366e+00 -5.951998332746102349e-01 -1.025679403539954793e+00 1.539153057806142755e+00 1.776157900124279543e+00 -2.007688612788947335e-01 -1.831552245976111326e+00
1.661415522828117609e+09 1.451431363821029663e-01 -5.502874404191970825e-02 1.314929962158203125e+00 5.814725160598754883e-01 -5.773244500160217285e-01 -4.050002694129943848e-01 -4.056611359119415283e-01 9.788120881243912441e-01 -5.108932200791749256e-01 -1.026822880607227928e+00 1.579226835341847712e+00 1.942935558824005149e+00 -3.469339094055293171e-01 -1.901586671585658861e+00
1.661415522861666918e+09 1.645321249961853027e-01 -3.507866710424423218e-02 1.334823608398437500e+00 -5.742099285125732422e-01 5.773116946220397949e-01 4.056206941604614258e-01 4.152902662754058838e-01 1.019419303983771785e+00 -4.624265945566737868e-01 -1.010020808333048636e+00 1.524526553322393507e+00 -7.968021042770608714e-03 3.073586244235371884e-02 -2.315782251321935395e-02
1.661415522895258188e+09 1.814806759357452393e-01 -1.481545157730579376e-02 1.354559540748596191e+00 5.720379352569580078e-01 -5.714659094810485840e-01 -4.104784131050109863e-01 -4.215527772903442383e-01 9.816573193322949420e-01 -4.749850367825250164e-01 -1.041379175961587356e+00 1.563372545666085855e+00 1.049799451733817168e+00 -1.529023016372008659e-01 -1.124409559345358911e+00
1.661415522928278208e+09 1.940646916627883911e-01 4.921517800539731979e-03 1.362757444381713867e+00 -5.611498951911926270e-01 5.736555457115173340e-01 4.111515581607818604e-01 4.324170947074890137e-01 7.511028911708108602e-01 -1.376559752904470135e-01 -9.047058341884907096e-01 9.593983975380595552e-01 -5.483363119738340341e-01 7.417444904034753428e-01 6.499595983262135279e-01
1.661415522961541414e+09 1.970247775316238403e-01 2.486500702798366547e-02 1.373398065567016602e+00 -5.563005208969116211e-01 5.699365735054016113e-01 4.158703386783599854e-01 4.390374720096588135e-01 6.853679889065608100e-01 6.826987064684506001e-02 -8.633466520283391565e-01 1.061541077603224359e+00 7.260225652401741669e-02 4.330535836814211059e-01 -9.248960144047651058e-03
1.661415522994789839e+09 2.024685442447662354e-01 4.534949734807014465e-02 1.391342282295227051e+00 -5.576217174530029297e-01 5.606352686882019043e-01 4.259049892425537109e-01 4.397170245647430420e-01 8.352659678553188138e-01 -1.665425303097191334e-01 -1.000461041053342104e+00 1.554787488599867373e+00 1.567071356901817314e+00 -3.120712610911524076e-01 -1.437052841919124857e+00
1.661415523028259277e+09 2.091495096683502197e-01 6.533699482679367065e-02 1.400328040122985840e+00 -5.522784590721130371e-01 5.572165846824645996e-01 4.297905564308166504e-01 4.469656348228454590e-01 6.845122954595321829e-01 -3.799957696751721237e-02 -8.957214683630440044e-01 1.069913216916117404e+00 1.997802353373423212e-01 4.344601621016520587e-01 -1.690379767554037183e-01
1.661415523061858654e+09 2.154206335544586182e-01 8.533995598554611206e-02 1.405976891517639160e+00 -5.463935732841491699e-01 5.542258620262145996e-01 4.333955049514770508e-01 4.543743431568145752e-01 6.461641001467491874e-01 -1.400432987313789644e-02 -8.729410044086789444e-01 9.240588318496171238e-01 1.917241664041129667e-01 5.695789479018593671e-01 -1.617543997954299928e-01
1.661415523095055580e+09 2.164422124624252319e-01 1.055634319782257080e-01 1.417929887771606445e+00 -5.445621609687805176e-01 5.474025607109069824e-01 4.410325884819030762e-01 4.574852287769317627e-01 7.083176502427050991e-01 5.138964629398456302e-02 -9.189283280667783771e-01 1.288858033513241574e+00 7.578730980632164549e-01 8.125226190880431576e-02 -6.343234984789696274e-01
1.661415523128379583e+09 2.188104689121246338e-01 1.254866123199462891e-01 1.424836516380310059e+00 -5.407099723815917969e-01 5.438734292984008789e-01 4.454192519187927246e-01 4.619914591312408447e-01 6.367463267729145393e-01 6.774699042099474600e-02 -8.837119213726974953e-01 1.078333009795719555e+00 1.910857139853239239e-01 2.963437204560281368e-01 -1.085082065684455227e-01
1.661415523161594868e+09 2.191600650548934937e-01 1.455684155225753784e-01 1.427535772323608398e+00 -5.357593297958374023e-01 5.397671461105346680e-01 4.503996968269348145e-01 4.677108824253082275e-01 6.101231640117199539e-01 1.337478238317181822e-01 -8.399926317790670227e-01 8.356486256727534423e-01 3.220431583398714603e-01 6.116045754849150917e-01 -2.582332561055954989e-01
1.661415523195683002e+09 2.228847593069076538e-01 1.657468825578689575e-01 1.424744725227355957e+00 -5.288519859313964844e-01 5.375967025756835938e-01 4.540165960788726807e-01 4.745252728462219238e-01 6.074929995987479181e-01 6.529345437253107620e-02 -8.169277174814967291e-01 5.944983022249160642e-01 3.221761199713233381e-01 8.365451956115530496e-01 -2.600008866472162117e-01
1.661415523229157686e+09 2.270631790161132812e-01 1.859880387783050537e-01 1.427296519279479980e+00 -5.232043862342834473e-01 5.341814160346984863e-01 4.588980376720428467e-01 4.799166619777679443e-01 6.221080706621511247e-01 2.187999944042804540e-02 -8.957125511036062582e-01 9.436622202858807595e-01 4.880709366855434661e-01 5.083254723661791985e-01 -3.759633766879137418e-01
1.661415523261964321e+09 2.355834245681762695e-01 2.053525298833847046e-01 1.442096829414367676e+00 -5.178442001342773438e-01 5.310852527618408203e-01 4.634755551815032959e-01 4.847436547279357910e-01 7.870092840223782416e-01 -1.098484964305009026e-01 -1.028930139279938372e+00 1.702276640190423462e+00 -3.268511858006076937e-02 -1.281315602029853562e-01 2.180111875850929970e-01
1.661415523295226812e+09 2.502967715263366699e-01 2.263099700212478638e-01 1.443126320838928223e+00 -5.141338109970092773e-01 5.276132822036743164e-01 4.673502147197723389e-01 4.887478053569793701e-01 7.704553804615280610e-01 -2.764313634936583775e-01 -1.074074203553868845e+00 1.184765436530414773e+00 1.117882843824489436e+00 1.582078993392831145e-01 -1.033553467584477970e+00
1.661415523328114748e+09 2.537303864955902100e-01 2.468045800924301147e-01 1.440754294395446777e+00 -5.090247392654418945e-01 5.248491764068603516e-01 4.719998240470886230e-01 4.925884008407592773e-01 6.359533292692102213e-01 4.504373381803222776e-02 -9.257435721135988116e-01 8.704242389121789047e-01 6.256443488274036069e-01 5.112767186639819439e-01 -4.858336358907686114e-01
1.661415523361528635e+09 2.496316879987716675e-01 2.674851417541503906e-01 1.435218453407287598e+00 -5.034640431404113770e-01 5.212931036949157715e-01 4.771192967891693115e-01 4.971263408660888672e-01 6.523481769013421694e-01 2.442220414218116697e-01 -8.226037312398931656e-01 6.073498325444468549e-01 5.622854511494945751e-01 8.011811726945148315e-01 -4.671164011896103418e-01
1.661415523395129919e+09 2.554053962230682373e-01 2.877075076103210449e-01 1.438402414321899414e+00 -4.985550940036773682e-01 5.175692439079284668e-01 4.817989766597747803e-01 5.014325380325317383e-01 6.330146680735488918e-01 -2.773676263284329327e-02 -9.936021504258940595e-01 1.256115504831198493e+00 4.906992888888320747e-01 2.149546428019240285e-01 -3.612347551321179462e-01
1.661415523428673506e+09 2.562198042869567871e-01 3.078340291976928711e-01 1.440539717674255371e+00 -4.933819472789764404e-01 5.130572915077209473e-01 4.867829382419586182e-01 5.063486099243164062e-01 6.038729803863244205e-01 9.896613927471893668e-02 -9.464748811081108437e-01 1.161336425464235322e+00 3.878582255723223571e-01 3.706767255331028799e-01 -2.943138418829335801e-01
1.661415523461733103e+09 2.496047168970108032e-01 3.275847136974334717e-01 1.441766619682312012e+00 -4.886589348316192627e-01 5.077497363090515137e-01 4.919604659080505371e-01 5.112509131431579590e-01 6.311372568155979579e-01 2.780930221812484837e-01 -8.772178368068370702e-01 1.048808041227785592e+00 1.703631026124843295e-01 5.040733451403129894e-01 -1.294604440644948340e-01
1.661415523494796753e+09 2.631435394287109375e-01 3.429222106933593750e-01 1.437615871429443359e+00 -4.905013740062713623e-01 5.133076310157775879e-01 4.861553311347961426e-01 5.094866752624511719e-01 6.313591698617987413e-01 -2.192963497376348436e-01 -8.961226217697217944e-01 1.175104896032800106e+00 -1.427533564804744914e+00 -5.922154219168308531e-01 1.392083437962991388e+00
1.661415523528218508e+09 2.554716467857360840e-01 3.645561635494232178e-01 1.433205485343933105e+00 -4.877425432205200195e-01 5.072147846221923828e-01 4.931170046329498291e-01 5.115426182746887207e-01 6.993606617044686447e-01 2.653315485999787615e-01 -9.484945202580208345e-01 9.654276368059895308e-01 9.110284393706077344e-01 4.401184652456982538e-01 -8.085308919650635584e-01
1.661415523561769247e+09 2.554426789283752441e-01 3.805485367774963379e-01 1.416873812675476074e+00 -4.904916882514953613e-01 5.122941732406616211e-01 4.865290522575378418e-01 5.101590156555175781e-01 6.812913830535030080e-01 1.196388979802131824e-01 -6.752654695794048090e-01 3.658009609509531024e-01 -1.298974968643680672e+00 5.318973138213055341e-02 1.095674808825187085e+00
1.661415523594738960e+09 2.571360468864440918e-01 4.004771113395690918e-01 1.406089782714843750e+00 -4.820913672447204590e-01 5.117182135581970215e-01 4.895734786987304688e-01 5.158005356788635254e-01 6.891923839504656701e-01 1.108202741486499082e-01 -9.199064955126969867e-01 6.764926881176217544e-01 1.995064454941556376e-01 8.807079116825187182e-01 -5.794105908035403207e-02
1.661415523628381491e+09 2.643838822841644287e-01 4.199211299419403076e-01 1.397723913192749023e+00 -4.930806159973144531e-01 5.106001496315002441e-01 4.881477355957031250e-01 5.078097581863403320e-01 6.650463108330719741e-01 -1.643530709931148859e-01 -1.110867656797715597e+00 1.440797658476558718e+00 4.084640525975655745e-01 -1.142871747805748184e+00 -5.167917623796122184e-01
1.661415523661424637e+09 2.612505555152893066e-01 4.317779541015625000e-01 1.378196716308593750e+00 -4.894284904003143311e-01 5.130522251129150391e-01 4.859845042228698730e-01 5.109366774559020996e-01 6.978425163386117180e-01 1.866900821174815317e-01 -3.950182409362157365e-01 -3.213865040891490943e-01 -6.312738284155774982e-02 9.377299857437424446e-01 -2.675211033964112681e-02
1.661415523694937229e+09 2.544643580913543701e-01 4.518191814422607422e-01 1.364606142044067383e+00 -4.811464846134185791e-01 5.115231871604919434e-01 4.896210432052612305e-01 5.168299078941345215e-01 7.503956420620866430e-01 2.912264725161438639e-01 -8.575975568078955114e-01 5.181653182817570480e-01 1.515817082483084666e-01 1.067469917569474624e+00 -4.798896513843507045e-02
1.661415523728368998e+09 2.622074484825134277e-01 4.667443633079528809e-01 1.347610831260681152e+00 -4.846816360950469971e-01 5.155934691429138184e-01 4.828636348247528076e-01 5.158389210700988770e-01 7.151060607985855189e-01 -8.145607501530233163e-02 -7.917625472821316901e-01 5.926821693968005178e-01 -9.669407674136704101e-01 -1.576973337570760358e-01 7.426641992274090054e-01
1.661415523761611700e+09 2.544808685779571533e-01 4.845697879791259766e-01 1.344302296638488770e+00 -4.808178842067718506e-01 5.139757990837097168e-01 4.910669028759002686e-01 5.133190155029296875e-01 5.928419521739217712e-01 2.152372891532714771e-01 -9.145539868195964317e-01 1.186424226679161364e+00 2.571452016111206440e-01 2.629940862727271275e-02 1.855274469183392783e-01
1.661415523795215368e+09 2.529440224170684814e-01 4.943565428256988525e-01 1.335977077484130859e+00 -4.853677153587341309e-01 5.134655833244323730e-01 4.835190773010253906e-01 5.167015790939331055e-01 3.850863680350459783e-01 1.012626881869704842e-01 -4.869420280034014170e-01 4.691892789151713705e-01 -1.440512294326906861e+00 -4.005765850898972136e-02 9.124307630102289624e-01
1.661415523828480721e+09 2.547359466552734375e-01 4.932700097560882568e-01 1.347447872161865234e+00 -4.845683872699737549e-01 5.133290290832519531e-01 4.851238131523132324e-01 5.160827636718750000e-01 3.505342864465478270e-01 -5.183685477072253606e-02 -7.380196601504189491e-02 6.226412556566334189e-01 -6.188359316147509226e-01 -4.753342025750162403e-01 7.563096828613936617e-01
