1.661415465495528460e+09 1.378528122206244648e-16 -2.367949187755584717e-01 1.128897309303283691e+00 -6.125128269195556641e-01 6.125135421752929688e-01 3.533097505569458008e-01 3.533093035221099854e-01 0.000000000000000000e+00 0.000000000000000000e+00 0.000000000000000000e+00 0.000000000000000000e+00 0.000000000000000000e+00 0.000000000000000000e+00 0.000000000000000000e+00
1.661415465528504610e+09 1.968663930892944336e-02 -2.167972177267074585e-01 1.148887038230895996e+00 -6.023570299148559570e-01 6.154611706733703613e-01 3.536484837532043457e-01 3.651114106178283691e-01 1.044808208157705920e+00 -7.483667372139735097e-01 -9.174860175256605022e-01 1.210943888343811503e+00 -1.094792241643134517e-01 3.137963390942465902e-01 -3.227487574303461448e-02
1.661415465561177015e+09 3.514256700873374939e-02 -1.966652125120162964e-01 1.169010043144226074e+00 -5.980703234672546387e-01 6.125369668006896973e-01 3.601762354373931885e-01 3.706527054309844971e-01 9.913595602201080714e-01 -7.334223399768664553e-01 -9.400638133586811662e-01 1.260535890327034503e+00 1.364515098622667288e+00 2.732103972561585881e-01 -1.456782239514093913e+00
1.661415465594859123e+09 4.960010200738906860e-02 -1.765032559633255005e-01 1.189454913139343262e+00 -5.955722928047180176e-01 6.078439950942993164e-01 3.681872189044952393e-01 3.745096921920776367e-01 9.544642324133176814e-01 -6.823452281708590750e-01 -9.226802247680739866e-01 1.269009224663635527e+00 1.724775809895483514e+00 1.708492145419316655e-01 -1.794185354043378533e+00
1.661415465628160477e+09 6.676752865314483643e-02 -1.563866585493087769e-01 1.209758043289184570e+00 -5.912228822708129883e-01 6.047919988632202148e-01 3.710529804229736328e-01 3.834081888198852539e-01 1.001187315119997479e+00 -6.381329165958659067e-01 -9.423249999941620825e-01 1.306541715907480139e+00 7.691036248176827961e-01 1.850730044712441680e-01 -1.020232606819647447e+00
1.661415465661637545e+09 8.028404414653778076e-02 -1.361207515001296997e-01 1.230941176414489746e+00 -5.926762223243713379e-01 5.962244272232055664e-01 3.797878921031951904e-01 3.860213458538055420e-01 9.643022561959118111e-01 -6.398495541942643694e-01 -9.576658978183407722e-01 1.384398717521801103e+00 2.224645432309787285e+00 -4.817124457560759132e-02 -2.409437025699802781e+00
1.661415465694672346e+09 9.646051377058029175e-02 -1.159249022603034973e-01 1.251841425895690918e+00 5.917399525642395020e-01 -5.903461575508117676e-01 -3.841738998889923096e-01 -3.921041488647460938e-01 1.006882228524608180e+00 -6.123113392224306395e-01 -9.866388457279585689e-01 1.439156000944919800e+00 1.348406366034139436e+00 -6.972192896343382129e-02 -1.601535368602929443e+00
1.661415465727874041e+09 1.158858016133308411e-01 -9.622845053672790527e-02 1.271100878715515137e+00 -5.783451795578002930e-01 5.954332947731018066e-01 3.811123073101043701e-01 4.070987701416015625e-01 1.015244597137159754e+00 -4.031095325287135100e-01 -9.364186189877384825e-01 1.329476038992474685e+00 -1.281532878569137335e+00 3.947559571517398336e-01 1.253278801576905188e+00
1.661415465761605740e+09 1.319761723279953003e-01 -7.585733383893966675e-02 1.292129278182983398e+00 -5.758615732192993164e-01 5.904356837272644043e-01 3.887304961681365967e-01 4.106796085834503174e-01 9.903955270318842707e-01 -5.729137952339002915e-01 -9.950547961563404042e-01 1.483111330299054620e+00 1.624111593573051460e+00 -1.109101034353335152e-01 -1.576983635558064645e+00
1.661415465794676542e+09 1.465010493993759155e-01 -5.541761592030525208e-02 1.313537359237670898e+00 -5.763566493988037109e-01 5.824612379074096680e-01 3.968097567558288574e-01 4.136350452899932861e-01 9.969698689345505294e-01 -5.373331644770116267e-01 -1.031697255092896004e+00 1.576609308603184045e+00 1.887909679772185267e+00 -2.511757444774333492e-01 -1.944607423562306758e+00
1.661415465828185797e+09 1.624661087989807129e-01 -3.544097021222114563e-02 1.333505868911743164e+00 -5.692687630653381348e-01 5.812749862670898438e-01 3.991902172565460205e-01 4.227286577224731445e-01 9.682458932105697524e-01 -3.695082103285810549e-01 -9.806567138493774705e-01 1.484082696822727421e+00 8.875719379194714487e-02 9.583764105864464589e-02 -7.738378074440596666e-02
1.661415465861065626e+09 1.713081002235412598e-01 -1.520015485584735870e-02 1.354223847389221191e+00 -5.678154230117797852e-01 5.747621059417724609e-01 4.067202210426330566e-01 4.263952076435089111e-01 9.210436735476166259e-01 -2.494008993811406283e-01 -9.982594069937333892e-01 1.585002699556803396e+00 1.069882589518522442e+00 -1.771485119192250102e-01 -9.964769931958835647e-01
1.661415465894361496e+09 1.776229292154312134e-01 5.259345285594463348e-03 1.367176651954650879e+00 5.684589743614196777e-01 -5.663337111473083496e-01 -4.167060852050781250e-01 -4.271727800369262695e-01 7.515903600507267690e-01 -2.094686788020929669e-01 -9.652273304010265953e-01 1.236508197505279627e+00 1.712401375512483837e+00 -2.720556301970550317e-02 -1.590031670565919208e+00
1.661415465928045988e+09 1.931388527154922485e-01 2.483704872429370880e-02 1.377659082412719727e+00 -5.562487840652465820e-01 5.695518255233764648e-01 4.157488942146301270e-01 4.397169351577758789e-01 8.042515429973348118e-01 -1.992351268368150186e-01 -9.104246625198021414e-01 1.083281067225733141e+00 -8.577964256238284069e-01 6.688474187223322209e-01 9.181350045310423535e-01
1.661415465961525440e+09 1.997097134590148926e-01 4.527033865451812744e-02 1.394666552543640137e+00 -5.566727519035339355e-01 5.610522627830505371e-01 4.248530864715576172e-01 4.414019286632537842e-01 8.179705978366609287e-01 -1.826051553801059657e-01 -9.921175328545279726e-01 1.498657716885493985e+00 1.418899968602681527e+00 -2.155307082130890894e-01 -1.312071070311130461e+00
1.661415465994709492e+09 2.053640484809875488e-01 6.552523374557495117e-02 1.406067728996276855e+00 -5.544924139976501465e-01 5.547790527343750000e-01 4.317047297954559326e-01 4.454092979431152344e-01 7.208613945492463593e-01 -8.532327259690397625e-02 -9.451905398883594378e-01 1.234015508501546066e+00 8.799338280740731655e-01 1.384507765953170710e-01 -7.996207310229872522e-01
1.661415466027831078e+09 2.092243432998657227e-01 8.639792352914810181e-02 1.409736633300781250e+00 5.560238361358642578e-01 -5.453218221664428711e-01 -4.421596527099609375e-01 -4.449230134487152100e-01 6.503734481139115120e-01 -1.150512013926461574e-01 -9.485269398766846827e-01 9.298667694964732888e-01 2.060141887963752971e+00 1.198815481573284741e-01 -1.933514818461269380e+00
1.661415466060986280e+09 2.176916003227233887e-01 1.057897284626960754e-01 1.415786623954772949e+00 -5.447484254837036133e-01 5.471808910369873047e-01 4.425613582134246826e-01 4.560501277446746826e-01 6.637782198830899372e-01 1.859397539008768654e-02 -8.525987046383597390e-01 9.404487664126752744e-01 -7.883905413287178865e-01 8.366490328869152782e-01 8.759302933314682127e-01
1.661415466094856977e+09 2.133472859859466553e-01 1.255725175142288208e-01 1.426179766654968262e+00 -5.411093235015869141e-01 5.415646433830261230e-01 4.482201337814331055e-01 4.615269601345062256e-01 6.721174895625433576e-01 2.538419933678537355e-01 -8.137029808277368437e-01 1.122043855310812521e+00 -1.739577336808894106e-02 3.494749957178716060e-01 7.152386436606905651e-02
1.661415466128037214e+09 2.152396291494369507e-01 1.463144868612289429e-01 1.426112532615661621e+00 5.383584499359130859e-01 -5.359675884246826172e-01 -4.558660387992858887e-01 -4.637835323810577393e-01 6.277297165031541226e-01 2.920626132960938912e-02 -8.894302432382450441e-01 7.758125998495689624e-01 1.261089873485817137e+00 4.626251716464026553e-01 -1.107198875465080556e+00
1.661415466161345959e+09 2.205049544572830200e-01 1.670013070106506348e-01 1.419780850410461426e+00 -5.321921706199645996e-01 5.335885882377624512e-01 4.601643085479736328e-01 4.693650007247924805e-01 6.684620689864081422e-01 7.137485695342081493e-03 -8.585805862245962095e-01 4.833238820975155337e-01 8.786714064780469791e-01 8.694541410839665696e-01 -7.966188094085313587e-01
1.661415466194471359e+09 2.239347994327545166e-01 1.886739283800125122e-01 1.413348197937011719e+00 5.302450656890869141e-01 -5.278170108795166016e-01 -4.665286540985107422e-01 -4.718054831027984619e-01 6.902803259524434853e-01 -5.915039537292382001e-03 -9.305861554862048246e-01 6.007247493152031437e-01 1.754430694836406346e+00 5.489060838279123944e-01 -1.708521438608544107e+00
1.661415466227999210e+09 2.327425330877304077e-01 2.088844031095504761e-01 1.433490753173828125e+00 5.284982919692993164e-01 -5.205006003379821777e-01 -4.757021069526672363e-01 -4.727327525615692139e-01 8.906739696814429674e-01 -2.004369284620712843e-01 -1.103411793191953150e+00 2.007556233159452308e+00 8.827139976797505616e-01 -6.285575471223384669e-01 -5.803707477444292051e-01
1.661415466261011600e+09 2.423863857984542847e-01 2.300072014331817627e-01 1.431176185607910156e+00 5.230819582939147949e-01 -5.174254179000854492e-01 -4.805714190006256104e-01 -4.771868586540222168e-01 7.068632825121171637e-01 -1.240814057141601673e-01 -1.001393689562662948e+00 9.230854456530583896e-01 1.152262156200377863e+00 4.431296506518971334e-01 -1.013722270720034624e+00
1.661415466294358730e+09 2.522442936897277832e-01 2.500672936439514160e-01 1.433670043945312500e+00 5.155505537986755371e-01 -5.154752135276794434e-01 -4.836734235286712646e-01 -4.843067228794097900e-01 6.744241121733416389e-01 -8.834456546454430570e-02 -9.769375099584043376e-01 1.129485979207622393e+00 3.612437013705793176e-01 4.662079234807687822e-01 -2.511829092857792989e-01
1.661415466328770161e+09 2.566588521003723145e-01 2.700891494750976562e-01 1.432628870010375977e+00 -5.077793002128601074e-01 5.135774016380310059e-01 4.862626492977142334e-01 4.918811619281768799e-01 5.965801507767006795e-01 6.448558964399615789e-02 -8.741429405423974952e-01 8.767933920060217989e-01 2.251428145466114472e-01 6.833729242253570035e-01 -1.717168323690749232e-01
1.661415466361491919e+09 2.561453580856323242e-01 2.894307971000671387e-01 1.435192108154296875e+00 -5.006440877914428711e-01 5.104336738586425781e-01 4.896143674850463867e-01 4.990898072719573975e-01 5.964688731271751143e-01 1.769157220209486292e-01 -8.835139507183861207e-01 1.060165744374694796e+00 -6.050001649882445764e-02 6.225927204021268757e-01 1.133201159955898041e-01
1.661415466394486189e+09 2.543062269687652588e-01 3.100778162479400635e-01 1.435522198677062988e+00 -4.961326718330383301e-01 5.055739283561706543e-01 4.945255219936370850e-01 5.036785602569580078e-01 6.283332038069702197e-01 1.680177137822850553e-01 -9.466991048649190388e-01 1.085659227293644724e+00 5.528017594526738465e-01 4.275648298780712064e-01 -4.910424420281743751e-01
1.661415466427892447e+09 2.558271288871765137e-01 3.308646082878112793e-01 1.437458395957946777e+00 -4.924005270004272461e-01 5.000005960464477539e-01 4.992336034774780273e-01 5.082390904426574707e-01 6.265921257240856246e-01 6.993183988005514939e-02 -1.019151622642898714e+00 1.290823628840482851e+00 6.185626517769058363e-01 2.248701264451062054e-01 -5.817786336143589976e-01
1.661415466461819887e+09 2.609946429729461670e-01 3.459121286869049072e-01 1.429210901260375977e+00 -4.938830137252807617e-01 5.055014491081237793e-01 4.941356182098388672e-01 5.063378214836120605e-01 5.282072755692663879e-01 -8.860266928870295239e-03 -7.267373155572599552e-01 7.553255265364406945e-01 -1.484792948255213130e+00 -2.024137189807030390e-01 1.442550289006720110e+00
1.661415466494907856e+09 2.632355093955993652e-01 3.614823520183563232e-01 1.419286727905273438e+00 -4.935783743858337402e-01 5.120621323585510254e-01 4.918983280658721924e-01 5.022038817405700684e-01 5.621236862591123540e-01 5.538617643609198421e-02 -7.385259711168555841e-01 6.945319784763712700e-01 -1.228403140912526892e+00 -1.438336486600677588e-01 1.422683681183009252e+00
1.661415466527680159e+09 2.554039061069488525e-01 3.823034465312957764e-01 1.402998328208923340e+00 -4.915462136268615723e-01 5.094862580299377441e-01 4.909603297710418701e-01 5.077049136161804199e-01 8.412918441934692515e-01 3.363031568259198800e-01 -8.154406381988498209e-01 3.211531045460099265e-01 1.766670825997976590e-01 9.257498674319795118e-01 -4.640470135534822127e-01
1.661415466561092615e+09 2.585279345512390137e-01 4.007882475852966309e-01 1.397998213768005371e+00 -4.850743412971496582e-01 5.061258673667907715e-01 4.893786013126373291e-01 5.186984539031982422e-01 5.806900951069882133e-01 9.347481986273277477e-02 -8.918624342043015574e-01 8.883611426636137676e-01 -3.599336478319453692e-01 8.057338496568628994e-01 7.293747481281288858e-02
1.661415466594678879e+09 2.554461359977722168e-01 4.178130030632019043e-01 1.380758047103881836e+00 -4.865182340145111084e-01 5.106056332588195801e-01 4.882582426071166992e-01 5.139901041984558105e-01 7.272211660477395645e-01 1.525526355944284429e-01 -7.336507673662424622e-01 4.117213127236652448e-01 -5.318166862462690991e-01 5.187949265292578910e-02 6.531966513004910935e-01
1.661415466627738476e+09 2.612866461277008057e-01 4.330322444438934326e-01 1.358695626258850098e+00 -4.855359792709350586e-01 5.185356140136718750e-01 4.828445315361022949e-01 5.120907425880432129e-01 8.297591042200885836e-01 -6.218410440215013484e-03 -7.108194219042568429e-01 1.866575404261146820e-01 -1.048753456852843380e+00 2.796492359304266762e-01 1.093673515356006654e+00
1.661415466661391735e+09 2.566694319248199463e-01 4.527757167816162109e-01 1.357165455818176270e+00 -4.832926690578460693e-01 5.116647481918334961e-01 4.858972728252410889e-01 5.182000994682312012e-01 6.042158776906618733e-01 1.889407309530383716e-01 -9.823471433870499814e-01 1.256550925675443908e+00 1.647372288359639780e-01 3.098992055644960164e-01 -3.350614911820113395e-01
1.661415466694834232e+09 2.511764764785766602e-01 4.626610279083251953e-01 1.342687726020812988e+00 -4.808507561683654785e-01 5.184164047241210938e-01 4.820406138896942139e-01 5.173623561859130859e-01 5.493333909215357691e-01 2.259717580814539772e-01 -3.717536550860511269e-01 2.511200680239215974e-03 -2.022961564289584402e+00 3.946840151993998846e-01 2.100422098160027229e+00
1.661415466727872849e+09 2.508539557456970215e-01 4.804456532001495361e-01 1.350838184356689453e+00 -4.909558594226837158e-01 5.088308453559875488e-01 4.818549752235412598e-01 5.175611376762390137e-01 5.922149513084126182e-01 -5.716706901688545228e-03 -1.130038071298682167e+00 2.134030164209331115e+00 1.777330794481441281e-02 -1.157037450933996015e+00 -5.023899423929004682e-01
1.661415466760985613e+09 2.432836145162582397e-01 4.958907365798950195e-01 1.344447731971740723e+00 -4.868265688419342041e-01 5.113105773925781250e-01 4.882913827896118164e-01 5.129651427268981934e-01 5.541472516039434026e-01 2.158462212331805630e-01 -7.837783854955504559e-01 9.254459261974895545e-01 -3.798620659691385182e-01 -1.400760288927344098e-03 9.208808329702107276e-01
