1.661415467712527990e+09 1.378528122206244648e-16 -2.367949187755584717e-01 1.128897309303283691e+00 -6.125128269195556641e-01 6.125135421752929688e-01 3.533097505569458008e-01 3.533093035221099854e-01 0.000000000000000000e+00 0.000000000000000000e+00 0.000000000000000000e+00 0.000000000000000000e+00 0.000000000000000000e+00 0.000000000000000000e+00 0.000000000000000000e+00
1.661415467744886637e+09 1.282421313226222992e-02 -2.168515771627426147e-01 1.149257540702819824e+00 6.126744151115417480e-01 -6.053227186203002930e-01 -3.623182475566864014e-01 -3.562863171100616455e-01 9.658247422796468751e-01 -7.800595240699303989e-01 -9.311257283592254685e-01 1.252056937806406145e+00 2.178067612485339311e+00 2.435701219897422332e-01 -2.414952656276384779e+00
1.661415467777975321e+09 3.269036859273910522e-02 -1.968581378459930420e-01 1.169250607490539551e+00 -6.019395589828491211e-01 6.088148355484008789e-01 3.630269765853881836e-01 3.677291870117187500e-01 1.044348152493983273e+00 -7.103929042364358626e-01 -9.205861084068381883e-01 1.233403438692723508e+00 -1.065547213515217612e-01 2.966823226756364895e-01 5.285384511970413896e-02
1.661415467811136961e+09 4.834710061550140381e-02 -1.767616719007492065e-01 1.189625024795532227e+00 -5.966424345970153809e-01 6.068388819694519043e-01 3.698703646659851074e-01 3.727737665176391602e-01 9.836914778137634263e-01 -6.850525070265817140e-01 -9.349247410741311493e-01 1.283385836772155342e+00 1.309653738172475546e+00 1.835906207089119113e-01 -1.281411525214695146e+00
1.661415467844558001e+09 6.365367025136947632e-02 -1.566246151924133301e-01 1.210290193557739258e+00 -5.943658947944641113e-01 6.018787622451782227e-01 3.761491179466247559e-01 3.781307935714721680e-01 9.773046399543994234e-01 -6.542728825844353890e-01 -9.411120885833635930e-01 1.321706002529758672e+00 1.497266649139648464e+00 9.426848876014994050e-02 -1.650930921776334603e+00
1.661415467878036022e+09 7.854361087083816528e-02 -1.364561766386032104e-01 1.231351256370544434e+00 -5.921726822853088379e-01 5.968181490898132324e-01 3.847431838512420654e-01 3.809360861778259277e-01 9.780175403031906578e-01 -6.484646389953436785e-01 -9.564766011089743669e-01 1.376073400240257261e+00 1.862862951547385570e+00 -3.317990864098310094e-02 -1.842305061796087662e+00
1.661415467911483049e+09 9.496700018644332886e-02 -1.162954941391944885e-01 1.252272963523864746e+00 5.908221006393432617e-01 -5.908179879188537598e-01 -3.889992833137512207e-01 -3.879987299442291260e-01 9.978501303921325505e-01 -6.019219697262595536e-01 -9.682310052875262585e-01 1.406416165573869170e+00 1.244416375993541823e+00 -2.131714119652700773e-02 -1.515907252991792520e+00
1.661415467944642067e+09 1.150136440992355347e-01 -9.631948173046112061e-02 1.272211909294128418e+00 -5.807011127471923828e-01 5.930311083793640137e-01 3.904547393321990967e-01 3.983033001422882080e-01 1.044027722362101285e+00 -5.552899597548374144e-01 -9.740100654655310386e-01 1.393781995680312358e+00 -3.146689658637663589e-02 2.006233664560991836e-01 9.654680312202879033e-02
1.661415467977653027e+09 1.253350377082824707e-01 -7.593446224927902222e-02 1.294040799140930176e+00 -5.830905437469482422e-01 5.839316844940185547e-01 4.020983874797821045e-01 3.966687023639678955e-01 9.572677249910354069e-01 -4.915559450509383588e-01 -1.014484066104579751e+00 1.566254449596873544e+00 2.427459427827828531e+00 -4.220873676537733599e-01 -2.320309199074299222e+00
1.661415468011546850e+09 1.344590038061141968e-01 -5.586057156324386597e-02 1.314416408538818359e+00 -5.793673396110534668e-01 5.797461271286010742e-01 4.080154895782470703e-01 4.021831154823303223e-01 8.857920543712785033e-01 -2.299954341443575800e-01 -9.288350903180270235e-01 1.426868508456298645e+00 5.837992739037799472e-01 -1.484994659023664704e-02 -5.161034729975785273e-01
1.661415468044772625e+09 1.525030881166458130e-01 -3.564571589231491089e-02 1.335294961929321289e+00 5.771929621696472168e-01 -5.741072297096252441e-01 -4.120576977729797363e-01 -4.092158675193786621e-01 1.029542832811998654e+00 -5.441845044528502706e-01 -1.038948056852167401e+00 1.583915341813881605e+00 1.029271704734261217e+00 -1.677617531296440034e-01 -1.177483088712697912e+00
1.661415468078198671e+09 1.736102551221847534e-01 -1.588865183293819427e-02 1.354638338088989258e+00 -5.659140348434448242e-01 5.768461823463439941e-01 4.113970994949340820e-01 4.215948879718780518e-01 1.040665874323352114e+00 -4.384332010371351229e-01 -1.003118875711778379e+00 1.504640637816397009e+00 -5.561491555704257683e-01 2.491011531277595448e-01 6.002224561065150343e-01
1.661415468111740589e+09 1.836437880992889404e-01 4.370146896690130234e-03 1.372068285942077637e+00 -5.643596053123474121e-01 5.703493356704711914e-01 4.185325801372528076e-01 4.254765808582305908e-01 8.510647723363832240e-01 -2.634293658529782145e-01 -9.890621469923611686e-01 1.448793164536858136e+00 1.077831457757189915e+00 -9.155371783460906909e-02 -1.016699737291834049e+00
1.661415468144660234e+09 1.986562162637710571e-01 2.505484595894813538e-02 1.380918145179748535e+00 5.651147961616516113e-01 -5.618777275085449219e-01 -4.273166954517364502e-01 -4.270118474960327148e-01 8.216120416056290621e-01 -4.795466093726779011e-01 -1.060337644954696401e+00 1.174729002427829849e+00 2.167213062518516420e+00 -3.204974530777358888e-02 -2.132085901534096273e+00
1.661415468177746773e+09 2.080895304679870605e-01 4.461299628019332886e-02 1.380879402160644531e+00 -5.526413917541503906e-01 5.652350783348083496e-01 4.257237911224365234e-01 4.402908980846405029e-01 6.562875975736797152e-01 3.582850146372125455e-02 -8.089272398155546995e-01 5.490509063738291395e-01 -9.453410919003407686e-01 1.234369316380821591e+00 9.430785657114622023e-01
1.661415468211206675e+09 2.179551273584365845e-01 6.533574312925338745e-02 1.383587121963500977e+00 -5.509960055351257324e-01 5.589830279350280762e-01 4.327640831470489502e-01 4.434599280357360840e-01 6.906916115253279864e-01 -2.208870704450076328e-01 -9.563163898285090836e-01 8.605800993880541316e-01 1.590632441164676614e+00 3.461078195050700246e-01 -1.543537758865293208e+00
1.661415468245036602e+09 2.197204530239105225e-01 8.585667610168457031e-02 1.389464497566223145e+00 -5.498423576354980469e-01 5.519303083419799805e-01 4.404593408107757568e-01 4.461411833763122559e-01 6.331342102484806000e-01 2.874835026744896119e-02 -8.792103240905798645e-01 9.522058829683246461e-01 1.146123716402470460e+00 2.635383622143612214e-01 -1.067498653269395525e+00
1.661415468277888298e+09 2.198580056428909302e-01 1.064039692282676697e-01 1.393847823143005371e+00 5.487123131752014160e-01 -5.447359085083007812e-01 -4.475258588790893555e-01 -4.493309855461120605e-01 6.395434229115114499e-01 8.731770851040256132e-02 -8.861779633302708792e-01 9.198183354354964036e-01 1.095014351929601393e+00 3.364715551411462391e-01 -1.061119797247577434e+00
1.661415468311008215e+09 2.251880913972854614e-01 1.261124908924102783e-01 1.394894123077392578e+00 -5.396512746810913086e-01 5.444556474685668945e-01 4.486311078071594238e-01 4.594286382198333740e-01 6.172523247449521744e-01 8.573443689856301286e-02 -8.252770955323214253e-01 7.124455332403599739e-01 -2.863880900965563581e-01 9.551915833020935276e-01 2.977630091077361207e-01
1.661415468344320536e+09 2.209792882204055786e-01 1.475221663713455200e-01 1.390338420867919922e+00 5.400353670120239258e-01 -5.365214347839355469e-01 -4.571282565593719482e-01 -4.599352180957794189e-01 6.691208243730057958e-01 1.775449961846310709e-01 -8.547631760788371169e-01 5.519448950947662969e-01 1.815581627003341358e+00 4.798442007681053001e-01 -1.760615982463303197e+00
1.661415468377737522e+09 2.306203842163085938e-01 1.663551330566406250e-01 1.392372965812683105e+00 -5.269286036491394043e-01 5.391216278076171875e-01 4.553978741168975830e-01 4.736105501651763916e-01 6.360507463935264338e-01 2.336647716499753655e-02 -8.162100808386978379e-01 7.767993868642690813e-01 -9.999311183568209138e-01 1.132757051242649249e+00 1.010524266018863360e+00
1.661415468411319494e+09 2.312956750392913818e-01 1.868084818124771118e-01 1.398070454597473145e+00 -5.233836174011230469e-01 5.338132381439208984e-01 4.607999920845031738e-01 4.783059358596801758e-01 6.325658137677845350e-01 9.909970683287165627e-02 -8.881919488795831930e-01 1.076241114981598246e+00 5.990332637595130461e-01 3.236071193599088236e-01 -5.426381293015445362e-01
1.661415468444503546e+09 2.406835258007049561e-01 2.066934704780578613e-01 1.411670804023742676e+00 -5.181843638420104980e-01 5.295470356941223145e-01 4.657520949840545654e-01 4.838800430297851562e-01 7.791585687505461211e-01 -1.319554025927404395e-01 -1.008963233942381299e+00 1.592306863230194658e+00 3.007257502380917269e-01 -3.294888180425266377e-02 -1.633043031525672761e-01
1.661415468477725983e+09 2.534311413764953613e-01 2.270203530788421631e-01 1.404442310333251953e+00 -5.173178911209106445e-01 5.308766365051269531e-01 4.649097919464111328e-01 4.841602742671966553e-01 7.542682953554276093e-01 -2.038081488980034717e-01 -9.996170524558355419e-01 8.627111788035268791e-01 4.292744385161191834e-01 2.339635303461478147e-02 -4.151741778943269789e-01
1.661415468510998964e+09 2.513159513473510742e-01 2.457702159881591797e-01 1.402999043464660645e+00 -5.119875669479370117e-01 5.305905938148498535e-01 4.659050107002258301e-01 4.891572892665863037e-01 5.687470751679469805e-01 2.277532885396296447e-01 -7.764004578522909483e-01 7.699686423038644145e-01 -5.938822816186168918e-01 5.788127439460017953e-01 6.320402747442632752e-01
1.661415468544885159e+09 2.489091902971267700e-01 2.655271887779235840e-01 1.401764750480651855e+00 -5.088183879852294922e-01 5.283429622650146484e-01 4.694275557994842529e-01 4.915234744548797607e-01 5.884774904613517821e-01 1.810206575377243943e-01 -8.333793726818763403e-01 8.768069650397873893e-01 9.802316172109822034e-02 3.341018496342562649e-01 -2.737283525857576744e-03
1.661415468578111172e+09 2.531471550464630127e-01 2.846634089946746826e-01 1.409858226776123047e+00 -5.020132660865783691e-01 5.249072909355163574e-01 4.738623201847076416e-01 4.979052841663360596e-01 6.382101624577364296e-01 2.852105085994909028e-02 -9.346472078028918995e-01 1.360226841867582248e+00 -7.703177195190931414e-02 2.790919276529207904e-01 2.120893428618720322e-01
1.661415468611169338e+09 2.505628466606140137e-01 3.040942549705505371e-01 1.403661131858825684e+00 -5.007519721984863281e-01 5.239819884300231934e-01 4.753392934799194336e-01 4.987413585186004639e-01 6.218802250362178707e-01 1.793976312063584877e-01 -8.438629170398745938e-01 7.709301722603332241e-01 -6.660891907527694000e-02 2.670821451454197248e-01 9.314640031561489952e-02
1.661415468644331217e+09 2.544496059417724609e-01 3.229642510414123535e-01 1.402007818222045898e+00 -4.948171377182006836e-01 5.227607488632202148e-01 4.767737388610839844e-01 5.045433640480041504e-01 5.831073770358135011e-01 5.234115728083697100e-02 -8.932549523948644099e-01 9.772836368014824471e-01 -2.368371986431293819e-01 4.734908754234273820e-01 2.705628739310670383e-01
1.661415468677934647e+09 2.581123411655426025e-01 3.421531319618225098e-01 1.403459548950195312e+00 -4.875512421131134033e-01 5.196171998977661133e-01 4.799300730228424072e-01 5.118191838264465332e-01 5.829520535810208681e-01 5.325837482518833849e-02 -9.247760414465605594e-01 1.130162834747503675e+00 -3.230168424208412770e-02 5.120393975236026129e-01 8.531455266503656931e-02
1.661415468711122751e+09 2.518305182456970215e-01 3.634088337421417236e-01 1.395676970481872559e+00 -4.823588132858276367e-01 5.156933069229125977e-01 4.838493168354034424e-01 5.169917941093444824e-01 7.078187233225086139e-01 2.815157314111137454e-01 -9.018350186105092980e-01 7.288210046456781166e-01 4.910323822605920374e-01 7.947538176019831591e-01 -4.808210992235810721e-01
1.661415468744868755e+09 2.454003840684890747e-01 3.828530907630920410e-01 1.386967897415161133e+00 -4.904342591762542725e-01 5.143164992332458496e-01 4.849902093410491943e-01 5.096445083618164062e-01 6.594779554965304325e-01 1.634336488449125713e-01 -8.843033345401620782e-01 9.740176639457149843e-01 1.120072633857542577e-01 -5.968075247527412364e-01 -1.357142046497905874e-01
1.661415468777788162e+09 2.509841918945312500e-01 4.025465548038482666e-01 1.383849382400512695e+00 -4.826489984989166260e-01 5.119706988334655762e-01 4.879175126552581787e-01 5.165967941284179688e-01 6.289893086245027520e-01 6.094441586629027394e-03 -1.015724561557948213e+00 1.137834866475606832e+00 1.890388296512631461e-01 5.657558925990493481e-01 -1.071576425858576237e-01
1.661415468811096430e+09 2.478680163621902466e-01 4.166696965694427490e-01 1.369703054428100586e+00 -4.857605993747711182e-01 5.156866312026977539e-01 4.830161631107330322e-01 5.145865678787231445e-01 6.073859346440331208e-01 1.575080287216613917e-01 -6.159001598536550937e-01 3.864589407924852171e-01 -1.385895160070789611e+00 -1.311129379693967744e-03 1.236054495868868397e+00
1.661415468844502449e+09 2.524280846118927002e-01 4.372308850288391113e-01 1.368808150291442871e+00 -4.798272252082824707e-01 5.129484534263610840e-01 4.897675514221191406e-01 5.165048837661743164e-01 6.310177178993369163e-01 -2.094620849856408326e-02 -1.116964094164094812e+00 1.471516069134976012e+00 6.370990283040975921e-01 9.473520354507958263e-02 -3.176480529728096802e-01
1.661415468877781153e+09 2.542850077152252197e-01 4.512869119644165039e-01 1.356394767761230469e+00 -4.843231439590454102e-01 5.147714614868164062e-01 4.831321835517883301e-01 5.167443752288818359e-01 5.662606044882396716e-01 3.955471953871909918e-02 -7.044993637759073835e-01 6.203608845758932233e-01 -1.287420455545253306e+00 -1.520138430234821980e-01 9.425749341468286913e-01
1.661415468911350965e+09 2.490719854831695557e-01 4.672561585903167725e-01 1.344564557075500488e+00 -4.808848500251770020e-01 5.180459022521972656e-01 4.861726462841033936e-01 5.138232707977294922e-01 6.120439178706195138e-01 1.916476385678561045e-01 -7.353630439790981299e-01 6.025643818605258550e-01 -5.037529213361982006e-01 2.215699945595583087e-01 8.513887151102225159e-01
1.661415468944478273e+09 2.534811794757843018e-01 4.772325456142425537e-01 1.349916696548461914e+00 -4.832082688808441162e-01 5.139621496200561523e-01 4.813908636569976807e-01 5.202072858810424805e-01 3.667571931449053468e-01 -3.643253663720587288e-02 -6.608003333521269562e-01 1.238906103947307935e+00 -1.381497733679340589e+00 -3.415371254897604514e-01 8.850787924872983714e-01
1.661415468977866411e+09 2.532782256603240967e-01 4.793560802936553955e-01 1.352643728256225586e+00 -4.815739989280700684e-01 5.188767910003662109e-01 4.850234389305114746e-01 5.134256482124328613e-01 1.036975127546521797e-01 -3.986094228129295758e-03 -1.696693131704248014e-01 4.538244350626619017e-01 -5.154595845489814421e-01 -4.901133508556883012e-01 1.034682560745721958e+00
1.661415469011189461e+09 2.509303689002990723e-01 4.947138130664825439e-01 1.345727205276489258e+00 -4.827721714973449707e-01 5.137890577316284180e-01 4.798457920551300049e-01 5.222068428993225098e-01 5.103433058437465419e-01 1.517548892356107570e-01 -7.965830459180529566e-01 8.763875282169738545e-01 -1.079177600935153025e+00 3.192677601903777806e-01 4.546430570812772798e-01
