1.661415469928551197e+09 1.378528122206244648e-16 -2.367949187755584717e-01 1.128897309303283691e+00 -6.125128269195556641e-01 6.125135421752929688e-01 3.533097505569458008e-01 3.533093035221099854e-01 0.000000000000000000e+00 0.000000000000000000e+00 0.000000000000000000e+00 0.000000000000000000e+00 0.000000000000000000e+00 0.000000000000000000e+00 0.000000000000000000e+00
1.661415469961216927e+09 1.595936715602874756e-02 -2.167717367410659790e-01 1.148996829986572266e+00 -6.075164079666137695e-01 6.104145050048828125e-01 3.587563931941986084e-01 3.600163459777832031e-01 9.965123871672444400e-01 -7.668644569762707031e-01 -9.249915662801639904e-01 1.227850401809993830e+00 1.140861847974073306e+00 2.944576101045753291e-01 -1.283540817000446976e+00
1.661415469994703770e+09 3.466352447867393494e-02 -1.967433393001556396e-01 1.169031858444213867e+00 -5.995822548866271973e-01 6.110544800758361816e-01 3.599903881549835205e-01 3.708376884460449219e-01 1.013735160764569265e+00 -6.984678038755707252e-01 -9.136703990787925500e-01 1.222943490908587449e+00 2.069888933801876385e-01 2.832712741952614355e-01 -3.988786462045208481e-01
1.661415470027854443e+09 5.068291351199150085e-02 -1.766036301851272583e-01 1.189289927482604980e+00 -5.963339209556579590e-01 6.070124506950378418e-01 3.644243478775024414e-01 3.783075809478759766e-01 9.879391728545328100e-01 -6.764040353012444884e-01 -9.365438548499734894e-01 1.278496179978780178e+00 1.117930625628589691e+00 2.184857511149515819e-01 -1.368597948361140348e+00
1.661415470061120987e+09 6.278688460588455200e-02 -1.564191728830337524e-01 1.209989547729492188e+00 -5.950228571891784668e-01 6.011428236961364746e-01 3.734939098358154297e-01 3.808902800083160400e-01 9.421821588131230607e-01 -5.868601191692917052e-01 -9.385720171866739348e-01 1.326397679278093378e+00 1.883047352966851440e+00 8.086780581192229422e-02 -1.905810602989373104e+00
1.661415470094460726e+09 7.613766938447952271e-02 -1.362152546644210815e-01 1.231355428695678711e+00 5.967972874641418457e-01 -5.922552943229675293e-01 -3.827410638332366943e-01 -3.828523159027099609e-01 9.686525301015342926e-01 -6.544577977007927094e-01 -9.610836631616741510e-01 1.399018073011745189e+00 2.351449252507484378e+00 -1.004323512929474471e-01 -2.519619736145134237e+00
1.661415470128124714e+09 9.365510195493698120e-02 -1.161069422960281372e-01 1.251963853836059570e+00 -5.904602408409118652e-01 5.911077857017517090e-01 3.882124423980712891e-01 3.888950943946838379e-01 1.001167519772188319e+00 -6.058353803439694429e-01 -9.568263247504369406e-01 1.377295529281798325e+00 9.703883789827081330e-01 4.195033488703840685e-02 -8.812187670277659146e-01
1.661415470161439419e+09 1.090352907776832581e-01 -9.589571505784988403e-02 1.273088812828063965e+00 5.897030234336853027e-01 -5.844116806983947754e-01 -3.938581645488739014e-01 -3.944478631019592285e-01 9.916026082992496216e-01 -5.662164784336430889e-01 -9.846670600005432705e-01 1.459293950770164550e+00 1.445234263858189649e+00 -1.095676591257959548e-01 -1.633962310128554085e+00
1.661415470194680691e+09 1.295631229877471924e-01 -7.597221434116363525e-02 1.292853832244873047e+00 -5.789644122123718262e-01 5.871077179908752441e-01 3.945605456829071045e-01 4.054956436157226562e-01 1.046006534370560015e+00 -5.231325851798497295e-01 -9.786806365767085625e-01 1.415895310689541331e+00 -2.259094308603408763e-01 2.211105731592243606e-01 2.948804259277180151e-01
1.661415470227833271e+09 1.411874890327453613e-01 -5.592202395200729370e-02 1.313044309616088867e+00 -5.750907659530639648e-01 5.829204320907592773e-01 3.975132405757904053e-01 4.140744209289550781e-01 9.271513390951413580e-01 -2.781914226583594441e-01 -9.557106959939893898e-01 1.451381355138632978e+00 2.816540678900830708e-01 7.549169085389784151e-02 -4.175734189074408187e-01
1.661415470261169910e+09 1.515174210071563721e-01 -3.585341572761535645e-02 1.333283901214599609e+00 -5.714257955551147461e-01 5.784269571304321289e-01 4.017030298709869385e-01 4.213423728942871094e-01 9.094084774003142746e-01 -2.393129148796652728e-01 -9.552851222881425519e-01 1.478805939191141450e+00 4.053388541345165907e-01 2.138690142001135885e-02 -4.574800525986907895e-01
1.661415470294590712e+09 1.653299778699874878e-01 -1.520737819373607635e-02 1.348586559295654297e+00 5.735695958137512207e-01 -5.688670873641967773e-01 -4.123234152793884277e-01 -4.211858212947845459e-01 8.729779447781812474e-01 -5.286783018857579286e-01 -1.043368160728885385e+00 1.375633406902015743e+00 2.491434861828288660e+00 -2.408443340032380975e-01 -2.433394819797295217e+00
1.661415470328080654e+09 1.829240024089813232e-01 4.488869570195674896e-03 1.359633326530456543e+00 -5.618262887001037598e-01 5.722177028656005859e-01 4.114378094673156738e-01 4.331709742546081543e-01 8.548032315619454868e-01 -2.917850693035207166e-01 -9.396472916303636458e-01 1.114101774634099762e+00 -6.663588686223294033e-01 5.942077611055249786e-01 7.294731939207586002e-01
1.661415470361328363e+09 1.962550282478332520e-01 2.508863806724548340e-02 1.375961661338806152e+00 -5.618706345558166504e-01 5.644371509552001953e-01 4.208941459655761719e-01 4.342351257801055908e-01 8.864790784635675491e-01 -4.246587301281962157e-01 -1.058180258792966288e+00 1.503050858613284690e+00 1.916558798907982863e+00 -2.751499797573471739e-01 -1.777075078267265296e+00
1.661415470394556522e+09 2.122019678354263306e-01 4.493415728211402893e-02 1.385477781295776367e+00 -5.527155995368957520e-01 5.647398829460144043e-01 4.217760264873504639e-01 4.446115195751190186e-01 8.179552606049446117e-01 -2.620721576272860287e-01 -9.611998855184669122e-01 1.124770335871917437e+00 -1.525442753918034577e-01 5.384994645535428059e-01 1.809346665570645274e-01
1.661415470427822828e+09 2.186157256364822388e-01 6.548901647329330444e-02 1.394438624382019043e+00 -5.521783232688903809e-01 5.571610927581787109e-01 4.296607077121734619e-01 4.472831785678863525e-01 7.010823260274063884e-01 -1.336560535803392735e-01 -9.576873436897578307e-01 1.141299101582432529e+00 1.384295753059821665e+00 1.149546285006783630e-01 -1.321548638751401938e+00
1.661415470461573124e+09 2.185255140066146851e-01 8.575029671192169189e-02 1.402448415756225586e+00 -5.496906042098999023e-01 5.511780381202697754e-01 4.374875128269195557e-01 4.501640200614929199e-01 6.455425684350085680e-01 9.799993539163791290e-02 -8.590141323706347309e-01 1.024570141357876718e+00 7.787969675267770731e-01 2.754687830359939804e-01 -6.203149615110269410e-01
1.661415470494783640e+09 2.257487922906875610e-01 1.048270612955093384e-01 1.406148552894592285e+00 -5.372325181961059570e-01 5.536739826202392578e-01 4.358867108821868896e-01 4.634966552257537842e-01 6.242411358488429984e-01 9.871552350394804942e-02 -8.009925210445687505e-01 7.733665625013395051e-01 -1.284729460177526539e+00 1.073743450893636320e+00 1.278704611912021560e+00
1.661415470527877569e+09 2.273360043764114380e-01 1.258269399404525757e-01 1.407933712005615234e+00 -5.368136167526245117e-01 5.461436510086059570e-01 4.444742202758789062e-01 4.647592008113861084e-01 6.386458548845306282e-01 1.081223874555114345e-02 -9.150986433760889271e-01 8.642961711486182308e-01 1.625715994329950398e+00 3.130685449872047110e-01 -1.518379327567637826e+00
1.661415470560854197e+09 2.310256212949752808e-01 1.464224010705947876e-01 1.414907455444335938e+00 -5.346924662590026855e-01 5.397251844406127930e-01 4.513048827648162842e-01 4.681073725223541260e-01 6.688045248488615480e-01 -1.494057079049336025e-02 -9.485514898723750310e-01 1.155627119321849472e+00 1.036670025447820276e+00 1.815108028202070956e-01 -9.487320963723214762e-01
1.661415470594530344e+09 2.357128858566284180e-01 1.670042127370834351e-01 1.421251773834228516e+00 -5.316246747970581055e-01 5.341670513153076172e-01 4.580243825912475586e-01 4.714387655258178711e-01 6.545164480247106509e-01 -3.225773123678596366e-02 -9.427192383906950468e-01 1.148762018846990252e+00 9.589015488339120985e-01 1.808411336546427994e-01 -8.245792549935067051e-01
1.661415470627980709e+09 2.406364232301712036e-01 1.875832080841064453e-01 1.423133015632629395e+00 -5.272051692008972168e-01 5.297485589981079102e-01 4.628917276859283447e-01 4.766051769256591797e-01 6.350675751458270124e-01 -1.626023230389500975e-03 -9.207995264921582379e-01 9.515254681542762993e-01 7.798824458735210685e-01 4.457152805973087495e-01 -7.184484813223506183e-01
1.661415470661590576e+09 2.456919699907302856e-01 2.068703770637512207e-01 1.436331272125244141e+00 -5.252734422683715820e-01 5.267341732978820801e-01 4.675166606903076172e-01 4.775635898113250732e-01 7.114351352469039380e-01 -4.113468925737575471e-02 -9.846326136398768636e-01 1.638710859401418807e+00 -4.286115960659130086e-02 -3.839724490328487727e-01 2.491948961956167441e-01
1.661415470694594145e+09 2.450995296239852905e-01 2.257748544216156006e-01 1.443158745765686035e+00 -5.188434720039367676e-01 5.249339938163757324e-01 4.709124565124511719e-01 4.832051992416381836e-01 6.092772275552276184e-01 1.792484456930572845e-01 -8.543158156301821071e-01 1.171038414212569823e+00 -5.030658394545047818e-01 3.865797292867429458e-01 6.374195387870942309e-01
1.661415470727937222e+09 2.503566145896911621e-01 2.452877759933471680e-01 1.446304440498352051e+00 -5.140035748481750488e-01 5.231379270553588867e-01 4.740676581859588623e-01 4.872236549854278564e-01 6.133822785959365254e-01 1.041322527894155163e-03 -9.355929746085750454e-01 1.158721112317388391e+00 4.163616472119040929e-02 2.242310944063738987e-01 8.218554435662914215e-02
1.661415470761217833e+09 2.470329552888870239e-01 2.655652761459350586e-01 1.453637957572937012e+00 -5.116218924522399902e-01 5.162421464920043945e-01 4.823250174522399902e-01 4.889781475067138672e-01 6.555624946866114300e-01 1.552035957022820378e-01 -9.534583530405258411e-01 1.352436108400176806e+00 7.064604805910671415e-01 5.402195191311388173e-02 -5.098604961345349906e-01
1.661415470794844389e+09 2.458724975585937500e-01 2.862286269664764404e-01 1.449728131294250488e+00 -5.062733888626098633e-01 5.123512148857116699e-01 4.872694015502929688e-01 4.937125444412231445e-01 6.263499268925089014e-01 1.589677801208277119e-01 -8.740678801577669299e-01 7.731707900792470500e-01 6.156590261175685086e-01 6.538411079958158512e-01 -5.356200892626371557e-01
1.661415470827968836e+09 2.451858967542648315e-01 3.067805171012878418e-01 1.443857789039611816e+00 -5.069442391395568848e-01 5.093722343444824219e-01 4.906771481037139893e-01 4.927305579185485840e-01 6.455916640410871432e-01 9.538291914473438771e-02 -9.374895778595435658e-01 9.173265667093943865e-01 6.253075059559725091e-01 4.452545399366032719e-02 -5.692500677140709398e-01
1.661415470861212254e+09 2.441769540309906006e-01 3.268179595470428467e-01 1.435072779655456543e+00 -5.023562312126159668e-01 5.080633759498596191e-01 4.921801090240478516e-01 4.972611069679260254e-01 6.588343429456204881e-01 1.702701277058672191e-01 -8.484809165142525034e-01 6.274635088374100889e-01 1.668583446632205258e-01 6.768121595532431423e-01 -1.869363157829630473e-01
1.661415470894650459e+09 2.475446462631225586e-01 3.442817330360412598e-01 1.424980044364929199e+00 -4.918878972530364990e-01 5.105499029159545898e-01 4.891057908535003662e-01 5.080954432487487793e-01 6.115653049753133619e-01 1.444188678390902481e-01 -7.239251076716218813e-01 3.882915012662609411e-01 -9.694088442729463795e-01 1.206598907394319742e+00 8.459570421563086251e-01
1.661415470927966833e+09 2.562718391418457031e-01 3.643510639667510986e-01 1.423628926277160645e+00 -4.845949113368988037e-01 5.079405903816223145e-01 4.921572804450988770e-01 5.147282481193542480e-01 6.581271482217155855e-01 -7.024113479739481358e-02 -1.044807665070163871e+00 1.216793348828319354e+00 3.549951192241448394e-01 4.431657499567395186e-01 -2.677466903169683499e-01
1.661415470961856842e+09 2.635027170181274414e-01 3.811037540435791016e-01 1.414410114288330078e+00 -4.899045526981353760e-01 5.110269188880920410e-01 4.883081614971160889e-01 5.102943181991577148e-01 6.032222383383486486e-01 -1.014788610874022140e-01 -8.771012320516284877e-01 9.858624045516124479e-01 -6.972348978479242509e-01 -5.950647825158363879e-01 6.292929411170088416e-01
1.661415470995233059e+09 2.592512965202331543e-01 4.013843536376953125e-01 1.410595655441284180e+00 -4.858081936836242676e-01 5.075796246528625488e-01 4.947394728660583496e-01 5.114551186561584473e-01 6.312753960283783439e-01 1.838561092292949894e-01 -9.645896023127582541e-01 1.092302207760756927e+00 5.205130790396629292e-01 2.921064870539262226e-01 -2.917103575849628316e-01
1.661415471028421164e+09 2.579755187034606934e-01 4.203676581382751465e-01 1.392160296440124512e+00 -4.933072328567504883e-01 5.084012150764465332e-01 4.905655086040496826e-01 5.074659585952758789e-01 7.982547899705685346e-01 9.305959032479574344e-02 -8.722822793961545473e-01 5.993911833390854760e-01 -1.584378469418569191e-01 -2.426699740495364410e-01 -1.094847009989165926e-01
1.661415471061178684e+09 2.558636069297790527e-01 4.401780366897583008e-01 1.382840991020202637e+00 -4.850493669509887695e-01 5.075661540031433105e-01 4.956143796443939209e-01 5.113413333892822266e-01 6.714354677957182771e-01 1.765309155457758239e-01 -9.474717992254979571e-01 8.328227166248948210e-01 3.011998174426215313e-01 7.499310582076740284e-01 -3.812457234353486268e-02
1.661415471094482183e+09 2.566901147365570068e-01 4.569253027439117432e-01 1.367425560951232910e+00 -4.918761849403381348e-01 5.085741877555847168e-01 4.901849925518035889e-01 5.090469121932983398e-01 6.839206699803755951e-01 4.523829842904653065e-02 -8.370333804954338541e-01 7.231358609319685771e-01 -6.396314031790323318e-01 -3.068369903724000869e-01 3.206151930229535485e-01
1.661415471127924919e+09 2.583796679973602295e-01 4.759793877601623535e-01 1.346365809440612793e+00 -4.809483885765075684e-01 5.139269232749938965e-01 4.932212233543395996e-01 5.111755132675170898e-01 8.507202032573337735e-01 1.175472361400285576e-01 -8.638633014570047397e-01 3.009139826509465432e-01 7.552303727150053159e-02 1.040964688964567397e+00 3.614081247521832019e-01
1.661415471161549568e+09 2.560423314571380615e-01 4.897085726261138916e-01 1.336283802986145020e+00 -4.856625795364379883e-01 5.121007561683654785e-01 4.861225187778472900e-01 5.153346657752990723e-01 5.113224154203854788e-01 1.320625747778391978e-01 -6.821394280451010816e-01 6.728573648735172164e-01 -1.286642283790535135e+00 2.527602129139329065e-02 7.127486809581223826e-01
1.661415471194699049e+09 2.559032142162322998e-01 4.954044818878173828e-01 1.330842614173889160e+00 -4.826601445674896240e-01 5.150591135025024414e-01 4.844009876251220703e-01 5.168259143829345703e-01 2.376630101939915252e-01 6.912684984604053340e-02 -2.749677805955224597e-01 1.926649643986071969e-01 -1.090217275954088683e+00 2.443808412958483334e-01 1.131042914925657117e+00
1.661415471227746010e+09 2.531336843967437744e-01 4.949568212032318115e-01 1.334680914878845215e+00 -4.838201403617858887e-01 5.160513520240783691e-01 4.830673336982727051e-01 5.159990191459655762e-01 1.438645850915405977e-01 6.216745329898884509e-02 1.363374449361319518e-02 1.926263929625503246e-01 -9.737316998042888638e-01 -2.546360950698212666e-01 9.462330660738731414e-01
1.661415471261383057e+09 2.456482946872711182e-01 4.865874052047729492e-01 1.347773671150207520e+00 -4.831105768680572510e-01 5.143856406211853027e-01 4.867983758449554443e-01 5.148193240165710449e-01 5.127722262562938171e-01 1.061785500975418600e-01 4.495041077335820701e-01 -1.700174760100507942e-01 -2.156397470000434927e-02 -1.507301123535366438e-01 1.762649232926071785e-01
1.661415471294504166e+09 2.470227032899856567e-01 4.955257177352905273e-01 1.347718954086303711e+00 -4.874142408370971680e-01 5.127958655357360840e-01 4.856157004833221436e-01 5.134639143943786621e-01 2.730442808917691866e-01 -2.203748142792054387e-02 -5.807491339893139370e-01 9.692485858094068707e-01 -2.982843193401006898e-01 -5.719988427740732018e-01 1.597691754981531709e-01
