1.661967849741923332e+09 1.378528122206244648e-16 -2.367949187755584717e-01 1.128897309303283691e+00 -6.125128269195556641e-01 6.125135421752929688e-01 3.533097505569458008e-01 3.533093035221099854e-01 0.000000000000000000e+00 0.000000000000000000e+00 0.000000000000000000e+00 0.000000000000000000e+00 0.000000000000000000e+00 0.000000000000000000e+00 0.000000000000000000e+00
1.661967851194569826e+09 1.378528122206244648e-16 -2.367949187755584717e-01 1.128897309303283691e+00 -6.125128269195556641e-01 6.125135421752929688e-01 3.533097505569458008e-01 3.533093035221099854e-01 0.000000000000000000e+00 0.000000000000000000e+00 0.000000000000000000e+00 0.000000000000000000e+00 0.000000000000000000e+00 0.000000000000000000e+00 0.000000000000000000e+00
1.661967851223492146e+09 4.703199956566095352e-03 -2.257625162601470947e-01 1.127369046211242676e+00 -6.087151169776916504e-01 6.174409389495849609e-01 3.533094227313995361e-01 3.512905836105346680e-01 4.180183880246994277e-01 -2.280616009095675634e-01 -6.899848578186208448e-01 2.963053689262591939e-01 1.416014840328169710e-01 2.797580074300208830e-01 1.811043543774583653e-01
1.661967851254409790e+09 9.564073756337165833e-03 -2.147175371646881104e-01 1.125611782073974609e+00 -6.048518419265747070e-01 6.223644018173217773e-01 3.532952070236206055e-01 3.492840528488159180e-01 3.944211849695241079e-01 -2.133432405245201946e-01 -6.454554598090440631e-01 2.771827757914021029e-01 1.324629808181563284e-01 2.617033276525543295e-01 1.694164632796232306e-01
1.661967851285326481e+09 1.458325609564781189e-02 -2.036662697792053223e-01 1.123623967170715332e+00 -6.009229421615600586e-01 6.272830963134765625e-01 3.532664775848388672e-01 3.472899794578552246e-01 3.978224619226950476e-01 -2.133498214348190924e-01 -6.454753699054480709e-01 2.771913259333207979e-01 1.324670668486897518e-01 2.617114003063731875e-01 1.694216891988754858e-01
1.661967851317241192e+09 1.976124383509159088e-02 -1.926151067018508911e-01 1.121404051780700684e+00 -5.969285964965820312e-01 6.321957707405090332e-01 3.532231450080871582e-01 3.453088998794555664e-01 3.886717156330058986e-01 -2.066780572593642507e-01 -6.252904012932846145e-01 2.685231435759418694e-01 1.283246259266173084e-01 2.535272980974762613e-01 1.641236226294261191e-01
1.661967851348159075e+09 2.509838715195655823e-02 -1.815704554319381714e-01 1.118950486183166504e+00 -5.928686857223510742e-01 6.371016502380371094e-01 3.531647026538848877e-01 3.433408737182617188e-01 4.046063746126566385e-01 -2.133415953603801096e-01 -6.454504824768708682e-01 2.771806383383244587e-01 1.324619593499092030e-01 2.617013095669183387e-01 1.694151568501846838e-01
1.661967851379076719e+09 3.059489466249942780e-02 -1.705387830734252930e-01 1.116262078285217285e+00 -5.887433886528015137e-01 6.419995427131652832e-01 3.530907928943634033e-01 3.413863480091094971e-01 4.080177759837612106e-01 -2.133432405245184182e-01 -6.454554598090511686e-01 2.771827757914021029e-01 1.324629808181563284e-01 2.617033276525561059e-01 1.694164632796223424e-01
1.661967851410991907e+09 3.625082969665527344e-02 -1.595265716314315796e-01 1.113337397575378418e+00 -5.845528244972229004e-01 6.468884944915771484e-01 3.530011773109436035e-01 3.394457697868347168e-01 3.985732718658009377e-01 -2.066749693321385528e-01 -6.252810589795322338e-01 2.685191316361434932e-01 1.283227086591937349e-01 2.535235102069905433e-01 1.641211704977886265e-01
1.661967851442907810e+09 4.206610843539237976e-02 -1.485403776168823242e-01 1.110175371170043945e+00 -5.802969932556152344e-01 6.517675518989562988e-01 3.528953492641448975e-01 3.375193178653717041e-01 4.018760248813134095e-01 -2.066703376143034510e-01 -6.252670460323321855e-01 2.685131139511864884e-01 1.283198328654763520e-01 2.535178285834863710e-01 1.641174924377178379e-01
1.661967851473824024e+09 4.804049804806709290e-02 -1.375867277383804321e-01 1.106774806976318359e+00 -5.759760737419128418e-01 6.566357612609863281e-01 3.527730405330657959e-01 3.356073498725891113e-01 4.182955778040806094e-01 -2.133531120422198502e-01 -6.454853254142688401e-01 2.771956012020758142e-01 1.324691099584866250e-01 2.617154368200413361e-01 1.694243022794048315e-01
1.661967851504741192e+09 5.417362228035926819e-02 -1.266722381114959717e-01 1.103134989738464355e+00 -5.715901255607604980e-01 6.614919900894165039e-01 3.526338636875152588e-01 3.337101936340332031e-01 4.217076036121795712e-01 -2.133465309289207801e-01 -6.454654147037159895e-01 2.771870507964268038e-01 1.324650238019139392e-01 2.617073639172103339e-01 1.694190761989495531e-01
1.661967851535658121e+09 6.046495214104652405e-02 -1.158035248517990112e-01 1.099254727363586426e+00 -5.671393871307373047e-01 6.663352847099304199e-01 3.524774610996246338e-01 3.318280875682830811e-01 4.251410420774936472e-01 -2.133481761691806422e-01 -6.454703922661824134e-01 2.771891883483753594e-01 1.324660453174233699e-01 2.617093820962264616e-01 1.694203826888373288e-01
1.661967851566575050e+09 6.691381335258483887e-02 -1.049871966242790222e-01 1.095133543014526367e+00 -5.626239776611328125e-01 6.711646318435668945e-01 3.523035049438476562e-01 3.299614191055297852e-01 4.285707518243960790e-01 -2.133481761691824186e-01 -6.454703922661968463e-01 2.771891883483897367e-01 1.324660453174233699e-01 2.617093820962264616e-01 1.694203826888373288e-01
1.661967851597492456e+09 7.351937144994735718e-02 -9.422989934682846069e-02 1.090770483016967773e+00 -5.580441951751708984e-01 6.759790778160095215e-01 3.521116971969604492e-01 3.281105160713195801e-01 4.319974165666400356e-01 -2.133448857140326782e-01 -6.454604372179966187e-01 2.771849132774239499e-01 1.324640023021583790e-01 2.617053457693222507e-01 1.694177697292125750e-01
1.661967851628409624e+09 8.028064668178558350e-02 -8.353828638792037964e-02 1.086165189743041992e+00 -5.534000396728515625e-01 6.807774305343627930e-01 3.519015908241271973e-01 3.262755572795867920e-01 4.354319820293857113e-01 -2.133465309289207801e-01 -6.454654147037087730e-01 2.771870507964195873e-01 1.324650238019139392e-01 2.617073639172121657e-01 1.694190761989495531e-01
1.661967851660324812e+09 8.719652146100997925e-02 -7.291900366544723511e-02 1.081317186355590820e+00 -5.486919283866882324e-01 6.855589151382446289e-01 3.516729176044464111e-01 3.244569003582000732e-01 4.251394513431041022e-01 -2.066749693321376924e-01 -6.252810589795392282e-01 2.685191316361365543e-01 1.283227086591928745e-01 2.535235102069888224e-01 1.641211704977877661e-01
1.661967851692239046e+09 9.426569938659667969e-02 -6.237871199846267700e-02 1.076225996017456055e+00 -5.439200997352600098e-01 6.903224587440490723e-01 3.514253199100494385e-01 3.226548433303833008e-01 4.284757111273156949e-01 -2.066811452788672732e-01 -6.252997438861869206e-01 2.685271556356475520e-01 1.283265432513325810e-01 2.535310861011549899e-01 1.641260748343401077e-01
1.661967851722159624e+09 1.014867499470710754e-01 -5.192405357956886292e-02 1.070891380310058594e+00 -5.390846729278564453e-01 6.950669884681701660e-01 3.511584997177124023e-01 3.208696544170379639e-01 4.605685815565386809e-01 -2.204526418749500616e-01 -6.669644699203087779e-01 2.864195512133972943e-01 1.368771468934228408e-01 2.704242694853095097e-01 1.750620587522708493e-01
1.661967851753077030e+09 1.088581010699272156e-01 -4.156166687607765198e-02 1.065313220024108887e+00 -5.341861248016357422e-01 6.997914910316467285e-01 3.508720695972442627e-01 3.191016614437103271e-01 4.491446372003451981e-01 -2.133448857140335664e-01 -6.454604372180037242e-01 2.771849132774239499e-01 1.324640023021583790e-01 2.617053457693204743e-01 1.694177697292116591e-01
1.661967851783995152e+09 1.163780093193054199e-01 -3.129817917943000793e-02 1.059491395950317383e+00 -5.292245745658874512e-01 7.044950723648071289e-01 3.505657613277435303e-01 3.173510432243347168e-01 4.525568058339114463e-01 -2.133399502216117849e-01 -6.454455052214539412e-01 2.771785009182334281e-01 1.324609378974162255e-01 2.616992915124028429e-01 1.694138504408937151e-01
1.661967851815909624e+09 1.240445822477340698e-01 -2.114018984138965607e-02 1.053426027297973633e+00 -5.242004990577697754e-01 7.091766595840454102e-01 3.502391576766967773e-01 3.156181573867797852e-01 4.417389167353506507e-01 -2.066796012575815855e-01 -6.252950725548386268e-01 2.685251495908120289e-01 1.283255845818127849e-01 2.535291920851637792e-01 1.641248487227221498e-01
1.661967851847824097e+09 1.318557858467102051e-01 -1.109428424388170242e-02 1.047117114067077637e+00 -5.191140770912170410e-01 7.138352990150451660e-01 3.498920202255249023e-01 3.139032125473022461e-01 4.450467698571144992e-01 -2.066796012575815855e-01 -6.252950725548386268e-01 2.685251495908120289e-01 1.283255845818132013e-01 2.535291920851672209e-01 1.641248487227230379e-01
1.661967851879249096e+09 1.398094445466995239e-01 -1.167018315754830837e-03 1.040565133094787598e+00 -5.139659047126770020e-01 7.184699773788452148e-01 3.495240211486816406e-01 3.122064769268035889e-01 4.553295212931154912e-01 -2.098988266447561757e-01 -6.350346199499122823e-01 2.727076764265398134e-01 1.303243739020752967e-01 2.574781430536424720e-01 1.666812445956564748e-01
1.661967851911164761e+09 1.479032039642333984e-01 8.635086938738822937e-03 1.033770322799682617e+00 -5.087561011314392090e-01 7.230797410011291504e-01 3.491348028182983398e-01 3.105282187461853027e-01 4.516236903685824089e-01 -2.066718814971817142e-01 -6.252717169449520940e-01 2.685151198162052943e-01 1.283207914490601953e-01 2.535197224296928398e-01 1.641187184394234666e-01
1.661967851941083431e+09 1.561345905065536499e-01 1.830554381012916565e-02 1.026733040809631348e+00 -5.034852027893066406e-01 7.276635766029357910e-01 3.487241268157958984e-01 3.088687360286712646e-01 4.852770044144568695e-01 -2.204666959768145085e-01 -6.670069896493540096e-01 2.864378107793295603e-01 1.368858729642421501e-01 2.704415093341828724e-01 1.750732191538224014e-01
1.661967851972567320e+09 1.645009517669677734e-01 2.783790789544582367e-02 1.019454002380371094e+00 -4.981535375118255615e-01 7.322204709053039551e-01 3.482916057109832764e-01 3.072281479835510254e-01 4.644752424234508403e-01 -2.095062190540065983e-01 -6.338468123944033250e-01 2.721975873253585920e-01 1.300806072299530713e-01 2.569965402022551526e-01 1.663694738110841620e-01
1.661967852004423380e+09 1.729995161294937134e-01 3.722577914595603943e-02 1.011933922767639160e+00 -4.927616119384765625e-01 7.367495298385620117e-01 3.478370308876037598e-01 3.056068420410156250e-01 4.623246457925028197e-01 -2.070585772803653080e-01 -6.264416387288688215e-01 2.690175280964378079e-01 1.285608875307747423e-01 2.539940734004550449e-01 1.644257946410928595e-01
1.661967852036337376e+09 1.816273778676986694e-01 4.646281152963638306e-02 1.004173398017883301e+00 -4.873097836971282959e-01 7.412497401237487793e-01 3.473599851131439209e-01 3.040049374103546143e-01 4.647493768833435013e-01 -2.066826893232226459e-01 -6.253044152873450390e-01 2.685291617104490491e-01 1.283275019351766133e-01 2.535329801454400678e-01 1.641273009642760516e-01
1.661967852068251610e+09 1.903814226388931274e-01 5.554270371794700623e-02 9.961733818054199219e-01 -4.817986786365509033e-01 7.457201480865478516e-01 3.468602597713470459e-01 3.024227321147918701e-01 4.679979440987060424e-01 -2.066811452788672732e-01 -6.252997438861939150e-01 2.685271556356544909e-01 1.283265432513330251e-01 2.535310861011532135e-01 1.641260748343383591e-01
1.661967852100166321e+09 1.992584615945816040e-01 6.445921957492828369e-02 9.879349470138549805e-01 -4.762286245822906494e-01 7.501598000526428223e-01 3.463375270366668701e-01 3.008605241775512695e-01 4.712313243674678964e-01 -2.066780572593659993e-01 -6.252904012932846145e-01 2.685231435759418694e-01 1.283246259266168643e-01 2.535272980974779822e-01 1.641236226294270073e-01
1.661967852131083727e+09 2.082551270723342896e-01 7.320619374513626099e-02 9.794591069221496582e-01 -4.706000983715057373e-01 7.545676231384277344e-01 3.457914590835571289e-01 2.993182837963104248e-01 4.897663580247678672e-01 -2.133448857140326782e-01 -6.454604372179966187e-01 2.771849132774239499e-01 1.324640023021579349e-01 2.617053457693204743e-01 1.694177697292107709e-01
1.661967852162001133e+09 2.173679023981094360e-01 8.177750557661056519e-02 9.707470536231994629e-01 -4.649137854576110840e-01 7.589429020881652832e-01 3.452218472957611084e-01 2.977964878082275391e-01 4.930878403274957522e-01 -2.133448857140326782e-01 -6.454604372179966187e-01 2.771849132774239499e-01 1.324640023021579349e-01 2.617053457693204743e-01 1.694177697292125750e-01
1.661967852193915606e+09 2.265931814908981323e-01 9.016713500022888184e-02 9.618000984191894531e-01 -4.591700732707977295e-01 7.632845640182495117e-01 3.446283340454101562e-01 2.962952554225921631e-01 4.808884580874147607e-01 -2.066796012575824737e-01 -6.252950725548386268e-01 2.685251495908120289e-01 1.283255845818127849e-01 2.535291920851672209e-01 1.641248487227221498e-01
1.661967852225830555e+09 2.359271645545959473e-01 9.836912155151367188e-02 9.526196718215942383e-01 -4.533695578575134277e-01 7.675917148590087891e-01 3.440106809139251709e-01 2.948147952556610107e-01 4.840723377911918535e-01 -2.066765132842181829e-01 -6.252857301015093405e-01 2.685211375910572240e-01 1.283236672857441252e-01 2.535254041380865520e-01 1.641223965544489904e-01
1.661967852256748199e+09 2.453659325838088989e-01 1.063775792717933655e-01 9.432072639465332031e-01 -4.475127756595611572e-01 7.718632817268371582e-01 3.433686196804046631e-01 2.933552563190460205e-01 5.029663772966829205e-01 -2.133432405245193064e-01 -6.454554598090583850e-01 2.771827757913948864e-01 1.324629808181572166e-01 2.617033276525561059e-01 1.694164632796241188e-01
1.661967852287666082e+09 2.549054622650146484e-01 1.141867190599441528e-01 9.335645437240600586e-01 -4.416003823280334473e-01 7.760985493659973145e-01 3.427018821239471436e-01 2.919168770313262939e-01 5.062258852843138923e-01 -2.133415953603791937e-01 -6.454504824768708682e-01 2.771806383383316197e-01 1.324619593499092030e-01 2.617013095669165623e-01 1.694151568501828797e-01
1.661967852319581270e+09 2.645415365695953369e-01 1.217908486723899841e-01 9.236931204795837402e-01 -4.356329441070556641e-01 7.802965641021728516e-01 3.420102000236511230e-01 2.904999256134033203e-01 4.935543452279957943e-01 -2.066749693321385528e-01 -6.252810589795322338e-01 2.685191316361365543e-01 1.283227086591937349e-01 2.535235102069923196e-01 1.641211704977894870e-01
1.661967852351495981e+09 2.742699086666107178e-01 1.291843354701995850e-01 9.135949015617370605e-01 -4.296110868453979492e-01 7.844563126564025879e-01 3.412932753562927246e-01 2.891044616699218750e-01 4.966919159796662764e-01 -2.066780572593651111e-01 -6.252904012932846145e-01 2.685231435759488083e-01 1.283246259266164480e-01 2.535272980974762613e-01 1.641236226294252587e-01
1.661967852383410454e+09 2.840860784053802490e-01 1.363616883754730225e-01 9.032717943191528320e-01 -4.235354363918304443e-01 7.885770797729492188e-01 3.405508995056152344e-01 2.877307534217834473e-01 4.998082525099719620e-01 -2.066796012575815855e-01 -6.252950725548386268e-01 2.685251495908120289e-01 1.283255845818136454e-01 2.535291920851663883e-01 1.641248487227238984e-01
1.661967852415325403e+09 2.939855158329010010e-01 1.433174759149551392e-01 8.927258253097534180e-01 -4.174066483974456787e-01 7.926579117774963379e-01 3.397828042507171631e-01 2.863789796829223633e-01 5.028960010802616676e-01 -2.066765132842181829e-01 -6.252857301015093405e-01 2.685211375910572240e-01 1.283236672857432370e-01 2.535254041380856638e-01 1.641223965544481300e-01
1.661967852447239876e+09 3.039635419845581055e-01 1.500463932752609253e-01 8.819591403007507324e-01 -4.112253487110137939e-01 7.966977953910827637e-01 3.389886915683746338e-01 2.850492000579833984e-01 5.059801910684612603e-01 -2.066796012575824737e-01 -6.252950725548456212e-01 2.685251495908120289e-01 1.283255845818127849e-01 2.535291920851655001e-01 1.641248487227230379e-01
1.661967852479154110e+09 3.140153288841247559e-01 1.565432399511337280e-01 8.709739446640014648e-01 -4.049922227859497070e-01 8.006960153579711914e-01 3.381683230400085449e-01 2.837417125701904297e-01 5.090416717479870901e-01 -2.066811452788664127e-01 -6.252997438861939150e-01 2.685271556356475520e-01 1.283265432513334414e-01 2.535310861011549899e-01 1.641260748343392473e-01
1.661967852511068821e+09 3.241359591484069824e-01 1.628029346466064453e-01 8.597725629806518555e-01 -3.987080454826354980e-01 8.046516180038452148e-01 3.373215794563293457e-01 2.824565768241882324e-01 5.120723206728208243e-01 -2.066780572593659993e-01 -6.252904012932776201e-01 2.685231435759488083e-01 1.283246259266173084e-01 2.535272980974762613e-01 1.641236226294261191e-01
1.661967852542984486e+09 3.343204259872436523e-01 1.688205152750015259e-01 8.483574986457824707e-01 -3.923735320568084717e-01 8.085638880729675293e-01 3.364481031894683838e-01 2.811940014362335205e-01 5.150739488740117000e-01 -2.066718814971817142e-01 -6.252717169449452106e-01 2.685151198162052943e-01 1.283207914490593071e-01 2.535197224296919516e-01 1.641187184394234666e-01
1.661967852573900938e+09 3.445635735988616943e-01 1.745911091566085815e-01 8.367311954498291016e-01 -3.859893381595611572e-01 8.124319911003112793e-01 3.355476856231689453e-01 2.799542248249053955e-01 5.348153271545020848e-01 -2.133514667258313846e-01 -6.454803476214715507e-01 2.771934635512134926e-01 1.324680883957098099e-01 2.617134185476412411e-01 1.694229957290644961e-01
1.661967852604818106e+09 3.548601269721984863e-01 1.801099926233291626e-01 8.248963356018066406e-01 -3.795562088489532471e-01 8.162549138069152832e-01 3.346200883388519287e-01 2.787371873855590820e-01 5.378733890922504646e-01 -2.133465309289189760e-01 -6.454654147037087730e-01 2.771870507964195873e-01 1.324650238019139392e-01 2.617073639172112776e-01 1.694190761989504412e-01
1.661967852636732817e+09 3.652047514915466309e-01 1.853725910186767578e-01 8.128556609153747559e-01 -3.730749785900115967e-01 8.200320005416870117e-01 3.336652219295501709e-01 2.775431871414184570e-01 5.240140483135040661e-01 -2.066780572593659993e-01 -6.252904012932776201e-01 2.685231435759488083e-01 1.283246259266173084e-01 2.535272980974770940e-01 1.641236226294261191e-01
1.661967852668647051e+09 3.755919635295867920e-01 1.903744041919708252e-01 8.006119132041931152e-01 -3.665463626384735107e-01 8.237624168395996094e-01 3.326826393604278564e-01 2.763723134994506836e-01 5.269530367380405034e-01 -2.066811452788681336e-01 -6.252997438861939150e-01 2.685271556356475520e-01 1.283265432513325810e-01 2.535310861011532135e-01 1.641260748343392473e-01
1.661967852700562000e+09 3.860161900520324707e-01 1.951111108064651489e-01 7.881681919097900391e-01 -3.599711358547210693e-01 8.274452686309814453e-01 3.316722512245178223e-01 2.752246260643005371e-01 5.298448025033177800e-01 -2.066765132842164621e-01 -6.252857301015163349e-01 2.685211375910572240e-01 1.283236672857432370e-01 2.535254041380856638e-01 1.641223965544472696e-01
1.661967852732477188e+09 3.964717984199523926e-01 1.995785087347030640e-01 7.755273580551147461e-01 -3.533501327037811279e-01 8.310799598693847656e-01 3.306339085102081299e-01 2.741003632545471191e-01 5.327244840866538489e-01 -2.066749693321385528e-01 -6.252810589795322338e-01 2.685191316361365543e-01 1.283227086591937349e-01 2.535235102069914315e-01 1.641211704977894870e-01
1.661967852764391422e+09 3.964717984199523926e-01 1.995785087347030640e-01 7.755273580551147461e-01 -3.533501327037811279e-01 8.310799598693847656e-01 3.306339085102081299e-01 2.741003632545471191e-01 0.000000000000000000e+00 0.000000000000000000e+00 0.000000000000000000e+00 0.000000000000000000e+00 0.000000000000000000e+00 1.739385346067247650e-15 0.000000000000000000e+00
1.661967852795309544e+09 3.948625922203063965e-01 2.099605649709701538e-01 7.777763605117797852e-01 -3.582497239112854004e-01 8.242651224136352539e-01 3.348526656627655029e-01 2.830509543418884277e-01 3.475001487933989663e-01 1.447247117623319812e-01 -2.944909744932118767e-01 4.043871509528590980e-01 -2.891317977963033803e-01 5.549691545191930420e-01 -1.558435185954252233e-01
1.661967852826226950e+09 3.930848836898803711e-01 2.202839702367782593e-01 7.800424098968505859e-01 -3.630707561969757080e-01 8.173025846481323242e-01 3.390716910362243652e-01 2.919358909130096436e-01 3.466540953885010046e-01 1.447280598821626962e-01 -2.944977873661531742e-01 4.043965062082463535e-01 -2.891384866878831117e-01 5.549819933993610510e-01 -1.558471239422141996e-01
1.661967852858141184e+09 3.911384046077728271e-01 2.305452674627304077e-01 7.823236584663391113e-01 -3.678110837936401367e-01 8.101938962936401367e-01 3.432902991771697998e-01 3.007536530494689941e-01 3.349763705638605371e-01 1.402075379980218806e-01 -2.852992691679220871e-01 3.917653463787433843e-01 -2.801073640591120739e-01 5.376473573342568368e-01 -1.509793026300595420e-01
1.661967852890056133e+09 3.890229463577270508e-01 2.407410144805908203e-01 7.846184372901916504e-01 -3.724687993526458740e-01 8.029405474662780762e-01 3.475077152252197266e-01 3.095027804374694824e-01 3.340991996498982597e-01 1.402043957638088312e-01 -2.852928752383421251e-01 3.917565664052021779e-01 -2.801010864869126760e-01 5.376353079541386082e-01 -1.509759189865205464e-01
1.661967852921970606e+09 3.867383599281311035e-01 2.508677840232849121e-01 7.869248390197753906e-01 -3.770419359207153320e-01 7.955441474914550781e-01 3.517232537269592285e-01 3.181818425655364990e-01 3.332153338629452732e-01 1.402064905709680676e-01 -2.852971378262249558e-01 3.917624196771734568e-01 -2.801052715037810059e-01 5.376433408142053949e-01 -1.509781747320286804e-01
1.661967852952887774e+09 3.842846453189849854e-01 2.609221041202545166e-01 7.892410755157470703e-01 -3.815285265445709229e-01 7.880064249038696289e-01 3.559362292289733887e-01 3.267894983291625977e-01 3.430270254958291409e-01 1.447291759565317582e-01 -2.945000583938409133e-01 4.043996247228927032e-01 -2.891407163871851371e-01 5.549862731580935682e-01 -1.558483257615490003e-01
1.661967852983805656e+09 3.816618919372558594e-01 2.709006071090698242e-01 7.915652990341186523e-01 -3.859266638755798340e-01 7.803289890289306641e-01 3.601458668708801270e-01 3.353242278099060059e-01 3.420667881891621409e-01 1.447258277850650143e-01 -2.944932454158322721e-01 4.043902693232270806e-01 -2.891340273924430382e-01 5.549734340799122867e-01 -1.558447203591531993e-01
1.661967853015720129e+09 3.788703083992004395e-01 2.807998657226562500e-01 7.938956022262573242e-01 -3.902345299720764160e-01 7.725135087966918945e-01 3.643515110015869141e-01 3.437847197055816650e-01 3.304463712213855930e-01 1.402064905709680676e-01 -2.852971378262180169e-01 3.917624196771734568e-01 -2.801052715037810059e-01 5.376433408142070602e-01 -1.509781747320277923e-01
1.661967853047636032e+09 3.759101331233978271e-01 2.906165122985839844e-01 7.962300777435302734e-01 -3.944501876831054688e-01 7.645618915557861328e-01 3.685524165630340576e-01 3.521695137023925781e-01 3.294800474674775548e-01 1.402002063372742302e-01 -2.852843504447065692e-01 3.917448603859617351e-01 -2.800927168283317004e-01 5.376192429540876949e-01 -1.509714076977150543e-01
1.661967853079550266e+09 3.727817833423614502e-01 3.003471791744232178e-01 7.985667586326599121e-01 -3.985719084739685059e-01 7.564758062362670898e-01 3.727478981018066406e-01 3.604772984981536865e-01 3.285327582462563845e-01 1.402075379980218806e-01 -2.852992691679220871e-01 3.917653463787503787e-01 -2.801073640591120739e-01 5.376473573342550605e-01 -1.509793026300604024e-01
1.661967853111467123e+09 3.694857060909271240e-01 3.099885582923889160e-01 8.009036779403686523e-01 -4.025977551937103271e-01 7.482571005821228027e-01 3.769372701644897461e-01 3.687066435813903809e-01 3.275316143805672708e-01 1.401960171610993899e-01 -2.852758261604980694e-01 3.917331550662650486e-01 -2.800843476699190204e-01 5.376031789140780504e-01 -1.509668966785029376e-01
1.661967853142380714e+09 3.660225272178649902e-01 3.195373117923736572e-01 8.032389283180236816e-01 -4.065262079238891602e-01 7.399078011512756348e-01 3.811198174953460693e-01 3.768562376499176025e-01 3.371450775624937890e-01 1.447459191378996923e-01 -2.945341280128929706e-01 4.044464082150127093e-01 -2.891741660038455453e-01 5.550504774608320258e-01 -1.558663552761017368e-01
1.661967853173298120e+09 3.623928427696228027e-01 3.289901912212371826e-01 8.055704236030578613e-01 -4.103553593158721924e-01 7.314296960830688477e-01 3.852948248386383057e-01 3.849247097969055176e-01 3.360804804285690284e-01 1.447280598821626962e-01 -2.944977873661495660e-01 4.043965062082391926e-01 -2.891384866878831117e-01 5.549819933993610510e-01 -1.558471239422150878e-01
1.661967853205212831e+09 3.585974872112274170e-01 3.383439481258392334e-01 8.078961372375488281e-01 -4.140836894512176514e-01 7.228246331214904785e-01 3.894616961479187012e-01 3.929108083248138428e-01 3.245801594222328945e-01 1.402054431595655681e-01 -2.852950065163616933e-01 3.917594930193243896e-01 -2.801031789797147620e-01 5.376393243541663924e-01 -1.509770468508479790e-01
1.661967853236130476e+09 3.546373248100280762e-01 3.475953340530395508e-01 8.102141022682189941e-01 -4.177093207836151123e-01 7.140948176383972168e-01 3.936196863651275635e-01 4.008131325244903564e-01 3.340117869399856776e-01 1.447269438250066431e-01 -2.944955163734767067e-01 4.043933877416891476e-01 -2.891362570229693563e-01 5.549777137066345123e-01 -1.558459221414175422e-01
1.661967853266051054e+09 3.505133092403411865e-01 3.567412197589874268e-01 8.125222325325012207e-01 -4.212307631969451904e-01 7.052421569824218750e-01 3.977679610252380371e-01 4.086304008960723877e-01 3.440697375704918626e-01 1.495497913984446814e-01 -3.043092176027935580e-01 4.178693005001495320e-01 -2.987713675194796914e-01 5.734716641012378435e-01 -1.610392960050879008e-01
1.661967853296968699e+09 3.462264835834503174e-01 3.657784759998321533e-01 8.148183822631835938e-01 -4.246465265750885010e-01 6.962686777114868164e-01 4.019060730934143066e-01 4.163613319396972656e-01 3.319337826365766908e-01 1.447269438250066431e-01 -2.944955163734803150e-01 4.043933877416891476e-01 -2.891362570229693563e-01 5.549777137066345123e-01 -1.558459221414166262e-01
1.661967853328883648e+09 3.417780399322509766e-01 3.747039735317230225e-01 8.171005845069885254e-01 -4.279548823833465576e-01 6.871765255928039551e-01 4.060332477092742920e-01 4.240046739578247070e-01 3.205527692443683185e-01 1.402043957638088312e-01 -2.852928752383421251e-01 3.917565664051951835e-01 -2.801010864869126760e-01 5.376353079541386082e-01 -1.509759189865205464e-01
1.661967853360798359e+09 3.371692001819610596e-01 3.835146725177764893e-01 8.193666338920593262e-01 -4.311545193195343018e-01 6.779677867889404297e-01 4.101488888263702393e-01 4.315591752529144287e-01 3.195477589673245133e-01 1.402054431595638195e-01 -2.852950065163616933e-01 3.917594930193243896e-01 -2.801031789797147620e-01 5.376393243541681688e-01 -1.509770468508479790e-01
1.661967853392227173e+09 3.324013054370880127e-01 3.922075927257537842e-01 8.216145038604736328e-01 -4.342437386512756348e-01 6.686446666717529297e-01 4.142522811889648438e-01 4.390236139297485352e-01 3.234690361097212752e-01 1.423730532182732322e-01 -2.897057363132080621e-01 3.978161895250167945e-01 -2.844336418672499533e-01 5.459513583320600993e-01 -1.533111885076447189e-01
1.661967853423143625e+09 3.274758458137512207e-01 4.007797837257385254e-01 8.238419890403747559e-01 -4.372212886810302734e-01 6.592092514038085938e-01 4.183427691459655762e-01 4.463967084884643555e-01 3.277967643170272560e-01 1.447325242829209935e-01 -2.945068716870912207e-01 4.044089805554419992e-01 -2.891474056914286050e-01 5.549991128303420895e-01 -1.558519313307666909e-01
1.661967853454061031e+09 3.223942816257476807e-01 4.092282950878143311e-01 8.260471224784851074e-01 -4.400857090950012207e-01 6.496638655662536621e-01 4.224196970462799072e-01 4.536772668361663818e-01 3.267604788738843746e-01 1.447280598821636122e-01 -2.944977873661460133e-01 4.043965062082463535e-01 -2.891384866878831117e-01 5.549819933993601628e-01 -1.558471239422150878e-01
1.661967853484492064e+09 3.171582818031311035e-01 4.175503253936767578e-01 8.282276391983032227e-01 -4.428356885910034180e-01 6.400106549263000488e-01 4.264823794364929199e-01 4.608640968799591064e-01 3.309475061177126753e-01 1.470412233234815458e-01 -2.992046943463116393e-01 4.108599053218640607e-01 -2.937597368962330813e-01 5.638521741975206503e-01 -1.583380014529848501e-01
1.661967853516407251e+09 3.117695450782775879e-01 4.257430732250213623e-01 8.303815126419067383e-01 -4.454697370529174805e-01 6.302519440650939941e-01 4.305303394794464111e-01 4.679560065269470215e-01 3.145793526462029588e-01 1.402033483837027139e-01 -2.852907439921689159e-01 3.917536398348057114e-01 -2.800989940253740262e-01 5.376312916141153808e-01 -1.509747911390425246e-01
1.661967853547323942e+09 3.062298595905303955e-01 4.338037669658660889e-01 8.325065374374389648e-01 -4.479868113994598389e-01 6.203900575637817383e-01 4.345627129077911377e-01 4.749518632888793945e-01 3.237386411963083521e-01 1.447314081569105182e-01 -2.945046005543144885e-01 4.044058618964930241e-01 -2.891451758889571066e-01 5.549948328735825331e-01 -1.558507294558248157e-01
1.661967853578241110e+09 3.005411028861999512e-01 4.417297840118408203e-01 8.346005678176879883e-01 -4.503855109214782715e-01 6.104272603988647461e-01 4.385789930820465088e-01 4.818505048751831055e-01 3.227465696773198500e-01 1.447291759565317582e-01 -2.945000583938409133e-01 4.043996247228998642e-01 -2.891407163871851371e-01 5.549862731580935682e-01 -1.558483257615490003e-01
1.661967853610156059e+09 2.947052419185638428e-01 4.495184719562530518e-01 8.366615772247314453e-01 -4.526646733283996582e-01 6.003659963607788086e-01 4.425785839557647705e-01 4.886507391929626465e-01 3.117128865199641496e-01 1.402043957638096916e-01 -2.852928752383456223e-01 3.917565664052021779e-01 -2.801010864869126760e-01 5.376353079541386082e-01 -1.509759189865205464e-01
1.661967853641073465e+09 2.887243926525115967e-01 4.571672976016998291e-01 8.386874198913574219e-01 -4.548231959342956543e-01 5.902085900306701660e-01 4.465608596801757812e-01 4.953515827655792236e-01 3.208104002290828594e-01 1.447280598821626962e-01 -2.944977873661495660e-01 4.043965062082463535e-01 -2.891384866878831117e-01 5.549819933993592747e-01 -1.558471239422146437e-01
1.661967853671991110e+09 2.826006114482879639e-01 4.646737575531005859e-01 8.406758904457092285e-01 -4.568599164485931396e-01 5.799575448036193848e-01 4.505251646041870117e-01 5.019516944885253906e-01 3.198649817839955833e-01 1.447269438250066431e-01 -2.944955163734767067e-01 4.043933877416819866e-01 -2.891362570229689122e-01 5.549777137066345123e-01 -1.558459221414161822e-01
1.661967853703905821e+09 2.763361632823944092e-01 4.720354676246643066e-01 8.426249623298645020e-01 -4.587737321853637695e-01 5.696152448654174805e-01 4.544709324836730957e-01 5.084502100944519043e-01 3.089760283686757147e-01 1.402054431595638195e-01 -2.852950065163616933e-01 3.917594930193243896e-01 -2.801031789797147620e-01 5.376393243541681688e-01 -1.509770468508488395e-01
1.661967853734822750e+09 2.699333429336547852e-01 4.792500436305999756e-01 8.445325493812561035e-01 -4.605635702610015869e-01 5.591838955879211426e-01 4.583974182605743408e-01 5.148461461067199707e-01 3.180412353364827638e-01 1.447302920481142452e-01 -2.945023294565622951e-01 4.044027432856507898e-01 -2.891429461208762097e-01 5.549905529828336181e-01 -1.558495275994187523e-01
1.661967853765739679e+09 2.633945047855377197e-01 4.863152205944061279e-01 8.463964462280273438e-01 -4.622284770011901855e-01 5.486662983894348145e-01 4.623042345046997070e-01 5.211382508277893066e-01 3.171553646637623736e-01 1.447302920481151334e-01 -2.945023294565658478e-01 4.044027432856507898e-01 -2.891429461208757656e-01 5.549905529828336181e-01 -1.558495275994183082e-01
1.661967853797654629e+09 2.567221224308013916e-01 4.932287931442260742e-01 8.482146859169006348e-01 -4.637673795223236084e-01 5.380647778511047363e-01 4.661905765533447266e-01 5.273256301879882812e-01 3.064006431861960866e-01 1.402043957638088312e-01 -2.852928752383421251e-01 3.917565664051951835e-01 -2.801010864869126760e-01 5.376353079541368318e-01 -1.509759189865201023e-01
