1.661967914727478266e+09 1.378528122206244648e-16 -2.367949187755584717e-01 1.128897309303283691e+00 -6.125128269195556641e-01 6.125135421752929688e-01 3.533097505569458008e-01 3.533093035221099854e-01 0.000000000000000000e+00 0.000000000000000000e+00 0.000000000000000000e+00 0.000000000000000000e+00 0.000000000000000000e+00 0.000000000000000000e+00 0.000000000000000000e+00
1.661967917975351334e+09 1.378528122206244648e-16 -2.367949187755584717e-01 1.128897309303283691e+00 -6.125128269195556641e-01 6.125135421752929688e-01 3.533097505569458008e-01 3.533093035221099854e-01 0.000000000000000000e+00 0.000000000000000000e+00 0.000000000000000000e+00 0.000000000000000000e+00 0.000000000000000000e+00 0.000000000000000000e+00 0.000000000000000000e+00
1.661967917998289347e+09 1.179735409095883369e-03 -2.269523292779922485e-01 1.125419139862060547e+00 -6.084969043731689453e-01 6.188085675239562988e-01 3.547981977462768555e-01 3.477437198162078857e-01 4.579961927260189913e-01 -1.059684254760223932e-01 -8.107280558388072489e-01 2.535998036649502185e-01 3.081757538512171490e-01 2.690990578306559633e-01 4.464005266560800433e-01
1.661967918029207468e+09 2.422539051622152328e-03 -2.171140015125274658e-01 1.121751546859741211e+00 -6.043705344200134277e-01 6.251026988029479980e-01 3.562163114547729492e-01 3.421884179115295410e-01 3.419679875936901259e-01 -7.861749110597344992e-02 -6.014754435857028181e-01 1.881445366348025727e-01 2.286341849342362065e-01 1.996433625449535731e-01 3.311825128705644938e-01
1.661967918060123444e+09 3.728476120159029961e-03 -2.072837650775909424e-01 1.117893576622009277e+00 -6.001334190368652344e-01 6.313941478729248047e-01 3.575636744499206543e-01 3.366445004940032959e-01 3.441789346469293909e-01 -7.862294766464851536e-02 -6.015171898434803488e-01 1.881575950736956993e-01 2.286500536146998941e-01 1.996572190761972954e-01 3.312054990634359930e-01
1.661967918091545343e+09 5.097572691738605499e-03 -1.974654793739318848e-01 1.113844752311706543e+00 -5.957857966423034668e-01 6.376809477806091309e-01 3.588400781154632568e-01 3.311134278774261475e-01 3.407886744071747520e-01 -7.735703904321654389e-02 -5.918321574301806942e-01 1.851280683405127359e-01 2.249685575278789484e-01 1.964425368178131237e-01 3.258727570436579235e-01
1.661967918123460770e+09 6.529816891998052597e-03 -1.876630187034606934e-01 1.109604239463806152e+00 -5.913276672363281250e-01 6.439611315727233887e-01 3.600452244281768799e-01 3.255964815616607666e-01 3.376413936237174229e-01 -7.616082298038022447e-02 -5.826803188647782239e-01 1.822653273182372746e-01 2.214897402738004450e-01 1.934048337093116077e-01 3.208336005397685597e-01
1.661967918154377699e+09 8.025156334042549133e-03 -1.778802871704101562e-01 1.105171561241149902e+00 -5.867592096328735352e-01 6.502327919006347656e-01 3.611788451671600342e-01 3.200949430465698242e-01 3.507376621766160607e-01 -7.862052243395042939e-02 -6.014986352357351018e-01 1.881517910992958897e-01 2.286430005958859923e-01 1.996510603804093065e-01 3.311952825838023751e-01
1.661967918185295582e+09 9.583501145243644714e-03 -1.681212335824966431e-01 1.100546002388000488e+00 -5.820806026458740234e-01 6.564940214157104492e-01 3.622407019138336182e-01 3.146101534366607666e-01 3.529224774551575350e-01 -7.861809735286852396e-02 -6.014800817726381199e-01 1.881459874829478629e-01 2.286359480121820109e-01 1.996449020645561512e-01 3.311850667344350962e-01
1.661967918217209816e+09 1.120471954345703125e-02 -1.583897918462753296e-01 1.095727086067199707e+00 -5.772918462753295898e-01 6.627429127693176270e-01 3.632304668426513672e-01 3.091433644294738770e-01 3.440340698862687230e-01 -7.616366781681063736e-02 -5.827020837319831781e-01 1.822721354779034131e-01 2.214980135835867281e-01 1.934120579631369019e-01 3.208455846423434177e-01
1.661967918249124527e+09 1.288864202797412872e-02 -1.486899703741073608e-01 1.090714573860168457e+00 -5.723934769630432129e-01 6.689774394035339355e-01 3.641480505466461182e-01 3.036958575248718262e-01 3.461571989778126635e-01 -7.616252985673567510e-02 -5.826933775899741930e-01 1.822694121530046008e-01 2.214947041855053755e-01 1.934091681968477805e-01 3.208407908938802344e-01
1.661967918281040192e+09 1.463505532592535019e-02 -1.390257328748703003e-01 1.085508108139038086e+00 -5.673853158950805664e-01 6.751958131790161133e-01 3.649931848049163818e-01 2.982689738273620605e-01 3.482778033191297751e-01 -7.616025403859616461e-02 -5.826759660864375689e-01 1.822639657473345831e-01 2.214880856860078073e-01 1.934033889233070791e-01 3.208312038266808441e-01
1.661967918312955618e+09 1.644370891153812408e-02 -1.294011026620864868e-01 1.080107212066650391e+00 -5.622681975364685059e-01 6.813960075378417969e-01 3.657658398151397705e-01 2.928640544414520264e-01 3.504157252919969379e-01 -7.616082298037979426e-02 -5.826803188647712295e-01 1.822653273182372746e-01 2.214897402737987242e-01 1.934048337093116077e-01 3.208336005397650625e-01
1.661967918344870329e+09 1.831430941820144653e-02 -1.198201403021812439e-01 1.074512004852294922e+00 -5.570420622825622559e-01 6.875761747360229492e-01 3.664657473564147949e-01 2.874823212623596191e-01 3.525546948542118697e-01 -7.616252985673567510e-02 -5.826933775899741930e-01 1.822694121530046008e-01 2.214947041855053755e-01 1.934091681968443110e-01 3.208407908938802344e-01
1.661967918376785040e+09 2.024652436375617981e-02 -1.102868691086769104e-01 1.068722009658813477e+00 -5.517075061798095703e-01 6.937341690063476562e-01 3.670928180217742920e-01 2.821251153945922852e-01 3.546930912091437738e-01 -7.616252985673567510e-02 -5.826933775899880708e-01 1.822694121530046008e-01 2.214947041855053755e-01 1.934091681968443110e-01 3.208407908938802344e-01
1.661967918408699989e+09 2.223997935652732849e-02 -1.008053570985794067e-01 1.062737464904785156e+00 -5.462647080421447754e-01 6.998683810234069824e-01 3.676469624042510986e-01 2.767937183380126953e-01 3.568249784461678398e-01 -7.616196088944979237e-02 -5.826890246165346010e-01 1.822680505210718394e-01 2.214930495235486740e-01 1.934077233460814726e-01 3.208383940733656736e-01
1.661967918440613270e+09 2.429425530135631561e-02 -9.137969464063644409e-02 1.056558370590209961e+00 -5.407144427299499512e-01 7.059766650199890137e-01 3.681280910968780518e-01 2.714894711971282959e-01 3.589788734319099839e-01 -7.616594383897813680e-02 -5.827194967964712813e-01 1.822775823718469079e-01 2.215046326764357754e-01 1.934178377547893790e-01 3.208551725690290124e-01
1.661967918472527504e+09 2.640889957547187805e-02 -8.201394975185394287e-02 1.050184607505798340e+00 -5.350569486618041992e-01 7.120572328567504883e-01 3.685361742973327637e-01 2.662135958671569824e-01 3.611079902880972026e-01 -7.616366781681063736e-02 -5.827020837319761837e-01 1.822721354779034131e-01 2.214980135835858399e-01 1.934120579631386228e-01 3.208455846423434177e-01
1.661967918502447844e+09 2.858340926468372345e-02 -7.271223515272140503e-02 1.043616533279418945e+00 -5.292928218841552734e-01 7.181081175804138184e-01 3.688711524009704590e-01 2.609674036502838135e-01 3.874511336274980011e-01 -8.123922265128202813e-02 -6.215334118825043275e-01 1.944187697581746532e-01 2.362586645067273616e-01 2.063010578495524106e-01 3.422267681505622439e-01
1.661967918533365011e+09 3.081724420189857483e-02 -6.347864121198654175e-02 1.036854267120361328e+00 -5.234224796295166016e-01 7.241274118423461914e-01 3.691329360008239746e-01 2.557521760463714600e-01 3.771671461041809503e-01 -7.861991614965437025e-02 -6.014939967626613537e-01 1.881503401616428373e-01 2.286412374091717215e-01 1.996495207658285087e-01 3.311927285623770256e-01
1.661967918564282656e+09 3.310982510447502136e-02 -5.431728810071945190e-02 1.029898166656494141e+00 -5.174468159675598145e-01 7.301132082939147949e-01 3.693217039108276367e-01 2.505692243576049805e-01 3.793684702387627450e-01 -7.861870360911363265e-02 -6.014847200311145281e-01 1.881474383534693373e-01 2.286377111173194532e-01 1.996464416079042903e-01 3.311876206376934140e-01
1.661967918595707417e+09 3.546052426099777222e-02 -4.523228481411933899e-02 1.022748708724975586e+00 -5.113662481307983398e-01 7.360637187957763672e-01 3.694373071193695068e-01 2.454198449850082397e-01 3.754162211871094890e-01 -7.734999618089283269e-02 -5.917782749075898296e-01 1.851112136170949274e-01 2.249480755834121215e-01 1.964246519845952721e-01 3.258430884189110754e-01
1.661967918627622128e+09 3.786867856979370117e-02 -3.622775152325630188e-02 1.015406131744384766e+00 -5.051814913749694824e-01 7.419769167900085449e-01 3.694798648357391357e-01 2.403052002191543579e-01 3.717933044476045557e-01 -7.616252985673567510e-02 -5.826933775899741930e-01 1.822694121530046008e-01 2.214947041855053755e-01 1.934091681968460319e-01 3.208407908938802344e-01
1.661967918658539057e+09 4.033358022570610046e-02 -2.730780281126499176e-02 1.007871150970458984e+00 -4.988932907581329346e-01 7.478509545326232910e-01 3.694494664669036865e-01 2.352266460657119751e-01 3.859977820201647702e-01 -7.862052243395131756e-02 -6.014986352357494237e-01 1.881517910992958897e-01 2.286430005958877965e-01 1.996510603804093065e-01 3.311952825838041514e-01
1.661967918689965010e+09 4.285448044538497925e-02 -1.847655884921550751e-02 1.000144362449645996e+00 -4.925023019313812256e-01 7.536840438842773438e-01 3.693461418151855469e-01 2.301854491233825684e-01 3.819150492602817470e-01 -7.734706203340140085e-02 -5.917558267520972581e-01 1.851041917214262533e-01 2.249395425405640858e-01 1.964172009318684298e-01 3.258307280862969835e-01
1.661967918721878290e+09 4.543058574199676514e-02 -9.738133288919925690e-03 9.922264814376831055e-01 -4.860093295574188232e-01 7.594742774963378906e-01 3.691700994968414307e-01 2.251828014850616455e-01 3.782180828162508557e-01 -7.616594383897813680e-02 -5.827194967964712813e-01 1.822775823718469079e-01 2.215046326764349149e-01 1.934178377547893790e-01 3.208551725690272360e-01
1.661967918753792763e+09 4.806106537580490112e-02 -1.096635707654058933e-03 9.841181039810180664e-01 -4.794151782989501953e-01 7.652198076248168945e-01 3.689213097095489502e-01 2.202199846506118774e-01 3.803414657640180607e-01 -7.616309883252256330e-02 -5.826977306284588654e-01 1.822707738052816440e-01 2.214963588721845511e-01 1.934106130691965186e-01 3.208431877502058716e-01
1.661967918785216570e+09 5.074504390358924866e-02 7.443829439580440521e-03 9.758202433586120605e-01 -4.727207124233245850e-01 7.709187865257263184e-01 3.686000704765319824e-01 2.152982354164123535e-01 3.884463930313678537e-01 -7.735234365917283139e-02 -5.917962346582716915e-01 1.851168315172206369e-01 2.249549024838335964e-01 1.964306132338131672e-01 3.258529773602251711e-01
1.661967918817130327e+09 5.348161235451698303e-02 1.587916538119316101e-02 9.673337340354919434e-01 -4.659268558025360107e-01 7.765694856643676758e-01 3.682064414024353027e-01 2.104188352823257446e-01 3.846162121372219134e-01 -7.616480581089109247e-02 -5.827107901341357366e-01 1.822748588841829609e-01 2.215013230805623345e-01 1.934149478157856927e-01 3.208503785340575121e-01
1.661967918847050190e+09 5.626980587840080261e-02 2.420528605580329895e-02 9.586595892906188965e-01 -4.590344727039337158e-01 7.821698784828186035e-01 3.677407503128051758e-01 2.055829763412475586e-01 4.125210263911962549e-01 -8.124051737246364147e-02 -6.215433173499308461e-01 1.944218682380785823e-01 2.362624297950613461e-01 2.063043456991989766e-01 3.422322222678141901e-01
1.661967918878471613e+09 5.910863354802131653e-02 3.241811320185661316e-02 9.497988820075988770e-01 -4.520445168018341064e-01 7.877184152603149414e-01 3.672030866146087646e-01 2.007918804883956909e-01 3.949707865032873744e-01 -7.735821297829623133e-02 -5.918411388045835553e-01 1.851308777594918853e-01 2.249719715479186755e-01 1.964455179399927087e-01 3.258777023397240735e-01
1.661967918909389019e+09 6.199705600738525391e-02 4.051358997821807861e-02 9.407527446746826172e-01 -4.449579417705535889e-01 7.932131886482238770e-01 3.665937185287475586e-01 1.960467994213104248e-01 4.036067773810210202e-01 -7.861930987470899801e-02 -6.014893583611121697e-01 1.881488892463674956e-01 2.286394742496482280e-01 1.996479811749930777e-01 3.311901745803404462e-01
1.661967918940306664e+09 6.493399292230606079e-02 4.848766326904296875e-02 9.315224289894104004e-01 -4.377758204936981201e-01 7.986524105072021484e-01 3.659129142761230469e-01 1.913488805294036865e-01 4.057980876206251364e-01 -7.861870360911363265e-02 -6.014847200311145281e-01 1.881474383534693373e-01 2.286377111173194532e-01 1.996464416079042903e-01 3.311876206376934140e-01
1.661967918971224070e+09 6.791832298040390015e-02 5.633630603551864624e-02 9.221091866493225098e-01 -4.304991960525512695e-01 8.040343523025512695e-01 3.651609122753143311e-01 1.866993606090545654e-01 4.079947994896132579e-01 -7.861930987470854004e-02 -6.014893583611193861e-01 1.881488892463674956e-01 2.286394742496482280e-01 1.996479811749930777e-01 3.311901745803404462e-01
1.661967919001144648e+09 7.094889134168624878e-02 6.405550241470336914e-02 9.125143885612487793e-01 -4.231291413307189941e-01 8.093573451042175293e-01 3.643380701541900635e-01 1.820994019508361816e-01 4.238519743514826965e-01 -8.123857530616623857e-02 -6.215284592671868058e-01 1.944172205552463506e-01 2.362567819075648001e-01 2.062994139640292324e-01 3.422240411571269569e-01
1.661967919033061266e+09 7.402449846267700195e-02 7.164125889539718628e-02 9.027395844459533691e-01 -4.156668484210968018e-01 8.146196007728576660e-01 3.634446263313293457e-01 1.775502562522888184e-01 3.994628757372759575e-01 -7.615797835645994607e-02 -5.826585556234116225e-01 1.822585196671437369e-01 2.214814675820341860e-01 1.933976099951413286e-01 3.208216173324081044e-01
1.661967919063976765e+09 7.714390754699707031e-02 7.908961176872253418e-02 8.927862644195556641e-01 -4.081133008003234863e-01 8.198193311691284180e-01 3.624809682369232178e-01 1.730529963970184326e-01 4.145839253441477856e-01 -7.862416033610683530e-02 -6.015264675766364144e-01 1.881604971951753857e-01 2.286535802872833867e-01 1.996602985665777985e-01 3.312106075396186178e-01
1.661967919095891237e+09 8.030583709478378296e-02 8.639660477638244629e-02 8.826559782028198242e-01 -4.004698097705841064e-01 8.249549865722656250e-01 3.614474534988403320e-01 1.686088889837265015e-01 4.037224607681061395e-01 -7.616309883252256330e-02 -5.826977306284588654e-01 1.822707738052886106e-01 2.214963588721845511e-01 1.934106130691982672e-01 3.208431877502040952e-01
1.661967919127806664e+09 8.350897580385208130e-02 9.355832636356353760e-02 8.723504543304443359e-01 -3.927375972270965576e-01 8.300248384475708008e-01 3.603443503379821777e-01 1.642189919948577881e-01 4.058224055719165668e-01 -7.616082298038022447e-02 -5.826803188647643461e-01 1.822653273182372746e-01 2.214897402737987242e-01 1.934048337093116077e-01 3.208336005397668389e-01
1.661967919158724070e+09 8.675196021795272827e-02 1.005708724260330200e-01 8.618715405464172363e-01 -3.849178850650787354e-01 8.350272774696350098e-01 3.591722249984741211e-01 1.598844528198242188e-01 4.210971415237105830e-01 -7.861930987470899801e-02 -6.014893583611264916e-01 1.881488892463674956e-01 2.286394742496491439e-01 1.996479811749948818e-01 3.311901745803404462e-01
1.661967919189641237e+09 9.003340452909469604e-02 1.074303910136222839e-01 8.512209057807922363e-01 -3.770119547843933105e-01 8.399606347084045410e-01 3.579313158988952637e-01 1.556064635515213013e-01 4.232766673009168423e-01 -7.861991614965437025e-02 -6.014939967626541373e-01 1.881503401616428373e-01 2.286412374091717215e-01 1.996495207658285087e-01 3.311927285623770256e-01
1.661967919221556664e+09 9.335187822580337524e-02 1.141330450773239136e-01 8.404006361961364746e-01 -3.690211474895477295e-01 8.448232412338256836e-01 3.566221594810485840e-01 1.513861119747161865e-01 4.121379211722263070e-01 -7.616082298038022447e-02 -5.826803188647712295e-01 1.822653273182372746e-01 2.214897402738004450e-01 1.934048337093116077e-01 3.208336005397668389e-01
1.661967919252473593e+09 9.670592099428176880e-02 1.206750273704528809e-01 8.294125795364379883e-01 -3.609467148780822754e-01 8.496134877204895020e-01 3.552452325820922852e-01 1.472245007753372192e-01 4.276171714489607201e-01 -7.862052243395087348e-02 -6.014986352357422073e-01 1.881517910992958897e-01 2.286430005958859923e-01 1.996510603804111106e-01 3.311952825838041514e-01
1.661967919283390760e+09 1.000940203666687012e-01 1.270525753498077393e-01 8.182589411735534668e-01 -3.527901470661163330e-01 8.543300628662109375e-01 3.538008630275726318e-01 1.431227326393127441e-01 4.297753672216389487e-01 -7.861991614965481434e-02 -6.014939967626613537e-01 1.881503401616428373e-01 2.286412374091717215e-01 1.996495207658285087e-01 3.311927285623770256e-01
1.661967919314307690e+09 1.035146340727806091e-01 1.332619637250900269e-01 8.069418072700500488e-01 -3.445527851581573486e-01 8.589711785316467285e-01 3.522897362709045410e-01 1.390819102525711060e-01 4.319380672138131150e-01 -7.862052243395131756e-02 -6.014986352357422073e-01 1.881517910992958897e-01 2.286430005958877965e-01 1.996510603804093065e-01 3.311952825838041514e-01
1.661967919345224857e+09 1.069661974906921387e-01 1.392994970083236694e-01 7.954633831977844238e-01 -3.362361192703247070e-01 8.635354042053222656e-01 3.507122397422790527e-01 1.351030766963958740e-01 4.340906634697829225e-01 -7.861991614965481434e-02 -6.014939967626613537e-01 1.881503401616428373e-01 2.286412374091717215e-01 1.996495207658303128e-01 3.311927285623770256e-01
1.661967919377139568e+09 1.104470938444137573e-01 1.451615244150161743e-01 7.838259935379028320e-01 -3.278415799140930176e-01 8.680211305618286133e-01 3.490688502788543701e-01 1.311873048543930054e-01 4.226063219404748716e-01 -7.616252985673524489e-02 -5.826933775899810763e-01 1.822694121530046008e-01 2.214947041855053755e-01 1.934091681968443110e-01 3.208407908938784581e-01
1.661967919408056498e+09 1.139556840062141418e-01 1.508444398641586304e-01 7.720320224761962891e-01 -3.193706274032592773e-01 8.724270462989807129e-01 3.473602235317230225e-01 1.273356378078460693e-01 4.383917242610700371e-01 -7.862052243395131756e-02 -6.014986352357351018e-01 1.881517910992958897e-01 2.286430005958877965e-01 1.996510603804102224e-01 3.311952825838041514e-01
1.661967919438973904e+09 1.174902915954589844e-01 1.563446670770645142e-01 7.600839138031005859e-01 -3.108248412609100342e-01 8.767514824867248535e-01 3.455869257450103760e-01 1.235491335391998291e-01 4.405271834775007500e-01 -7.861930987470899801e-02 -6.014893583611193861e-01 1.881488892463674956e-01 2.286394742496473398e-01 1.996479811749939937e-01 3.311901745803404462e-01
1.661967919469892025e+09 1.210491955280303955e-01 1.616586893796920776e-01 7.479841709136962891e-01 -3.022057116031646729e-01 8.809932470321655273e-01 3.437494337558746338e-01 1.198287531733512878e-01 4.426551683875626919e-01 -7.861749110597300583e-02 -6.014754435857100345e-01 1.881445366348025727e-01 2.286341849342362065e-01 1.996433625449535731e-01 3.311825128705644938e-01
1.661967919500809431e+09 1.246306672692298889e-01 1.667830348014831543e-01 7.357354164123535156e-01 -2.935148775577545166e-01 8.851508498191833496e-01 3.418484330177307129e-01 1.161755695939064026e-01 4.447983856374748135e-01 -7.861930987470899801e-02 -6.014893583611193861e-01 1.881488892463674956e-01 2.286394742496491439e-01 1.996479811749939937e-01 3.311901745803404462e-01
1.661967919531728268e+09 1.246306672692298889e-01 1.667830348014831543e-01 7.357354164123535156e-01 -2.935148775577545166e-01 8.851508498191833496e-01 3.418484330177307129e-01 1.161755695939064026e-01 0.000000000000000000e+00 0.000000000000000000e+00 0.000000000000000000e+00 0.000000000000000000e+00 0.000000000000000000e+00 0.000000000000000000e+00 0.000000000000000000e+00
1.661967919562644720e+09 1.474062949419021606e-01 1.727146953344345093e-01 7.454043626785278320e-01 -2.810011506080627441e-01 8.868306875228881836e-01 3.470062017440795898e-01 1.189811974763870239e-01 8.229955306348197830e-01 -6.162693032170585283e-01 -1.602586407992251730e-02 5.152019382852436324e-01 2.647691856731547722e-01 -1.300154135116317611e-01 5.218987780165589008e-02
1.661967919594559193e+09 1.704197824001312256e-01 1.780582964420318604e-01 7.551993727684020996e-01 -2.685198187828063965e-01 8.882820606231689453e-01 3.521510958671569824e-01 1.218270212411880493e-01 8.013827934492607774e-01 -5.969975074971863860e-01 -1.552470788543013590e-02 4.990906920211744535e-01 2.564894001433954407e-01 -1.259496090385699985e-01 5.055781101139698863e-02
1.661967919626473904e+09 1.936540454626083374e-01 1.828056275844573975e-01 7.651183605194091797e-01 -2.560757398605346680e-01 8.895061016082763672e-01 3.572823405265808105e-01 1.247135400772094727e-01 8.054324680582782836e-01 -5.969930476323453972e-01 -1.552459190823093221e-02 4.990869635683798378e-01 2.564874840414985702e-01 -1.259486681330780344e-01 5.055743331969313886e-02
1.661967919657390594e+09 2.170916646718978882e-01 1.869490742683410645e-01 7.751594185829162598e-01 -2.436738908290863037e-01 8.905040621757507324e-01 3.623993098735809326e-01 1.276413649320602417e-01 8.355487370010151738e-01 -6.162645507662735112e-01 -1.602574049412983787e-02 5.151979652302111079e-01 2.647671438668892652e-01 -1.300144108787724684e-01 5.218947533178681930e-02
1.661967919688308477e+09 2.407150119543075562e-01 1.904814988374710083e-01 7.853204011917114258e-01 -2.313190996646881104e-01 8.912771940231323242e-01 3.675013184547424316e-01 1.306110322475433350e-01 8.395591213850508439e-01 -6.162407896117788608e-01 -1.602512259375683465e-02 5.151781008741769252e-01 2.647569353079141652e-01 -1.300093979464201910e-01 5.218746307555263003e-02
1.661967919720223188e+09 2.645061612129211426e-01 1.933963298797607422e-01 7.955993413925170898e-01 -2.190161496400833130e-01 8.918269872665405273e-01 3.725875616073608398e-01 1.336230933666229248e-01 8.171811538435508337e-01 -5.969930476323445090e-01 -1.552459190823093221e-02 4.990869635683798378e-01 2.564874840414985702e-01 -1.259486681330788949e-01 5.055743331969313886e-02
1.661967919752137899e+09 2.884469926357269287e-01 1.956875324249267578e-01 8.059941530227661133e-01 -2.067698836326599121e-01 8.921549320220947266e-01 3.776574134826660156e-01 1.366780847311019897e-01 8.209530558654197785e-01 -5.969930476323462853e-01 -1.552459190823093221e-02 4.990869635683728434e-01 2.564874840414985702e-01 -1.259486681330780344e-01 5.055743331969662219e-02
1.661967919783561707e+09 3.125191926956176758e-01 1.973496377468109131e-01 8.165026307106018066e-01 -1.945850402116775513e-01 8.922624588012695312e-01 3.827100992202758789e-01 1.397764980792999268e-01 8.375326143620938080e-01 -6.063192946644249126e-01 -1.576711764581294889e-02 5.068837182059497959e-01 2.604943408152821105e-01 -1.279162427924964429e-01 5.134724337580234138e-02
1.661967919815476656e+09 3.367041647434234619e-01 1.983777284622192383e-01 8.271226882934570312e-01 -1.824662834405899048e-01 8.921515345573425293e-01 3.877446055412292480e-01 1.429188698530197144e-01 8.282633580351843605e-01 -5.969885878341386620e-01 -1.552447593276452820e-02 4.990832351712776171e-01 2.564855679682265244e-01 -1.259477272416466287e-01 5.055705563363581401e-02
1.661967919847390175e+09 3.609832525253295898e-01 1.987674832344055176e-01 8.378520607948303223e-01 -1.704183518886566162e-01 8.918239474296569824e-01 3.927604854106903076e-01 1.461057662963867188e-01 8.318431515544033594e-01 -5.970153476229176359e-01 -1.552517181155573314e-02 4.991056063894760975e-01 2.564970648372866258e-01 -1.259533728011193177e-01 5.055932183463142382e-02
1.661967919877310276e+09 3.853375613689422607e-01 1.985151469707489014e-01 8.486886024475097656e-01 -1.584457904100418091e-01 8.912816643714904785e-01 3.977566361427307129e-01 1.493375897407531738e-01 8.909589462926815751e-01 -6.367913155693967209e-01 -1.655953171335516200e-02 5.323583672786140752e-01 2.735861046248824757e-01 -1.343449783758093874e-01 5.392782144305005576e-02
1.661967919907230139e+09 3.853375613689422607e-01 1.985151469707489014e-01 8.486886024475097656e-01 -1.584457904100418091e-01 8.912816643714904785e-01 3.977566361427307129e-01 1.493375897407531738e-01 0.000000000000000000e+00 0.000000000000000000e+00 0.000000000000000000e+00 0.000000000000000000e+00 -1.855327736637658012e-15 -1.855327736637658012e-15 0.000000000000000000e+00
1.661967919937150240e+09 3.851890861988067627e-01 2.057400047779083252e-01 8.486932516098022461e-01 -1.663416326045989990e-01 8.871686458587646484e-01 4.000018835067749023e-01 1.589362472295761108e-01 2.415227384629862750e-01 1.120825625018565114e-01 -2.636366690599738494e-01 2.736175883222473626e-01 -3.837769204465465989e-01 5.131555335881670121e-01 -3.033978093087605354e-01
1.661967919968068123e+09 3.849321603775024414e-01 2.129575908184051514e-01 8.487203717231750488e-01 -1.742221415042877197e-01 8.828820586204528809e-01 4.022134244441986084e-01 1.684941351413726807e-01 2.335932395661415861e-01 1.084654346394385294e-01 -2.551285878747704960e-01 2.647874029635647330e-01 -3.713916737059887452e-01 4.965949809307090845e-01 -2.936065568163938044e-01
1.661967919998985291e+09 3.845654129981994629e-01 2.201662808656692505e-01 8.487687110900878906e-01 -1.820842325687408447e-01 8.784222006797790527e-01 4.043914079666137695e-01 1.780097037553787231e-01 2.334681892935019654e-01 1.084679439418857888e-01 -2.551344901678981314e-01 2.647935287093308165e-01 -3.714002656969558891e-01 4.966064694478003472e-01 -2.936133492812308954e-01
1.661967920028905392e+09 3.840875029563903809e-01 2.273644357919692993e-01 8.488370776176452637e-01 -1.899247318506240845e-01 8.737894892692565918e-01 4.065357446670532227e-01 1.874813884496688843e-01 2.411197216315009162e-01 1.120825625018565114e-01 -2.636366690599738494e-01 2.736175883222473626e-01 -3.837769204465465989e-01 5.131555335881670121e-01 -3.033978093087587036e-01
1.661967920059823990e+09 3.834971189498901367e-01 2.345503717660903931e-01 8.489242196083068848e-01 -1.977405697107315063e-01 8.689844608306884766e-01 4.086465835571289062e-01 1.969076842069625854e-01 2.332147850759005436e-01 1.084629254530910109e-01 -2.551226858547315235e-01 2.647812775012115538e-01 -3.713830821125438941e-01 4.965834929451537483e-01 -2.935997646658238258e-01
1.661967920091739416e+09 3.827930986881256104e-01 2.417223602533340454e-01 8.490288257598876953e-01 -2.055286318063735962e-01 8.640077114105224609e-01 4.107240140438079834e-01 2.062870711088180542e-01 2.258224267826121345e-01 1.050752567819933925e-01 -2.471543305245768318e-01 2.565112512711661408e-01 -3.597835163900324762e-01 4.810734895535990208e-01 -2.844296383720174015e-01
1.661967920122655630e+09 3.819742202758789062e-01 2.488786727190017700e-01 8.491497039794921875e-01 -2.132858932018280029e-01 8.588599562644958496e-01 4.127681851387023926e-01 2.156180888414382935e-01 2.330177094325773246e-01 1.084712898590904917e-01 -2.551423603169017951e-01 2.648016968112785752e-01 -3.714117223033380211e-01 4.966217882975000331e-01 -2.936224063899155468e-01
1.661967920153573990e+09 3.810394406318664551e-01 2.560175061225891113e-01 8.492853641510009766e-01 -2.210091948509216309e-01 8.535417318344116211e-01 4.147792160511016846e-01 2.248991876840591431e-01 2.329053898761577202e-01 1.084637618356409094e-01 -2.551246531643984738e-01 2.647833192904988642e-01 -3.713859459328576751e-01 4.965873222146145460e-01 -2.936020286810954172e-01
1.661967920185487270e+09 3.799876868724822998e-01 2.631370723247528076e-01 8.494345545768737793e-01 -2.286954820156097412e-01 8.480539321899414062e-01 4.167571663856506348e-01 2.341288924217224121e-01 2.255606235701303197e-01 1.050823217730361553e-01 -2.471709485485107660e-01 2.565284984304698757e-01 -3.598077073118391422e-01 4.811058357024327048e-01 -2.844487626921374246e-01
1.661967920217401505e+09 3.788179755210876465e-01 2.702355384826660156e-01 8.495959043502807617e-01 -2.363417446613311768e-01 8.423973321914672852e-01 4.187022447586059570e-01 2.433057427406311035e-01 2.254794654864063774e-01 1.050791816597288347e-01 -2.471635624842173085e-01 2.565208327400089194e-01 -3.597969553894344585e-01 4.810914590992914630e-01 -2.844402626768152142e-01
1.661967920249315977e+09 3.775294125080108643e-01 2.773110568523406982e-01 8.497679233551025391e-01 -2.439449429512023926e-01 8.365728259086608887e-01 4.206147193908691406e-01 2.524283230304718018e-01 2.254134697616285987e-01 1.050783966607232167e-01 -2.471617160371163691e-01 2.565189163889773361e-01 -3.597942675092367093e-01 4.810878650827619119e-01 -2.844381377523615417e-01
1.661967920281231403e+09 3.761211335659027100e-01 2.843617498874664307e-01 8.499491810798645020e-01 -2.515019774436950684e-01 8.305814266204833984e-01 4.224945604801177979e-01 2.614950835704803467e-01 2.253532230410479620e-01 1.050752567819933925e-01 -2.471543305245837985e-01 2.565112512711661408e-01 -3.597835163900324762e-01 4.810734895535990208e-01 -2.844296383720174015e-01
1.661967920312655449e+09 3.745923340320587158e-01 2.913857102394104004e-01 8.501383066177368164e-01 -2.590098977088928223e-01 8.244240283966064453e-01 4.243420362472534180e-01 2.705045640468597412e-01 2.288342564731257467e-01 1.067183282393892457e-01 -2.510191055296001617e-01 2.605223413067417892e-01 -3.654094843364965595e-01 4.885960799692981027e-01 -2.888772907952317226e-01
1.661967920344570160e+09 3.729422986507415771e-01 2.983810007572174072e-01 8.503337502479553223e-01 -2.664657235145568848e-01 8.181018233299255371e-01 4.261574447154998779e-01 2.794555425643920898e-01 2.252853505909633014e-01 1.050776116734479931e-01 -2.471598696176031673e-01 2.565170000665778494e-01 -3.597915796691950607e-01 4.810842711199269650e-01 -2.844360128596528647e-01
1.661967920376485586e+09 3.711704015731811523e-01 3.053457140922546387e-01 8.505340814590454102e-01 -2.738664448261260986e-01 8.116158246994018555e-01 4.279408752918243408e-01 2.883463799953460693e-01 2.252630422972129176e-01 1.050752567819933925e-01 -2.471543305245837985e-01 2.565112512711661408e-01 -3.597835163900324762e-01 4.810734895535972999e-01 -2.844296383720174015e-01
1.661967920407917500e+09 3.692760169506072998e-01 3.122778832912445068e-01 8.507376909255981445e-01 -2.812090218067169189e-01 8.049672245979309082e-01 4.296926259994506836e-01 2.971757054328918457e-01 2.287241089420662399e-01 1.066916152661128020e-01 -2.509562722115702416e-01 2.604571292062966004e-01 -3.653180176320318107e-01 4.884737780719340394e-01 -2.888049810853973720e-01
1.661967920439830780e+09 3.672586679458618164e-01 3.191754817962646484e-01 8.509430885314941406e-01 -2.884907424449920654e-01 7.981574535369873047e-01 4.314129054546356201e-01 3.059422075748443604e-01 2.252820383172453311e-01 1.050823217730344206e-01 -2.471709485485107660e-01 2.565284984304629368e-01 -3.598077073118365332e-01 4.811058357024309284e-01 -2.844487626921357037e-01
1.661967920471745491e+09 3.651178777217864990e-01 3.260365724563598633e-01 8.511487841606140137e-01 -2.957085371017456055e-01 7.911877036094665527e-01 4.331020414829254150e-01 3.146445751190185547e-01 2.252961453113158097e-01 1.050776116734497417e-01 -2.471598696176031673e-01 2.565170000665778494e-01 -3.597915796691985579e-01 4.810842711199269650e-01 -2.844360128596545856e-01
1.661967920503165007e+09 3.628532588481903076e-01 3.328591287136077881e-01 8.513531684875488281e-01 -3.028595149517059326e-01 7.840592861175537109e-01 4.347601830959320068e-01 3.232812285423278809e-01 2.288861252788361722e-01 1.067337145049663538e-01 -2.510552965633834344e-01 2.605599024829615140e-01 -3.654621677645744637e-01 4.886665239986449083e-01 -2.889189400863019785e-01
1.661967920535079479e+09 3.604645431041717529e-01 3.396411538124084473e-01 8.515546917915344238e-01 -3.099408447742462158e-01 7.767737507820129395e-01 4.363877475261688232e-01 3.318510353565216064e-01 2.253905879574043813e-01 1.050783966607232167e-01 -2.471617160371233357e-01 2.565189163889773361e-01 -3.597942675092367093e-01 4.810878650827619119e-01 -2.844381377523615417e-01
1.661967920566994190e+09 3.579514324665069580e-01 3.463805913925170898e-01 8.517517447471618652e-01 -3.169496357440948486e-01 7.693324685096740723e-01 4.379848241806030273e-01 3.403524160385131836e-01 2.254588826631734322e-01 1.050776116734479931e-01 -2.471598696175962007e-01 2.565170000665709105e-01 -3.597915796691967816e-01 4.810842711199252442e-01 -2.844360128596528647e-01
1.661967920597422600e+09 3.553138375282287598e-01 3.530753850936889648e-01 8.519426584243774414e-01 -3.238831758499145508e-01 7.617371082305908203e-01 4.395518302917480469e-01 3.487842381000518799e-01 2.365607591477305593e-01 1.102102165593843025e-01 -2.592326026594368726e-01 2.690467900655987843e-01 -3.773659039264641857e-01 5.045832395602262155e-01 -2.983295306708144690e-01
1.661967920629336834e+09 3.525516092777252197e-01 3.597235381603240967e-01 8.521259427070617676e-01 -3.307386636734008789e-01 7.539892196655273438e-01 4.410891830921173096e-01 3.571451604366302490e-01 2.256513036311161013e-01 1.050791816597288347e-01 -2.471635624842173085e-01 2.565208327400089194e-01 -3.597969553894344585e-01 4.810914590992949602e-01 -2.844402626768152142e-01
1.661967920661251307e+09 3.496647477149963379e-01 3.663229942321777344e-01 8.522999286651611328e-01 -3.375131785869598389e-01 7.460904121398925781e-01 4.425970017910003662e-01 3.654338419437408447e-01 2.257705957595362301e-01 1.050783966607240771e-01 -2.471617160371163691e-01 2.565189163889773361e-01 -3.597942675092349885e-01 4.810878650827601355e-01 -2.844381377523615417e-01
1.661967920693165541e+09 3.466533124446868896e-01 3.728716671466827393e-01 8.524630069732666016e-01 -3.442041277885437012e-01 7.380424141883850098e-01 4.440757632255554199e-01 3.736490309238433838e-01 2.259100784413680951e-01 1.050791816597279604e-01 -2.471635624842173085e-01 2.565208327400089194e-01 -3.597969553894326822e-01 4.810914590992932394e-01 -2.844402626768152142e-01
1.661967920724083185e+09 3.435173928737640381e-01 3.793675005435943604e-01 8.526135087013244629e-01 -3.508088886737823486e-01 7.298471331596374512e-01 4.455257654190063477e-01 3.817894458770751953e-01 2.333535281433360975e-01 1.084662710606886377e-01 -2.551305552754696837e-01 2.647894448473232520e-01 -3.713945376588080882e-01 4.965988103773456008e-01 -2.936088209364222656e-01
1.661967920755000353e+09 3.402572274208068848e-01 3.858084678649902344e-01 8.527498245239257812e-01 -3.573246598243713379e-01 7.215061783790588379e-01 4.469473361968994141e-01 3.898538947105407715e-01 2.335382350510165628e-01 1.084679439418848867e-01 -2.551344901678981314e-01 2.647935287093379775e-01 -3.714002656969585536e-01 4.966064694478039554e-01 -2.936133492812327273e-01
1.661967920786915064e+09 3.368730843067169189e-01 3.921924829483032227e-01 8.528702855110168457e-01 -3.637487888336181641e-01 7.130215764045715332e-01 4.483408629894256592e-01 3.978410661220550537e-01 2.264322399155986598e-01 1.050776116734488674e-01 -2.471598696176031673e-01 2.565170000665778494e-01 -3.597915796691985579e-01 4.810842711199269650e-01 -2.844360128596545856e-01
1.661967920816835880e+09 3.333653211593627930e-01 3.985174894332885742e-01 8.529733419418334961e-01 -3.700788319110870361e-01 7.043952345848083496e-01 4.497067630290985107e-01 4.057497978210449219e-01 2.417483161088493648e-01 1.120798831733665485e-01 -2.636303668375527542e-01 2.736110475064114089e-01 -3.837677462769532588e-01 5.131432666287895072e-01 -3.033905565981128150e-01
1.661967920847752094e+09 3.297343254089355469e-01 4.047814607620239258e-01 8.530572056770324707e-01 -3.763120174407958984e-01 6.956291198730468750e-01 4.510453939437866211e-01 4.135788381099700928e-01 2.342056737882896866e-01 1.084712898590895896e-01 -2.551423603168946341e-01 2.648016968112785752e-01 -3.714117223033416293e-01 4.966217882975000331e-01 -2.936224063899155468e-01
1.661967920877672672e+09 3.259806036949157715e-01 4.109822809696197510e-01 8.531203269958496094e-01 -3.824460506439208984e-01 6.867251992225646973e-01 4.523572027683258057e-01 4.213270843029022217e-01 2.422668501708636346e-01 1.120807762686290010e-01 -2.636324675448845078e-01 2.736132277436028604e-01 -3.837708042847475798e-01 5.131473555500837280e-01 -3.033929741297989313e-01
1.661967920908591032e+09 3.221047520637512207e-01 4.171179831027984619e-01 8.531610369682312012e-01 -3.884782791137695312e-01 6.776857376098632812e-01 4.536425173282623291e-01 4.289932548999786377e-01 2.347297829529516877e-01 1.084637618356426997e-01 -2.551246531643984738e-01 2.647833192905060251e-01 -3.713859459328567869e-01 4.965873222146136023e-01 -2.936020286810963054e-01
1.661967920939507246e+09 3.181073665618896484e-01 4.231865108013153076e-01 8.531777262687683105e-01 -3.944062292575836182e-01 6.685127019882202148e-01 4.549017548561096191e-01 4.365762770175933838e-01 2.350482201312942276e-01 1.084712898590895896e-01 -2.551423603168946341e-01 2.648016968112785752e-01 -3.714117223033416293e-01 4.966217882975000331e-01 -2.936224063899164904e-01
1.661967920970424652e+09 3.139891922473907471e-01 4.291858375072479248e-01 8.531687259674072266e-01 -4.002276062965393066e-01 6.592083573341369629e-01 4.561354517936706543e-01 4.440750777721405029e-01 2.353615502272878302e-01 1.084671074948361374e-01 -2.551325227065120438e-01 2.647914867625879021e-01 -3.713974016557970992e-01 4.966026398830434285e-01 -2.936110850913674075e-01
1.661967921000344515e+09 3.097510337829589844e-01 4.351139366626739502e-01 8.531324267387390137e-01 -4.059399366378784180e-01 6.497749090194702148e-01 4.573439657688140869e-01 4.514884352684020996e-01 2.435627261466446758e-01 1.120834556398204035e-01 -2.636387698677405411e-01 2.736197686636873128e-01 -3.837799786005507419e-01 5.131596227049590730e-01 -3.034002269560323040e-01
1.661967921031261921e+09 3.053937256336212158e-01 4.409688413143157959e-01 8.530671596527099609e-01 -4.115409851074218750e-01 6.402146816253662109e-01 4.585277736186981201e-01 4.588153362274169922e-01 2.360693105236580103e-01 1.084671074948361374e-01 -2.551325227065120438e-01 2.647914867625807411e-01 -3.713974016557962110e-01 4.966026398830398758e-01 -2.936110850913664638e-01
1.661967921061182261e+09 3.009182214736938477e-01 4.467485249042510986e-01 8.529713749885559082e-01 -4.170283079147338867e-01 6.305299997329711914e-01 4.596872627735137939e-01 4.660544991493225098e-01 2.443335928241664734e-01 1.120816693781255396e-01 -2.636345682856912620e-01 2.736154080155552837e-01 -3.837738623412794148e-01 5.131514445365427113e-01 -3.033953917000148381e-01
1.661967921092100620e+09 2.963255345821380615e-01 4.524510800838470459e-01 8.528434038162231445e-01 -4.223998785018920898e-01 6.207231879234313965e-01 4.608230292797088623e-01 4.732052087783813477e-01 2.368538827359277232e-01 1.084637618356418115e-01 -2.551246531643984738e-01 2.647833192905060251e-01 -3.713859459328572310e-01 4.965873222146145460e-01 -2.936020286810954172e-01
1.661967921124015331e+09 2.916167080402374268e-01 4.580745398998260498e-01 8.526816368103027344e-01 -4.276532828807830811e-01 6.107966899871826172e-01 4.619355201721191406e-01 4.802661836147308350e-01 2.298746509445616648e-01 1.050776116734497417e-01 -2.471598696176031673e-01 2.565170000665778494e-01 -3.597915796691976698e-01 4.810842711199269650e-01 -2.844360128596545856e-01
1.661967921155930281e+09 2.867929339408874512e-01 4.636169970035552979e-01 8.524845838546752930e-01 -4.327864646911621094e-01 6.007530689239501953e-01 4.630251824855804443e-01 4.872364997863769531e-01 2.303080319702864864e-01 1.050768266979020399e-01 -2.471580232256770926e-01 2.565150837728099598e-01 -3.597888918693186167e-01 4.810806772107890095e-01 -2.844338879986936797e-01
1.661967921187845230e+09 2.818554043769836426e-01 4.690764844417572021e-01 8.522505760192871094e-01 -4.377972185611724854e-01 5.905947685241699219e-01 4.640924036502838135e-01 4.941150248050689697e-01 2.307626532123693008e-01 1.050768266979020399e-01 -2.471580232256770926e-01 2.565150837728030209e-01 -3.597888918693186167e-01 4.810806772107872331e-01 -2.844338879986954005e-01
1.661967921219760418e+09 2.768054008483886719e-01 4.744511842727661133e-01 8.519781231880187988e-01 -4.426836669445037842e-01 5.803242921829223633e-01 4.651379287242889404e-01 5.009008646011352539e-01 2.312373682340519432e-01 1.050760417340833447e-01 -2.471561768613375065e-01 2.565131675076729456e-01 -3.597862041095962193e-01 4.810770833553467685e-01 -2.844317631694823767e-01
1.661967921251674414e+09 2.716443240642547607e-01 4.797392189502716064e-01 8.516656160354614258e-01 -4.474435150623321533e-01 5.699442028999328613e-01 4.661620855331420898e-01 5.075931549072265625e-01 2.317412207166941462e-01 1.050799666704616275e-01 -2.471654089589065961e-01 2.565227491196733212e-01 -3.597996433097920277e-01 4.810950531695256105e-01 -2.844423876330206546e-01
1.661967921283588886e+09 2.663736045360565186e-01 4.849387705326080322e-01 8.513115644454956055e-01 -4.520748853683471680e-01 5.594572424888610840e-01 4.671653807163238525e-01 5.141908526420593262e-01 2.322529795127424856e-01 1.050783966607240771e-01 -2.471617160371198385e-01 2.565189163889773361e-01 -3.597942675092362652e-01 4.810878650827619119e-01 -2.844381377523606536e-01
1.661967921315503597e+09 2.609947025775909424e-01 4.900480508804321289e-01 8.509144783020019531e-01 -4.565761089324951172e-01 5.488661527633666992e-01 4.681485891342163086e-01 5.206929445266723633e-01 2.327871426488812845e-01 1.050776116734488674e-01 -2.471598696176031673e-01 2.565170000665709105e-01 -3.597915796691976698e-01 4.810842711199269650e-01 -2.844360128596537529e-01
1.661967921347418308e+09 2.555091977119445801e-01 4.950652420520782471e-01 8.504728078842163086e-01 -4.609450697898864746e-01 5.381736159324645996e-01 4.691120684146881104e-01 5.270985960960388184e-01 2.333411621506545630e-01 1.050776116734497417e-01 -2.471598696176031673e-01 2.565170000665778494e-01 -3.597915796691981138e-01 4.810842711199252442e-01 -2.844360128596537529e-01
