1.661967921489038944e+09 1.378528122206244648e-16 -2.367949187755584717e-01 1.128897309303283691e+00 -6.125128269195556641e-01 6.125135421752929688e-01 3.533097505569458008e-01 3.533093035221099854e-01 0.000000000000000000e+00 0.000000000000000000e+00 0.000000000000000000e+00 0.000000000000000000e+00 0.000000000000000000e+00 0.000000000000000000e+00 0.000000000000000000e+00
1.661967923838813782e+09 1.378528122206244648e-16 -2.367949187755584717e-01 1.128897309303283691e+00 -6.125128269195556641e-01 6.125135421752929688e-01 3.533097505569458008e-01 3.533093035221099854e-01 0.000000000000000000e+00 0.000000000000000000e+00 0.000000000000000000e+00 0.000000000000000000e+00 0.000000000000000000e+00 0.000000000000000000e+00 0.000000000000000000e+00
1.661967923865741253e+09 4.730864427983760834e-03 -2.245258688926696777e-01 1.127088546752929688e+00 -6.093015670776367188e-01 6.175366640090942383e-01 3.522196114063262939e-01 3.512000441551208496e-01 4.929303400680624669e-01 -2.353841617888610682e-01 -8.332981804015501259e-01 3.682895309467140166e-01 6.935395289006708597e-02 2.711791917307819211e-01 2.225970681407989926e-01
1.661967923897656679e+09 9.622710756957530975e-03 -2.122318446636199951e-01 1.124989509582519531e+00 -6.060355305671691895e-01 6.225497722625732422e-01 3.511207997798919678e-01 3.490944504737854004e-01 4.197651234918887697e-01 -1.985967593790500529e-01 -7.030647982706947907e-01 3.107307934543668271e-01 5.851485583999983808e-02 2.287975039589613124e-01 1.878081177768192167e-01
1.661967923928080797e+09 1.467629242688417435e-02 -1.999211311340332031e-01 1.122597813606262207e+00 -6.027148365974426270e-01 6.275521516799926758e-01 3.500131964683532715e-01 3.469926416873931885e-01 4.444112288150954271e-01 -2.083314369064443172e-01 -7.375271385094196441e-01 3.259619789055840933e-01 6.138309625814961784e-02 2.400125405339668117e-01 1.970139651899419919e-01
1.661967923959995031e+09 1.989217661321163177e-02 -1.876019984483718872e-01 1.119911313056945801e+00 -5.993396043777465820e-01 6.325430870056152344e-01 3.488965630531311035e-01 3.448948264122009277e-01 4.275495708155768737e-01 -1.986041775669573628e-01 -7.030910598612710727e-01 3.107424001866438412e-01 5.851704154633938920e-02 2.288060502357605608e-01 1.878151329764236599e-01
1.661967923990912437e+09 2.527074702084064484e-02 -1.752828657627105713e-01 1.116927981376647949e+00 -5.959097743034362793e-01 6.375219821929931641e-01 3.477708697319030762e-01 3.428012132644653320e-01 4.453536611743736384e-01 -2.050075032639369077e-01 -7.257598733076172648e-01 3.207612468223502433e-01 6.040372731718004345e-02 2.361831340365521392e-01 1.938706021110769007e-01
1.661967924021336555e+09 3.081219457089900970e-02 -1.629721671342849731e-01 1.113646030426025391e+00 -5.924255847930908203e-01 6.424880027770996094e-01 3.466359078884124756e-01 3.407119512557983398e-01 4.566640452691932972e-01 -2.083314369064443172e-01 -7.375271385094196441e-01 3.259619789055840933e-01 6.138309625814870885e-02 2.400125405339668117e-01 1.970139651899419919e-01
1.661967924053251028e+09 3.651652112603187561e-02 -1.506783813238143921e-01 1.110063791275024414e+00 -5.888870954513549805e-01 6.474406123161315918e-01 3.454915285110473633e-01 3.386271893978118896e-01 4.392416295368074541e-01 -1.986026938850398160e-01 -7.030858073862049640e-01 3.107400787708103906e-01 5.851660439200917496e-02 2.288043409293244179e-01 1.878137298945765088e-01
1.661967924084168673e+09 4.238354042172431946e-02 -1.384100615978240967e-01 1.106179833412170410e+00 -5.852942466735839844e-01 6.523789763450622559e-01 3.443375527858734131e-01 3.365471363067626953e-01 4.574344986800103485e-01 -2.050059223673852127e-01 -7.257542766769301545e-01 3.207587733014372056e-01 6.040326151937798482e-02 2.361813127319820904e-01 1.938691070957158091e-01
1.661967924114592552e+09 4.841287061572074890e-02 -1.261757761240005493e-01 1.101992607116699219e+00 -5.816473960876464844e-01 6.573024392127990723e-01 3.431739509105682373e-01 3.344719409942626953e-01 4.689594410893228593e-01 -2.083330695083933093e-01 -7.375329181856085103e-01 3.259645333264144518e-01 6.138357729050879924e-02 2.400144214068071213e-01 1.970155091018379601e-01
1.661967924145509958e+09 5.460393056273460388e-02 -1.139841750264167786e-01 1.097501039505004883e+00 -5.779466032981872559e-01 6.622102856636047363e-01 3.420003652572631836e-01 3.324017524719238281e-01 4.655082748914759483e-01 -2.050075032639377959e-01 -7.257598733076028319e-01 3.207612468223574043e-01 6.040372731717959243e-02 2.361831340365557197e-01 1.938706021110769007e-01
1.661967924176428080e+09 6.095595285296440125e-02 -1.018438711762428284e-01 1.092703938484191895e+00 -5.741919875144958496e-01 6.671019792556762695e-01 3.408168852329254150e-01 3.303367793560028076e-01 4.695349846290157170e-01 -2.050027606474209285e-01 -7.257430836745065728e-01 3.207538263740194462e-01 6.040232994532617611e-02 2.361776702071095857e-01 1.938661171341619360e-01
1.661967924208341837e+09 6.746796518564224243e-02 -8.976353704929351807e-02 1.087600708007812500e+00 -5.703836083412170410e-01 6.719766855239868164e-01 3.396232426166534424e-01 3.282771706581115723e-01 4.587942663151834410e-01 -1.986071449972930669e-01 -7.031015650468553924e-01 3.107470431223317564e-01 5.851791587459626021e-02 2.288094689252513081e-01 1.878179392030100980e-01
1.661967924240257025e+09 7.413881272077560425e-02 -7.775185257196426392e-02 1.082190394401550293e+00 -5.665218234062194824e-01 6.768337488174438477e-01 3.384193181991577148e-01 3.262230753898620605e-01 4.626823102915674224e-01 -1.985982429722973064e-01 -7.030700504318627697e-01 3.107331147314610909e-01 5.851529296820530412e-02 2.287992131632460013e-01 1.878095207748146367e-01
1.661967924272173166e+09 8.096712827682495117e-02 -6.581749767065048218e-02 1.076472401618957520e+00 -5.626066923141479492e-01 6.816724538803100586e-01 3.372049927711486816e-01 3.241746127605438232e-01 4.665751352398310181e-01 -1.985923087322969405e-01 -7.030490422580113474e-01 3.107238298312026137e-01 5.851354449456887263e-02 2.287923764993200215e-01 1.878039089085969116e-01
1.661967924304086924e+09 8.795135468244552612e-02 -5.396915972232818604e-02 1.070446610450744629e+00 -5.586384534835815430e-01 6.864920854568481445e-01 3.359800875186920166e-01 3.221320509910583496e-01 4.705101912086256943e-01 -1.986071449972913461e-01 -7.031015650468415146e-01 3.107470431223317564e-01 5.851791587459582306e-02 2.288094689252513081e-01 1.878179392030092099e-01
1.661967924336001396e+09 9.508974105119705200e-02 -4.221551865339279175e-02 1.064112544059753418e+00 -5.546172857284545898e-01 6.912920475006103516e-01 3.347445130348205566e-01 3.200954794883728027e-01 4.743985495833515920e-01 -1.986026938850406764e-01 -7.030858073862119584e-01 3.107400787708173850e-01 5.851660439200874475e-02 2.288043409293226693e-01 1.878137298945773970e-01
1.661967924367915869e+09 1.023803278803825378e-01 -3.056523948907852173e-02 1.057470202445983887e+00 -5.505433678627014160e-01 6.960715651512145996e-01 3.334981203079223633e-01 3.180650174617767334e-01 4.782913108715596828e-01 -1.986026938850406764e-01 -7.030858073862049640e-01 3.107400787708173850e-01 5.851660439200895986e-02 2.288043409293226693e-01 1.878137298945765088e-01
1.661967924398833990e+09 1.098209694027900696e-01 -1.902696490287780762e-02 1.050519824028015137e+00 -5.464169979095458984e-01 7.008300423622131348e-01 3.322407901287078857e-01 3.160409331321716309e-01 4.977144109893679169e-01 -2.050027606474218167e-01 -7.257430836745137892e-01 3.207538263740194462e-01 6.040232994532639815e-02 2.361776702071131939e-01 1.938661171341628242e-01
1.661967924428755283e+09 1.174093261361122131e-01 -7.609316147863864899e-03 1.043261528015136719e+00 -5.422382354736328125e-01 7.055667638778686523e-01 3.309723138809204102e-01 3.140232264995574951e-01 5.184338756466314591e-01 -2.118324289496941182e-01 -7.499212192201607508e-01 3.314397421826769108e-01 6.241463395971225125e-02 2.440459308238188130e-01 2.003247680854677581e-01
1.661967924459670782e+09 1.251428425312042236e-01 3.679125104099512100e-03 1.035695791244506836e+00 -5.380074977874755859e-01 7.102810144424438477e-01 3.296926617622375488e-01 3.120121359825134277e-01 5.057575226962423010e-01 -2.050201513141724496e-01 -7.258046494606268384e-01 3.207810363632235817e-01 6.040745395823132746e-02 2.361977054844101032e-01 1.938825630640948761e-01
1.661967924490587950e+09 1.330188065767288208e-01 1.482981350272893906e-02 1.027823209762573242e+00 -5.337249636650085449e-01 7.149721384048461914e-01 3.284016251564025879e-01 3.100078403949737549e-01 5.097169302867495810e-01 -2.050090841848735412e-01 -7.257654700245999013e-01 3.207637203814340254e-01 6.040419312216545322e-02 2.361849553692158821e-01 1.938720971494965750e-01
1.661967924520507574e+09 1.410342752933502197e-01 2.583425119519233704e-02 1.019644618034362793e+00 -5.293909311294555664e-01 7.196394801139831543e-01 3.270991742610931396e-01 3.080103993415832520e-01 5.308188335266399438e-01 -2.118442450575149238e-01 -7.499630501618579359e-01 3.314582300400326087e-01 6.241811547596601978e-02 2.440595438152108332e-01 2.003359422908092546e-01
1.661967924551424980e+09 1.491861343383789062e-01 3.668399527668952942e-02 1.011160969734191895e+00 -5.250056385993957520e-01 7.242823243141174316e-01 3.257851004600524902e-01 3.060200512409210205e-01 5.176513878084754161e-01 -2.050075032639377959e-01 -7.257598733076028319e-01 3.207612468223574043e-01 6.040372731717982141e-02 2.361831340365539433e-01 1.938706021110769007e-01
1.661967924583339691e+09 1.574710607528686523e-01 4.737066850066184998e-02 1.002373218536376953e+00 -5.205694437026977539e-01 7.288999557495117188e-01 3.244593441486358643e-01 3.040368556976318359e-01 5.053052919908682661e-01 -1.986012102252916744e-01 -7.030805549896161910e-01 3.107377573896820677e-01 5.851616724420938970e-02 2.288026316484252642e-01 1.878123268336928109e-01
1.661967924615255117e+09 1.658855527639389038e-01 5.788594484329223633e-02 9.932827949523925781e-01 -5.160825252532958984e-01 7.334918379783630371e-01 3.231217265129089355e-01 3.020610213279724121e-01 5.091080470340285657e-01 -1.985967593790483321e-01 -7.030647982707017851e-01 3.107307934543738215e-01 5.851485584000027523e-02 2.287975039589595638e-01 1.878081177768174959e-01
1.661967924647171021e+09 1.744259297847747803e-01 6.822159141302108765e-02 9.838910698890686035e-01 -5.115452408790588379e-01 7.380573153495788574e-01 3.217721581459045410e-01 3.000926077365875244e-01 5.129020495714824435e-01 -1.985937922590494953e-01 -7.030542941837742976e-01 3.107261510042418906e-01 5.851398160318176805e-02 2.287940856269988776e-01 1.878053118437099656e-01
1.661967924678086281e+09 1.830883175134658813e-01 7.836944609880447388e-02 9.741996526718139648e-01 -5.069578886032104492e-01 7.425956130027770996e-01 3.204105198383331299e-01 2.981318235397338867e-01 5.334125463764485264e-01 -2.050217324301883415e-01 -7.258102468682328112e-01 3.207835102275331529e-01 6.040791982069537019e-02 2.361995270418178472e-01 1.938840582869953977e-01
1.661967924708006620e+09 1.918686479330062866e-01 8.832143992185592651e-02 9.642103314399719238e-01 -5.023208260536193848e-01 7.471060752868652344e-01 3.190367221832275391e-01 2.961787581443786621e-01 5.551717667484248331e-01 -2.118391808498947815e-01 -7.499451220439933286e-01 3.314503064200393645e-01 6.241662335001313400e-02 2.440537094900867565e-01 2.003311531930205835e-01
1.661967924738924503e+09 2.007626891136169434e-01 9.806957840919494629e-02 9.539250135421752930e-01 -4.976343214511871338e-01 7.515881061553955078e-01 3.176505863666534424e-01 2.942335307598114014e-01 5.411349892885806145e-01 -2.050043414952124887e-01 -7.257486801325654380e-01 3.207562998186510028e-01 6.040279572876045694e-02 2.361794914555032376e-01 1.938676121034109967e-01
1.661967924770838737e+09 2.097660303115844727e-01 1.076059937477111816e-01 9.433458447456359863e-01 -4.928988814353942871e-01 7.560411095619201660e-01 3.162521123886108398e-01 2.922963500022888184e-01 5.279772811786015430e-01 -1.986041775669556142e-01 -7.030910598612710727e-01 3.107424001866369023e-01 5.851704154633938920e-02 2.288060502357588399e-01 1.878151329764236599e-01
1.661967924802753210e+09 2.188740521669387817e-01 1.169229149818420410e-01 9.324750900268554688e-01 -4.881146848201751709e-01 7.604643106460571289e-01 3.148410618305206299e-01 2.903673350811004639e-01 5.316907427675715558e-01 -1.986026938850415646e-01 -7.030858073862049640e-01 3.107400787708243239e-01 5.851660439200895986e-02 2.288043409293244179e-01 1.878137298945765088e-01
1.661967924834667921e+09 2.280820161104202271e-01 1.260126680135726929e-01 9.213151335716247559e-01 -4.832821786403656006e-01 7.648571729660034180e-01 3.134174346923828125e-01 2.884465157985687256e-01 5.353858913030913325e-01 -1.986012102252916744e-01 -7.030805549896230744e-01 3.107377573896820677e-01 5.851616724420982685e-02 2.288026316484235156e-01 1.878123268336928109e-01
1.661967924865585566e+09 2.373849600553512573e-01 1.348677277565002441e-01 9.098686575889587402e-01 -4.784017503261566162e-01 7.692189812660217285e-01 3.119810223579406738e-01 2.865341305732727051e-01 5.564469953517905410e-01 -2.050059223673834086e-01 -7.257542766769301545e-01 3.207587733014299891e-01 6.040326151937798482e-02 2.361813127319856709e-01 1.938691070957158091e-01
1.661967924896503210e+09 2.467777729034423828e-01 1.434806585311889648e-01 8.981382846832275391e-01 -4.734737277030944824e-01 7.735491394996643066e-01 3.105318248271942139e-01 2.846302390098571777e-01 5.602228995411390189e-01 -2.050059223673852127e-01 -7.257542766769229381e-01 3.207587733014299891e-01 6.040326151937843585e-02 2.361813127319856709e-01 1.938691070957158091e-01
1.661967924927421808e+09 2.562552094459533691e-01 1.518441885709762573e-01 8.861270546913146973e-01 -4.684985876083374023e-01 7.778470516204833984e-01 3.090697228908538818e-01 2.827349007129669189e-01 5.639565263236351322e-01 -2.049995990249806888e-01 -7.257318910173420345e-01 3.207488795992024522e-01 6.040139840000847277e-02 2.361740277945914290e-01 1.938631272648333459e-01
1.661967924958338261e+09 2.658118307590484619e-01 1.599511653184890747e-01 8.738380670547485352e-01 -4.634766578674316406e-01 7.821120023727416992e-01 3.075945675373077393e-01 2.808483839035034180e-01 5.677223173624528219e-01 -2.050138270939790563e-01 -7.257822606935210308e-01 3.207711412875682844e-01 6.040559058022839517e-02 2.361904195357414915e-01 1.938765824031071783e-01
1.661967924989255905e+09 2.754420340061187744e-01 1.677945703268051147e-01 8.612744212150573730e-01 -4.584083557128906250e-01 7.863435745239257812e-01 3.061062395572662354e-01 2.789706587791442871e-01 5.714049170599051486e-01 -2.050059223673834086e-01 -7.257542766769229381e-01 3.207587733014299891e-01 6.040326151937798482e-02 2.361813127319838668e-01 1.938691070957149210e-01
1.661967925020173073e+09 2.851401269435882568e-01 1.753675788640975952e-01 8.484396338462829590e-01 -4.532941281795501709e-01 7.905409336090087891e-01 3.046046793460845947e-01 2.771018445491790771e-01 5.750912344515849428e-01 -2.050090841848744294e-01 -7.257654700246071178e-01 3.207637203814340254e-01 6.040419312216523118e-02 2.361849553692158821e-01 1.938720971494965750e-01
1.661967925052087069e+09 2.949001491069793701e-01 1.826634556055068970e-01 8.353371620178222656e-01 -4.481344819068908691e-01 7.947036623954772949e-01 3.030898869037628174e-01 2.752422392368316650e-01 5.606658815198742873e-01 -1.986056612710395686e-01 -7.030963124148159604e-01 3.107447216371483911e-01 5.851747870720170469e-02 2.288077595677342480e-01 1.878165360792355687e-01
1.661967925083004475e+09 3.047161102294921875e-01 1.896756738424301147e-01 8.219708204269409180e-01 -4.429297745227813721e-01 7.988308072090148926e-01 3.015616834163665771e-01 2.733917832374572754e-01 5.823610575912377962e-01 -2.050075032639369077e-01 -7.257598733076100483e-01 3.207612468223574043e-01 6.040372731718004345e-02 2.361831340365548315e-01 1.938706021110769007e-01
1.661967925113921642e+09 3.145818114280700684e-01 1.963978409767150879e-01 8.083443641662597656e-01 -4.376805126667022705e-01 8.029222488403320312e-01 3.000199496746063232e-01 2.715506553649902344e-01 5.859620934699523165e-01 -2.050090841848744294e-01 -7.257654700245999013e-01 3.207637203814340254e-01 6.040419312216523118e-02 2.361849553692149661e-01 1.938720971494974910e-01
1.661967925144838810e+09 3.244909644126892090e-01 2.028237730264663696e-01 7.944619059562683105e-01 -4.323870837688446045e-01 8.069769740104675293e-01 2.984646558761596680e-01 2.697188556194305420e-01 5.895279523558064616e-01 -2.050090841848726531e-01 -7.257654700246071178e-01 3.207637203814340254e-01 6.040419312216568221e-02 2.361849553692140780e-01 1.938720971494965750e-01
1.661967925174759388e+09 3.344371318817138672e-01 2.089474350214004517e-01 7.803275585174560547e-01 -4.270500242710113525e-01 8.109948635101318359e-01 2.968957424163818359e-01 2.678965926170349121e-01 6.128190731452716200e-01 -2.118374928344931019e-01 -7.499391461951850912e-01 3.314476652975694160e-01 6.241612599054868760e-02 2.440517647770313048e-01 2.003295568779731584e-01
1.661967925205676794e+09 3.444137275218963623e-01 2.147629559040069580e-01 7.659456133842468262e-01 -4.216698706150054932e-01 8.149749636650085449e-01 2.953130602836608887e-01 2.660839557647705078e-01 5.965676420949649339e-01 -2.050075032639386841e-01 -7.257598733076028319e-01 3.207612468223574043e-01 6.040372731717959243e-02 2.361831340365548315e-01 1.938706021110769007e-01
1.661967925237591505e+09 3.544140458106994629e-01 2.202647030353546143e-01 7.513206005096435547e-01 -4.162468910217285156e-01 8.189167380332946777e-01 2.937165498733520508e-01 2.642809450626373291e-01 5.812907842271105574e-01 -1.986012102252916744e-01 -7.030805549896230744e-01 3.107377573896820677e-01 5.851616724421004195e-02 2.288026316484252642e-01 1.878123268336928109e-01
1.661967925269505978e+09 3.644312918186187744e-01 2.254471778869628906e-01 7.364570498466491699e-01 -4.107818603515625000e-01 8.228198289871215820e-01 2.921060919761657715e-01 2.624877989292144775e-01 5.846312911171915871e-01 -1.986026938850398160e-01 -7.030858073862049640e-01 3.107400787708173850e-01 5.851660439200874475e-02 2.288043409293235575e-01 1.878137298945782574e-01
1.661967925301421642e+09 3.744585216045379639e-01 2.303051054477691650e-01 7.213597297668457031e-01 -4.052751064300537109e-01 8.266835212707519531e-01 2.904817163944244385e-01 2.607045173645019531e-01 5.879129197524284312e-01 -1.985952758079658764e-01 -7.030595461880038144e-01 3.107284722119746379e-01 5.851441871832530062e-02 2.287957947802121694e-01 1.878067147997827535e-01
1.661967925333336115e+09 3.844887316226959229e-01 2.348334193229675293e-01 7.060335278511047363e-01 -3.997272253036499023e-01 8.305072784423828125e-01 2.888432741165161133e-01 2.589312195777893066e-01 5.912066114091059088e-01 -1.986026938850415646e-01 -7.030858073862049640e-01 3.107400787708173850e-01 5.851660439200917496e-02 2.288043409293226693e-01 1.878137298945765088e-01
1.661967925365250587e+09 3.945147693157196045e-01 2.390272468328475952e-01 6.904835700988769531e-01 -3.941387236118316650e-01 8.342905640602111816e-01 2.871907353401184082e-01 2.571679949760437012e-01 5.944423906302009897e-01 -1.986026938850398160e-01 -7.030858073862119584e-01 3.107400787708173850e-01 5.851660439200874475e-02 2.288043409293235575e-01 1.878137298945765088e-01
1.661967925396168709e+09 3.945147693157196045e-01 2.390272468328475952e-01 6.904835700988769531e-01 -3.941387236118316650e-01 8.342905640602111816e-01 2.871907353401184082e-01 2.571679949760437012e-01 0.000000000000000000e+00 0.000000000000000000e+00 0.000000000000000000e+00 0.000000000000000000e+00 0.000000000000000000e+00 -8.977122287703178426e-16 0.000000000000000000e+00
1.661967925427085400e+09 3.920813500881195068e-01 2.501722276210784912e-01 6.951088309288024902e-01 -3.989319801330566406e-01 8.261108398437500000e-01 2.942861020565032959e-01 2.679360806941986084e-01 3.981524366645358137e-01 1.555974719284029251e-01 -2.095997593811391169e-01 4.005003297284604469e-01 -2.172379592265366866e-01 6.938083318928401910e-01 -2.240393554563164524e-01
1.661967925457005739e+09 3.894552290439605713e-01 2.612053453922271729e-01 6.998315453529357910e-01 -4.035821259021759033e-01 8.177284002304077148e-01 3.013369441032409668e-01 2.786358892917633057e-01 4.106025102215420386e-01 1.607788882014700993e-01 -2.165794589265694348e-01 4.138370433659379066e-01 -2.244720118310833123e-01 7.169122405663345132e-01 -2.314998954495606498e-01
1.661967925488919258e+09 3.866366147994995117e-01 2.721214294433593750e-01 7.046483159065246582e-01 -4.080859720706939697e-01 8.091458082199096680e-01 3.083418309688568115e-01 2.892649471759796143e-01 3.841621354463480298e-01 1.507373394706472691e-01 -2.030528497104281960e-01 3.879905850151839086e-01 -2.104524681539104713e-01 6.721370261093881915e-01 -2.170414207869887646e-01
1.661967925520342112e+09 3.836258053779602051e-01 2.829154133796691895e-01 7.095555663108825684e-01 -4.124403595924377441e-01 8.003666996955871582e-01 3.152992725372314453e-01 2.998209297657012939e-01 3.893154972620427312e-01 1.530910914121223487e-01 -2.062235043133781309e-01 3.940490281054073729e-01 -2.137386672287071576e-01 6.826323939837185550e-01 -2.204305058494683556e-01
1.661967925551260233e+09 3.804232478141784668e-01 2.935822606086730957e-01 7.145497798919677734e-01 -4.166422486305236816e-01 7.913938760757446289e-01 3.222079277038574219e-01 3.103015124797821045e-01 3.947763627925733321e-01 1.555902727856530721e-01 -2.095900616748100354e-01 4.004817994849504958e-01 -2.172279081179966098e-01 6.937762309521294801e-01 -2.240289896625741461e-01
1.661967925582176447e+09 3.770296275615692139e-01 3.041169941425323486e-01 7.196272611618041992e-01 -4.206887781620025635e-01 7.822307348251342773e-01 3.290663659572601318e-01 3.207044005393981934e-01 3.938693440300901627e-01 1.555998717906987572e-01 -2.096029921493447468e-01 4.005065068573661069e-01 -2.172413098027469458e-01 6.938190328665549966e-01 -2.240428109340673324e-01
1.661967925613601685e+09 3.734457194805145264e-01 3.145147562026977539e-01 7.247841954231262207e-01 -4.245770275592803955e-01 7.728806138038635254e-01 3.358732461929321289e-01 3.310272693634033203e-01 3.865393575145104066e-01 1.530794766199346235e-01 -2.062078584444667906e-01 3.940191321948635084e-01 -2.137224511956254402e-01 6.825806036847237301e-01 -2.204137821165984834e-01
1.661967925644518852e+09 3.696724176406860352e-01 3.247707486152648926e-01 7.300167679786682129e-01 -4.283041357994079590e-01 7.633469104766845703e-01 3.426270782947540283e-01 3.412678241729736328e-01 3.918932364398360346e-01 1.555950721401299364e-01 -2.095965267126517761e-01 4.004941527900951481e-01 -2.172346087536768666e-01 6.937976312492051267e-01 -2.240359000851536164e-01
1.661967925675436735e+09 3.657108545303344727e-01 3.348802030086517334e-01 7.353211641311645508e-01 -4.318673610687255859e-01 7.536330223083496094e-01 3.493267595767974854e-01 3.514237701892852783e-01 3.908532936950817049e-01 1.555914725965151513e-01 -2.095916778968825445e-01 4.004848877397911289e-01 -2.172295832381634928e-01 6.937815809026299796e-01 -2.240307172282511583e-01
1.661967925707351446e+09 3.615622818470001221e-01 3.448385596275329590e-01 7.406933307647705078e-01 -4.352640509605407715e-01 7.437425255775451660e-01 3.559707701206207275e-01 3.614928126335144043e-01 3.776171845135848359e-01 1.507317090605370391e-01 -2.030452651874333769e-01 3.879760926132405086e-01 -2.104446072369783316e-01 6.721119201394919473e-01 -2.170333137564806336e-01
1.661967925739265680e+09 3.572281002998352051e-01 3.546412289142608643e-01 7.461292147636413574e-01 -4.384917020797729492e-01 7.336788773536682129e-01 3.625579774379730225e-01 3.714727759361267090e-01 3.765639144935367111e-01 1.507339611741077834e-01 -2.030482989286395423e-01 3.879818894441002808e-01 -2.104477515332800475e-01 6.721219623023795275e-01 -2.170365564960060611e-01
1.661967925771180630e+09 3.527098298072814941e-01 3.642838001251220703e-01 7.516247630119323730e-01 -4.415476620197296143e-01 7.234458923339843750e-01 3.690870106220245361e-01 3.813614249229431152e-01 3.754702190681110108e-01 1.507305830289889514e-01 -2.030437483508218677e-01 3.879731942627609453e-01 -2.104430351240604846e-01 6.721068991705753115e-01 -2.170316924230553668e-01
1.661967925803095341e+09 3.480091989040374756e-01 3.737619519233703613e-01 7.571758031845092773e-01 -4.444295167922973633e-01 7.130472660064697266e-01 3.755566477775573730e-01 3.911564052104949951e-01 3.743605293536410028e-01 1.507317090605370391e-01 -2.030452651874333769e-01 3.879760926132405086e-01 -2.104446072369774434e-01 6.721119201394883946e-01 -2.170333137564797732e-01
1.661967925835010290e+09 3.431280553340911865e-01 3.830714523792266846e-01 7.627781033515930176e-01 -4.471348226070404053e-01 7.024867534637451172e-01 3.819655179977416992e-01 4.008555412292480469e-01 3.732188454331551442e-01 1.507305830289889514e-01 -2.030437483508253649e-01 3.879731942627679397e-01 -2.104430351240596242e-01 6.721068991705736462e-01 -2.170316924230536182e-01
1.661967925866924763e+09 3.380683660507202148e-01 3.922081887722015381e-01 7.684274911880493164e-01 -4.496614336967468262e-01 6.917681694030761719e-01 3.883126080036163330e-01 4.104567170143127441e-01 3.720623370816885656e-01 1.507328351089101681e-01 -2.030467820467046214e-01 3.879789910070176595e-01 -2.104461793733848063e-01 6.721169411834254648e-01 -2.170349351141321326e-01
1.661967925898839474e+09 3.328322470188140869e-01 4.011681973934173584e-01 7.741195559501647949e-01 -4.520070850849151611e-01 6.808953285217285156e-01 3.945967555046081543e-01 4.199578762054443359e-01 3.708732533310836188e-01 1.507317090605370391e-01 -2.030452651874333769e-01 3.879760926132405086e-01 -2.104446072369770271e-01 6.721119201394901710e-01 -2.170333137564797732e-01
1.661967925929757595e+09 3.274219930171966553e-01 4.099475741386413574e-01 7.798500061035156250e-01 -4.541696012020111084e-01 6.698723435401916504e-01 4.008165597915649414e-01 4.293565750122070312e-01 3.815796863279488638e-01 1.555902727856539602e-01 -2.095900616748136436e-01 4.004817994849504958e-01 -2.172279081179970817e-01 6.937762309521294801e-01 -2.240289896625723420e-01
1.661967925960674286e+09 3.218400180339813232e-01 4.185425937175750732e-01 7.856144309043884277e-01 -4.561470150947570801e-01 6.587031483650207520e-01 4.069711565971374512e-01 4.386509060859680176e-01 3.803272747057361292e-01 1.555974719284011210e-01 -2.095997593811391169e-01 4.005003297284532304e-01 -2.172379592265357984e-01 6.938083318928401910e-01 -2.240393554563182565e-01
1.661967925992589712e+09 3.160888254642486572e-01 4.269496500492095947e-01 7.914084792137145996e-01 -4.579373300075531006e-01 6.473917365074157715e-01 4.130592048168182373e-01 4.478386938571929932e-01 3.671769688504932239e-01 1.507283310163636536e-01 -2.030407147455933758e-01 3.879673976917324407e-01 -2.104398909686903962e-01 6.720968574577892429e-01 -2.170284498288726494e-01
1.661967926024503469e+09 3.101711273193359375e-01 4.351652860641479492e-01 7.972275614738464355e-01 -4.595386087894439697e-01 6.359422206878662109e-01 4.190797805786132812e-01 4.569178223609924316e-01 3.659261914190415910e-01 1.507362133549755290e-01 -2.030513327605025786e-01 3.879876864481859311e-01 -2.104508959235436572e-01 6.721320047653618346e-01 -2.170397993324347241e-01
1.661967926055420399e+09 3.040896654129028320e-01 4.431861340999603271e-01 8.030673265457153320e-01 -4.609491825103759766e-01 6.243588328361511230e-01 4.250316619873046875e-01 4.658862650394439697e-01 3.763974889549443481e-01 1.555962720250133324e-01 -2.095981430344309449e-01 4.004972412354607658e-01 -2.172362839771878329e-01 6.938029815297640512e-01 -2.240376277574127328e-01
1.661967926086337805e+09 2.978474199771881104e-01 4.510090053081512451e-01 8.089231848716735840e-01 -4.621672630310058594e-01 6.126456856727600098e-01 4.309138953685760498e-01 4.747419655323028564e-01 3.750454003859617358e-01 1.555938722737531532e-01 -2.095949104158010556e-01 4.004910643923623725e-01 -2.172329335560032326e-01 6.937922810511667482e-01 -2.240341724395420731e-01
1.661967926118253231e+09 2.914473712444305420e-01 4.586308598518371582e-01 8.147907257080078125e-01 -4.631913006305694580e-01 6.008070111274719238e-01 4.367254674434661865e-01 4.834828376770019531e-01 3.620008638475701868e-01 1.507283310163636536e-01 -2.030407147455968730e-01 3.879673976917324407e-01 -2.104398909686903962e-01 6.720968574577901311e-01 -2.170284498288726494e-01
1.661967926150168419e+09 2.848927378654479980e-01 4.660487771034240723e-01 8.206652998924255371e-01 -4.640195667743682861e-01 5.888472199440002441e-01 4.424652755260467529e-01 4.921069145202636719e-01 3.606695248241546525e-01 1.507294570142654888e-01 -2.030422315368800024e-01 3.879702959555988984e-01 -2.104414630346312098e-01 6.721018782766724486e-01 -2.170300711138523075e-01
1.661967926182083368e+09 2.781867384910583496e-01 4.732600152492523193e-01 8.265423774719238281e-01 -4.646509289741516113e-01 5.767704248428344727e-01 4.481324851512908936e-01 5.006122589111328125e-01 3.593264865991833701e-01 1.507305830289889514e-01 -2.030437483508253649e-01 3.879731942627679397e-01 -2.104430351240604846e-01 6.721068991705736462e-01 -2.170316924230540623e-01
1.661967926218983650e+09 2.713328003883361816e-01 4.802619814872741699e-01 8.324174880981445312e-01 -4.650838077068328857e-01 5.645810961723327637e-01 4.537261426448822021e-01 5.089968442916870117e-01 3.096067247284423618e-01 1.303664547934923479e-01 -1.756119634685397446e-01 3.355569180092358716e-01 -1.820115856636049523e-01 5.813033554727445873e-01 -1.877100967199439030e-01
1.661967926245911837e+09 2.643344104290008545e-01 4.870522320270538330e-01 8.382859826087951660e-01 -4.653170406818389893e-01 5.522837042808532715e-01 4.592451751232147217e-01 5.172588229179382324e-01 4.226378040061612440e-01 1.786439999543449342e-01 -2.406449085660262444e-01 4.598209726611038883e-01 -2.494144506152711771e-01 7.965726825434694680e-01 -2.572232447602151306e-01
1.661967926277825832e+09 2.571951448917388916e-01 4.936285018920898438e-01 8.441433906555175781e-01 -4.653493762016296387e-01 5.398825407028198242e-01 4.646888077259063721e-01 5.253961682319641113e-01 3.552333652142177778e-01 1.507350872561285804e-01 -2.030498158332386949e-01 3.879847879244893716e-01 -2.104493237166667474e-01 6.721269834963592427e-01 -2.170381779021077762e-01
1.661967926308743477e+09 2.499187290668487549e-01 4.999886155128479004e-01 8.499851226806640625e-01 -4.651797413825988770e-01 5.273821353912353516e-01 4.700561463832855225e-01 5.334070920944213867e-01 3.652481635936903337e-01 1.555926724258817062e-01 -2.095932941438781727e-01 4.004879760422614399e-01 -2.172312583841654043e-01 6.937869309356418102e-01 -2.240324448205743280e-01
