1.661967938990106821e+09 1.378528122206244648e-16 -2.367949187755584717e-01 1.128897309303283691e+00 -6.125128269195556641e-01 6.125135421752929688e-01 3.533097505569458008e-01 3.533093035221099854e-01 0.000000000000000000e+00 0.000000000000000000e+00 0.000000000000000000e+00 0.000000000000000000e+00 0.000000000000000000e+00 0.000000000000000000e+00 0.000000000000000000e+00
1.661967940491106033e+09 1.378528122206244648e-16 -2.367949187755584717e-01 1.128897309303283691e+00 -6.125128269195556641e-01 6.125135421752929688e-01 3.533097505569458008e-01 3.533093035221099854e-01 0.000000000000000000e+00 0.000000000000000000e+00 0.000000000000000000e+00 0.000000000000000000e+00 0.000000000000000000e+00 0.000000000000000000e+00 0.000000000000000000e+00
1.661967940516041517e+09 5.110768601298332214e-03 -2.230220437049865723e-01 1.127628564834594727e+00 -6.113305687904357910e-01 6.143718361854553223e-01 3.507610261440277100e-01 3.546673357486724854e-01 5.913351544619460665e-01 -2.472649236697742892e-01 -9.818961987246632717e-01 4.380419143657187098e-01 -1.310249064994811474e-01 4.665012325716343389e-01 2.889034159931557627e-02
1.661967940547954798e+09 1.037894096225500107e-02 -2.092121541500091553e-01 1.126011490821838379e+00 -6.101656556129455566e-01 6.162022948265075684e-01 3.482213318347930908e-01 3.559978902339935303e-01 4.659130422915854775e-01 -1.932007752614840201e-01 -7.672058940040509256e-01 3.422646293556080299e-01 -1.023764840502430773e-01 3.645013552898644926e-01 2.257350663295523002e-02
1.661967940579869032e+09 1.580531522631645203e-02 -1.953752487897872925e-01 1.124042868614196777e+00 -6.090180873870849609e-01 6.180053353309631348e-01 3.456914126873016357e-01 3.573006093502044678e-01 4.697808772814074385e-01 -1.931950019561808063e-01 -7.671829680408818186e-01 3.422544016627128705e-01 -1.023734247938944270e-01 3.644904631099373238e-01 2.257283208211401798e-02
1.661967940609788895e+09 2.139046974480152130e-02 -1.815214306116104126e-01 1.121720075607299805e+00 -6.078879237174987793e-01 6.197816133499145508e-01 3.431718349456787109e-01 3.585751056671142578e-01 5.052429088192519346e-01 -2.060728213673327092e-01 -8.183211632203897246e-01 3.650680890389548239e-01 -1.091973408561532216e-01 3.887863419550853239e-01 2.407747170637102030e-02
1.661967940641703606e+09 2.713475562632083893e-02 -1.676609069108963013e-01 1.119040131568908691e+00 -6.067749857902526855e-01 6.215314865112304688e-01 3.406633138656616211e-01 3.598210811614990234e-01 4.775591609501911305e-01 -1.931921154329200863e-01 -7.671715055731089805e-01 3.422492880454760522e-01 -1.023718952342838467e-01 3.644850172640782815e-01 2.257249482181076725e-02
1.661967940671623707e+09 3.303829580545425415e-02 -1.538039296865463257e-01 1.116000890731811523e+00 -6.056791543960571289e-01 6.232556104660034180e-01 3.381665050983428955e-01 3.610382378101348877e-01 5.135575954634841178e-01 -2.060711792743115389e-01 -8.183146424212820458e-01 3.650651799908008477e-01 -1.091964707162184633e-01 3.887832439078324209e-01 2.407727984483404651e-02
1.661967940702541113e+09 3.910098969936370850e-02 -1.399608701467514038e-01 1.112600088119506836e+00 -6.046004891395568848e-01 6.249544024467468262e-01 3.356819748878479004e-01 3.622261881828308105e-01 5.010247138814272194e-01 -1.994239269249803992e-01 -7.919182101376288641e-01 3.532892471121896749e-01 -1.056741125724780517e-01 3.762422357933135619e-01 2.330061735579635335e-02
1.661967940734455585e+09 4.532250016927719116e-02 -1.261421144008636475e-01 1.108835697174072266e+00 -6.035388112068176270e-01 6.266284584999084473e-01 3.332105278968811035e-01 3.633846342563629150e-01 4.892840971032778041e-01 -1.931935586837676133e-01 -7.671772367641799262e-01 3.422518448349797793e-01 -1.023726600083753741e-01 3.644877401666643535e-01 2.257266345070263122e-02
1.661967940766371012e+09 5.170225724577903748e-02 -1.123581528663635254e-01 1.104706048965454102e+00 -6.024940609931945801e-01 6.282783150672912598e-01 3.307527005672454834e-01 3.645133078098297119e-01 4.931837013666637293e-01 -1.931877858097508782e-01 -7.671543125136691677e-01 3.422416179061235630e-01 -1.023696009805639823e-01 3.644768488004117568e-01 2.257198895025215243e-02
1.661967940798285484e+09 5.823945626616477966e-02 -9.861949086189270020e-02 1.100209474563598633e+00 -6.014660596847534180e-01 6.299045085906982422e-01 3.283091485500335693e-01 3.656118512153625488e-01 4.971165680307502721e-01 -1.931935586837693619e-01 -7.671772367641799262e-01 3.422518448349867182e-01 -1.023726600083762484e-01 3.644877401666643535e-01 2.257266345070274224e-02
1.661967940828205109e+09 6.493306159973144531e-02 -8.493668586015701294e-02 1.095344901084899902e+00 -6.004546880722045898e-01 6.315074563026428223e-01 3.258804976940155029e-01 3.666800260543823242e-01 5.344396615851484400e-01 -2.060744634865206704e-01 -8.183276841234211618e-01 3.650709981334785414e-01 -1.091982110099537773e-01 3.887894400517126203e-01 2.407766357096539217e-02
1.661967940858125210e+09 7.178179174661636353e-02 -7.132031023502349854e-02 1.090111017227172852e+00 -5.994598865509033203e-01 6.330879330635070801e-01 3.234675228595733643e-01 3.677176535129547119e-01 5.386126357859475355e-01 -2.060711792743133708e-01 -8.183146424212820458e-01 3.650651799908008477e-01 -1.091964707162193932e-01 3.887832439078324209e-01 2.407727984483404651e-02
1.661967940890041113e+09 7.878413796424865723e-02 -5.778097361326217651e-02 1.084507226943969727e+00 -5.984814167022705078e-01 6.346462965011596680e-01 3.210707306861877441e-01 3.687243759632110596e-01 5.088481916455859233e-01 -1.931848995021145654e-01 -7.671428509021573916e-01 3.422365046708805147e-01 -1.023680715352121712e-01 3.644714033613679627e-01 2.257165171514300545e-02
1.661967940921954870e+09 8.593834936618804932e-02 -4.432928189635276794e-02 1.078532814979553223e+00 -5.975191593170166016e-01 6.361830830574035645e-01 3.186907470226287842e-01 3.697000443935394287e-01 5.127989069573256620e-01 -1.931978885657025802e-01 -7.671944308511929878e-01 3.422595154327522926e-01 -1.023749543992143463e-01 3.644959091185268063e-01 2.257316935249524537e-02
1.661967940952872276e+09 9.324243664741516113e-02 -3.097584843635559082e-02 1.072187423706054688e+00 -5.965727567672729492e-01 6.376991271972656250e-01 3.163282275199890137e-01 3.706442415714263916e-01 5.333641330913386769e-01 -1.994239269249785951e-01 -7.919182101376144312e-01 3.532892471121825140e-01 -1.056741125724771496e-01 3.762422357933135619e-01 2.330061735579624232e-02
1.661967940983790398e+09 1.006941646337509155e-01 -1.773127727210521698e-02 1.065470933914184570e+00 -5.956422686576843262e-01 6.391946673393249512e-01 3.139839172363281250e-01 3.715569972991943359e-01 5.373870415479387042e-01 -1.994193134781823140e-01 -7.918998900063023427e-01 3.532810741653800712e-01 -1.056716679215086024e-01 3.762335318551011665e-01 2.330007832239052931e-02
1.661967941015708447e+09 1.082910820841789246e-01 -4.606148228049278259e-03 1.058383345603942871e+00 -5.947273969650268555e-01 6.406702995300292969e-01 3.116583228111267090e-01 3.724379837512969971e-01 5.244573639829545053e-01 -1.931719121849692078e-01 -7.670912778882856831e-01 3.422134970029019341e-01 -1.023611895966444474e-01 3.644469008991254588e-01 2.257013428184425838e-02
1.661967941046622038e+09 1.160304695367813110e-01 8.388978429138660431e-03 1.050925254821777344e+00 -5.938277244567871094e-01 6.421267390251159668e-01 3.093520700931549072e-01 3.732869923114776611e-01 5.455206249827136977e-01 -1.994485355800948989e-01 -7.920159318223395362e-01 3.533328425491588654e-01 -1.056871526215379803e-01 3.762886635994631135e-01 2.330349262189558568e-02
1.661967941078536272e+09 1.239093914628028870e-01 2.124358341097831726e-02 1.043097019195556641e+00 -5.929431915283203125e-01 6.435644626617431641e-01 3.070658445358276367e-01 3.741038739681243896e-01 5.323084983853602070e-01 -1.931950019561816667e-01 -7.671829680408888130e-01 3.422544016627059316e-01 -1.023734247938948572e-01 3.644904631099338266e-01 2.257283208211391043e-02
1.661967941110452175e+09 1.319246888160705566e-01 3.394719213247299194e-02 1.034899473190307617e+00 -5.920735001564025879e-01 6.449840664863586426e-01 3.048001229763031006e-01 3.748884797096252441e-01 5.361644268313038308e-01 -1.931848995021137050e-01 -7.671428509021503972e-01 3.422365046708735759e-01 -1.023680715352117410e-01 3.644714033613644655e-01 2.257165171514278687e-02
1.661967941142366886e+09 1.400729268789291382e-01 4.648938775062561035e-02 1.026333808898925781e+00 -5.912184119224548340e-01 6.463860869407653809e-01 3.025557100772857666e-01 3.756406009197235107e-01 5.400565730883368776e-01 -1.931921154329200863e-01 -7.671715055731158639e-01 3.422492880454690578e-01 -1.023718952342838467e-01 3.644850172640817787e-01 2.257249482181098235e-02
1.661967941174280405e+09 1.483504772186279297e-01 5.885981395840644836e-02 1.017401218414306641e+00 -5.903776288032531738e-01 6.477711200714111328e-01 3.003331124782562256e-01 3.763601183891296387e-01 5.439401854828628258e-01 -1.931993319028095235e-01 -7.672001623847922724e-01 3.422620723750811611e-01 -1.023757192190144355e-01 3.644986321838520893e-01 2.257333799146541906e-02
1.661967941205198050e+09 1.567534804344177246e-01 7.104819267988204956e-02 1.008103370666503906e+00 -5.895508527755737305e-01 6.491395831108093262e-01 2.981328964233398438e-01 3.770469129085540771e-01 5.654345777584627308e-01 -1.994223890856635928e-01 -7.919121033329967752e-01 3.532865227545650688e-01 -1.056732976762537607e-01 3.762393344358296865e-01 2.330043767522327336e-02
1.661967941236115694e+09 1.652778238058090210e-01 8.304433524608612061e-02 9.984418153762817383e-01 -5.887376666069030762e-01 6.504923105239868164e-01 2.959556877613067627e-01 3.777008354663848877e-01 5.693989510048894642e-01 -1.994223890856617887e-01 -7.919121033329967752e-01 3.532865227545650688e-01 -1.056732976762528725e-01 3.762393344358287983e-01 2.330043767522316234e-02
1.661967941267032623e+09 1.739191859960556030e-01 9.483812004327774048e-02 9.884186983108520508e-01 -5.879380106925964355e-01 6.518296003341674805e-01 2.938020825386047363e-01 3.783218264579772949e-01 5.733595353021425645e-01 -1.994270026747690938e-01 -7.919304240294302577e-01 3.532946959534720710e-01 -1.056757424026314729e-01 3.762480386425257062e-01 2.330097672525635946e-02
1.661967941297951221e+09 1.826730072498321533e-01 1.064195632934570312e-01 9.780362248420715332e-01 -5.871513485908508301e-01 6.531521677970886230e-01 2.916727066040039062e-01 3.789097964763641357e-01 5.772612390675709859e-01 -1.994162379655662898e-01 -7.918876770563169076e-01 3.532756257442550840e-01 -1.056700382170322611e-01 3.762277294533532546e-01 2.329971898064190500e-02
1.661967941329864502e+09 1.915345191955566406e-01 1.177787706255912781e-01 9.672969579696655273e-01 -5.863773226737976074e-01 6.544606089591979980e-01 2.895680367946624756e-01 3.794645071029663086e-01 5.630613786783370545e-01 -1.932007752614840201e-01 -7.672058940040439312e-01 3.422646293556150243e-01 -1.023764840502430773e-01 3.645013552898644926e-01 2.257350663295533758e-02
1.661967941361780167e+09 2.004987448453903198e-01 1.289059519767761230e-01 9.562035202980041504e-01 -5.856156349182128906e-01 6.557554602622985840e-01 2.874887287616729736e-01 3.799860775470733643e-01 5.667957108619690043e-01 -1.931863426451515542e-01 -7.671485816650955858e-01 3.422390612693964607e-01 -1.023688362521751744e-01 3.644741260605504074e-01 2.257182033143790428e-02
1.661967941391700029e+09 2.095604836940765381e-01 1.397915035486221313e-01 9.447588920593261719e-01 -5.848659873008728027e-01 6.570370793342590332e-01 2.854353189468383789e-01 3.804743289947509766e-01 6.086127179846567703e-01 -2.060728213673317932e-01 -8.183211632203897246e-01 3.650680890389622624e-01 -1.091973408561527498e-01 3.887863419550853239e-01 2.407747170637090234e-02
1.661967941423614979e+09 2.187143117189407349e-01 1.504258811473846436e-01 9.329662919044494629e-01 -5.841278433799743652e-01 6.583063602447509766e-01 2.834083139896392822e-01 3.809292614459991455e-01 5.743040143366650030e-01 -1.931906722036333679e-01 -7.671657744676669832e-01 3.422467312941520623e-01 -1.023711304716174025e-01 3.644822944021748334e-01 2.257232619543857871e-02
1.661967941455529451e+09 2.279546111822128296e-01 1.607997417449951172e-01 9.208291769027709961e-01 -5.834009051322937012e-01 6.595636606216430664e-01 2.814083993434906006e-01 3.813508749008178711e-01 5.780288015937756763e-01 -1.931935586837693619e-01 -7.671772367641869206e-01 3.422518448349867182e-01 -1.023726600083762484e-01 3.644877401666651862e-01 2.257266345070274224e-02
1.661967941487444162e+09 2.372755855321884155e-01 1.709038913249969482e-01 9.083510637283325195e-01 -5.826848149299621582e-01 6.608095765113830566e-01 2.794360220432281494e-01 3.817390501499176025e-01 5.817222608897526515e-01 -1.931921154329183654e-01 -7.671715055731089805e-01 3.422492880454690578e-01 -1.023718952342829863e-01 3.644850172640782815e-01 2.257249482181076725e-02
1.661967941519358873e+09 2.466711699962615967e-01 1.807292699813842773e-01 8.955360054969787598e-01 -5.819788575172424316e-01 6.620447635650634766e-01 2.774916887283325195e-01 3.820937871932983398e-01 5.853925294065429608e-01 -1.931921154329200863e-01 -7.671715055731158639e-01 3.422492880454690578e-01 -1.023718952342838467e-01 3.644850172640782815e-01 2.257249482181098235e-02
1.661967941552272320e+09 2.561351954936981201e-01 1.902670264244079590e-01 8.823879957199096680e-01 -5.812829732894897461e-01 6.632695794105529785e-01 2.755760550498962402e-01 3.824151456356048584e-01 5.711682422887811583e-01 -1.873298363034189562e-01 -7.438922247608918958e-01 3.318639736453536382e-01 -9.926549193446701502e-02 3.534249752694306745e-01 2.188754831145165239e-02
1.661967941583187103e+09 2.656612396240234375e-01 1.995084732770919800e-01 8.689114451408386230e-01 -5.805965662002563477e-01 6.644847393035888672e-01 2.736895084381103516e-01 3.827031850814819336e-01 6.118346880661088560e-01 -1.994408447229840675e-01 -7.919853912052223777e-01 3.533192178193632627e-01 -1.056830772605086843e-01 3.762741536792182928e-01 2.330259402501518029e-02
1.661967941615102291e+09 2.752427160739898682e-01 2.084450870752334595e-01 8.551108241081237793e-01 -5.799190998077392578e-01 6.656907200813293457e-01 2.718326449394226074e-01 3.829577267169952393e-01 5.962546625959158630e-01 -1.931892289959113440e-01 -7.671600434478589303e-01 3.422441745810418379e-01 -1.023703657203779704e-01 3.644795715809537873e-01 2.257215757158558336e-02
1.661967941647017002e+09 2.848728895187377930e-01 2.170685827732086182e-01 8.409910798072814941e-01 -5.792502760887145996e-01 6.668880581855773926e-01 2.700059711933135986e-01 3.831790685653686523e-01 5.998318758613969681e-01 -1.931921154329192258e-01 -7.671715055731089805e-01 3.422492880454621189e-01 -1.023718952342834165e-01 3.644850172640774488e-01 2.257249482181098235e-02
1.661967941677934170e+09 2.945447564125061035e-01 2.253708541393280029e-01 8.265570402145385742e-01 -5.785893797874450684e-01 6.680774092674255371e-01 2.682099342346191406e-01 3.833670020103454590e-01 6.228428564282529889e-01 -1.994254647880144837e-01 -7.919243170364320683e-01 3.532919715118250092e-01 -1.056749274812700673e-01 3.762451371955461421e-01 2.330079703914054307e-02
1.661967941708851814e+09 3.042513132095336914e-01 2.333440184593200684e-01 8.118140697479248047e-01 -5.779362320899963379e-01 6.692591309547424316e-01 2.664451003074645996e-01 3.835217654705047607e-01 6.264587381436380609e-01 -1.994223890856635928e-01 -7.919121033330039916e-01 3.532865227545650688e-01 -1.056732976762537607e-01 3.762393344358296865e-01 2.330043767522338785e-02
1.661967941740273952e+09 3.139851987361907959e-01 2.409804016351699829e-01 7.967675924301147461e-01 -5.772900581359863281e-01 6.704339385032653809e-01 2.647118568420410156e-01 3.836433887481689453e-01 6.199360582224305860e-01 -1.962205910121141150e-01 -7.791976701216775103e-01 3.476143807591126067e-01 -1.039766749325547468e-01 3.701986768059971067e-01 2.292634078066986200e-02
1.661967941772188187e+09 3.237390518188476562e-01 2.482725530862808228e-01 7.814232110977172852e-01 -5.766504406929016113e-01 6.716021895408630371e-01 2.630107402801513672e-01 3.837318718433380127e-01 6.138287338147402350e-01 -1.931950019561816667e-01 -7.671829680408818186e-01 3.422544016627059316e-01 -1.023734247938952874e-01 3.644904631099338266e-01 2.257283208211391043e-02
1.661967941804103136e+09 3.335052728652954102e-01 2.552132606506347656e-01 7.657867670059204102e-01 -5.760168433189392090e-01 6.727645397186279297e-01 2.613421976566314697e-01 3.837873637676239014e-01 6.172344751398191054e-01 -1.931906722036342561e-01 -7.671657744676738666e-01 3.422467312941520623e-01 -1.023711304716178466e-01 3.644822944021752220e-01 2.257232619543857871e-02
1.661967941835525274e+09 3.432761728763580322e-01 2.617955505847930908e-01 7.498644590377807617e-01 -5.753887295722961426e-01 6.739214658737182617e-01 2.597066760063171387e-01 3.838099837303161621e-01 6.303514907387691713e-01 -1.962205910121132268e-01 -7.791976701216775103e-01 3.476143807591126067e-01 -1.039766749325547468e-01 3.701986768059966626e-01 2.292634078066986200e-02
1.661967941867440462e+09 3.530438840389251709e-01 2.680127322673797607e-01 7.336624860763549805e-01 -5.747655630111694336e-01 6.750735044479370117e-01 2.581046521663665771e-01 3.837997913360595703e-01 6.239647225314429724e-01 -1.931892289959113440e-01 -7.671600434478519359e-01 3.422441745810348990e-01 -1.023703657203779704e-01 3.644795715809533432e-01 2.257215757158558336e-02
1.661967941897360802e+09 3.628004789352416992e-01 2.738583087921142578e-01 7.171873450279235840e-01 -5.741468071937561035e-01 6.762211322784423828e-01 2.565365135669708252e-01 3.837569653987884521e-01 6.691031926239952021e-01 -2.060695372074639042e-01 -8.183081217260992357e-01 3.650622709890154471e-01 -1.091956005901528887e-01 3.887801459099529677e-01 2.407708798635498082e-02
1.661967941929274797e+09 3.725377917289733887e-01 2.793260514736175537e-01 7.004457116127014160e-01 -5.735319256782531738e-01 6.773648262023925781e-01 2.550027668476104736e-01 3.836817145347595215e-01 6.305840522808461301e-01 -1.931964452501583884e-01 -7.671886994032200979e-01 3.422569585286274751e-01 -1.023741895908403671e-01 3.644931860938878665e-01 2.257300071604465344e-02
1.661967941960192680e+09 3.822476267814636230e-01 2.844100296497344971e-01 6.834444999694824219e-01 -5.729201436042785645e-01 6.785052418708801270e-01 2.535036802291870117e-01 3.835739493370056152e-01 6.542467515717277360e-01 -1.994208512700644254e-01 -7.919059966225590053e-01 3.532837984389646246e-01 -1.056724827925973886e-01 3.762364331230929060e-01 2.330025799742146617e-02
1.661967941991109610e+09 3.919216990470886230e-01 2.891045808792114258e-01 6.661907434463500977e-01 -5.723111033439636230e-01 6.796427369117736816e-01 2.520397901535034180e-01 3.834340870380401611e-01 6.575762551161671299e-01 -1.994270026747673175e-01 -7.919304240294302577e-01 3.532946959534720710e-01 -1.056757424026305708e-01 3.762480386425260392e-01 2.330097672525613395e-02
1.661967942021029472e+09 4.015515446662902832e-01 2.934042811393737793e-01 6.486917138099670410e-01 -5.717040896415710449e-01 6.807777881622314453e-01 2.506114840507507324e-01 3.832621276378631592e-01 6.828669200114000359e-01 -2.060728213673327092e-01 -8.183211632203933883e-01 3.650680890389622624e-01 -1.091973408561532216e-01 3.887863419550855459e-01 2.407747170637102030e-02
1.661967942052944183e+09 4.015515446662902832e-01 2.934042811393737793e-01 6.486917138099670410e-01 -5.717040896415710449e-01 6.807777881622314453e-01 2.506114840507507324e-01 3.832621276378631592e-01 0.000000000000000000e+00 0.000000000000000000e+00 0.000000000000000000e+00 0.000000000000000000e+00 0.000000000000000000e+00 -8.696796789700792966e-16 0.000000000000000000e+00
1.661967942084860325e+09 3.945381641387939453e-01 3.087365329265594482e-01 6.592301130294799805e-01 -5.671425461769104004e-01 6.733697652816772461e-01 2.636506855487823486e-01 3.942219316959381104e-01 6.229681296241741384e-01 2.415288161972405090e-01 -1.616313500205660558e-01 5.709886232911823845e-01 1.047377436732923744e-01 7.554254801242150652e-01 1.060414627703146206e-01
1.661967942115776062e+09 3.872517049312591553e-01 3.237150907516479492e-01 6.699833869934082031e-01 -5.623642206192016602e-01 6.657400131225585938e-01 2.767076194286346436e-01 4.049316346645355225e-01 6.413015572455752489e-01 2.493444629371483756e-01 -1.668615894335859773e-01 5.894652814490359827e-01 1.081269591622499998e-01 7.798703425796900124e-01 1.094728653906912597e-01
1.661967942146693468e+09 3.796982169151306152e-01 3.383296132087707520e-01 6.809417605400085449e-01 -5.573698282241821289e-01 6.578921079635620117e-01 2.897756993770599365e-01 4.153876006603240967e-01 6.393413169112434069e-01 2.493310032547023103e-01 -1.668525821992573321e-01 5.894334619515984031e-01 1.081211224393596460e-01 7.798282449648601400e-01 1.094669560154147292e-01
1.661967942177612782e+09 3.718839883804321289e-01 3.525702357292175293e-01 6.920952200889587402e-01 -5.521597266197204590e-01 6.498300433158874512e-01 3.028480708599090576e-01 4.255861341953277588e-01 6.372794194714341831e-01 2.493156225396907788e-01 -1.668422894078196717e-01 5.893971010178239434e-01 1.081144526704627129e-01 7.797801389698744146e-01 1.094602032248211954e-01
1.661967942208527803e+09 3.638156354427337646e-01 3.664274513721466064e-01 7.034336924552917480e-01 -5.467344522476196289e-01 6.415575742721557617e-01 3.159180581569671631e-01 4.355238676071166992e-01 6.352504158179689275e-01 2.493502318173477506e-01 -1.668654499745776398e-01 5.894789194282078482e-01 1.081294608078305075e-01 7.798883858060120522e-01 1.094753981754105904e-01
1.661967942240443468e+09 3.555000424385070801e-01 3.798922598361968994e-01 7.149466872215270996e-01 -5.410947203636169434e-01 6.330786943435668945e-01 3.289788067340850830e-01 4.451976120471954346e-01 6.131899684843803433e-01 2.415324247673743263e-01 -1.616337648796770943e-01 5.709971541676365225e-01 1.047393085113909744e-01 7.554367665862977699e-01 1.060430470866768338e-01
1.661967942272357702e+09 3.469443917274475098e-01 3.929559886455535889e-01 7.266237139701843262e-01 -5.352411270141601562e-01 6.243973970413208008e-01 3.420234024524688721e-01 4.546039998531341553e-01 6.109829964605441033e-01 2.415432511247742331e-01 -1.616410098899811187e-01 5.710227483265656323e-01 1.047440033062570636e-01 7.554706279961463933e-01 1.060478003198235125e-01
1.661967942304272175e+09 3.381560742855072021e-01 4.056105911731719971e-01 7.384539246559143066e-01 -5.291746854782104492e-01 6.155177354812622070e-01 3.550450205802917480e-01 4.637403488159179688e-01 6.086554072437972973e-01 2.415414466644746627e-01 -1.616398023431603048e-01 5.710184824740766052e-01 1.047432208112189511e-01 7.554649842170364504e-01 1.060470080847080582e-01
1.661967942336187363e+09 3.291427195072174072e-01 4.178483486175537109e-01 7.504265308380126953e-01 -5.228962302207946777e-01 6.064438819885253906e-01 3.680367171764373779e-01 4.726037383079528809e-01 6.062329319644848002e-01 2.415360334453385827e-01 -1.616361798109477999e-01 5.710056852990130771e-01 1.047408733962501837e-01 7.554480533856381408e-01 1.060446314503812604e-01
1.661967942367105484e+09 3.199122250080108643e-01 4.296621084213256836e-01 7.625305056571960449e-01 -5.164068341255187988e-01 5.971800684928894043e-01 3.809915184974670410e-01 4.811915755271911621e-01 6.232089440649768441e-01 2.493252352641881220e-01 -1.668487222536481629e-01 5.894198260757049779e-01 1.081186211795878982e-01 7.798102045211919853e-01 1.094644236213058036e-01
1.661967942398022890e+09 3.104726076126098633e-01 4.410451948642730713e-01 7.747545838356018066e-01 -5.097076892852783203e-01 5.877304673194885254e-01 3.939025104045867920e-01 4.895015358924865723e-01 6.205620869437613596e-01 2.493310032547013944e-01 -1.668525821992573321e-01 5.894334619515984031e-01 1.081211224393605480e-01 7.798282449648601400e-01 1.094669560154147292e-01
1.661967942429938078e+09 3.008321821689605713e-01 4.519913792610168457e-01 7.870876193046569824e-01 -5.027998089790344238e-01 5.780996680259704590e-01 4.067627489566802979e-01 4.975311458110809326e-01 5.985025860285835275e-01 2.415360334453385827e-01 -1.616361798109477999e-01 5.710056852990130771e-01 1.047408733962506139e-01 7.554480533856372526e-01 1.060446314503812604e-01
1.661967942461853266e+09 2.909994125366210938e-01 4.624949991703033447e-01 7.995181083679199219e-01 -4.956846237182617188e-01 5.682919025421142578e-01 4.195650815963745117e-01 5.052783489227294922e-01 5.957617718118251027e-01 2.415360334453385827e-01 -1.616361798109512693e-01 5.710056852990200715e-01 1.047408733962506139e-01 7.554480533856372526e-01 1.060446314503812604e-01
1.661967942492769957e+09 2.809828519821166992e-01 4.725509285926818848e-01 8.120346665382385254e-01 -4.883635640144348145e-01 5.583118200302124023e-01 4.323026835918426514e-01 5.127412080764770508e-01 6.120962613009127695e-01 2.493367715120998196e-01 -1.668564423234657201e-01 5.894470984584149198e-01 1.081236238148661905e-01 7.798462862432592457e-01 1.094694885266972312e-01
1.661967942523687124e+09 2.707912623882293701e-01 4.821544885635375977e-01 8.246257901191711426e-01 -4.808380305767059326e-01 5.481637716293334961e-01 4.449684321880340576e-01 5.199179649353027344e-01 6.091020039558331378e-01 2.493329259775125262e-01 -1.668538688874818265e-01 5.894380073837673928e-01 1.081219562183356880e-01 7.798342586315754055e-01 1.094678001728225381e-01
1.661967942555601835e+09 2.604335546493530273e-01 4.913015663623809814e-01 8.372797966003417969e-01 -4.731094241142272949e-01 5.378521680831909180e-01 4.575551152229309082e-01 5.268071293830871582e-01 5.870959030504749876e-01 2.415396422311363589e-01 -1.616385948143813922e-01 5.710142166853167112e-01 1.047424383278720839e-01 7.554593405222483904e-01 1.060462158614293715e-01
1.661967942587516785e+09 2.499187290668487549e-01 4.999886155128479004e-01 8.499851226806640625e-01 -4.651797413825988770e-01 5.273821353912353516e-01 4.700561463832855225e-01 5.334070920944213867e-01 5.840540694413902667e-01 2.415378378247578783e-01 -1.616373873036440478e-01 5.710099509603052681e-01 1.047416558562157679e-01 7.554536969117828793e-01 1.060454236499872027e-01
