1.661967947077126980e+09 1.378528122206244648e-16 -2.367949187755584717e-01 1.128897309303283691e+00 -6.125128269195556641e-01 6.125135421752929688e-01 3.533097505569458008e-01 3.533093035221099854e-01 0.000000000000000000e+00 0.000000000000000000e+00 0.000000000000000000e+00 0.000000000000000000e+00 0.000000000000000000e+00 0.000000000000000000e+00 0.000000000000000000e+00
1.661967950578335524e+09 1.378528122206244648e-16 -2.367949187755584717e-01 1.128897309303283691e+00 -6.125128269195556641e-01 6.125135421752929688e-01 3.533097505569458008e-01 3.533093035221099854e-01 0.000000000000000000e+00 0.000000000000000000e+00 0.000000000000000000e+00 0.000000000000000000e+00 0.000000000000000000e+00 0.000000000000000000e+00 0.000000000000000000e+00
1.661967950605263710e+09 7.962760864757001400e-04 -2.277790307998657227e-01 1.123509168624877930e+00 -6.026793718338012695e-01 6.247736811637878418e-01 3.601668477058410645e-01 3.416363000869750977e-01 3.911660463341758431e-01 -1.385550787948872098e-01 -6.507710752221661510e-01 9.810333983649680012e-02 7.842398310613137857e-01 2.710418951092157802e-01 7.384509243642471965e-01
1.661967950637178421e+09 1.714087440632283688e-03 -2.188140004873275757e-01 1.117997050285339355e+00 -5.924211740493774414e-01 6.369450688362121582e-01 3.667295575141906738e-01 3.299205303192138672e-01 3.310064840389604912e-01 -1.169064946547767742e-01 -5.490911332060786076e-01 8.277515103715173128e-02 6.617060191186251439e-01 2.286928645085157252e-01 6.230714153019530910e-01
1.661967950667097092e+09 2.754042157903313637e-03 -2.099020183086395264e-01 1.112359642982482910e+00 -5.817401409149169922e-01 6.490144133567810059e-01 3.729958832263946533e-01 3.181709647178649902e-01 3.541760138318296169e-01 -1.247059748700157372e-01 -5.857240460519536063e-01 8.829754014595016243e-02 7.058520951742006666e-01 2.439502330351102366e-01 6.646399628037695795e-01
1.661967950699011803e+09 3.916667774319648743e-03 -2.010453492403030396e-01 1.106595754623413086e+00 -5.706381201744079590e-01 6.609686017036437988e-01 3.789640665054321289e-01 3.063966333866119385e-01 3.331014638892019208e-01 -1.169064946547767742e-01 -5.490911332060786076e-01 8.277515103715173128e-02 6.617060191186285856e-01 2.286928645085157252e-01 6.230714153019565327e-01
1.661967950729929686e+09 5.202407017350196838e-03 -1.922464221715927124e-01 1.100703716278076172e+00 -5.591175556182861328e-01 6.727944612503051758e-01 3.846325576305389404e-01 2.946065366268157959e-01 3.450189786528342073e-01 -1.206756944030137474e-01 -5.667944624107801310e-01 8.544391704002290977e-02 6.830401816733597808e-01 2.360661852968476970e-01 6.431599538269067162e-01
1.661967950760847092e+09 6.611617747694253922e-03 -1.835077404975891113e-01 1.094682455062866211e+00 -5.471814274787902832e-01 6.844788193702697754e-01 3.900001645088195801e-01 2.828095853328704834e-01 3.462586752231056053e-01 -1.206775555764594693e-01 -5.668032040451713716e-01 8.544523483603978786e-02 6.830507161579896236e-01 2.360698261303866285e-01 6.431698732413605457e-01
1.661967950792761326e+09 8.144566789269447327e-03 -1.748319417238235474e-01 1.088530540466308594e+00 -5.348328351974487305e-01 6.960084438323974609e-01 3.950657844543457031e-01 2.710149586200714111e-01 3.366988532470830964e-01 -1.169082413788382901e-01 -5.490993372900203617e-01 8.277638779776427813e-02 6.617159058048087683e-01 2.286962814557975399e-01 6.230807247405417693e-01
1.661967950824676037e+09 9.801428765058517456e-03 -1.662217974662780762e-01 1.082246422767639160e+00 -5.220757126808166504e-01 7.073704600334167480e-01 3.998287916183471680e-01 2.592315673828125000e-01 3.380099112554962870e-01 -1.169064946547767742e-01 -5.490911332060786076e-01 8.277515103715173128e-02 6.617060191186251439e-01 2.286928645085157252e-01 6.230714153019530910e-01
1.661967950856591702e+09 1.158228330314159393e-02 -1.576801985502243042e-01 1.075829029083251953e+00 -5.089139938354492188e-01 7.185518741607666016e-01 4.042885005474090576e-01 2.474684268236160278e-01 3.393670912790122673e-01 -1.169030013632383208e-01 -5.490747257736774412e-01 8.277267762680776131e-02 6.616862466325531544e-01 2.286860309202634334e-01 6.230527972593072894e-01
1.661967950888506174e+09 1.348711177706718445e-02 -1.492101401090621948e-01 1.069276690483093262e+00 -4.953522980213165283e-01 7.295397520065307617e-01 4.084447324275970459e-01 2.357345074415206909e-01 3.408089147389076756e-01 -1.169073680102826057e-01 -5.490952352173981144e-01 8.277576941283837364e-02 6.617109624247874411e-01 2.286945729693925233e-01 6.230760699864741348e-01
1.661967950918425322e+09 1.551579404622316360e-02 -1.408147364854812622e-01 1.062588334083557129e+00 -4.813955724239349365e-01 7.403213381767272949e-01 4.122974574565887451e-01 2.240388393402099609e-01 3.651153496632704165e-01 -1.247039873654353093e-01 -5.857147110603837525e-01 8.829613290169043005e-02 7.058408456388527430e-01 2.439463450721981452e-01 6.646293700878149746e-01
1.661967950950340271e+09 1.766810752451419830e-02 -1.324972212314605713e-01 1.055762410163879395e+00 -4.670492112636566162e-01 7.508839368820190430e-01 4.158469140529632568e-01 2.123903185129165649e-01 3.438200964654971603e-01 -1.169056213123205040e-01 -5.490870312560538480e-01 8.277453267070417064e-02 6.617010758863305364e-01 2.286911560731647863e-01 6.230667606869770836e-01
1.661967950982255220e+09 1.994372159242630005e-02 -1.242609694600105286e-01 1.048797726631164551e+00 -4.523189365863800049e-01 7.612151503562927246e-01 4.190935790538787842e-01 2.007978409528732300e-01 3.454074087740420795e-01 -1.169056213123196436e-01 -5.490870312560538480e-01 8.277453267070417064e-02 6.617010758863235420e-01 2.286911560731647863e-01 6.230667606869770836e-01
1.661967951013172150e+09 2.234219945967197418e-02 -1.161094233393669128e-01 1.041692852973937988e+00 -4.372108578681945801e-01 7.713023424148559570e-01 4.220380783081054688e-01 1.892701685428619385e-01 3.582530335680469413e-01 -1.206794168073147128e-01 -5.668119459492316770e-01 8.544655267272022181e-02 6.830612509675735300e-01 2.360734670762319465e-01 6.431797929617883991e-01
1.661967951044090033e+09 2.486298978328704834e-02 -1.080461814999580383e-01 1.034446716308593750e+00 -4.217316806316375732e-01 7.811334133148193359e-01 4.246814846992492676e-01 1.778162121772766113e-01 3.599856194249784758e-01 -1.206756944030137474e-01 -5.667944624107729146e-01 8.544391704002290977e-02 6.830401816733562281e-01 2.360661852968476970e-01 6.431599538269067162e-01
1.661967951074010849e+09 2.750543132424354553e-02 -1.000749245285987854e-01 1.027058124542236328e+00 -4.058882594108581543e-01 7.906962633132934570e-01 4.270249903202056885e-01 1.664446443319320679e-01 3.738356980237974025e-01 -1.246970315982730837e-01 -5.856820409329833721e-01 8.829120790005443031e-02 7.058014750888076394e-01 2.439327381778840509e-01 6.645922982407539426e-01
1.661967951105925322e+09 3.026874363422393799e-02 -9.219944477081298828e-02 1.019525766372680664e+00 -3.896879553794860840e-01 7.999789714813232422e-01 4.290699660778045654e-01 1.551641225814819336e-01 3.522720019473842279e-01 -1.169073680102834661e-01 -5.490952352174049977e-01 8.277576941283837364e-02 6.617109624247874411e-01 2.286945729693942719e-01 6.230760699864741348e-01
1.661967951135846138e+09 3.315202891826629639e-02 -8.442364633083343506e-02 1.011848688125610352e+00 -3.731385469436645508e-01 8.089697957038879395e-01 4.308181107044219971e-01 1.439832597970962524e-01 3.776988425362025614e-01 -1.246970315982726257e-01 -5.856820409329833721e-01 8.829120790005443031e-02 7.058014750888038646e-01 2.439327381778840509e-01 6.645922982407521662e-01
1.661967951167759657e+09 3.615427389740943909e-02 -7.675153017044067383e-02 1.004025936126708984e+00 -3.562480807304382324e-01 8.176572918891906738e-01 4.322713911533355713e-01 1.329105198383331299e-01 3.559905334854845393e-01 -1.169108615627995618e-01 -5.491116438755864193e-01 8.277824300799367652e-02 6.617307363880324811e-01 2.287014070681718803e-01 6.230946894200416475e-01
1.661967951198677063e+09 3.927433863282203674e-02 -6.918719410896301270e-02 9.960563778877258301e-01 -3.390251100063323975e-01 8.260301351547241211e-01 4.334320127964019775e-01 1.219544112682342529e-01 3.694440616215814432e-01 -1.206775555764590252e-01 -5.668032040451856934e-01 8.544523483603978786e-02 6.830507161579896236e-01 2.360698261303848244e-01 6.431698732413586583e-01
1.661967951229594946e+09 4.251096025109291077e-02 -6.173482537269592285e-02 9.879392981529235840e-01 -3.214785158634185791e-01 8.340771794319152832e-01 4.343022704124450684e-01 1.111231818795204163e-01 3.714612168849262264e-01 -1.206756944030137474e-01 -5.667944624107656981e-01 8.544391704002290977e-02 6.830401816733580045e-01 2.360661852968476970e-01 6.431599538269067162e-01
1.661967951259516239e+09 4.586274921894073486e-02 -5.439870059490203857e-02 9.796738028526306152e-01 -3.036174178123474121e-01 8.417876362800598145e-01 4.348848760128021240e-01 1.004251241683959961e-01 3.859680595545465498e-01 -1.246950443787483154e-01 -5.856727072802775380e-01 8.828980085764134844e-02 7.057902271669104222e-01 2.439288507725988209e-01 6.645817070440394048e-01
1.661967951291428804e+09 4.932819679379463196e-02 -4.718318581581115723e-02 9.712592363357543945e-01 -2.854514420032501221e-01 8.491508960723876953e-01 4.351826012134552002e-01 8.986828476190567017e-02 3.639223250388974873e-01 -1.169143553241176886e-01 -5.491280535144796859e-01 8.278071675096287940e-02 6.617505115331198118e-01 2.287082415754078391e-01 6.231133099664510899e-01
1.661967951323343754e+09 5.290565639734268188e-02 -4.009271413087844849e-02 9.626949429512023926e-01 -2.669904828071594238e-01 8.561566472053527832e-01 4.351985752582550049e-01 7.946075499057769775e-02 3.659696447712268430e-01 -1.169056213123196436e-01 -5.490870312560538480e-01 8.277453267070417064e-02 6.617010758863253184e-01 2.286911560731647863e-01 6.230667606869788600e-01
1.661967951355258942e+09 5.659335479140281677e-02 -3.313180431723594666e-02 9.539804458618164062e-01 -2.482447922229766846e-01 8.627949357032775879e-01 4.349361360073089600e-01 6.921035796403884888e-02 3.680743885807599702e-01 -1.169047479829117692e-01 -5.490829293673082923e-01 8.277391431350938911e-02 6.616961327278846339e-01 2.286894476633409556e-01 6.230621061415463346e-01
1.661967951386175632e+09 6.038939952850341797e-02 -2.630503661930561066e-02 9.451153278350830078e-01 -2.292249202728271484e-01 8.690558075904846191e-01 4.343987405300140381e-01 5.912489444017410278e-02 3.821708259572625388e-01 -1.206803474442716129e-01 -5.668163170023799990e-01 8.544721160628292178e-02 6.830665184942210644e-01 2.360752875912684456e-01 6.431847529367465954e-01
1.661967951417093039e+09 6.429174542427062988e-02 -1.961705647408962250e-02 9.360993504524230957e-01 -2.099418342113494873e-01 8.749299049377441406e-01 4.335901737213134766e-01 4.921196401119232178e-02 3.844004124598706662e-01 -1.206775555764590252e-01 -5.668032040451785880e-01 8.544523483603978786e-02 6.830507161579896236e-01 2.360698261303848244e-01 6.431698732413605457e-01
1.661967951449008226e+09 6.829824298620223999e-02 -1.307256426662206650e-02 9.269322156906127930e-01 -1.904066503047943115e-01 8.804079294204711914e-01 4.325143396854400635e-01 3.947908058762550354e-02 3.745822690017678314e-01 -1.169047479829108949e-01 -5.490829293673082923e-01 8.277391431349548356e-02 6.616961327278811922e-01 2.286894476633392070e-01 6.230621061415445583e-01
1.661967951478927851e+09 7.240658998489379883e-02 -6.676311604678630829e-03 9.176139235496520996e-01 -1.706309616565704346e-01 8.854811191558837891e-01 4.311755299568176270e-01 2.993357926607131958e-02 4.019386240624872042e-01 -1.247019999242066080e-01 -5.857053763663550017e-01 8.829472570230079143e-02 7.058295964620822094e-01 2.439424572332112573e-01 6.646187777094909599e-01
1.661967951508848906e+09 7.661435753107070923e-02 -4.330935480538755655e-04 9.081445336341857910e-01 -1.506265252828598022e-01 8.901408910751342773e-01 4.295779168605804443e-01 2.058266103267669678e-02 4.043179857817830181e-01 -1.246960379805931302e-01 -5.856773740694403152e-01 8.829050437325690337e-02 7.057958510830458776e-01 2.439307944597535194e-01 6.645870026001963193e-01
1.661967951539766312e+09 8.091899752616882324e-02 5.652256775647401810e-03 8.985242247581481934e-01 -1.304054707288742065e-01 8.943790793418884277e-01 4.277262687683105469e-01 1.143337786197662354e-02 3.936331962198475476e-01 -1.206775555764590252e-01 -5.668032040451785880e-01 8.544523483603978786e-02 6.830507161579896236e-01 2.360698261303848244e-01 6.431698732413605457e-01
1.661967951571681023e+09 8.531779795885086060e-02 1.157487556338310242e-02 8.887534141540527344e-01 -1.099801436066627502e-01 8.981878161430358887e-01 4.256252348423004150e-01 2.492598025128245354e-03 3.836220166815242916e-01 -1.169064946547767742e-01 -5.490911332060856020e-01 8.277515103715173128e-02 6.617060191186285856e-01 2.286928645085157252e-01 6.230714153019530910e-01
1.661967951603595495e+09 8.980794996023178101e-02 1.732987724244594574e-02 8.788323998451232910e-01 -8.936315774917602539e-02 9.015595316886901855e-01 4.232798218727111816e-01 -6.232960149645805359e-03 3.859371797056615483e-01 -1.169073680102834661e-01 -5.490952352174049977e-01 8.277576941283837364e-02 6.617109624247874411e-01 2.286945729693942719e-01 6.230760699864775765e-01
1.661967951635510206e+09 9.438650310039520264e-02 2.291235700249671936e-02 8.687619566917419434e-01 -6.856739521026611328e-02 9.044870734214782715e-01 4.206951558589935303e-01 -1.473675761371850967e-02 3.882588316494542946e-01 -1.169064946547776485e-01 -5.490911332060856020e-01 8.277515103715173128e-02 6.617060191186285856e-01 2.286928645085174461e-01 6.230714153019530910e-01
1.661967951667424917e+09 9.905036538839340210e-02 2.831740491092205048e-02 8.585427403450012207e-01 -4.760597273707389832e-02 9.069637656211853027e-01 4.178765714168548584e-01 -2.301243133842945099e-02 3.906002770140876712e-01 -1.169064946547767742e-01 -5.490911332060925965e-01 8.277515103716565070e-02 6.617060191186285856e-01 2.286928645085157252e-01 6.230714153019565327e-01
1.661967951699339628e+09 1.037963181734085083e-01 3.354010358452796936e-02 8.481756448745727539e-01 -2.649223990738391876e-02 9.089830517768859863e-01 4.148296713829040527e-01 -3.105380013585090637e-02 3.929543773062401102e-01 -1.169064946547767742e-01 -5.490911332060786076e-01 8.277515103714477851e-02 6.617060191186285856e-01 2.286928645085157252e-01 6.230714153019530910e-01
1.661967951730256796e+09 1.086210384964942932e-01 3.857554867863655090e-02 8.376618027687072754e-01 -5.239753983914852142e-03 9.105389118194580078e-01 4.115600287914276123e-01 -3.885486721992492676e-02 4.080722463703149727e-01 -1.206784861847106233e-01 -5.668075749635056448e-01 8.544589374929872916e-02 6.830559835221636789e-01 2.360716465892697680e-01 6.431748330633263455e-01
1.661967951761173487e+09 1.135210394859313965e-01 4.341884702444076538e-02 8.270023465156555176e-01 1.613770984113216400e-02 9.116258621215820312e-01 4.080735445022583008e-01 -4.640983417630195618e-02 4.105285691021012262e-01 -1.206803474442720570e-01 -5.668163170023799990e-01 8.544721160628292178e-02 6.830665184942210644e-01 2.360752875912675575e-01 6.431847529367447081e-01
1.661967951792091846e+09 1.184927448630332947e-01 4.806512594223022461e-02 8.161987066268920898e-01 3.762619197368621826e-02 9.122384786605834961e-01 4.043762683868408203e-01 -5.371309816837310791e-02 4.129617760865365028e-01 -1.206738332869766450e-01 -5.667857210460022221e-01 8.544259928466053922e-02 6.830296475136652390e-01 2.360625445756126817e-01 6.431500347184201383e-01
1.661967951823008060e+09 1.235324293375015259e-01 5.250953882932662964e-02 8.052524328231811523e-01 5.921153351664543152e-02 9.123719930648803711e-01 4.004743099212646484e-01 -6.075925752520561218e-02 4.154502204211483196e-01 -1.206822087612469813e-01 -5.668250593109277480e-01 8.544852950392629876e-02 6.830770537912586038e-01 2.360789287055804486e-01 6.431946731161692909e-01
1.661967951854922533e+09 1.286362558603286743e-01 5.674728751182556152e-02 7.941651344299316406e-01 8.087943494319915771e-02 9.120219349861145020e-01 3.963740766048431396e-01 -6.754310429096221924e-02 4.048433387331704658e-01 -1.169073680102834661e-01 -5.490952352174049977e-01 8.277576941283837364e-02 6.617109624247874411e-01 2.286945729693933838e-01 6.230760699864741348e-01
1.661967951886344433e+09 1.338002830743789673e-01 6.077360734343528748e-02 7.829387187957763672e-01 1.026154160499572754e-01 9.111843705177307129e-01 3.920820355415344238e-01 -7.405965775251388550e-02 4.136150348836215573e-01 -1.187400193825804001e-01 -5.577029060038591890e-01 8.407337049641530613e-02 6.720840084012020821e-01 2.322796115355901247e-01 6.328434715980355563e-01
1.661967951917261839e+09 1.390204280614852905e-01 6.458380073308944702e-02 7.715752124786376953e-01 1.244048699736595154e-01 9.098556041717529297e-01 3.876047432422637939e-01 -8.030415326356887817e-02 4.228281260456981383e-01 -1.206775555764594693e-01 -5.668032040451785880e-01 8.544523483603978786e-02 6.830507161579896236e-01 2.360698261303857126e-01 6.431698732413568820e-01
1.661967951948179245e+09 1.390204280614852905e-01 6.458380073308944702e-02 7.715752124786376953e-01 1.244048699736595154e-01 9.098556041717529297e-01 3.876047432422637939e-01 -8.030415326356887817e-02 0.000000000000000000e+00 0.000000000000000000e+00 0.000000000000000000e+00 0.000000000000000000e+00 -3.590931987227799002e-15 -1.795465993613899501e-15 0.000000000000000000e+00
1.661967951978603363e+09 1.435012519359588623e-01 7.452151924371719360e-02 7.729915976524353027e-01 1.105903983116149902e-01 9.101926684379577637e-01 3.934388756752014160e-01 -6.726776063442230225e-02 3.613193963746739179e-01 -7.134452299653893173e-03 -3.581209397793411187e-01 4.906320653393204667e-01 -6.783984206296607145e-01 4.467596373528841536e-01 -5.112931249952991086e-01
1.661967952010518312e+09 1.479354202747344971e-01 8.446168154478073120e-02 7.744495868682861328e-01 9.674097597599029541e-02 9.101685881614685059e-01 3.991225957870483398e-01 -5.417999252676963806e-02 3.440879188095759544e-01 -6.801183235253240207e-03 -3.413921671238236422e-01 4.677133488754753321e-01 -6.467086429931775404e-01 4.258903175930767171e-01 -4.874092759982449063e-01
1.661967952042432785e+09 1.523189246654510498e-01 9.440154582262039185e-02 7.759481072425842285e-01 8.286391198635101318e-02 9.097827672958374023e-01 4.046533107757568359e-01 -4.104502871632575989e-02 3.436178954848592704e-01 -6.801284852375391946e-03 -3.413972678965341290e-01 4.677203370249292669e-01 -6.467183055282778037e-01 4.258966808606616250e-01 -4.874165584264048556e-01
1.661967952074347734e+09 1.566478461027145386e-01 1.043383181095123291e-01 7.774860858917236328e-01 6.896650791168212891e-02 9.090345501899719238e-01 4.100282788276672363e-01 -2.786708809435367584e-02 3.430162389881864504e-01 -6.801183235253240207e-03 -3.413921671238306366e-01 4.677133488754753321e-01 -6.467086429931775404e-01 4.258903175930767171e-01 -4.874092759982449063e-01
1.661967952105267525e+09 1.609183400869369507e-01 1.142691671848297119e-01 7.790622115135192871e-01 5.505613237619400024e-02 9.079237580299377441e-01 4.152452349662780762e-01 -1.465049665421247482e-02 3.533149664860240624e-01 -7.020080571331235517e-03 -3.523799369509831858e-01 4.827667892218958645e-01 -6.675230798746962790e-01 4.395976759684998569e-01 -5.030966333896237375e-01
1.661967952135185003e+09 1.651265919208526611e-01 1.241912171244621277e-01 7.806752920150756836e-01 4.114009812474250793e-02 9.064502716064453125e-01 4.203017354011535645e-01 -1.399602391757071018e-03 3.642565248030331104e-01 -7.255271144729704552e-03 -3.641855620551163186e-01 4.989407058630901393e-01 -6.898868026721489688e-01 4.543253174001804506e-01 -5.199516515735209676e-01
1.661967952166102171e+09 1.692688763141632080e-01 1.341015547513961792e-01 7.823237776756286621e-01 2.722575701773166656e-02 9.046139121055603027e-01 4.251955449581146240e-01 1.188116427510976791e-02 3.514862677496777832e-01 -7.020676062295521172e-03 -3.524098282131015725e-01 4.828077407833369916e-01 -6.675797037208869300e-01 4.396349656322437460e-01 -5.031393094666789523e-01
1.661967952198017120e+09 1.733415722846984863e-01 1.439972221851348877e-01 7.840060591697692871e-01 1.332041528075933456e-02 9.024151563644409180e-01 4.299244880676269531e-01 2.518733404576778412e-02 3.394149937243754467e-01 -6.801183235253240207e-03 -3.413921671238306366e-01 4.677133488754753321e-01 -6.467086429931775404e-01 4.258903175930767171e-01 -4.874092759982379675e-01
1.661967952229933739e+09 1.773410886526107788e-01 1.538752615451812744e-01 7.857205271720886230e-01 -5.686127697117626667e-04 8.998543024063110352e-01 4.344865679740905762e-01 3.851438313722610474e-02 3.381948226006122327e-01 -6.800827599233827229e-03 -3.413743156195816475e-01 4.676888919967431280e-01 -6.466748263939866570e-01 4.258680476538593274e-01 -4.873837892132627525e-01
1.661967952261846542e+09 1.812639534473419189e-01 1.637326478958129883e-01 7.874653339385986328e-01 -1.443403773009777069e-02 8.969320654869079590e-01 4.388796389102935791e-01 5.185771733522415161e-02 3.369119146531047715e-01 -6.801640536219985371e-03 -3.414151218014087052e-01 4.677447971925709491e-01 -6.467521266750571041e-01 4.259189537946899695e-01 -4.874420486387960327e-01
1.661967952292763948e+09 1.851067543029785156e-01 1.735663563013076782e-01 7.892385721206665039e-01 -2.826859056949615479e-02 8.936492204666137695e-01 4.431020021438598633e-01 6.521273404359817505e-02 3.462696939653484574e-01 -7.020621922578668302e-03 -3.524071106160858169e-01 4.828040176270271822e-01 -6.675745557015452247e-01 4.396315754013960797e-01 -5.031354295241334817e-01
1.661967952323681355e+09 1.888662278652191162e-01 1.833733171224594116e-01 7.910382151603698730e-01 -4.206502065062522888e-02 8.900066018104553223e-01 4.471517503261566162e-01 7.857473939657211304e-02 3.446579457343028619e-01 -7.020621922578668302e-03 -3.524071106160858169e-01 4.828040176270271822e-01 -6.675745557015487774e-01 4.396315754013960797e-01 -5.031354295241263763e-01
1.661967952355596304e+09 1.925391405820846558e-01 1.931504905223846436e-01 7.928621768951416016e-01 -5.581613630056381226e-02 8.860056996345520020e-01 4.510275125503540039e-01 9.193906933069229126e-02 3.322070040951445313e-01 -6.801183235253240207e-03 -3.413921671238236422e-01 4.677133488754753321e-01 -6.467086429931775404e-01 4.258903175930767171e-01 -4.874092759982449063e-01
1.661967952387513399e+09 1.961223930120468140e-01 2.028947472572326660e-01 7.947080731391906738e-01 -6.951473653316497803e-02 8.816475272178649902e-01 4.547274410724639893e-01 1.053009182214736938e-01 3.303880190805296713e-01 -6.800725995772895216e-03 -3.413692155327040512e-01 4.676819047868758794e-01 -6.466651651580618276e-01 4.258616852418545817e-01 -4.873765077642498444e-01
1.661967952419427633e+09 1.996130049228668213e-01 2.126030325889587402e-01 7.965737581253051758e-01 -8.315371721982955933e-02 8.769338726997375488e-01 4.582502543926239014e-01 1.186555474996566772e-01 3.285079950700025009e-01 -6.801335662076483414e-03 -3.413998183400411279e-01 4.677238311779577939e-01 -6.467231369041018807e-01 4.258998625657533510e-01 -4.874201997220945493e-01
1.661967952451341867e+09 2.030080407857894897e-01 2.222722023725509644e-01 7.984566688537597656e-01 -9.672594815492630005e-02 8.718664050102233887e-01 4.615946412086486816e-01 1.319981068372726440e-01 3.264821353652869740e-01 -6.801335662076483414e-03 -3.413998183400550612e-01 4.677238311779647328e-01 -6.467231369041054334e-01 4.258998625657550718e-01 -4.874201997221014881e-01
1.661967952483255863e+09 2.063047587871551514e-01 2.318991720676422119e-01 8.003542423248291016e-01 -1.102244332432746887e-01 8.664469718933105469e-01 4.647593498229980469e-01 1.453237533569335938e-01 3.243472376578890315e-01 -6.801386472535870219e-03 -3.414023688216690777e-01 4.677273253832074928e-01 -6.467279683521200973e-01 4.259030443183925430e-01 -4.874238410721899450e-01
1.661967952515170574e+09 2.095004618167877197e-01 2.414807975292205811e-01 8.022639751434326172e-01 -1.236421614885330200e-01 8.606777191162109375e-01 4.677433073520660400e-01 1.586276590824127197e-01 3.220913548074637589e-01 -6.801234043434315792e-03 -3.413947174911262650e-01 4.677168429240998737e-01 -6.467134742246357648e-01 4.258934992030990463e-01 -4.874129171851266928e-01
1.661967952547084808e+09 2.125926017761230469e-01 2.510139942169189453e-01 8.041830658912658691e-01 -1.369721889495849609e-01 8.545608520507812500e-01 4.705455005168914795e-01 1.719048619270324707e-01 3.197387905828953381e-01 -6.801335662076483414e-03 -3.413998183400550612e-01 4.677238311779647328e-01 -6.467231369041054334e-01 4.258998625657550718e-01 -4.874201997220945493e-01
1.661967952578999519e+09 2.155787497758865356e-01 2.604956626892089844e-01 8.061087131500244141e-01 -1.502076685428619385e-01 8.480989336967468262e-01 4.731650650501251221e-01 1.851505041122436523e-01 3.172697782232432595e-01 -6.801234043435185755e-03 -3.413947174911262650e-01 4.677168429240998737e-01 -6.467134742246322121e-01 4.258934992030990463e-01 -4.874129171851197539e-01
1.661967952610913992e+09 2.184565961360931396e-01 2.699226737022399902e-01 8.080380558967590332e-01 -1.633417904376983643e-01 8.412944674491882324e-01 4.756013154983520508e-01 1.983595937490463257e-01 3.147020566104570816e-01 -6.801284852375391946e-03 -3.413972678965341290e-01 4.677203370249292669e-01 -6.467183055282778037e-01 4.258966808606581833e-01 -4.874165584264118500e-01
1.661967952642828703e+09 2.212239503860473633e-01 2.792919278144836426e-01 8.099681138992309570e-01 -1.763678044080734253e-01 8.341502547264099121e-01 4.778535366058349609e-01 2.115272134542465210e-01 3.120262488504210729e-01 -6.801234043435185755e-03 -3.413947174911262650e-01 4.677168429240928793e-01 -6.467134742246357648e-01 4.258934992030990463e-01 -4.874129171851197539e-01
1.661967952674743652e+09 2.238787561655044556e-01 2.886004149913787842e-01 8.118958473205566406e-01 -1.892791241407394409e-01 8.266693353652954102e-01 4.799212813377380371e-01 2.246483713388442993e-01 3.092518138003983452e-01 -6.801183235253240207e-03 -3.413921671238236422e-01 4.677133488754753321e-01 -6.467086429931775404e-01 4.258903175930784379e-01 -4.874092759982431855e-01
1.661967952706658363e+09 2.264190763235092163e-01 2.978450357913970947e-01 8.138180375099182129e-01 -2.020690143108367920e-01 8.188547492027282715e-01 4.818040132522583008e-01 2.377180904150009155e-01 3.063819245975489269e-01 -6.801234043435185755e-03 -3.413947174911262650e-01 4.677168429240928793e-01 -6.467134742246322121e-01 4.258934992030973254e-01 -4.874129171851214748e-01
1.661967952737574816e+09 2.288431078195571899e-01 3.070227503776550293e-01 8.157316446304321289e-01 -2.147311717271804810e-01 8.107098340988159180e-01 4.835016429424285889e-01 2.507314383983612061e-01 3.132119248524420363e-01 -7.020838486455295915e-03 -3.524179812556365587e-01 4.828189105968089256e-01 -6.675951482553017513e-01 4.396451366385202841e-01 -5.031509496533633774e-01
1.661967952768492937e+09 2.311492115259170532e-01 3.161305785179138184e-01 8.176333308219909668e-01 -2.272590845823287964e-01 8.022381067276000977e-01 4.850139021873474121e-01 2.636834383010864258e-01 3.100373929818752150e-01 -7.020459508437954660e-03 -3.523989580765126139e-01 4.827928485026218852e-01 -6.675591121199085931e-01 4.396214050225715209e-01 -5.031237900555258769e-01
1.661967952800409317e+09 2.333358526229858398e-01 3.251655399799346924e-01 8.195198178291320801e-01 -2.396463751792907715e-01 7.934430837631225586e-01 4.863407015800476074e-01 2.765690088272094727e-01 2.971919701761595034e-01 -6.800878402102339924e-03 -3.413768657201781687e-01 4.676923856799659607e-01 -6.466796571201994803e-01 4.258712289311543664e-01 -4.873874300193520304e-01
1.661967952832324028e+09 2.354016304016113281e-01 3.341246247291564941e-01 8.213877081871032715e-01 -2.518869042396545410e-01 7.843285799026489258e-01 4.874822199344635010e-01 2.893832623958587646e-01 2.939705608485234101e-01 -6.801234043435185755e-03 -3.413947174911262650e-01 4.677168429240998737e-01 -6.467134742246357648e-01 4.258934992030990463e-01 -4.874129171851214748e-01
1.661967952864238501e+09 2.373452931642532349e-01 3.430050015449523926e-01 8.232335448265075684e-01 -2.639745175838470459e-01 7.748986482620239258e-01 4.884386062622070312e-01 3.021212816238403320e-01 2.906549661334595913e-01 -6.801284852375391946e-03 -3.413972678965341290e-01 4.677203370249292669e-01 -6.467183055282778037e-01 4.258966808606581833e-01 -4.874165584264083528e-01
1.661967952895664692e+09 2.391657382249832153e-01 3.518037199974060059e-01 8.250539302825927734e-01 -2.759031355381011963e-01 7.651572227478027344e-01 4.892101585865020752e-01 3.147779703140258789e-01 2.917191152083433714e-01 -6.906959123701618235e-03 -3.467016932074118429e-01 4.749874941683097096e-01 -6.567666253932504805e-01 4.325140072021822490e-01 -4.949897436056216460e-01
1.661967952927578449e+09 2.408619970083236694e-01 3.605179786682128906e-01 8.268452882766723633e-01 -2.876669168472290039e-01 7.551087141036987305e-01 4.897974133491516113e-01 3.273485004901885986e-01 2.837879954658613646e-01 -6.801437283754437069e-03 -3.414049193414048777e-01 4.677308196406586571e-01 -6.467327998723235716e-01 4.259062261185665443e-01 -4.874274824766958170e-01
1.661967952958495140e+09 2.424332499504089355e-01 3.691449463367462158e-01 8.286041021347045898e-01 -2.992600798606872559e-01 7.447573542594909668e-01 4.902009367942810059e-01 3.398279249668121338e-01 2.892785609102063726e-01 -7.020784344234263889e-03 -3.524152635328723915e-01 4.828151872682265311e-01 -6.675899999977589205e-01 4.396417462508046547e-01 -5.031470695312889596e-01
1.661967952989412546e+09 2.438788115978240967e-01 3.776818811893463135e-01 8.303267955780029297e-01 -3.106767237186431885e-01 7.341078519821166992e-01 4.904211163520812988e-01 3.522112369537353516e-01 2.855404344304971476e-01 -7.020621922577770582e-03 -3.524071106160894251e-01 4.828040176270271822e-01 -6.675745557015487774e-01 4.396315754013969679e-01 -5.031354295241299290e-01
1.661967953020329952e+09 2.451981306076049805e-01 3.861260712146759033e-01 8.320096731185913086e-01 -3.219114840030670166e-01 7.231647372245788574e-01 4.904591739177703857e-01 3.644936680793762207e-01 2.817423262620576407e-01 -7.020621922578668302e-03 -3.524071106160858169e-01 4.828040176270200212e-01 -6.675745557015487774e-01 4.396315754013969679e-01 -5.031354295241299290e-01
1.661967953051247358e+09 2.463908344507217407e-01 3.944748640060424805e-01 8.336491584777832031e-01 -3.329587280750274658e-01 7.119328975677490234e-01 4.903157055377960205e-01 3.766703009605407715e-01 2.778835109641465961e-01 -7.020621922578668302e-03 -3.524071106160858169e-01 4.828040176270271822e-01 -6.675745557015470011e-01 4.396315754013960797e-01 -5.031354295241281527e-01
1.661967953083162546e+09 2.474566698074340820e-01 4.027256667613983154e-01 8.352415561676025391e-01 -3.438131213188171387e-01 7.004173994064331055e-01 4.899918735027313232e-01 3.887363076210021973e-01 2.654030599492802067e-01 -6.801132427829537086e-03 -3.413896167946289806e-01 4.677098548790545873e-01 -6.467038118339016872e-01 4.258871360305900300e-01 -4.874056348657617166e-01
1.661967953115078688e+09 2.483955323696136475e-01 4.108758568763732910e-01 8.367831707000732422e-01 -3.544695079326629639e-01 6.886232495307922363e-01 4.894888699054718018e-01 4.006869494915008545e-01 2.615501801337354326e-01 -6.800929205729863529e-03 -3.413794158588600580e-01 4.676958794153855958e-01 -6.466844879185874584e-01 4.258744102559786637e-01 -4.873910708798377955e-01
1.661967953147992373e+09 2.492074817419052124e-01 4.189230203628540039e-01 8.382703661918640137e-01 -3.649228215217590332e-01 6.765556335449218750e-01 4.888080060482025146e-01 4.125174283981323242e-01 2.498539914066656709e-01 -6.594807599088981821e-03 -3.310329364966472787e-01 4.535210184268019251e-01 -6.270848653365428405e-01 4.129670684775577083e-01 -4.726192907960927170e-01
1.661967953194864035e+09 2.498926818370819092e-01 4.268646836280822754e-01 8.396993875503540039e-01 -3.751679360866546631e-01 6.642199754714965820e-01 4.879504740238189697e-01 4.242230057716369629e-01 1.727749215833363217e-01 -4.630930695007141364e-03 -2.324541790866589130e-01 3.184663651679047747e-01 -4.403443933167326407e-01 2.899890322356065697e-01 -3.318773365128162567e-01
1.661967953226778984e+09 2.504514753818511963e-01 4.346984624862670898e-01 8.410665988922119141e-01 -3.852001726627349854e-01 6.516217589378356934e-01 4.869180023670196533e-01 4.357990324497222900e-01 2.497826555688648087e-01 -6.801183235252370243e-03 -3.413921671238236422e-01 4.677133488754753321e-01 -6.467086429931766522e-01 4.258903175930767171e-01 -4.874092759982414091e-01
1.661967953258693457e+09 2.508843541145324707e-01 4.424220621585845947e-01 8.423683047294616699e-01 -3.950147330760955811e-01 6.387665271759033203e-01 4.857120811939239502e-01 4.472408592700958252e-01 2.457968445129042334e-01 -6.801284852376261042e-03 -3.413972678965341290e-01 4.677203370249292669e-01 -6.467183055282769155e-01 4.258966808606581833e-01 -4.874165584264074647e-01
1.661967953290607929e+09 2.511919438838958740e-01 4.500332176685333252e-01 8.436007499694824219e-01 -4.046071767807006836e-01 6.256600022315979004e-01 4.843346476554870605e-01 4.585440158843994141e-01 2.417845188977911230e-01 -6.801284852376261042e-03 -3.413972678965375707e-01 4.677203370249292669e-01 -6.467183055282769155e-01 4.258966808606581833e-01 -4.874165584264074647e-01
1.661967953322522402e+09 2.513749897480010986e-01 4.575297534465789795e-01 8.447603583335876465e-01 -4.139729142189025879e-01 6.123080849647521973e-01 4.827873110771179199e-01 4.697037637233734131e-01 2.377573770973656908e-01 -6.801284852376261042e-03 -3.413972678965341290e-01 4.677203370249223280e-01 -6.467183055282773596e-01 4.258966808606581833e-01 -4.874165584264083528e-01
1.661967953354437351e+09 2.514344155788421631e-01 4.649095535278320312e-01 8.458433747291564941e-01 -4.231078326702117920e-01 5.987166762351989746e-01 4.810721576213836670e-01 4.807157814502716064e-01 2.337174959224878890e-01 -6.801183235252370243e-03 -3.413921671238236422e-01 4.677133488754753321e-01 -6.467086429931775404e-01 4.258903175930767171e-01 -4.874092759982405765e-01
1.661967953385868788e+09 2.513712644577026367e-01 4.721705913543701172e-01 8.468462824821472168e-01 -4.320077896118164062e-01 5.848917961120605469e-01 4.791913926601409912e-01 4.915757179260253906e-01 2.332137873708385045e-01 -6.905806505611143675e-03 -3.466438363942459522e-01 4.749082293038920932e-01 -6.566570256287092011e-01 4.324418302194979469e-01 -4.949071408099677827e-01
1.661967953417784214e+09 2.511867284774780273e-01 4.793108701705932617e-01 8.477654457092285156e-01 -4.406685829162597656e-01 5.708396434783935547e-01 4.771468937397003174e-01 5.022789239883422852e-01 2.256451787634517758e-01 -6.801081621166669804e-03 -3.413870665035309004e-01 4.677063609348364182e-01 -6.466989807468057627e-01 4.258839545156379303e-01 -4.874019937876828967e-01
1.661967953449696541e+09 2.508821189403533936e-01 4.863285124301910400e-01 8.485973477363586426e-01 -4.490866363048553467e-01 5.565663576126098633e-01 4.749412834644317627e-01 5.128214359283447266e-01 2.216491732327235398e-01 -6.801742167009592298e-03 -3.414202232600833664e-01 4.677517862818010852e-01 -6.467617905095979225e-01 4.259253179180189641e-01 -4.874493320463240686e-01
1.661967953481611729e+09 2.504589259624481201e-01 4.932216703891754150e-01 8.493384122848510742e-01 -4.572581946849822998e-01 5.420783162117004395e-01 4.725767970085144043e-01 5.231989026069641113e-01 2.176325144289311120e-01 -6.801132427829537086e-03 -3.413896167946289806e-01 4.677098548790545873e-01 -6.467038118339010211e-01 4.258871360305900300e-01 -4.874056348657612725e-01
