1.661967993708874941e+09 1.378528122206244648e-16 -2.367949187755584717e-01 1.128897309303283691e+00 -6.125128269195556641e-01 6.125135421752929688e-01 3.533097505569458008e-01 3.533093035221099854e-01 0.000000000000000000e+00 0.000000000000000000e+00 0.000000000000000000e+00 0.000000000000000000e+00 0.000000000000000000e+00 0.000000000000000000e+00 0.000000000000000000e+00
1.661967999154424429e+09 1.378528122206244648e-16 -2.367949187755584717e-01 1.128897309303283691e+00 -6.125128269195556641e-01 6.125135421752929688e-01 3.533097505569458008e-01 3.533093035221099854e-01 0.000000000000000000e+00 0.000000000000000000e+00 0.000000000000000000e+00 0.000000000000000000e+00 0.000000000000000000e+00 0.000000000000000000e+00 0.000000000000000000e+00
1.661967999185341358e+09 1.077234745025634766e-02 -2.304109185934066772e-01 1.119851827621459961e+00 -6.151806712150573730e-01 6.153271198272705078e-01 3.458648025989532471e-01 3.511451184749603271e-01 4.996395003516447275e-01 -5.112759542635889609e-01 -4.776596866445358969e-01 -6.854865945180430020e-02 4.516693567293648681e-01 3.913390921170607772e-02 -7.673870976365519958e-01
1.661967999216258287e+09 2.174790762364864349e-02 -2.243383079767227173e-01 1.110734701156616211e+00 -6.177357435226440430e-01 6.181387901306152344e-01 3.385595083236694336e-01 3.488329350948333740e-01 5.015640934539198348e-01 -5.112759542635854082e-01 -4.776596866445215750e-01 -6.854865945181866371e-02 4.516693567293648681e-01 3.913390921170607772e-02 -7.673870976365447794e-01
1.661967999246178389e+09 3.291723877191543579e-02 -2.185822129249572754e-01 1.101548552513122559e+00 -6.201785206794738770e-01 6.209486126899719238e-01 3.313963711261749268e-01 3.463780581951141357e-01 5.202217178223156324e-01 -5.283097946446116966e-01 -4.935735562308173896e-01 -7.083244947497667476e-02 4.667173238073564212e-01 4.043770759580526258e-02 -7.929536223725427435e-01
1.661967999277096272e+09 4.427077248692512512e-02 -2.131474167108535767e-01 1.092296004295349121e+00 -6.225091218948364258e-01 6.237570047378540039e-01 3.243776857852935791e-01 3.437858521938323975e-01 5.052765135073056246e-01 -5.112601837547398054e-01 -4.776449530427455126e-01 -6.854654504131525716e-02 4.516554248095748236e-01 3.913270211081556343e-02 -7.673634272782748900e-01
1.661967999309011459e+09 5.579883232712745667e-02 -2.080384343862533569e-01 1.082979559898376465e+00 -6.247279047966003418e-01 6.265639662742614746e-01 3.175055682659149170e-01 3.410614430904388428e-01 4.912337917385837804e-01 -4.952840191326208785e-01 -4.627192172956353100e-01 -6.640456152166201997e-02 4.375418254163271903e-01 3.790985998287778325e-02 -7.433843950188990801e-01
1.661967999340925694e+09 6.749165058135986328e-02 -2.032595127820968628e-01 1.073601841926574707e+00 -6.268351674079895020e-01 6.293696761131286621e-01 3.107818067073822021e-01 3.382101356983184814e-01 4.929520222498651183e-01 -4.952988194140873213e-01 -4.627330444622674288e-01 -6.640654585018888889e-02 4.375549002217321570e-01 3.791099282095941603e-02 -7.434066091381902330e-01
1.661967999371843338e+09 7.933934777975082397e-02 -1.988145411014556885e-01 1.064165592193603516e+00 -6.288313865661621094e-01 6.321743726730346680e-01 3.042082786560058594e-01 3.352373242378234863e-01 5.105522322486139020e-01 -5.112641262907424711e-01 -4.776486363579804939e-01 -6.854707363170871315e-02 4.516589077089435689e-01 3.913300387905416233e-02 -7.673693447309407611e-01
1.661967999401762962e+09 9.133198857307434082e-02 -1.947071701288223267e-01 1.054673075675964355e+00 -6.307166814804077148e-01 6.349781751632690430e-01 2.977863550186157227e-01 3.321481645107269287e-01 5.293088894164110769e-01 -5.283182144609289699e-01 -4.935814224462855004e-01 -7.083357835091258492e-02 4.667247620077804582e-01 4.043835206250585845e-02 -7.929662598892349701e-01
1.661967999431682825e+09 1.034595370292663574e-01 -1.909407228231430054e-01 1.045127153396606445e+00 -6.324918270111083984e-01 6.377812027931213379e-01 2.915175557136535645e-01 3.289479613304138184e-01 5.309760308961616326e-01 -5.283140045192233902e-01 -4.935774893072139013e-01 -7.083301390844685963e-02 4.667210428779343667e-01 4.043802982658781936e-02 -7.929599410805336923e-01
1.661967999463597298e+09 1.157119125127792358e-01 -1.875182241201400757e-01 1.035530090332031250e+00 -6.341570019721984863e-01 6.405835747718811035e-01 2.854028940200805664e-01 3.256419301033020020e-01 4.993166215858247936e-01 -4.952951192607943365e-01 -4.627295875931335400e-01 -6.640604975694264223e-02 4.375516314471243895e-01 3.791070960509181770e-02 -7.434010554839037832e-01
1.661967999495512009e+09 1.280789673328399658e-01 -1.844424158334732056e-01 1.025884389877319336e+00 -6.357128024101257324e-01 6.433854699134826660e-01 2.794435620307922363e-01 3.222354650497436523e-01 5.007916615629927071e-01 -4.952914191627904583e-01 -4.627261307756626030e-01 -6.640555367109458873e-02 4.375483627213552773e-01 3.791042639345573728e-02 -7.433955019125908503e-01
1.661967999527426720e+09 1.405504941940307617e-01 -1.817157268524169922e-01 1.016192674636840820e+00 -6.371595859527587891e-01 6.461869478225708008e-01 2.736402750015258789e-01 3.187335133552551270e-01 5.022197719787663273e-01 -4.952914191627852403e-01 -4.627261307756556086e-01 -6.640555367109458873e-02 4.375483627213518356e-01 3.791042639345573728e-02 -7.433955019125908503e-01
1.661967999559342146e+09 1.531162708997726440e-01 -1.793402880430221558e-01 1.006457209587097168e+00 -6.384980678558349609e-01 6.489880681037902832e-01 2.679938077926635742e-01 3.151413798332214355e-01 5.035921868203131480e-01 -4.952803192004578969e-01 -4.627157606331044892e-01 -6.640406545806325223e-02 4.375385568370693812e-01 3.790957678393918479e-02 -7.433788416965096957e-01
1.661967999591256618e+09 1.657660454511642456e-01 -1.773179620504379272e-01 9.966804981231689453e-01 -6.397285461425781250e-01 6.517890095710754395e-01 2.625044882297515869e-01 3.114641308784484863e-01 5.049408594068361955e-01 -4.952951192607960573e-01 -4.627295875931404789e-01 -6.640604975694264223e-02 4.375516314471243895e-01 3.791070960509181770e-02 -7.434010554839003415e-01
1.661967999623172522e+09 1.784895062446594238e-01 -1.756502836942672729e-01 9.868649840354919434e-01 -6.408516764640808105e-01 6.545898914337158203e-01 2.571726739406585693e-01 3.077068030834197998e-01 5.062010422217498862e-01 -4.952729195019676678e-01 -4.627088474629609260e-01 -6.640307335309993120e-02 4.375320198250505221e-01 3.790901039874489814e-02 -7.433677353006377109e-01
1.661967999655086756e+09 1.912763565778732300e-01 -1.743384897708892822e-01 9.770129919052124023e-01 -6.418680548667907715e-01 6.573905944824218750e-01 2.519986331462860107e-01 3.038744330406188965e-01 5.074616243743472754e-01 -4.952988194140873213e-01 -4.627330444622674288e-01 -6.640654585017496947e-02 4.375549002217321570e-01 3.791099282095941603e-02 -7.434066091381867913e-01
1.661967999687001705e+09 2.041162997484207153e-01 -1.733835488557815552e-01 9.671269059181213379e-01 -6.427783370018005371e-01 6.601912975311279297e-01 2.469824403524398804e-01 2.999720871448516846e-01 5.086335545762800114e-01 -4.952877191200623641e-01 -4.627226740098255853e-01 -6.640505759268633401e-02 4.375450940444221004e-01 3.791014318605109151e-02 -7.433899484242565414e-01
1.661967999718916178e+09 2.169990390539169312e-01 -1.727861166000366211e-01 9.572091102600097656e-01 -6.435829401016235352e-01 6.629920005798339844e-01 2.421237230300903320e-01 2.960045039653778076e-01 5.097727764297488307e-01 -4.952951192607960573e-01 -4.627295875931335400e-01 -6.640604975692872280e-02 4.375516314471226131e-01 3.791070960509181770e-02 -7.434010554839037832e-01
1.661967999750831127e+09 2.299142479896545410e-01 -1.725465804338455200e-01 9.472618103027343750e-01 -6.442828774452209473e-01 6.657927632331848145e-01 2.374223917722702026e-01 2.919765412807464600e-01 5.108465882670880642e-01 -4.952877191200640850e-01 -4.627226740098325242e-01 -6.640505759267241459e-02 4.375450940444238213e-01 3.791014318605109151e-02 -7.433899484242565414e-01
1.661967999781749487e+09 2.428516745567321777e-01 -1.726649850606918335e-01 9.372873902320861816e-01 -6.448783278465270996e-01 6.685936450958251953e-01 2.328778952360153198e-01 2.878929376602172852e-01 5.283742381831135759e-01 -5.112522988651452271e-01 -4.776375865826856804e-01 -6.854548788498486533e-02 4.516484591719729380e-01 3.913209858829141269e-02 -7.673515926467227022e-01
1.661967999812665939e+09 2.558010518550872803e-01 -1.731411516666412354e-01 9.272881150245666504e-01 -6.453705430030822754e-01 6.713944673538208008e-01 2.284897267818450928e-01 2.837584316730499268e-01 5.294141901428407460e-01 -5.112838398828660758e-01 -4.776670537862947041e-01 -6.854971670598031253e-02 4.516763230115782290e-01 3.913451279007954670e-02 -7.673989333633052246e-01
1.661967999844580650e+09 2.687521576881408691e-01 -1.739745736122131348e-01 9.172662496566772461e-01 -6.457598209381103516e-01 6.741954088211059570e-01 2.242571562528610229e-01 2.795776426792144775e-01 5.137774322995526388e-01 -4.952914191627869611e-01 -4.627261307756556086e-01 -6.640555367109458873e-02 4.375483627213535565e-01 3.791042639345573728e-02 -7.433955019125890740e-01
1.661967999874500036e+09 2.816948294639587402e-01 -1.751644760370254517e-01 9.072239995002746582e-01 -6.460470557212829590e-01 6.769962906837463379e-01 2.201792746782302856e-01 2.753549814224243164e-01 5.489698637720351604e-01 -5.283224244697301009e-01 -4.935853556480485627e-01 -7.083414280237404492e-02 4.667284811969035219e-01 4.043867430356135745e-02 -7.929725787986379171e-01
1.661967999906414270e+09 2.946189343929290771e-01 -1.767098158597946167e-01 8.971636295318603516e-01 -6.462328433990478516e-01 6.797973513603210449e-01 2.162551879882812500e-01 2.710948884487152100e-01 5.154717049737337353e-01 -4.952988194140873213e-01 -4.627330444622674288e-01 -6.640654585017496947e-02 4.375549002217321570e-01 3.791099282095941603e-02 -7.434066091381867913e-01
1.661967999937331676e+09 3.075143992900848389e-01 -1.786092221736907959e-01 8.870872855186462402e-01 -6.463181972503662109e-01 6.825981736183166504e-01 2.124836146831512451e-01 2.668016552925109863e-01 5.328790513584317212e-01 -5.112680688875506085e-01 -4.776523197300158174e-01 -6.854760223026892807e-02 4.516623906620325091e-01 3.913330565195050070e-02 -7.673752622748820640e-01
1.661967999968249321e+09 3.203712105751037598e-01 -1.808611154556274414e-01 8.769972324371337891e-01 -6.463037729263305664e-01 6.853989958763122559e-01 2.088636159896850586e-01 2.624796926975250244e-01 5.336050649575857507e-01 -5.112641262907424711e-01 -4.776486363579804939e-01 -6.854707363170871315e-02 4.516589077089454007e-01 3.913300387905416233e-02 -7.673693447309444249e-01
1.661968000000164509e+09 3.331794440746307373e-01 -1.834635883569717407e-01 8.668954968452453613e-01 -6.461905241012573242e-01 6.881995201110839844e-01 2.053937017917633057e-01 2.581330239772796631e-01 5.175824164423485918e-01 -4.952840191326191577e-01 -4.627192172956422489e-01 -6.640456152166201997e-02 4.375418254163271903e-01 3.790985998287951797e-02 -7.433843950188956384e-01
1.661968000032079697e+09 3.459292054176330566e-01 -1.864144802093505859e-01 8.567842841148376465e-01 -6.459791064262390137e-01 6.909998059272766113e-01 2.020724117755889893e-01 2.537656128406524658e-01 5.181814901992785050e-01 -4.952840191326208785e-01 -4.627192172956491878e-01 -6.640456152167593940e-02 4.375418254163289111e-01 3.790985998287778325e-02 -7.433843950188990801e-01
1.661968000062996387e+09 3.586107492446899414e-01 -1.897113919258117676e-01 8.466657400131225586e-01 -6.456705331802368164e-01 6.937996745109558105e-01 1.988981515169143677e-01 2.493814080953598022e-01 5.354791831233423061e-01 -5.112798970428201750e-01 -4.776633701870017235e-01 -6.854918807480853138e-02 4.516728398436107850e-01 3.913421099856552454e-02 -7.673930154542885074e-01
1.661968000093913555e+09 3.712143599987030029e-01 -1.933516114950180054e-01 8.365419507026672363e-01 -6.452655196189880371e-01 6.965990662574768066e-01 1.958694159984588623e-01 2.449843287467956543e-01 5.359759182134188338e-01 -5.112720115451656611e-01 -4.776560031588671928e-01 -6.854813083695303344e-02 4.516658736688391462e-01 3.913360742950110910e-02 -7.673811799100825892e-01
1.661968000124831438e+09 3.837304711341857910e-01 -1.973322033882141113e-01 8.264150023460388184e-01 -6.447650194168090820e-01 6.993978619575500488e-01 1.929843127727508545e-01 2.405779957771301270e-01 5.364121775904234779e-01 -5.112601837547398054e-01 -4.776449530427455126e-01 -6.854654504131525716e-02 4.516554248095730473e-01 3.913270211081376626e-02 -7.673634272782748900e-01
1.661968000155749083e+09 3.961496055126190186e-01 -2.016499638557434082e-01 8.162869811058044434e-01 -6.441699862480163574e-01 7.021958231925964355e-01 1.902410537004470825e-01 2.361660003662109375e-01 5.368077141404776764e-01 -5.112641262907424711e-01 -4.776486363579733330e-01 -6.854707363172307666e-02 4.516589077089454007e-01 3.913300387905416233e-02 -7.673693447309444249e-01
1.661968000187663794e+09 4.084623456001281738e-01 -2.063014209270477295e-01 8.061598539352416992e-01 -6.434813141822814941e-01 7.049928903579711914e-01 1.876377463340759277e-01 2.317517995834350586e-01 5.203611884691758949e-01 -4.952914191627887375e-01 -4.627261307756626030e-01 -6.640555367109458873e-02 4.375483627213535565e-01 3.791042639345573728e-02 -7.433955019125942920e-01
1.661968000218580484e+09 4.206594824790954590e-01 -2.112828940153121948e-01 7.960357666015625000e-01 -6.426999568939208984e-01 7.077888846397399902e-01 1.851722896099090576e-01 2.273388206958770752e-01 5.374354770033437090e-01 -5.112798970428219514e-01 -4.776633701870017235e-01 -6.854918807480853138e-02 4.516728398436107850e-01 3.913421099856552454e-02 -7.673930154542885074e-01
1.661968000249497890e+09 4.327318370342254639e-01 -2.165904194116592407e-01 7.859166264533996582e-01 -6.418268084526062012e-01 7.105835080146789551e-01 1.828427165746688843e-01 2.229302674531936646e-01 5.376431607225287124e-01 -5.112680688875506085e-01 -4.776523197300158174e-01 -6.854760223025456456e-02 4.516623906620342854e-01 3.913330565195229788e-02 -7.673752622748820640e-01
1.661968000281412125e+09 4.446704387664794922e-01 -2.222197949886322021e-01 7.758045196533203125e-01 -6.408629417419433594e-01 7.133767604827880859e-01 1.806468516588211060e-01 2.185292690992355347e-01 5.210067344994593341e-01 -4.952988194140873213e-01 -4.627330444622674288e-01 -6.640654585018888889e-02 4.375549002217321570e-01 3.791099282095941603e-02 -7.434066091381867913e-01
1.661968000313328028e+09 4.564664363861083984e-01 -2.281665951013565063e-01 7.657014131546020508e-01 -6.398093104362487793e-01 7.161682248115539551e-01 1.785824596881866455e-01 2.141387760639190674e-01 5.210812056495177647e-01 -4.952729195019641706e-01 -4.627088474629609260e-01 -6.640307335309993120e-02 4.375320198250505221e-01 3.790901039874489814e-02 -7.433677353006342692e-01
1.661968000345241547e+09 4.681110680103302002e-01 -2.344261705875396729e-01 7.556092143058776855e-01 -6.386668682098388672e-01 7.189578413963317871e-01 1.766472756862640381e-01 2.097617387771606445e-01 5.211667234934411752e-01 -4.953099202056770456e-01 -4.627434153795539351e-01 -6.640803417438811973e-02 4.375647068385968841e-01 3.791184249395230382e-02 -7.434232705989307632e-01
1.661968000377155781e+09 4.795957505702972412e-01 -2.409936040639877319e-01 7.455299496650695801e-01 -6.374367475509643555e-01 7.217452526092529297e-01 1.748390197753906250e-01 2.054008692502975464e-01 5.211441946233313915e-01 -4.952988194140873213e-01 -4.627330444622604899e-01 -6.640654585017496947e-02 4.375549002217338779e-01 3.791099282096115769e-02 -7.434066091381867913e-01
1.661968000408073187e+09 4.909120798110961914e-01 -2.478638142347335815e-01 7.354655265808105469e-01 -6.361199021339416504e-01 7.245302200317382812e-01 1.731552481651306152e-01 2.010588049888610840e-01 5.378796601003590361e-01 -5.112680688875506085e-01 -4.776523197300230339e-01 -6.854760223026892807e-02 4.516623906620325091e-01 3.913330565195050070e-02 -7.673752622748820640e-01
1.661968000438990355e+09 5.020517706871032715e-01 -2.550314366817474365e-01 7.254179120063781738e-01 -6.347174048423767090e-01 7.273125648498535156e-01 1.715936064720153809e-01 1.967380642890930176e-01 5.377577357352806287e-01 -5.112720115451656611e-01 -4.776560031588671928e-01 -6.854813083695303344e-02 4.516658736688391462e-01 3.913360742950110910e-02 -7.673811799100790365e-01
1.661968000470412493e+09 5.020517706871032715e-01 -2.550314366817474365e-01 7.254179120063781738e-01 -6.347174048423767090e-01 7.273125648498535156e-01 1.715936064720153809e-01 1.967380642890930176e-01 0.000000000000000000e+00 0.000000000000000000e+00 0.000000000000000000e+00 0.000000000000000000e+00 0.000000000000000000e+00 0.000000000000000000e+00 0.000000000000000000e+00
1.661968000502327204e+09 5.033142566680908203e-01 -2.449116557836532593e-01 7.283948659896850586e-01 -6.316961646080017090e-01 7.289631366729736328e-01 1.699541062116622925e-01 2.017133682966232300e-01 3.328823942828085247e-01 2.482045756527230251e-01 -2.058179469526091876e-01 3.823701929132792832e-01 -4.489761712213357070e-01 3.216251234650873148e-01 7.865909275653439892e-01
1.661968000532247066e+09 5.044208765029907227e-01 -2.347112596035003662e-01 7.314285039901733398e-01 -6.286208629608154297e-01 7.305218577384948730e-01 1.685423702001571655e-01 2.068020701408386230e-01 3.575995475541404178e-01 2.647531296317205407e-01 -2.195404554762119265e-01 4.078639766630135499e-01 -4.789107781285686372e-01 3.430688486771120149e-01 8.390353371414821515e-01
1.661968000563671827e+09 5.053681135177612305e-01 -2.244330942630767822e-01 7.345183491706848145e-01 -6.254934668540954590e-01 7.319874167442321777e-01 1.673621088266372681e-01 2.119959890842437744e-01 3.428595328526251040e-01 2.520743863804370544e-01 -2.090268986690591024e-01 3.883318085305683676e-01 -4.559762549196767489e-01 3.266396496873152366e-01 7.988548352786081219e-01
1.661968000593605042e+09 5.061526894569396973e-01 -2.140800803899765015e-01 7.376640439033508301e-01 -6.223157644271850586e-01 7.333586215972900391e-01 1.664167195558547974e-01 2.172868698835372925e-01 3.624325740140088015e-01 2.646350388842085843e-01 -2.194425314345495870e-01 4.076820526119010468e-01 -4.786971642919375380e-01 3.429158259089007954e-01 8.386610929907527545e-01
1.661968000625505686e+09 5.067712664604187012e-01 -2.036552578210830688e-01 7.408651113510131836e-01 -6.190900206565856934e-01 7.346343398094177246e-01 1.657094508409500122e-01 2.226663678884506226e-01 3.423989376624628211e-01 2.483140222933538643e-01 -2.059087030670642693e-01 3.825388003331183229e-01 -4.491741487708462155e-01 3.217669451426881655e-01 7.869377774747344789e-01
1.661968000657421112e+09 5.072206854820251465e-01 -1.931617408990859985e-01 7.441210746765136719e-01 -6.158179640769958496e-01 7.358134984970092773e-01 1.652430742979049683e-01 2.281259745359420776e-01 3.445429291771273106e-01 2.481990131468220506e-01 -2.058133343722711450e-01 3.823616236254346878e-01 -4.489661092287487998e-01 3.216179155333165340e-01 7.865732992977597648e-01
1.661968000689335346e+09 5.074977278709411621e-01 -1.826027631759643555e-01 7.474314570426940918e-01 -6.125016808509826660e-01 7.368950843811035156e-01 1.650202274322509766e-01 2.336571514606475830e-01 3.468423914129853958e-01 2.482082841285056241e-01 -2.058210221210257374e-01 3.823759059852347986e-01 -4.489828794669574741e-01 3.216299289324253130e-01 7.866026801827081805e-01
1.661968000720251322e+09 5.075993537902832031e-01 -1.719816327095031738e-01 7.507955431938171387e-01 -6.091433763504028320e-01 7.378779649734497070e-01 1.650432795286178589e-01 2.392513304948806763e-01 3.603840785397657287e-01 2.562227830191292077e-01 -2.124668613574065557e-01 3.947225981396886296e-01 -4.634802714538213131e-01 3.320151693673745186e-01 8.120016161199961058e-01
1.661968000751169205e+09 5.075225234031677246e-01 -1.613017320632934570e-01 7.542127966880798340e-01 -6.057451367378234863e-01 7.387611865997314453e-01 1.653142124414443970e-01 2.448998987674713135e-01 3.626882999742901958e-01 2.562069764331426636e-01 -2.124537541088091785e-01 3.946982473906458511e-01 -4.634516789895665179e-01 3.319946870891708479e-01 8.119515230985506760e-01
1.661968000783083439e+09 5.072643756866455078e-01 -1.505665928125381470e-01 7.576825022697448730e-01 -6.023091077804565430e-01 7.395439147949218750e-01 1.658348143100738525e-01 2.505939900875091553e-01 3.536004840674013550e-01 2.482082841285056241e-01 -2.058210221210257374e-01 3.823759059852347986e-01 -4.489828794669609713e-01 3.216299289324253130e-01 7.866026801827081805e-01
1.661968000813003778e+09 5.068221092224121094e-01 -1.397797465324401855e-01 7.612039446830749512e-01 -5.988373756408691406e-01 7.402253746986389160e-01 1.666065156459808350e-01 2.563249468803405762e-01 3.795315418043195277e-01 2.647489102902386704e-01 -2.195369566841335052e-01 4.078574765797168267e-01 -4.789031457802105929e-01 3.430633812266352112e-01 8.390219655276784927e-01
1.661968000844918728e+09 5.061928629875183105e-01 -1.289448887109756470e-01 7.647762894630432129e-01 -5.953323245048522949e-01 7.408045530319213867e-01 1.676305681467056274e-01 2.620840668678283691e-01 3.580116632358085749e-01 2.482027214563841677e-01 -2.058164094028601676e-01 3.823673364413202047e-01 -4.489728171736985796e-01 3.216227207852667136e-01 7.865850513883506645e-01
1.661968000876834393e+09 5.053740739822387695e-01 -1.180657520890235901e-01 7.683987617492675781e-01 -5.917961001396179199e-01 7.412809133529663086e-01 1.689078062772750854e-01 2.678624391555786133e-01 3.601861039261159414e-01 2.481971590335975697e-01 -2.058117968914440488e-01 3.823587672815063065e-01 -4.489627553314408659e-01 3.216155129611906194e-01 7.865674233841581930e-01
1.661968000906754017e+09 5.043631196022033691e-01 -1.071461364626884460e-01 7.720704674720764160e-01 -5.882307887077331543e-01 7.416536808013916016e-01 1.704388409852981567e-01 2.736511826515197754e-01 3.865243771627844827e-01 2.647552393528950221e-01 -2.195422049140609289e-01 4.078672267823571507e-01 -4.789145943939730476e-01 3.430715824676998094e-01 8.390420231082141855e-01
1.661968000937670946e+09 5.031576156616210938e-01 -9.618994593620300293e-02 7.757905125617980957e-01 -5.846388936042785645e-01 7.419222593307495117e-01 1.722240149974822998e-01 2.794415354728698730e-01 3.762710687430960710e-01 2.562148794823446152e-01 -2.124603075309524913e-01 3.947104223896014119e-01 -4.634659747807037822e-01 3.320049279123682417e-01 8.119765688366764600e-01
1.661968000968588114e+09 5.017551183700561523e-01 -8.520113676786422729e-02 7.795578837394714355e-01 -5.810227990150451660e-01 7.420860528945922852e-01 1.742633879184722900e-01 2.852247357368469238e-01 3.784637131445735547e-01 2.562129036743384103e-01 -2.124586691375139891e-01 3.947073785694466541e-01 -4.634624007502408105e-01 3.320023676473427554e-01 8.119703072572946878e-01
1.661968001000504971e+09 5.001534819602966309e-01 -7.418374717235565186e-02 7.833716273307800293e-01 -5.773845314979553223e-01 7.421445846557617188e-01 1.765566617250442505e-01 2.909918725490570068e-01 3.687172103811197088e-01 2.481878888829639751e-01 -2.058041098318226514e-01 3.823444862019703128e-01 -4.489459865965085283e-01 3.216035006389573736e-01 7.865380451329057054e-01
1.661968001033416748e+09 4.983504116535186768e-01 -6.314186006784439087e-02 7.872306704521179199e-01 -5.737266540527343750e-01 7.420973777770996094e-01 1.791033446788787842e-01 2.967342138290405273e-01 3.595968453757499850e-01 2.406851863698983296e-01 -1.995826659935043823e-01 3.707862391400556512e-01 -4.353743808383552238e-01 3.118814493200373072e-01 7.627610550694426950e-01
1.661968001080290556e+09 4.963439106941223145e-01 -5.207963660359382629e-02 7.911339402198791504e-01 -5.700514912605285645e-01 7.419441342353820801e-01 1.819025725126266479e-01 3.024429380893707275e-01 2.538949480030270878e-01 1.689936801415709566e-01 -1.401341300950456614e-01 2.603422838073252144e-01 -3.056919288092665443e-01 2.189831234876213339e-01 5.355618254243155185e-01
1.661968001111206293e+09 4.941320717334747314e-01 -4.100129380822181702e-02 7.950803041458129883e-01 -5.663614273071289062e-01 7.416842579841613770e-01 1.849533319473266602e-01 3.081093728542327881e-01 3.870663173694143255e-01 2.562247589795116354e-01 -2.124684998771980138e-01 3.947256421945756766e-01 -4.634838457599135819e-01 3.320177298298477298e-01 8.120078781822781533e-01
1.661968001142124176e+09 4.917130470275878906e-01 -2.991109900176525116e-02 7.990685701370239258e-01 -5.626589655876159668e-01 7.413177490234375000e-01 1.882541775703430176e-01 3.137249052524566650e-01 3.891348155521514030e-01 2.562069764331426636e-01 -2.124537541088091785e-01 3.946982473906458511e-01 -4.634516789895665179e-01 3.319946870891708479e-01 8.119515230985470122e-01
1.661968001174039841e+09 4.890850782394409180e-01 -1.881337352097034454e-02 8.030974864959716797e-01 -5.589462518692016602e-01 7.408443689346313477e-01 1.918034553527832031e-01 3.192807734012603760e-01 3.789790034357901072e-01 2.481971590335958211e-01 -2.058117968914370821e-01 3.823587672815063065e-01 -4.489627553314425867e-01 3.216155129611897312e-01 7.865674233841546403e-01
1.661968001205955029e+09 4.862466156482696533e-01 -7.712487597018480301e-03 8.071658611297607422e-01 -5.552259087562561035e-01 7.402638196945190430e-01 1.955992728471755981e-01 3.247685134410858154e-01 3.809745313366800779e-01 2.482008672877553390e-01 -2.058148718760833273e-01 3.823644800120389875e-01 -4.489694631761682042e-01 3.216203181413439527e-01 7.865791752991624364e-01
1.661968001237869263e+09 4.831961393356323242e-01 3.387146163731813431e-03 8.112723231315612793e-01 -5.515003800392150879e-01 7.395761609077453613e-01 1.996393650770187378e-01 3.301796317100524902e-01 3.829549675787142782e-01 2.482082841285038755e-01 -2.058210221210257374e-01 3.823759059852347986e-01 -4.489828794669574741e-01 3.216299289324235922e-01 7.866026801827011861e-01
1.661968001269784689e+09 4.799322783946990967e-01 1.448107324540615082e-02 8.154155611991882324e-01 -5.477721095085144043e-01 7.387812137603759766e-01 2.039213031530380249e-01 3.355057835578918457e-01 3.848894016188827427e-01 2.481990131468255201e-01 -2.058133343722711450e-01 3.823616236254346878e-01 -4.489661092287487998e-01 3.216179155333191431e-01 7.865732992977667593e-01
1.661968001300700188e+09 4.764538109302520752e-01 2.556480094790458679e-02 8.195942044258117676e-01 -5.440434813499450684e-01 7.378791570663452148e-01 2.084423303604125977e-01 3.407385647296905518e-01 3.993284117346379558e-01 2.562267349703727937e-01 -2.124701384222617839e-01 3.947286862964283216e-01 -4.634874201211409694e-01 3.320202903318195120e-01 8.120141403411492709e-01
1.661968001331617832e+09 4.727596044540405273e-01 3.663380444049835205e-02 8.238068222999572754e-01 -5.403171181678771973e-01 7.368700504302978516e-01 2.131994366645812988e-01 3.458699285984039307e-01 4.012690791865464179e-01 2.562089521497344924e-01 -2.124553924264429294e-01 3.947012910699699284e-01 -4.634552528546725947e-01 3.319972472357431981e-01 8.119577843882268553e-01
1.661968001362536192e+09 4.688486158847808838e-01 4.768353328108787537e-02 8.280519843101501465e-01 -5.365952253341674805e-01 7.357540726661682129e-01 2.181893885135650635e-01 3.508916497230529785e-01 4.032071818197187074e-01 2.562030250913665541e-01 -2.124504775493423481e-01 3.946921601728207163e-01 -4.634445314247113701e-01 3.319895669144783956e-01 8.119390008088809285e-01
1.661968001393453360e+09 4.647200405597686768e-01 5.870939791202545166e-02 8.323282003402709961e-01 -5.328805446624755859e-01 7.345314025878906250e-01 2.234085798263549805e-01 3.557957410812377930e-01 4.051472963623843904e-01 2.562129036743384103e-01 -2.124586691375068004e-01 3.947073785694466541e-01 -4.634624007502408105e-01 3.320023676473418672e-01 8.119703072572911351e-01
1.661968001424370289e+09 4.603730738162994385e-01 6.970679759979248047e-02 8.366339802742004395e-01 -5.291754603385925293e-01 7.332023382186889648e-01 2.288533300161361694e-01 3.605744540691375732e-01 4.070539569591672957e-01 2.562148794823464470e-01 -2.124603075309524913e-01 3.947104223896014119e-01 -4.634659747807056140e-01 3.320049279123700736e-01 8.119765688366782364e-01
1.661968001455286741e+09 4.558070898056030273e-01 8.067111670970916748e-02 8.409677147865295410e-01 -5.254824161529541016e-01 7.317671775817871094e-01 2.345196008682250977e-01 3.652199804782867432e-01 4.089412351517131561e-01 2.562188311897871662e-01 -2.124635843936383550e-01 3.947165101707492130e-01 -4.634731230070117114e-01 3.320100485608931673e-01 8.119890922851825676e-01
1.661968001486708403e+09 4.510216116905212402e-01 9.159772098064422607e-02 8.453277945518493652e-01 -5.218037962913513184e-01 7.302265167236328125e-01 2.404030263423919678e-01 3.697247505187988281e-01 4.041945303329900208e-01 2.520992510689078481e-01 -2.090475171412245481e-01 3.883701136895377770e-01 -4.560212325458913307e-01 3.266718695143595030e-01 7.989336345445569032e-01
1.661968001518623114e+09 4.460162520408630371e-01 1.024819537997245789e-01 8.497126698493957520e-01 -5.181422829627990723e-01 7.285807132720947266e-01 2.464992254972457886e-01 3.740813136100769043e-01 3.997292735276252174e-01 2.482045756527230251e-01 -2.058179469526022209e-01 3.823701929132792832e-01 -4.489761712213365952e-01 3.216251234650882029e-01 7.865909275653422128e-01
1.661968001549540520e+09 4.407907724380493164e-01 1.133191585540771484e-01 8.541206717491149902e-01 -5.145002007484436035e-01 7.268303632736206055e-01 2.528033256530761719e-01 3.782824575901031494e-01 4.144370398147090295e-01 2.562109278967995563e-01 -2.124570307693443294e-01 3.947043347962365112e-01 -4.634588267748963042e-01 3.319998074217995754e-01 8.119640457744741191e-01
1.661968001580459356e+09 4.353450238704681396e-01 1.241046935319900513e-01 8.585500717163085938e-01 -5.108801722526550293e-01 7.249760031700134277e-01 2.593105733394622803e-01 3.823209702968597412e-01 4.162091715774055567e-01 2.561990738714656213e-01 -2.124472010909391750e-01 3.946860731427524471e-01 -4.634373840803189259e-01 3.319844468977157237e-01 8.119264789054559950e-01
1.661968001612375736e+09 4.296790957450866699e-01 1.348339021205902100e-01 8.629992008209228516e-01 -5.072845220565795898e-01 7.230183482170104980e-01 2.660155296325683594e-01 3.861899077892303467e-01 4.049133010247368269e-01 2.481915968601186573e-01 -2.058071845867565086e-01 3.823501985057674024e-01 -4.489526939401661809e-01 3.216083054601709401e-01 7.865497961700529395e-01
1.661968001644290447e+09 4.237930476665496826e-01 1.455021202564239502e-01 8.674663901329040527e-01 -5.037156939506530762e-01 7.209581136703491211e-01 2.729129493236541748e-01 3.898825347423553467e-01 4.066266934662715049e-01 2.482045756527213043e-01 -2.058179469526091876e-01 3.823701929132722888e-01 -4.489761712213357070e-01 3.216251234650873148e-01 7.865909275653405475e-01
1.661968001690166473e+09 4.176872074604034424e-01 1.561046987771987915e-01 8.719497919082641602e-01 -5.001761317253112793e-01 7.187961935997009277e-01 2.799971401691436768e-01 3.933922648429870605e-01 2.840396831895031782e-01 1.726692123235534504e-01 -1.431819807870171324e-01 2.660046046802875264e-01 -3.123405828960296171e-01 2.237459022910367190e-01 5.472100404530578777e-01
1.661968001721083641e+09 4.113619625568389893e-01 1.666370481252670288e-01 8.764476180076599121e-01 -4.966683387756347656e-01 7.165334224700927734e-01 2.872622907161712646e-01 3.967125415802001953e-01 4.231687100549197944e-01 2.562129036743365784e-01 -2.124586691375139891e-01 3.947073785694466541e-01 -4.634624007502399223e-01 3.320023676473409791e-01 8.119703072572911351e-01
1.661968001752002954e+09 4.048178493976593018e-01 1.770945191383361816e-01 8.809581398963928223e-01 -4.931946396827697754e-01 7.141706347465515137e-01 2.947023808956146240e-01 3.998373150825500488e-01 4.248162452174145676e-01 2.561951227734395320e-01 -2.124439247335878078e-01 3.946799863004322728e-01 -4.634302369563798041e-01 3.319793270388756157e-01 8.119139573882590000e-01
1.661968001782918692e+09 3.980554938316345215e-01 1.874725222587585449e-01 8.854794502258300781e-01 -4.897575080394744873e-01 7.117089033126831055e-01 3.023112118244171143e-01 4.027604460716247559e-01 4.265191416013974224e-01 2.562247589795116354e-01 -2.124684998771980138e-01 3.947256421945828930e-01 -4.634838457599145256e-01 3.320177298298497282e-01 8.120078781822818170e-01
1.661968001814832211e+09 3.910757303237915039e-01 1.977664977312088013e-01 8.900097012519836426e-01 -4.863592386245727539e-01 7.091493010520935059e-01 3.100823760032653809e-01 4.054761230945587158e-01 4.147630375404572911e-01 2.482138470499682947e-01 -2.058256350459546913e-01 3.823844759132760118e-01 -4.489929422112592938e-01 3.216371374026864016e-01 7.866203097672583855e-01
1.661968001844752312e+09 3.838794529438018799e-01 2.079719156026840210e-01 8.945471048355102539e-01 -4.830022454261779785e-01 7.064929008483886719e-01 3.180092275142669678e-01 4.079788029193878174e-01 4.440583534618741668e-01 2.647510199441668322e-01 -2.195387060662363499e-01 4.078607265954672378e-01 -4.789069619239813558e-01 3.430661149300892054e-01 8.390286512813081021e-01
1.661968001875671387e+09 3.764677345752716064e-01 2.180842459201812744e-01 8.990896940231323242e-01 -4.796889126300811768e-01 7.037408947944641113e-01 3.260850608348846436e-01 4.102630615234375000e-01 4.312940526063200886e-01 2.561970983072198726e-01 -2.124455628996278211e-01 3.946830296981243547e-01 -4.634338104907943512e-01 3.319818869485568480e-01 8.119202180985818362e-01
1.661968001906586647e+09 3.688416779041290283e-01 2.280990183353424072e-01 9.036356210708618164e-01 -4.764214456081390381e-01 7.008945345878601074e-01 3.343030214309692383e-01 4.123237729072570801e-01 4.329089232714231628e-01 2.562287109917116834e-01 -2.124717769925985322e-01 3.947317304452259701e-01 -4.634909945374966478e-01 3.320228508732810946e-01 8.120204025966042405e-01
1.661968001938501358e+09 3.610026240348815918e-01 2.380118072032928467e-01 9.081829190254211426e-01 -4.732022881507873535e-01 6.979551911354064941e-01 3.426559269428253174e-01 4.141559302806854248e-01 4.208407654639646500e-01 2.482045756527230251e-01 -2.058179469526091876e-01 3.823701929132792832e-01 -4.489761712213365952e-01 3.216251234650874258e-01 7.865909275653396593e-01
1.661968001970416307e+09 3.529520034790039062e-01 2.478182166814804077e-01 9.127296209335327148e-01 -4.700335860252380371e-01 6.949241161346435547e-01 3.511365652084350586e-01 4.157548248767852783e-01 4.223031543581216574e-01 2.482027214563858886e-01 -2.058164094028601676e-01 3.823673364413202047e-01 -4.489728171736963591e-01 3.216227207852670467e-01 7.865850513883542172e-01
1.661968002001839399e+09 3.446913361549377441e-01 2.575138807296752930e-01 9.172738790512084961e-01 -4.669176042079925537e-01 6.918027997016906738e-01 3.597376048564910889e-01 4.171159565448760986e-01 4.303796944152565862e-01 2.520877744493353889e-01 -2.090380004178768458e-01 3.883524334464222849e-01 -4.560004725389468216e-01 3.266569980351493596e-01 7.988972637209696970e-01
1.661968002033754826e+09 3.362222909927368164e-01 2.670945525169372559e-01 9.218137264251708984e-01 -4.638565778732299805e-01 6.885927915573120117e-01 3.684514462947845459e-01 4.182350933551788330e-01 4.251623525878781562e-01 2.481990131468237992e-01 -2.058133343722781117e-01 3.823616236254346878e-01 -4.489661092287496325e-01 3.216179155333185324e-01 7.865732992977632065e-01
1.661968002065672159e+09 3.362222909927368164e-01 2.670945525169372559e-01 9.218137264251708984e-01 -4.638565778732299805e-01 6.885927915573120117e-01 3.684514462947845459e-01 4.182350933551788330e-01 0.000000000000000000e+00 0.000000000000000000e+00 0.000000000000000000e+00 0.000000000000000000e+00 0.000000000000000000e+00 2.174020546401663167e-16 0.000000000000000000e+00
1.661968002097091913e+09 3.529590666294097900e-01 2.809723317623138428e-01 9.030851125717163086e-01 -4.586488604545593262e-01 6.903904080390930176e-01 3.697109222412109375e-01 4.199000895023345947e-01 9.133179742233854537e-01 -3.164156546491284083e-01 -1.147181305707249965e+00 6.332930893291548458e-01 -1.597063853436546388e-01 6.801618810580316588e-01 3.137350656907091917e-01
1.661968002127011776e+09 3.698153495788574219e-01 2.941336631774902344e-01 8.836359381675720215e-01 -4.534704387187957764e-01 6.921299695968627930e-01 3.710303604602813721e-01 4.214940369129180908e-01 9.661536401467586410e-01 -3.322776619594795533e-01 -1.204689832829905161e+00 6.650402531149414154e-01 -1.677125121411398578e-01 7.142585907847576188e-01 3.294626943095167459e-01
1.661968002157929897e+09 3.867660164833068848e-01 3.065529465675354004e-01 8.634826540946960449e-01 -4.483197033405303955e-01 6.938137412071228027e-01 3.724102079868316650e-01 4.230160415172576904e-01 9.417003905087004689e-01 -3.215493571273961848e-01 -1.165793809310019080e+00 6.435679864601656641e-01 -1.622975500164101359e-01 6.911972033725450881e-01 3.188252768120328207e-01
1.661968002189357519e+09 4.037851393222808838e-01 3.182056844234466553e-01 8.426427245140075684e-01 -4.431954026222229004e-01 6.954437494277954102e-01 3.738512992858886719e-01 4.244656264781951904e-01 9.329791173658148473e-01 -3.163364409164275970e-01 -1.146894112226224394e+00 6.331345462584745398e-01 -1.596664033176918018e-01 6.799916045225697925e-01 3.136565230356055389e-01
1.661968002219277620e+09 4.037851393222808838e-01 3.182056844234466553e-01 8.426427245140075684e-01 -4.431954026222229004e-01 6.954437494277954102e-01 3.738512992858886719e-01 4.244656264781951904e-01 0.000000000000000000e+00 0.000000000000000000e+00 0.000000000000000000e+00 0.000000000000000000e+00 0.000000000000000000e+00 -4.638282381107256675e-16 0.000000000000000000e+00
1.661968002251192331e+09 3.944031000137329102e-01 3.332531452178955078e-01 8.437615633010864258e-01 -4.468067586421966553e-01 6.839436292648315430e-01 3.816261887550354004e-01 4.323730170726776123e-01 5.567327185624368902e-01 2.879084304230599689e-01 -4.832035177293371730e-01 5.692899286424710770e-01 1.038333046577470942e-01 7.650115996458987100e-01 -4.564556911634451986e-01
1.661968002282616138e+09 3.847480416297912598e-01 3.480104207992553711e-01 8.447992801666259766e-01 -4.501112997531890869e-01 6.723339557647705078e-01 3.892676830291748047e-01 4.402698576450347900e-01 5.621731846075741501e-01 2.924061463602765643e-01 -4.907521406002160469e-01 5.781833965453998525e-01 1.054553923072352323e-01 7.769626385884763620e-01 -4.635864585180595743e-01
1.661968002314530373e+09 3.748258948326110840e-01 3.624700307846069336e-01 8.457532525062561035e-01 -4.531067609786987305e-01 6.606226563453674316e-01 3.967743813991546631e-01 4.481540918350219727e-01 5.503012310727651846e-01 2.879127321223297065e-01 -4.832107373728060651e-01 5.692984345207695585e-01 1.038348560525783060e-01 7.650230298420698238e-01 -4.564625111621161135e-01
1.661968002346445084e+09 3.646427989006042480e-01 3.766248226165771484e-01 8.466209769248962402e-01 -4.557909369468688965e-01 6.488176584243774414e-01 4.041447043418884277e-01 4.560234546661376953e-01 5.470426791274257683e-01 2.879084304230599689e-01 -4.832035177293336758e-01 5.692899286424710770e-01 1.038333046577462337e-01 7.650115996458970447e-01 -4.564556911634460312e-01
1.661968002378359795e+09 3.542050719261169434e-01 3.904677927494049072e-01 8.473998308181762695e-01 -4.581618010997772217e-01 6.369268894195556641e-01 4.113772809505462646e-01 4.638756811618804932e-01 5.437791687659777606e-01 2.879084304230599689e-01 -4.832035177293371730e-01 5.692899286424710770e-01 1.038333046577470942e-01 7.650115996458970447e-01 -4.564556911634443104e-01
1.661968002409277678e+09 3.435191810131072998e-01 4.039922058582305908e-01 8.480872511863708496e-01 -4.602176249027252197e-01 6.249583959579467773e-01 4.184707105159759521e-01 4.717085957527160645e-01 5.579370911154022394e-01 2.971909291128926878e-01 -4.987825544864555871e-01 5.876444902264841286e-01 1.071810097354692071e-01 7.896764528458715127e-01 -4.711723472508175803e-01
1.661968002439197302e+09 3.325916826725006104e-01 4.171915054321289062e-01 8.486806154251098633e-01 -4.619569182395935059e-01 6.129201650619506836e-01 4.254236519336700439e-01 4.795199334621429443e-01 5.730672252013191414e-01 3.071066083609378383e-01 -5.154242731269611522e-01 6.072510586179291625e-01 1.107570694664681971e-01 8.160237523395895698e-01 -4.868928602551449991e-01
1.661968002470114231e+09 3.214293718338012695e-01 4.300594627857208252e-01 8.491773009300231934e-01 -4.633782505989074707e-01 6.008203029632568359e-01 4.322348535060882568e-01 4.873075187206268311e-01 5.512175598130263365e-01 2.972000963673090967e-01 -4.987979401060271822e-01 5.876626169121355048e-01 1.071843158780482752e-01 7.897008114794661360e-01 -4.711868811963652037e-01
1.661968002501031637e+09 3.100391328334808350e-01 4.425900280475616455e-01 8.495748043060302734e-01 -4.644805192947387695e-01 5.886669158935546875e-01 4.389029443264007568e-01 4.950689971446990967e-01 5.478608426837217049e-01 2.971955126694079130e-01 -4.987902471775956803e-01 5.876535534295228569e-01 1.071826627812639821e-01 7.896886319748280814e-01 -4.711796141115137670e-01
1.661968002531949043e+09 2.984279692173004150e-01 4.547774493694305420e-01 8.498705625534057617e-01 -4.652628302574157715e-01 5.764682292938232422e-01 4.454269409179687500e-01 5.028021335601806641e-01 5.445369953949520392e-01 2.971955126694070248e-01 -4.987902471775956803e-01 5.876535534295300733e-01 1.071826627812639821e-01 7.896886319748280814e-01 -4.711796141115137670e-01
1.661968002563863754e+09 2.866030633449554443e-01 4.666161537170410156e-01 8.500620126724243164e-01 -4.657242000102996826e-01 5.642321109771728516e-01 4.518051743507385254e-01 5.105048418045043945e-01 5.243286495188074214e-01 2.879084304230599689e-01 -4.832035177293371730e-01 5.692899286424710770e-01 1.038333046577466640e-01 7.650115996458987100e-01 -4.564556911634443104e-01
1.661968002593783617e+09 2.745716273784637451e-01 4.781008958816528320e-01 8.501465916633605957e-01 -4.658643901348114014e-01 5.519670248031616211e-01 4.580369591712951660e-01 5.181747078895568848e-01 5.559235687330208453e-01 3.071041611598320786e-01 -5.154201659315548190e-01 6.072462196941755819e-01 1.107561868907904756e-01 8.160172497956043047e-01 -4.868889804143559652e-01
1.661968002623703718e+09 2.623410224914550781e-01 4.892266392707824707e-01 8.501217961311340332e-01 -4.656829535961151123e-01 5.396810173988342285e-01 4.641209840774536133e-01 5.258095264434814453e-01 5.526023753622897328e-01 3.071017139977274546e-01 -5.154160588016086786e-01 6.072413808475324304e-01 1.107553043291788358e-01 8.160107473552502544e-01 -4.868851006353985822e-01
1.661968002654621124e+09 2.499187290668487549e-01 4.999886155128479004e-01 8.499851226806640625e-01 -4.651797413825988770e-01 5.273821353912353516e-01 4.700561463832855225e-01 5.334070920944213867e-01 5.316198554147609778e-01 2.971955126694079130e-01 -4.987902471775956803e-01 5.876535534295300733e-01 1.071826627812639821e-01 7.896886319748280814e-01 -4.711796141115133230e-01
