1.661968020924643993e+09 1.378528122206244648e-16 -2.367949187755584717e-01 1.128897309303283691e+00 -6.125128269195556641e-01 6.125135421752929688e-01 3.533097505569458008e-01 3.533093035221099854e-01 0.000000000000000000e+00 0.000000000000000000e+00 0.000000000000000000e+00 0.000000000000000000e+00 0.000000000000000000e+00 0.000000000000000000e+00 0.000000000000000000e+00
1.661968022326907396e+09 1.517306000284389216e-16 -2.367949187755584717e-01 1.128897309303283691e+00 -6.125128269195556641e-01 6.125135421752929688e-01 3.533097505569458008e-01 3.533093035221099854e-01 9.896705411215606678e-18 0.000000000000000000e+00 0.000000000000000000e+00 0.000000000000000000e+00 0.000000000000000000e+00 -7.917364328972485342e-17 0.000000000000000000e+00
1.661968022352838755e+09 3.125822637230157852e-03 -2.228086143732070923e-01 1.127530932426452637e+00 -6.107685565948486328e-01 6.144025921821594238e-01 3.528630435466766357e-01 3.534953296184539795e-01 5.551708820523677534e-01 -1.568548665894279326e-01 -9.492764342720120263e-01 4.032465227516556228e-01 1.398113824013231220e-02 5.296308639280641328e-01 6.363227242505413439e-02
1.661968022383754969e+09 6.367679219692945480e-03 -2.087724208831787109e-01 1.125811696052551270e+00 -6.090154647827148438e-01 6.162895560264587402e-01 3.524144887924194336e-01 3.536825180053710938e-01 4.692661766916930155e-01 -1.315639668527702477e-01 -7.962173954065584480e-01 3.382280276432928501e-01 1.172685328790900282e-02 4.442344629856267990e-01 5.337235855110268601e-02
1.661968022415176153e+09 9.726192802190780640e-03 -1.946959197521209717e-01 1.123736858367919922e+00 -6.072534322738647461e-01 6.181745529174804688e-01 3.519640564918518066e-01 3.538710772991180420e-01 4.652781709943983879e-01 -1.294495994364711910e-01 -7.834213680640497168e-01 3.327923575427796932e-01 1.153839076978337326e-02 4.370951611220271760e-01 5.251461019833513627e-02
1.661968022447091103e+09 1.320184022188186646e-02 -1.805887073278427124e-01 1.121303677558898926e+00 -6.054825782775878906e-01 6.200574040412902832e-01 3.515116870403289795e-01 3.540610074996948242e-01 4.615828365769172881e-01 -1.274468494164276711e-01 -7.713008426439310616e-01 3.276436363134973551e-01 1.135987718267259493e-02 4.303327428023992485e-01 5.170214235691193011e-02
1.661968022478008747e+09 1.679494231939315796e-02 -1.664605438709259033e-01 1.118509769439697266e+00 -6.037028431892395020e-01 6.219380497932434082e-01 3.510572612285614014e-01 3.542523086071014404e-01 4.800891060762224050e-01 -1.315578795920089861e-01 -7.961805556621872615e-01 3.382123783568614095e-01 1.172631070458945123e-02 4.442139089457884937e-01 5.336988909482400650e-02
1.661968022509432793e+09 2.050567045807838440e-02 -1.523212045431137085e-01 1.115352988243103027e+00 -6.019144058227539062e-01 6.238162517547607422e-01 3.506007790565490723e-01 3.544451594352722168e-01 4.759133390161635058e-01 -1.294378136123307821e-01 -7.833500409489936311e-01 3.327620582431303764e-01 1.153734024938723492e-02 4.370553655048630692e-01 5.250982897102159097e-02
1.661968022539352894e+09 2.433403953909873962e-02 -1.381805688142776489e-01 1.111831426620483398e+00 -6.001171469688415527e-01 6.256921887397766113e-01 3.501421511173248291e-01 3.546395599842071533e-01 5.035754941791339423e-01 -1.359440507891407079e-01 -8.227254059728692503e-01 3.494884600105269690e-01 1.211726871045423412e-02 4.590241070032986537e-01 5.514925397260894702e-02
1.661968022571267605e+09 2.827991172671318054e-02 -1.240485683083534241e-01 1.107943177223205566e+00 -5.983111858367919922e-01 6.275655627250671387e-01 3.496812283992767334e-01 3.548354506492614746e-01 4.756111693202105251e-01 -1.274478015070412418e-01 -7.713066046403788123e-01 3.276460839725165997e-01 1.135996204653924591e-02 4.303359575995215902e-01 5.170252859732995393e-02
1.661968022602693796e+09 3.234299272298812866e-02 -1.099352017045021057e-01 1.103686928749084473e+00 -5.964965224266052246e-01 6.294364333152770996e-01 3.492180705070495605e-01 3.550330400466918945e-01 4.865652472859648969e-01 -1.294289756525065505e-01 -7.832965541355368932e-01 3.327393373888451467e-01 1.153655248461618252e-02 4.370255235471391941e-01 5.250624362184178745e-02
1.661968022633610964e+09 3.652282431721687317e-02 -9.585049748420715332e-02 1.099061369895935059e+00 -5.946732163429260254e-01 6.313045620918273926e-01 3.487525582313537598e-01 3.552322983741760254e-01 4.981951040654721274e-01 -1.315599086163393716e-01 -7.961928351981948371e-01 3.382175946247725218e-01 1.172649156011714398e-02 4.442207600810633150e-01 5.337071222152586086e-02
1.661968022665525436e+09 4.081879556179046631e-02 -8.180453628301620483e-02 1.094065546989440918e+00 -5.928413271903991699e-01 6.331700086593627930e-01 3.482845723628997803e-01 3.554332554340362549e-01 4.861303732758912588e-01 -1.274487536118783515e-01 -7.713123667228893865e-01 3.276485316681065352e-01 1.136004691167374903e-02 4.303391724446765654e-01 5.170291484351839661e-02
1.661968022696442842e+09 4.523013532161712646e-02 -6.780743598937988281e-02 1.088698506355285645e+00 -5.910008549690246582e-01 6.350325942039489746e-01 3.478141129016876221e-01 3.556360006332397461e-01 5.054234959441175068e-01 -1.315588940963512421e-01 -7.961866953828372617e-01 3.382149864707008069e-01 1.172640113165591101e-02 4.442173344870097296e-01 5.337030065500140280e-02
1.661968022727360010e+09 4.975591972470283508e-02 -5.386932939291000366e-02 1.082959771156311035e+00 -5.891518592834472656e-01 6.368922591209411621e-01 3.473410904407501221e-01 3.558405935764312744e-01 5.090396054799094516e-01 -1.315599086163393716e-01 -7.961928351981876206e-01 3.382175946247653608e-01 1.172649156011708847e-02 4.442207600810633150e-01 5.337071222152586086e-02
1.661968022758277655e+09 5.439504981040954590e-02 -4.000037908554077148e-02 1.076848983764648438e+00 -5.872943997383117676e-01 6.387488245964050293e-01 3.468654751777648926e-01 3.560470342636108398e-01 5.126405494594230561e-01 -1.315578795920089861e-01 -7.961805556621800450e-01 3.382123783568685704e-01 1.172631070458939571e-02 4.442139089457884937e-01 5.336988909482400650e-02
1.661968022789194584e+09 5.914628133177757263e-02 -2.621074952185153961e-02 1.070366144180297852e+00 -5.854285955429077148e-01 6.406023502349853516e-01 3.463871777057647705e-01 3.562553822994232178e-01 5.162561715283527919e-01 -1.315609231519755118e-01 -7.961989751082335642e-01 3.382202028190558485e-01 1.172658198997290381e-02 4.442241857279485839e-01 5.337112379439798437e-02
1.661968022820112467e+09 6.400819867849349976e-02 -1.251061633229255676e-02 1.063511371612548828e+00 -5.835543870925903320e-01 6.424527168273925781e-01 3.459061086177825928e-01 3.564657270908355713e-01 5.198392851883714139e-01 -1.315568651033122149e-01 -7.961744160362067557e-01 3.382097702832461139e-01 1.172622027891750789e-02 4.442104834573983863e-01 5.336947754099420627e-02
1.661968022851029158e+09 6.897924095392227173e-02 1.089855213649570942e-03 1.056285023689270020e+00 -5.816718935966491699e-01 6.442996859550476074e-01 3.454222679138183594e-01 3.566780388355255127e-01 5.234536371928376619e-01 -1.315619377032600235e-01 -7.962051151129841964e-01 3.382228110535733245e-01 1.172667242122355652e-02 4.442276114276721977e-01 5.337153537361858519e-02
1.661968022882944107e+09 7.405767589807510376e-02 1.458050683140754700e-02 1.048687815666198730e+00 -5.797811150550842285e-01 6.461432576179504395e-01 3.449355363845825195e-01 3.568923771381378174e-01 5.105553211730231578e-01 -1.274468494164285315e-01 -7.713008426439310616e-01 3.276436363134973551e-01 1.135987718267270422e-02 4.303327428023992485e-01 5.170214235691193011e-02
1.661968022912863493e+09 7.924161106348037720e-02 2.795120142400264740e-02 1.040720582008361816e+00 -5.778821706771850586e-01 6.479834318161010742e-01 3.444458842277526855e-01 3.571088314056396484e-01 5.483081800552807028e-01 -1.359473006807852546e-01 -8.227450741261215228e-01 3.494968149155078807e-01 1.211755838705360147e-02 4.590350804780597427e-01 5.515057237601571349e-02
1.661968022944778442e+09 8.452900499105453491e-02 4.119183123111724854e-02 1.032384395599365234e+00 -5.759750604629516602e-01 6.498199701309204102e-01 3.439532816410064697e-01 3.573273420333862305e-01 5.174857824284185837e-01 -1.274468494164276711e-01 -7.713008426439310616e-01 3.276436363134973551e-01 1.135987718267259493e-02 4.303327428023957513e-01 5.170214235691170807e-02
1.661968022975696087e+09 8.991765975952148438e-02 5.429231375455856323e-02 1.023680686950683594e+00 -5.740599036216735840e-01 6.516528725624084473e-01 3.434576392173767090e-01 3.575479984283447266e-01 5.377423449725580173e-01 -1.315578795920085142e-01 -7.961805556621728286e-01 3.382123783568614095e-01 1.172631070458939571e-02 4.442139089457903256e-01 5.336988909482400650e-02
1.661968023006613016e+09 9.540519863367080688e-02 6.724262237548828125e-02 1.014611124992370605e+00 -5.721367597579956055e-01 6.534820199012756348e-01 3.429588675498962402e-01 3.577708601951599121e-01 5.413088256815684618e-01 -1.315609231519764000e-01 -7.961989751082406697e-01 3.382202028190630649e-01 1.172658198997295932e-02 4.442241857279503603e-01 5.337112379439820642e-02
1.661968023036533356e+09 1.009891256690025330e-01 8.003276586532592773e-02 1.005177378654479980e+00 -5.702056288719177246e-01 6.553074121475219727e-01 3.424569368362426758e-01 3.579959273338317871e-01 5.630044275653353081e-01 -1.359429675264550996e-01 -8.227188501307561852e-01 3.494856751309698972e-01 1.211717215466547384e-02 4.590204492949676585e-01 5.514881451881419733e-02
1.661968023068448067e+09 1.066667661070823669e-01 9.265282005071640015e-02 9.953815937042236328e-01 -5.682666301727294922e-01 6.571286916732788086e-01 3.419518172740936279e-01 3.582232296466827393e-01 5.312474598082935762e-01 -1.274478015070399373e-01 -7.713066046403719289e-01 3.276460839725165997e-01 1.135996204653919213e-02 4.303359575995198694e-01 5.170252859732973882e-02
1.661968023099366188e+09 1.124352887272834778e-01 1.050929203629493713e-01 9.852261543273925781e-01 -5.663198828697204590e-01 6.589459776878356934e-01 3.414434492588043213e-01 3.584528863430023193e-01 5.518949383213436199e-01 -1.315558506302632602e-01 -7.961682765049366006e-01 3.382071622498540320e-01 1.172612985464027528e-02 4.442070580218380749e-01 5.336906599351162739e-02
1.661968023130284786e+09 1.182917356491088867e-01 1.173432767391204834e-01 9.747135639190673828e-01 -5.643652677536010742e-01 6.607592105865478516e-01 3.409317433834075928e-01 3.586847186088562012e-01 5.553996885595023913e-01 -1.315538217310997793e-01 -7.961559977264399679e-01 3.382019463037358453e-01 1.172594901026930217e-02 4.442002073092022330e-01 5.336824291758754391e-02
1.661968023162199497e+09 1.242329776287078857e-01 1.293941736221313477e-01 9.638466238975524902e-01 -5.624030232429504395e-01 6.625680923461914062e-01 3.404166698455810547e-01 3.589189946651458740e-01 5.414562056535803247e-01 -1.274478015070407977e-01 -7.713066046403719289e-01 3.276460839725235386e-01 1.135996204653924591e-02 4.303359575995215902e-01 5.170252859732995393e-02
1.661968023193116665e+09 1.302557438611984253e-01 1.412359923124313354e-01 9.526283740997314453e-01 -5.604331493377685547e-01 6.643728017807006836e-01 3.398981690406799316e-01 3.591555356979370117e-01 5.624143211385975727e-01 -1.315599086163393716e-01 -7.961928351981805152e-01 3.382175946247653608e-01 1.172649156011703296e-02 4.442207600810633150e-01 5.337071222152586086e-02
1.661968023224034309e+09 1.363566219806671143e-01 1.528592109680175781e-01 9.410620927810668945e-01 -5.584558248519897461e-01 6.661729812622070312e-01 3.393762111663818359e-01 3.593945205211639404e-01 5.658800805498511721e-01 -1.315578795920089861e-01 -7.961805556621872615e-01 3.382123783568614095e-01 1.172631070458945123e-02 4.442139089457884937e-01 5.336988909482400650e-02
1.661968023270906925e+09 1.425320506095886230e-01 1.642543673515319824e-01 9.291512966156005859e-01 -5.564709901809692383e-01 6.679687500000000000e-01 3.388507664203643799e-01 3.596359193325042725e-01 3.755418684020369047e-01 -8.677688842069819497e-02 -5.251686288627516186e-01 2.230882552241684469e-01 7.734791399453383107e-03 2.930079211602964473e-01 3.520331070528977258e-02
1.661968023301824331e+09 1.487783491611480713e-01 1.754121780395507812e-01 9.168996810913085938e-01 -5.544788241386413574e-01 6.697598695755004883e-01 3.383216559886932373e-01 3.598797023296356201e-01 5.727899773103563019e-01 -1.315588940963507980e-01 -7.961866953828372617e-01 3.382149864707080233e-01 1.172640113165596652e-02 4.442173344870097296e-01 5.337030065500117382e-02
1.661968023333738804e+09 1.550916582345962524e-01 1.863234192132949829e-01 9.043112397193908691e-01 -5.524793267250061035e-01 6.715462803840637207e-01 3.377890586853027344e-01 3.601260185241699219e-01 5.582174572212514896e-01 -1.274487536118783515e-01 -7.713123667228963809e-01 3.276485316681065352e-01 1.136004691167374903e-02 4.303391724446757327e-01 5.170291484351883377e-02
1.661968023365653515e+09 1.614680290222167969e-01 1.969790160655975342e-01 8.913901448249816895e-01 -5.504726767539978027e-01 6.733279228210449219e-01 3.372527360916137695e-01 3.603747189044952393e-01 5.615211491292050328e-01 -1.274478015070412418e-01 -7.713066046403719289e-01 3.276460839725165997e-01 1.135996204653924591e-02 4.303359575995215902e-01 5.170252859732995393e-02
1.661968023396571636e+09 1.679033339023590088e-01 2.073700129985809326e-01 8.781408667564392090e-01 -5.484588742256164551e-01 6.751047372817993164e-01 3.367127180099487305e-01 3.606259524822235107e-01 5.830171954225761288e-01 -1.315558506302632602e-01 -7.961682765049366006e-01 3.382071622498540320e-01 1.172612985464021804e-02 4.442070580218389630e-01 5.336906599351162739e-02
1.661968023427489758e+09 1.743933558464050293e-01 2.174875885248184204e-01 8.645680546760559082e-01 -5.464379787445068359e-01 6.768765449523925781e-01 3.361689448356628418e-01 3.608796894550323486e-01 5.863964658650880901e-01 -1.315558506302623720e-01 -7.961682765049294952e-01 3.382071622498611929e-01 1.172612985464021804e-02 4.442070580218371867e-01 5.336906599351162739e-02
1.661968023459404230e+09 1.809337288141250610e-01 2.273230701684951782e-01 8.506765961647033691e-01 -5.444101095199584961e-01 6.786432862281799316e-01 3.356213867664337158e-01 3.611359596252441406e-01 5.713455873255764983e-01 -1.274487536118783515e-01 -7.713123667229032643e-01 3.276485316681065352e-01 1.136004691167380280e-02 4.303391724446765654e-01 5.170291484351883377e-02
1.661968023491318703e+09 1.875199824571609497e-01 2.368679493665695190e-01 8.364714980125427246e-01 -5.423754453659057617e-01 6.804049015045166016e-01 3.350700139999389648e-01 3.613947629928588867e-01 5.745863079362794057e-01 -1.274487536118792119e-01 -7.713123667228893865e-01 3.276485316681065352e-01 1.136004691167380280e-02 4.303391724446757327e-01 5.170291484351883377e-02
1.661968023521238804e+09 1.941474825143814087e-01 2.461138516664505005e-01 8.219582438468933105e-01 -5.403339862823486328e-01 6.821612119674682617e-01 3.345147967338562012e-01 3.616561293601989746e-01 6.163184192991402188e-01 -1.359440507891407079e-01 -8.227254059728766888e-01 3.494884600105269690e-01 1.211726871045423412e-02 4.590241070032986537e-01 5.514925397260894702e-02
1.661968023552156448e+09 2.008115351200103760e-01 2.550525665283203125e-01 8.071421980857849121e-01 -5.382857322692871094e-01 6.839122772216796875e-01 3.339555859565734863e-01 3.619200289249420166e-01 5.997394261119741721e-01 -1.315578795920089861e-01 -7.961805556621800450e-01 3.382123783568685704e-01 1.172631070458939571e-02 4.442139089457884937e-01 5.336988909482400650e-02
1.661968023583074093e+09 2.075073122978210449e-01 2.636760771274566650e-01 7.920292019844055176e-01 -5.362309813499450684e-01 6.856579184532165527e-01 3.333925306797027588e-01 3.621864616870880127e-01 6.030233384985848044e-01 -1.315578795920080701e-01 -7.961805556621800450e-01 3.382123783568614095e-01 1.172631070458939571e-02 4.442139089457884937e-01 5.336988909482400650e-02
1.661968023614988327e+09 2.142298370599746704e-01 2.719765305519104004e-01 7.766252160072326660e-01 -5.341696739196777344e-01 6.873979568481445312e-01 3.328254222869873047e-01 3.624555766582489014e-01 5.873534849871474561e-01 -1.274497057309428028e-01 -7.713181288915132994e-01 3.276509794002679943e-01 1.136013177807629164e-02 4.303423873378647846e-01 5.170330109547870145e-02
1.661968023646903515e+09 2.209741026163101196e-01 2.799462378025054932e-01 7.609363198280334473e-01 -5.321019291877746582e-01 6.891324520111083984e-01 3.322543501853942871e-01 3.627272248268127441e-01 5.904785304931778889e-01 -1.274458973400399153e-01 -7.712950807335857695e-01 3.276411886910480242e-01 1.135979232007403722e-02 4.303295280533083744e-01 5.170175612226463047e-02
1.661968023678816795e+09 2.277349382638931274e-01 2.875777184963226318e-01 7.449690103530883789e-01 -5.300279259681701660e-01 6.908612251281738281e-01 3.316792547702789307e-01 3.630014955997467041e-01 5.936320190997247392e-01 -1.274535143494585354e-01 -7.713411784269441629e-01 3.276607706946523813e-01 1.136047125636690906e-02 4.303552473909775244e-01 5.170484616103014630e-02
1.661968023709734440e+09 2.345070987939834595e-01 2.948637008666992188e-01 7.287297844886779785e-01 -5.279476046562194824e-01 6.925843358039855957e-01 3.310999870300292969e-01 3.632782995700836182e-01 6.159472514292055889e-01 -1.315578795920089861e-01 -7.961805556621800450e-01 3.382123783568614095e-01 1.172631070458945123e-02 4.442139089457884937e-01 5.336988909482400650e-02
1.661968023740652084e+09 2.412852495908737183e-01 3.017970323562622070e-01 7.122254967689514160e-01 -5.258612036705017090e-01 6.943014264106750488e-01 3.305166959762573242e-01 3.635577559471130371e-01 6.191200173382485072e-01 -1.315578795920080701e-01 -7.961805556621800450e-01 3.382123783568614095e-01 1.172631070458933847e-02 4.442139089457884937e-01 5.336988909482400650e-02
1.661968023772567511e+09 2.480639815330505371e-01 3.083708882331848145e-01 6.954630017280578613e-01 -5.237687230110168457e-01 6.960126161575317383e-01 3.299291729927062988e-01 3.638398051261901855e-01 6.028191923192642854e-01 -1.274449452778776692e-01 -7.712893189093340540e-01 3.276387411051677745e-01 1.135970745874327441e-02 4.303263133522474693e-01 5.170136989338792316e-02
1.661968023804481506e+09 2.548377513885498047e-01 3.145785629749298096e-01 6.784494519233703613e-01 -5.216704607009887695e-01 6.977177858352661133e-01 3.293375968933105469e-01 3.641244769096374512e-01 6.058777019494014926e-01 -1.274506578642314036e-01 -7.713238911462245717e-01 3.276534271690087485e-01 1.136021664574685119e-02 4.303456022790885793e-01 5.170368735320967496e-02
1.661968023835399628e+09 2.616009712219238281e-01 3.204135894775390625e-01 6.611922979354858398e-01 -5.195662379264831543e-01 6.994168162345886230e-01 3.287417292594909668e-01 3.644117414951324463e-01 6.284949157153905119e-01 -1.315558506302632602e-01 -7.961682765049330479e-01 3.382071622498540320e-01 1.172612985464027528e-02 4.442070580218376308e-01 5.336906599351162739e-02
1.661968023866316795e+09 2.683480083942413330e-01 3.258697390556335449e-01 6.436990499496459961e-01 -5.174562931060791016e-01 7.011097073554992676e-01 3.281416893005371094e-01 3.647015690803527832e-01 6.315925618366690086e-01 -1.315599086163393716e-01 -7.961928351981876206e-01 3.382175946247653608e-01 1.172649156011703296e-02 4.442207600810633150e-01 5.337071222152586086e-02
1.661968023897233009e+09 2.683480083942413330e-01 3.258697390556335449e-01 6.436990499496459961e-01 -5.174562931060791016e-01 7.011097073554992676e-01 3.281416893005371094e-01 3.647015690803527832e-01 0.000000000000000000e+00 0.000000000000000000e+00 0.000000000000000000e+00 0.000000000000000000e+00 1.122209515420973734e-16 0.000000000000000000e+00 0.000000000000000000e+00
1.661968023928150177e+09 2.684305310249328613e-01 3.402887284755706787e-01 6.561308503150939941e-01 -5.152731537818908691e-01 6.911699771881103516e-01 3.382867872714996338e-01 3.772793710231781006e-01 6.157899181264760990e-01 6.088316594704289847e-02 -1.751572254107554572e-01 7.172727061992983932e-01 -2.609730851544175834e-01 6.617584583564276590e-01 2.583511726674071751e-02
1.661968023958070278e+09 2.683186829090118408e-01 3.543365001678466797e-01 6.688062548637390137e-01 -5.128951668739318848e-01 6.809797286987304688e-01 3.483546674251556396e-01 3.896848261356353760e-01 6.323966246371094391e-01 6.291205497751872766e-02 -1.809942177503715277e-01 7.411753187331682202e-01 -2.696698311511651069e-01 6.838110973100574030e-01 2.669605452596832823e-02
1.661968023989985943e+09 2.680135071277618408e-01 3.680047392845153809e-01 6.817131638526916504e-01 -5.103241205215454102e-01 6.705423593521118164e-01 3.583403527736663818e-01 4.019134938716888428e-01 5.891042588232198174e-01 5.897840664666093025e-02 -1.696773468771707871e-01 6.948324825875531463e-01 -2.528084159332177339e-01 6.410550248448283472e-01 2.502685312467780449e-02
1.661968024021406651e+09 2.675162851810455322e-01 3.812856078147888184e-01 6.948391795158386230e-01 -5.075619220733642578e-01 6.598613858222961426e-01 3.682391643524169922e-01 4.139610826969146729e-01 5.944941464084475546e-01 5.990746826227528327e-02 -1.723502015537463350e-01 7.057778815150176355e-01 -2.567907987865686859e-01 6.511532904803792876e-01 2.542109043829340539e-02
1.661968024053320885e+09 2.668284475803375244e-01 3.941715955734252930e-01 7.081718444824218750e-01 -5.046105384826660156e-01 6.489403843879699707e-01 3.780463039875030518e-01 4.258234500885009766e-01 5.813967203589732735e-01 5.898105027229403469e-02 -1.696849524299266498e-01 6.948636274940624968e-01 -2.528197477213484090e-01 6.410837592510587601e-01 2.502797491880850989e-02
1.661968024085236073e+09 2.659516036510467529e-01 4.066556990146636963e-01 7.216984033584594727e-01 -5.014719367027282715e-01 6.377829909324645996e-01 3.877570331096649170e-01 4.374965727329254150e-01 5.774039026798030161e-01 5.897928782887402327e-02 -1.696798819856652485e-01 6.948428639128372275e-01 -2.528121930830580233e-01 6.410646026940289843e-01 2.502722704488106673e-02
1.661968024116658211e+09 2.648876011371612549e-01 4.187313020229339600e-01 7.354059219360351562e-01 -4.981483221054077148e-01 6.263929605484008789e-01 3.973667621612548828e-01 4.489764273166656494e-01 5.823557262764941234e-01 5.990474093925925864e-02 -1.723423552086219557e-01 7.057457505584489033e-01 -2.567791082331840613e-01 6.511236463407144015e-01 2.541993312807767913e-02
1.661968024148573637e+09 2.636384963989257812e-01 4.303922355175018311e-01 7.492813467979431152e-01 -4.946418106555938721e-01 6.147742867469787598e-01 4.068706333637237549e-01 4.602589607238769531e-01 5.692448620589721786e-01 5.897884723447655020e-02 -1.696786144219507020e-01 6.948376732114261989e-01 -2.528103044940294142e-01 6.410598137336556146e-01 2.502704008338278371e-02
1.661968024180488586e+09 2.622064352035522461e-01 4.416328370571136475e-01 7.633113861083984375e-01 -4.909548759460449219e-01 6.029306650161743164e-01 4.162642359733581543e-01 4.713406264781951904e-01 5.650806505463716878e-01 5.897972842985436254e-02 -1.696811495683217819e-01 6.948480546918087697e-01 -2.528140817003031726e-01 6.410693917259553398e-01 2.502741400917271944e-02
1.661968024212403774e+09 2.605938315391540527e-01 4.524478614330291748e-01 7.774828076362609863e-01 -4.870897233486175537e-01 5.908664464950561523e-01 4.255430102348327637e-01 4.822174310684204102e-01 5.608478695853383877e-01 5.897928782887402327e-02 -1.696798819856652485e-01 6.948428639128372275e-01 -2.528121930830578012e-01 6.410646026940289843e-01 2.502722704488106673e-02
1.661968024244318247e+09 2.588032782077789307e-01 4.628325402736663818e-01 7.917820215225219727e-01 -4.830488860607147217e-01 5.785856246948242188e-01 4.347022473812103271e-01 4.928859472274780273e-01 5.565733911221131258e-01 5.898060965156422253e-02 -1.696836847904520662e-01 6.948584364824196280e-01 -2.528178590194477549e-01 6.410789700044698947e-01 2.502778794613637683e-02
1.661968024274237633e+09 2.568374872207641602e-01 4.727825224399566650e-01 8.061954975128173828e-01 -4.788346886634826660e-01 5.660924315452575684e-01 4.437375366687774658e-01 5.033425092697143555e-01 5.890584300955016284e-01 6.291355895919721608e-02 -1.809985446156706368e-01 7.411930373421218299e-01 -2.696762779042665703e-01 6.838274445643759414e-01 2.669669272443291747e-02
1.661968024305155039e+09 2.546994090080261230e-01 4.822940230369567871e-01 8.207096457481384277e-01 -4.744500815868377686e-01 5.533911585807800293e-01 4.526445269584655762e-01 5.135837197303771973e-01 5.655161854955916834e-01 6.088269644847378592e-02 -1.751558746914687048e-01 7.172671749739826241e-01 -2.609710726688946880e-01 6.617533552274351694e-01 2.583491804006778081e-02
1.661968024335074186e+09 2.523920536041259766e-01 4.913636744022369385e-01 8.353107571601867676e-01 -4.698975086212158203e-01 5.404862761497497559e-01 4.614188671112060547e-01 5.236063599586486816e-01 5.796576806619290201e-01 6.291406030240445646e-02 -1.809999869500766856e-01 7.411989437333669217e-01 -2.696784268904638959e-01 6.838328938228411813e-01 2.669690546403593462e-02
1.661968024365991592e+09 2.499187290668487549e-01 4.999886155128479004e-01 8.499851226806640625e-01 -4.651797413825988770e-01 5.273821353912353516e-01 4.700561463832855225e-01 5.334070920944213867e-01 5.563246375883559303e-01 6.088269644847378592e-02 -1.751558746914651243e-01 7.172671749739754077e-01 -2.609710726688946880e-01 6.617533552274351694e-01 2.583491804006778081e-02
