1.661968038042196274e+09 1.378528122206244648e-16 -2.367949187755584717e-01 1.128897309303283691e+00 -6.125128269195556641e-01 6.125135421752929688e-01 3.533097505569458008e-01 3.533093035221099854e-01 0.000000000000000000e+00 0.000000000000000000e+00 0.000000000000000000e+00 0.000000000000000000e+00 0.000000000000000000e+00 0.000000000000000000e+00 0.000000000000000000e+00
1.661968042045067310e+09 1.378528122206244648e-16 -2.367949187755584717e-01 1.128897309303283691e+00 -6.125128269195556641e-01 6.125135421752929688e-01 3.533097505569458008e-01 3.533093035221099854e-01 0.000000000000000000e+00 0.000000000000000000e+00 0.000000000000000000e+00 0.000000000000000000e+00 0.000000000000000000e+00 0.000000000000000000e+00 0.000000000000000000e+00
1.661968042080971479e+09 1.101638283580541611e-02 -2.346378266811370850e-01 1.107773065567016602e+00 6.286269426345825195e-01 -6.158629655838012695e-01 -3.267101049423217773e-01 -3.446759581565856934e-01 6.662650582074709504e-01 -3.847505145120428405e-01 -4.361257865839761605e-01 -2.596703247757820576e-01 -1.169776753127927810e-01 -8.828562961611394755e-01 -8.904401916378670290e-01
1.661968042111888885e+09 2.211291529238224030e-02 -2.335142046213150024e-01 1.086889624595642090e+00 6.443316936492919922e-01 -6.184843182563781738e-01 -3.004370033740997314e-01 -3.347408175468444824e-01 7.657553727118816544e-01 -4.468081019140793253e-01 -5.064698487707205432e-01 -3.015533457664906769e-01 -1.358453623879284922e-01 -1.025254888745066761e+00 -1.034062013921680512e+00
1.661968042141808987e+09 3.325045853853225708e-02 -2.334061861038208008e-01 1.066286325454711914e+00 6.596030592918395996e-01 -6.203829050064086914e-01 -2.745561003684997559e-01 -3.235240876674652100e-01 7.827913735508658100e-01 -4.617012305919969695e-01 -5.233516389551748915e-01 -3.116048035679889749e-01 -1.403733968028707535e-01 -1.059428962402943153e+00 -1.068529649061483289e+00
1.661968042172726631e+09 4.439095407724380493e-02 -2.342929840087890625e-01 1.046001195907592773e+00 6.744173765182495117e-01 -6.215648055076599121e-01 -2.491318136453628540e-01 -3.110493421554565430e-01 7.490853760209705836e-01 -4.468046563943936511e-01 -5.064659431749609642e-01 -3.015510203655157317e-01 -1.358443148288792368e-01 -1.025246982586051736e+00 -1.034054039847324136e+00
1.661968042204641104e+09 5.549756065011024475e-02 -2.361508607864379883e-01 1.026070952415466309e+00 6.887515783309936523e-01 -6.220372319221496582e-01 -2.242272645235061646e-01 -2.973433434963226318e-01 7.172780019352390513e-01 -4.328489995585816374e-01 -4.906468043167864779e-01 -2.921322676768929316e-01 -1.316013047936968050e-01 -9.932240507384223482e-01 -1.001756025215501111e+00
1.661968042235558033e+09 6.653480976819992065e-02 -2.389534115791320801e-01 1.006530880928039551e+00 7.025830745697021484e-01 -6.218080520629882812e-01 -1.999040395021438599e-01 -2.824360430240631104e-01 7.315129717230086648e-01 -4.468149931128749808e-01 -5.064776601429783476e-01 -3.015579966759926456e-01 -1.358474575544974805e-01 -1.025270701428914411e+00 -1.034077962439342802e+00
1.661968042266475201e+09 7.746875286102294922e-02 -2.426715493202209473e-01 9.874146580696105957e-01 7.158896327018737793e-01 -6.208863854408264160e-01 -1.762221753597259521e-01 -2.663604617118835449e-01 7.223804348280278287e-01 -4.468115474869063242e-01 -5.064737544267305935e-01 -3.015556712033160003e-01 -1.358464099631342958e-01 -1.025262795026018914e+00 -1.034069988119014294e+00
1.661968042296395540e+09 8.826707303524017334e-02 -2.472737580537796021e-01 9.687545299530029297e-01 7.286496758460998535e-01 -6.192820072174072266e-01 -1.532397121191024780e-01 -2.491526752710342407e-01 7.367915853722036834e-01 -4.616975515511548833e-01 -5.233474686564536515e-01 -3.116023205622482917e-01 -1.403722782451845286e-01 -1.059420520401569421e+00 -1.068521134541788653e+00
1.661968042327817440e+09 9.889923036098480225e-02 -2.527261972427368164e-01 9.505808949470520020e-01 7.408422231674194336e-01 -6.170057058334350586e-01 -1.310129314661026001e-01 -2.308515161275863647e-01 6.921853485419465768e-01 -4.396343829483513321e-01 -4.983382317652737536e-01 -2.967117617700576471e-01 -1.336642997608327721e-01 -1.008793928416486629e+00 -1.017459650962657669e+00
1.661968042358734608e+09 1.093365401029586792e-01 -2.589928805828094482e-01 9.329223632812500000e-01 7.524467706680297852e-01 -6.140691041946411133e-01 -1.095958948135375977e-01 -2.114987075328826904e-01 6.937365143130659328e-01 -4.468115474869072123e-01 -5.064737544267378100e-01 -3.015556712033016784e-01 -1.358464099631347399e-01 -1.025262795026026019e+00 -1.034069988119018069e+00
1.661968042389653683e+09 1.195522919297218323e-01 -2.660358548164367676e-01 9.158058166503906250e-01 7.634436488151550293e-01 -6.104847192764282227e-01 -8.904046565294265747e-02 -1.911386698484420776e-01 6.837521766650608290e-01 -4.467839843921537213e-01 -5.064425108651855467e-01 -3.015370687128806071e-01 -1.358380298138506248e-01 -1.025199548192483379e+00 -1.034006197983726061e+00
1.661968042421076059e+09 1.295218467712402344e-01 -2.738153338432312012e-01 8.992561697959899902e-01 7.738137841224670410e-01 -6.062658429145812988e-01 -6.939612329006195068e-02 -1.698182523250579834e-01 6.628378655254468788e-01 -4.396277114603138747e-01 -4.983306694414865734e-01 -2.967072591445897856e-01 -1.336622713940544271e-01 -1.008778619885386307e+00 -1.017444210928499126e+00
1.661968042452990294e+09 1.392226815223693848e-01 -2.822899222373962402e-01 8.832963109016418457e-01 7.835385799407958984e-01 -6.014266610145568848e-01 -5.070983245968818665e-02 -1.475868374109268188e-01 6.426460732937270270e-01 -4.328522332016918051e-01 -4.906504697443683227e-01 -2.921344500811258738e-01 -1.316022879348222041e-01 -9.932314707211707949e-01 -1.001763508937243419e+00
1.661968042484905243e+09 1.486345082521438599e-01 -2.914168238639831543e-01 8.679473400115966797e-01 7.926004528999328613e-01 -5.959820151329040527e-01 -3.302595391869544983e-02 -1.244960203766822815e-01 6.324928833242058346e-01 -4.328425324172999189e-01 -4.906394736259307998e-01 -2.921279029662202653e-01 -1.315993385555125073e-01 -9.932092111055085271e-01 -1.001741058107453064e+00
1.661968042516329527e+09 1.577392667531967163e-01 -3.011519908905029297e-01 8.532279729843139648e-01 8.009825348854064941e-01 -5.899476408958435059e-01 -1.638611406087875366e-02 -1.005996465682983398e-01 6.319234138123610567e-01 -4.396010275328496308e-01 -4.983004224413762895e-01 -2.966892500091753981e-01 -1.336541585425174705e-01 -1.008717390406853376e+00 -1.017382455477656267e+00
1.661968042547247410e+09 1.665212064981460571e-01 -3.114503026008605957e-01 8.391551375389099121e-01 8.086685538291931152e-01 -5.833399891853332520e-01 -8.290947298519313335e-04 -7.595346868038177490e-02 6.315088629327445524e-01 -4.468012109278454158e-01 -5.064620376394146639e-01 -3.015486950004334643e-01 -1.358432672859866408e-01 -1.025239076548978279e+00 -1.034046065895954936e+00
1.661968042578164577e+09 1.749669015407562256e-01 -3.222658336162567139e-01 8.257433772087097168e-01 8.156433701515197754e-01 -5.761761069297790527e-01 1.360926032066345215e-02 -5.061516538262367249e-02 6.206272811269053502e-01 -4.468115474869063242e-01 -5.064737544267305935e-01 -3.015556712033016784e-01 -1.358464099631338518e-01 -1.025262795026018914e+00 -1.034069988119018069e+00
1.661968042609081268e+09 1.830652654170989990e-01 -3.335520029067993164e-01 8.130052685737609863e-01 8.218922615051269531e-01 -5.684737563133239746e-01 2.689613029360771179e-02 -2.464407868683338165e-02 6.096155322601378712e-01 -4.468184387919865719e-01 -5.064815659194723541e-01 -3.015603221845644666e-01 -1.358485051620175188e-01 -1.025278607953745702e+00 -1.034085936882657819e+00
1.661968042640506983e+09 1.908075511455535889e-01 -3.452617824077606201e-01 8.009511828422546387e-01 8.274015784263610840e-01 -5.602514743804931641e-01 3.900180384516716003e-02 1.898888032883405685e-03 5.887869723833204505e-01 -4.395810167129126089e-01 -4.982777396007914694e-01 -2.966757445922459380e-01 -1.336480745501404388e-01 -1.008671473175541511e+00 -1.017336143809006277e+00
1.661968042672423840e+09 1.981873959302902222e-01 -3.573478758335113525e-01 7.895892262458801270e-01 8.321588039398193359e-01 -5.515284538269042969e-01 4.989976063370704651e-02 2.895145863294601440e-02 5.688439359292079001e-01 -4.328166657845510801e-01 -4.906101530529153321e-01 -2.921104454277032580e-01 -1.315914741902860507e-01 -9.931498570079257959e-01 -1.001681194147425957e+00
1.661968042704336405e+09 2.052007168531417847e-01 -3.697629570960998535e-01 7.789254188537597656e-01 8.361516594886779785e-01 -5.423242449760437012e-01 5.956669896841049194e-02 5.645013228058815002e-02 5.579480185924978741e-01 -4.328748700563467278e-01 -4.906761292709180267e-01 -2.921497278239187367e-01 -1.316091703340241115e-01 -9.932834137047533707e-01 -1.001815898120457238e+00
1.661968042734255552e+09 2.118457257747650146e-01 -3.824599087238311768e-01 7.689635157585144043e-01 8.393694162368774414e-01 -5.326591134071350098e-01 6.798265874385833740e-02 8.433038741350173950e-02 5.833397983469612580e-01 -4.617159473417170035e-01 -5.233683208147320576e-01 -3.116147359866220934e-01 -1.403778712118846361e-01 -1.059462731753876952e+00 -1.068563708497265008e+00
1.661968042765172958e+09 2.118457257747650146e-01 -3.824599087238311768e-01 7.689635157585144043e-01 8.393694162368774414e-01 -5.326591134071350098e-01 6.798265874385833740e-02 8.433038741350173950e-02 0.000000000000000000e+00 0.000000000000000000e+00 0.000000000000000000e+00 0.000000000000000000e+00 0.000000000000000000e+00 0.000000000000000000e+00 0.000000000000000000e+00
1.661968042796090841e+09 2.161895781755447388e-01 -3.618872463703155518e-01 7.710617780685424805e-01 8.375083804130554199e-01 -5.386617779731750488e-01 6.335639208555221558e-02 6.640171259641647339e-02 6.834456694754068584e-01 8.768503290706337883e-02 -6.224016154579201654e-01 6.931671780730014332e-01 -7.170796793995654062e-03 1.107096339011704789e+00 5.255435845542607565e-01
1.661968042828005791e+09 2.204266488552093506e-01 -3.412038683891296387e-01 7.731740474700927734e-01 8.353309035301208496e-01 -5.444791316986083984e-01 5.837699025869369507e-02 4.854774847626686096e-02 6.648391403802469402e-01 8.494563302497021295e-02 -6.029569410879017655e-01 6.715116911223628637e-01 -6.946771333312633592e-03 1.072509141174045055e+00 5.091248870202143006e-01
1.661968042857925415e+09 2.245521098375320435e-01 -3.204239904880523682e-01 7.753009796142578125e-01 8.328401446342468262e-01 -5.501053929328918457e-01 5.304712057113647461e-02 3.077949769794940948e-02 7.116378558845110058e-01 9.061061567554164198e-02 -6.431678440933894514e-01 7.162944768218592051e-01 -7.410048110226647063e-03 1.144034250364150074e+00 5.430781763093422976e-01
1.661968042888843060e+09 2.285612970590591431e-01 -2.995618879795074463e-01 7.774429917335510254e-01 8.300395607948303223e-01 -5.555346608161926270e-01 4.736973345279693604e-02 1.310787256807088852e-02 6.905946573805312738e-01 8.768570908215198023e-02 -6.224064150508841209e-01 6.931725233681020892e-01 -7.170852090937263057e-03 1.107104876283555139e+00 5.255476372353983239e-01
1.661968042919760942e+09 2.324496805667877197e-01 -2.786319851875305176e-01 7.796002030372619629e-01 8.269326090812683105e-01 -5.607610344886779785e-01 4.134804382920265198e-02 -4.456290043890476227e-03 6.920607729550293241e-01 8.768503290706516906e-02 -6.224016154579201654e-01 6.931671780730157550e-01 -7.170796793995654062e-03 1.107096339011704789e+00 5.255435845542607565e-01
1.661968042951674461e+09 2.362129241228103638e-01 -2.576486766338348389e-01 7.817725539207458496e-01 8.235229849815368652e-01 -5.657791495323181152e-01 3.498562052845954895e-02 -2.190224267542362213e-02 6.714550627931711313e-01 8.494944068099863355e-02 -6.029839684058622140e-01 6.715417913811867479e-01 -6.947082719723300312e-03 1.072557215992663071e+00 5.091477083516640079e-01
1.661968042983589172e+09 2.398468703031539917e-01 -2.366265803575515747e-01 7.839596867561340332e-01 8.198147416114807129e-01 -5.705834031105041504e-01 2.828624844551086426e-02 -3.921933472156524658e-02 6.719688182068551674e-01 8.494626761060115883e-02 -6.029614454726471839e-01 6.715167076447687844e-01 -6.946823229109236331e-03 1.072517153344530572e+00 5.091286904333780505e-01
1.661968043015504837e+09 2.433475404977798462e-01 -2.155802249908447266e-01 7.861608862876892090e-01 8.158118128776550293e-01 -5.751684308052062988e-01 2.125404402613639832e-02 -5.639703199267387390e-02 6.720447202321864211e-01 8.494372932495147799e-02 -6.029434283374740522e-01 6.714966420048005258e-01 -6.946615650574495052e-03 1.072485105380818871e+00 5.091134771216526689e-01
1.661968043047419548e+09 2.467111200094223022e-01 -1.945242434740066528e-01 7.883753776550292969e-01 8.115183115005493164e-01 -5.795289278030395508e-01 1.389337144792079926e-02 -7.342488318681716919e-02 6.717162625118165975e-01 8.494626761060290743e-02 -6.029614454726403006e-01 6.715167076447687844e-01 -6.946823229109236331e-03 1.072517153344530572e+00 5.091286904333780505e-01
1.661968043079334259e+09 2.499340027570724487e-01 -1.734732687473297119e-01 7.906019687652587891e-01 8.069386482238769531e-01 -5.836597084999084473e-01 6.208883132785558701e-03 -9.029260277748107910e-02 6.709237626864890114e-01 8.494626761060290743e-02 -6.029614454726471839e-01 6.715167076447687844e-01 -6.946823229109236331e-03 1.072517153344530572e+00 5.091286904333780505e-01
1.661968043109254599e+09 2.530127465724945068e-01 -1.524419337511062622e-01 7.928393483161926270e-01 8.020773530006408691e-01 -5.875558257102966309e-01 -1.794487820006906986e-03 -1.069899722933769226e-01 7.143273548686109864e-01 9.060844959843078472e-02 -6.431524689506887826e-01 7.162773535625371890e-01 -7.409870970545140607e-03 1.144006901842288038e+00 5.430651938436749093e-01
1.661968043141168594e+09 2.559441328048706055e-01 -1.314448714256286621e-01 7.950857281684875488e-01 7.969389557838439941e-01 -5.912123918533325195e-01 -1.011155825108289719e-02 -1.235069856047630310e-01 6.680259679933955308e-01 8.494817142439546609e-02 -6.029749590306712204e-01 6.715317576617491069e-01 -6.946978921151395966e-03 1.072541190574254122e+00 5.091401010138579819e-01
1.661968043173084021e+09 2.587251067161560059e-01 -1.104966476559638977e-01 7.973393797874450684e-01 7.915283441543579102e-01 -5.946245789527893066e-01 -1.873685605823993683e-02 -1.398337036371231079e-01 6.658799747627485166e-01 8.494436388214123002e-02 -6.029479325203201956e-01 6.715016583023595276e-01 -6.946667544045497140e-03 1.072493117192195422e+00 5.091172803643442268e-01
1.661968043204998732e+09 2.613528370857238770e-01 -8.961184322834014893e-02 7.995980381965637207e-01 7.858504056930541992e-01 -5.977878570556640625e-01 -2.766467444598674774e-02 -1.559603959321975708e-01 6.633398316861681687e-01 8.494626761060290743e-02 -6.029614454726403006e-01 6.715167076447826622e-01 -6.946823229109236331e-03 1.072517153344530572e+00 5.091286904333814922e-01
1.661968043236913443e+09 2.638247311115264893e-01 -6.880492717027664185e-02 8.018593788146972656e-01 7.799101471900939941e-01 -6.006976366043090820e-01 -3.688902780413627625e-02 -1.718774586915969849e-01 6.603508439325123103e-01 8.494626761060290743e-02 -6.029614454726403006e-01 6.715167076447687844e-01 -6.946823229109236331e-03 1.072517153344523466e+00 5.091286904333744978e-01
1.661968043268826723e+09 2.661383152008056641e-01 -4.809032008051872253e-02 8.041207790374755859e-01 7.737127542495727539e-01 -6.033496260643005371e-01 -4.640369117259979248e-02 -1.875754147768020630e-01 6.569591993487500226e-01 8.495007532352467916e-02 -6.029884731944329390e-01 6.715468083533457921e-01 -6.947134620172444423e-03 1.072565228881459332e+00 5.091515121058201032e-01
1.661968043299743891e+09 2.682913541793823242e-01 -2.748235128819942474e-02 8.063793778419494629e-01 7.672636508941650391e-01 -6.057396531105041504e-01 -5.620218813419342041e-02 -2.030450701713562012e-01 6.741519813956794449e-01 8.768706146361164577e-02 -6.224160144588638532e-01 6.931832142056331136e-01 -7.170962687379024703e-03 1.107121951222260980e+00 5.255557427851875740e-01
1.661968043329663992e+09 2.702818810939788818e-01 -6.995236035436391830e-03 8.086320161819458008e-01 7.605682611465454102e-01 -6.078636646270751953e-01 -6.627780199050903320e-02 -2.182773351669311523e-01 6.920592818398288992e-01 9.060917161262932451e-02 -6.431575939165826705e-01 7.162830612246775530e-01 -7.409930016164616856e-03 1.144016017870964852e+00 5.430695212632671298e-01
1.661968043360581398e+09 2.721080482006072998e-01 1.335692685097455978e-02 8.108754754066467285e-01 7.536320686340332031e-01 -6.097178459167480469e-01 -7.662356644868850708e-02 -2.332632541656494141e-01 6.648913204611741623e-01 8.768638526766560359e-02 -6.224112147178576526e-01 6.931778687456430221e-01 -7.170907388731264862e-03 1.107113413687075276e+00 5.255516899790401153e-01
1.661968043391499043e+09 2.737682759761810303e-01 3.356017544865608215e-02 8.131061196327209473e-01 7.464608550071716309e-01 -6.112982034683227539e-01 -8.723229914903640747e-02 -2.479941844940185547e-01 6.596139436694484770e-01 8.768570908215198023e-02 -6.224064150508770155e-01 6.931725233681020892e-01 -7.170852090937263057e-03 1.107104876283547812e+00 5.255476372353983239e-01
1.661968043422416687e+09 2.752611637115478516e-01 5.360069498419761658e-02 8.153203129768371582e-01 7.390603423118591309e-01 -6.126015782356262207e-01 -9.809656441211700439e-02 -2.624616324901580811e-01 6.539198136291121122e-01 8.768570908215107818e-02 -6.224064150508770155e-01 6.931725233681165221e-01 -7.170852090937263057e-03 1.107104876283547812e+00 5.255476372353983239e-01
1.661968043453334570e+09 2.765855491161346436e-01 7.346483319997787476e-02 8.175138831138610840e-01 7.314366102218627930e-01 -6.136242151260375977e-01 -1.092087551951408386e-01 -2.766572833061218262e-01 6.478038218187908148e-01 8.768503290706428088e-02 -6.224016154579201654e-01 6.931671780730014332e-01 -7.170796793995654062e-03 1.107096339011706565e+00 5.255435845542625328e-01
1.661968043484252691e+09 2.777404487133026123e-01 9.313912689685821533e-02 8.196828365325927734e-01 7.235955595970153809e-01 -6.143630146980285645e-01 -1.205610185861587524e-01 -2.905730307102203369e-01 6.412793484680294753e-01 8.768435674240672439e-02 -6.223968159389854371e-01 6.931618328603460499e-01 -7.170741497906866352e-03 1.107087801871517563e+00 5.255395319356278572e-01
1.661968043516167402e+09 2.787251174449920654e-01 1.126103028655052185e-01 8.218227624893188477e-01 7.155433297157287598e-01 -6.148147583007812500e-01 -1.321452409029006958e-01 -3.042010068893432617e-01 6.145488003019961010e-01 8.494626761060203313e-02 -6.029614454726403006e-01 6.715167076447687844e-01 -6.946823229109236331e-03 1.072517153344523466e+00 5.091286904333780505e-01
1.661968043547592640e+09 2.795390188694000244e-01 1.318652778863906860e-01 8.239290118217468262e-01 7.072862386703491211e-01 -6.149765849113464355e-01 -1.439532041549682617e-01 -3.175334930419921875e-01 6.169220818381994098e-01 8.626937402683611256e-02 -6.123530547768147869e-01 6.819761202768417352e-01 -7.055025586262963014e-03 1.089222470329336501e+00 5.170587791347347473e-01
1.661968043579507113e+09 2.801818251609802246e-01 1.508912146091461182e-01 8.259968757629394531e-01 6.988304257392883301e-01 -6.148457527160644531e-01 -1.559764295816421509e-01 -3.305632472038269043e-01 6.000028208508683125e-01 8.494690220571873840e-02 -6.029659499246791121e-01 6.715217242421409605e-01 -6.946875125681219697e-03 1.072525165634722999e+00 5.091324939033775587e-01
1.661968043609426975e+09 2.806533873081207275e-01 1.696754992008209229e-01 8.280214071273803711e-01 6.901825070381164551e-01 -6.144196987152099609e-01 -1.682062447071075439e-01 -3.432829678058624268e-01 6.316524150305283802e-01 9.060989363833192589e-02 -6.431627189641537790e-01 7.162887689777890365e-01 -7.409989062725111202e-03 1.144025134044917680e+00 5.430738487518205204e-01
1.661968043641341448e+09 2.809537649154663086e-01 1.882057487964630127e-01 8.299975991249084473e-01 6.813489198684692383e-01 -6.136959791183471680e-01 -1.806338429450988770e-01 -3.556856513023376465e-01 5.839905263045463979e-01 8.494690220571786410e-02 -6.029659499246791121e-01 6.715217242421479549e-01 -6.946875125681219697e-03 1.072525165634722999e+00 5.091324939033757824e-01
1.661968043673255920e+09 2.810832858085632324e-01 2.064698636531829834e-01 8.319200873374938965e-01 6.723362803459167480e-01 -6.126723289489746094e-01 -1.932501643896102905e-01 -3.677647709846496582e-01 5.754591043034834597e-01 8.494690220571873840e-02 -6.029659499246791121e-01 6.715217242421409605e-01 -6.946875125681219697e-03 1.072525165634722999e+00 5.091324939033775587e-01
1.661968043705170155e+09 2.810424268245697021e-01 2.244560122489929199e-01 8.337835073471069336e-01 6.631512045860290527e-01 -6.113467216491699219e-01 -2.060460448265075684e-01 -3.795137107372283936e-01 5.665956146987242148e-01 8.494753681031531889e-02 -6.029704544440199765e-01 6.715267409144741739e-01 -6.946927023028601038e-03 1.072533178044632329e+00 5.091362974302020561e-01
1.661968043737084866e+09 2.808318436145782471e-01 2.421526312828063965e-01 8.355823159217834473e-01 6.538004875183105469e-01 -6.097173094749450684e-01 -2.190121263265609741e-01 -3.909264206886291504e-01 5.573934957756676578e-01 8.494626761060203313e-02 -6.029614454726403006e-01 6.715167076447757788e-01 -6.946823229109236331e-03 1.072517153344527019e+00 5.091286904333797159e-01
1.661968043769000053e+09 2.804524302482604980e-01 2.595484554767608643e-01 8.373108506202697754e-01 6.442909240722656250e-01 -6.077823042869567871e-01 -2.321388870477676392e-01 -4.019967913627624512e-01 5.478773322716287142e-01 8.494499844881435446e-02 -6.029524367704622856e-01 6.715066746748796778e-01 -6.946719438290957852e-03 1.072501129123264230e+00 5.091210836638626613e-01
1.661968043799920797e+09 2.799053192138671875e-01 2.766325771808624268e-01 8.389632701873779297e-01 6.346293687820434570e-01 -6.055402755737304688e-01 -2.454166710376739502e-01 -4.127192497253417969e-01 5.553736478587355530e-01 8.767691961936593947e-02 -6.223440261156720776e-01 6.931030409614366006e-01 -7.170133297210773762e-03 1.106993902018631903e+00 5.254949572554163950e-01
1.661968043829839468e+09 2.791917026042938232e-01 2.933942973613739014e-01 8.405336141586303711e-01 6.248227953910827637e-01 -6.029897928237915039e-01 -2.588357329368591309e-01 -4.230883717536926270e-01 5.632013986242608850e-01 9.061350393946276949e-02 -6.431883454271932754e-01 7.163173091078802734e-01 -7.410284309643650619e-03 1.144070717094055611e+00 5.430954872291551272e-01
1.661968043859759092e+09 2.783131003379821777e-01 3.098233640193939209e-01 8.420158624649047852e-01 6.148782372474670410e-01 -6.001298427581787109e-01 -2.723860442638397217e-01 -4.330990910530090332e-01 5.521184878368888826e-01 9.061061567554257179e-02 -6.431678440933894514e-01 7.162944768218592051e-01 -7.410048110226647063e-03 1.144034250364151850e+00 5.430781763093422976e-01
1.661968043890675545e+09 2.772711515426635742e-01 3.259097933769226074e-01 8.434039950370788574e-01 6.048027276992797852e-01 -5.969591736793518066e-01 -2.860575914382934570e-01 -4.427464306354522705e-01 5.233393267372902224e-01 8.768909011401901377e-02 -6.224304141260598167e-01 6.931992510802532648e-01 -7.171128588438321211e-03 1.107147564617912971e+00 5.255679015786803854e-01
1.661968043922590256e+09 2.760676443576812744e-01 3.416439890861511230e-01 8.446916937828063965e-01 5.946033000946044922e-01 -5.934773683547973633e-01 -2.998401820659637451e-01 -4.520258605480194092e-01 4.960912584168734041e-01 8.494626761060290743e-02 -6.029614454726333062e-01 6.715167076447757788e-01 -6.946823229109236331e-03 1.072517153344527019e+00 5.091286904333780505e-01
1.661968043953507423e+09 2.747046351432800293e-01 3.570166230201721191e-01 8.458727002143859863e-01 -5.842871665954589844e-01 5.896835923194885254e-01 3.137234747409820557e-01 4.609331190586090088e-01 5.006300543511912338e-01 8.768706146361075759e-02 -6.224160144588709587e-01 6.931832142056258972e-01 -7.170962687379024703e-03 1.107121951222266532e+00 5.255557427851893504e-01
1.661968043984425306e+09 2.731842398643493652e-01 3.720188736915588379e-01 8.469406962394714355e-01 -5.738615393638610840e-01 5.855774879455566406e-01 3.276970982551574707e-01 4.694640636444091797e-01 4.889361120788318082e-01 8.768503290706428088e-02 -6.224016154579165017e-01 6.931671780730085386e-01 -7.170796793995654062e-03 1.107096339011701014e+00 5.255435845542616446e-01
1.661968044016339779e+09 2.715088725090026855e-01 3.866421878337860107e-01 8.478893041610717773e-01 -5.633335113525390625e-01 5.811588764190673828e-01 3.417506814002990723e-01 4.776150882244110107e-01 4.621573933754755115e-01 8.494690220571873840e-02 -6.029659499246826648e-01 6.715217242421409605e-01 -6.946875125681219697e-03 1.072525165634722999e+00 5.091324939033766706e-01
1.661968044047765017e+09 2.696809768676757812e-01 4.008784294128417969e-01 8.487120270729064941e-01 -5.527105927467346191e-01 5.764275193214416504e-01 3.558734655380249023e-01 4.853828251361846924e-01 4.574880383409717921e-01 8.626937402683611256e-02 -6.123530547768147869e-01 6.819761202768417352e-01 -7.055025586262963014e-03 1.089222470329332948e+00 5.170587791347356355e-01
1.661968044079679728e+09 2.677032649517059326e-01 4.147198498249053955e-01 8.494023680686950684e-01 -5.419996976852416992e-01 5.713838934898376465e-01 3.700548112392425537e-01 4.927639067173004150e-01 4.386387756295945239e-01 8.494626761060203313e-02 -6.029614454726403006e-01 6.715167076447757788e-01 -6.946823229109236331e-03 1.072517153344527907e+00 5.091286904333789387e-01
1.661968044111594200e+09 2.655785381793975830e-01 4.281590878963470459e-01 8.499539494514465332e-01 -5.312083959579467773e-01 5.660280585289001465e-01 3.842840790748596191e-01 4.997556507587432861e-01 4.266821409901746520e-01 8.494690220571786410e-02 -6.029659499246791121e-01 6.715217242421409605e-01 -6.946875125680785149e-03 1.072525165634723887e+00 5.091324939033766706e-01
1.661968044143019438e+09 2.633097469806671143e-01 4.411892294883728027e-01 8.503602147102355957e-01 -5.203438401222229004e-01 5.603607296943664551e-01 3.985503017902374268e-01 5.063554048538208008e-01 4.210763502002504155e-01 8.626937402683700074e-02 -6.123530547768147869e-01 6.819761202768417352e-01 -7.055025586262963014e-03 1.089222470329334724e+00 5.170587791347360795e-01
1.661968044172939539e+09 2.609000504016876221e-01 4.538036882877349854e-01 8.506146073341369629e-01 -5.094135999679565430e-01 5.543825626373291016e-01 4.128428399562835693e-01 5.125609636306762695e-01 4.293125163196181981e-01 9.060917161262839470e-02 -6.431575939165826705e-01 7.162830612246701145e-01 -7.409930016164616856e-03 1.144016017870961077e+00 5.430695212632643543e-01
1.661968044204854727e+09 2.583526372909545898e-01 4.659963548183441162e-01 8.507107496261596680e-01 -4.984245896339416504e-01 5.480943918228149414e-01 4.271506071090698242e-01 5.183704495429992676e-01 3.902941343966058740e-01 8.494499844881435446e-02 -6.029524367704622856e-01 6.715066746748866722e-01 -6.946719438291392400e-03 1.072501129123264230e+00 5.091210836638635495e-01
1.661968044235278130e+09 2.556709349155426025e-01 4.777615070343017578e-01 8.506422042846679688e-01 -4.873844683170318604e-01 5.414974093437194824e-01 4.414627850055694580e-01 5.237821340560913086e-01 3.966389126744681026e-01 8.911020243999207002e-02 -6.325176841892409252e-01 7.044334194218853096e-01 -7.287345773665313865e-03 1.125090287580411408e+00 5.340853924329934665e-01
1.661968044265197992e+09 2.528584301471710205e-01 4.890938997268676758e-01 8.504024147987365723e-01 -4.763003587722778320e-01 5.345928072929382324e-01 4.557681679725646973e-01 5.287947058677673340e-01 3.903309165018979399e-01 9.060989363833285570e-02 -6.431627189641464515e-01 7.162887689777815980e-01 -7.409989062725111202e-03 1.144025134044915903e+00 5.430738487518198543e-01
1.661968044296115637e+09 2.499187290668487549e-01 4.999886155128479004e-01 8.499851226806640625e-01 -4.651797413825988770e-01 5.273821353912353516e-01 4.700561463832855225e-01 5.334070920944213867e-01 3.652305508449544269e-01 8.768570908215107818e-02 -6.224064150508770155e-01 6.931725233681093057e-01 -7.170852090937263057e-03 1.107104876283551587e+00 5.255476372353992121e-01
