1.661967879880941153e+09 1.378528122206244648e-16 -2.367949187755584717e-01 1.128897309303283691e+00 -6.125128269195556641e-01 6.125135421752929688e-01 3.533097505569458008e-01 3.533093035221099854e-01 0.000000000000000000e+00 0.000000000000000000e+00 0.000000000000000000e+00 0.000000000000000000e+00 0.000000000000000000e+00 0.000000000000000000e+00 0.000000000000000000e+00
1.661967881928508043e+09 1.378528122206244648e-16 -2.367949187755584717e-01 1.128897309303283691e+00 -6.125128269195556641e-01 6.125135421752929688e-01 3.533097505569458008e-01 3.533093035221099854e-01 0.000000000000000000e+00 0.000000000000000000e+00 0.000000000000000000e+00 0.000000000000000000e+00 0.000000000000000000e+00 0.000000000000000000e+00 0.000000000000000000e+00
1.661967881958935499e+09 6.124840583652257919e-03 -2.274311482906341553e-01 1.128689885139465332e+00 -6.093857884407043457e-01 6.158760190010070801e-01 3.517436385154724121e-01 3.544321954250335693e-01 3.677904968386485618e-01 -2.493647293536874476e-01 -5.430707131525438491e-01 2.672796411134098493e-01 -8.754479606345449971e-02 2.522182616000863131e-01 1.500240934377871649e-01
1.661967881988854170e+09 1.238527800887823105e-02 -2.180738896131515503e-01 1.128323912620544434e+00 -6.062524914741516113e-01 6.192090511322021484e-01 3.501819968223571777e-01 3.555428385734558105e-01 3.764986010204358080e-01 -2.536053287133117617e-01 -5.523059619561547784e-01 2.718248944773799525e-01 -8.903354873143307091e-02 2.565073870164973346e-01 1.525753446761226040e-01
1.661967882019771576e+09 1.878178305923938751e-02 -2.087272554636001587e-01 1.127797961235046387e+00 -6.031130552291870117e-01 6.225129961967468262e-01 3.486250042915344238e-01 3.566409051418304443e-01 3.667207432683542989e-01 -2.454130299866306431e-01 -5.344646356250690733e-01 2.630440429542292846e-01 -8.615746788721354021e-02 2.482213421186930113e-01 1.476466517016676583e-01
1.661967882051686287e+09 2.531472966074943542e-02 -1.993954032659530640e-01 1.127111196517944336e+00 -5.999680161476135254e-01 6.257878541946411133e-01 3.470729589462280273e-01 3.577265739440917969e-01 3.575790873880111964e-01 -2.377441019690445245e-01 -5.177631148509931336e-01 2.548241622454474054e-01 -8.346512747056768211e-02 2.404646569694191827e-01 1.430328317101245417e-01
1.661967882083108187e+09 3.198439627885818481e-02 -1.900825053453445435e-01 1.126262545585632324e+00 -5.968173146247863770e-01 6.290339827537536621e-01 3.455260396003723145e-01 3.587995171546936035e-01 3.655502835839821163e-01 -2.414728057603671429e-01 -5.258835488527763280e-01 2.588207443352640302e-01 -8.477416830340102349e-02 2.442360290905148112e-01 1.452761136988859059e-01
1.661967882115022898e+09 3.879096731543540955e-02 -1.807927936315536499e-01 1.125251054763793945e+00 -5.936612486839294434e-01 6.322515606880187988e-01 3.439844250679016113e-01 3.598596751689910889e-01 3.622393480300424851e-01 -2.377441019690427759e-01 -5.177631148509931336e-01 2.548241622454474054e-01 -8.346512747056680781e-02 2.404646569694156855e-01 1.430328317101236812e-01
1.661967882146937847e+09 4.573452845215797424e-02 -1.715304702520370483e-01 1.124075889587402344e+00 -5.905000567436218262e-01 6.354408264160156250e-01 3.424482941627502441e-01 3.609068989753723145e-01 3.645781317719982706e-01 -2.377423259170056979e-01 -5.177592469349027171e-01 2.548222585979156851e-01 -8.346450394969549824e-02 2.404628605936472707e-01 1.430317631925450417e-01
1.661967882178361177e+09 5.281506851315498352e-02 -1.622997969388961792e-01 1.122735857963562012e+00 -5.873338580131530762e-01 6.386020779609680176e-01 3.409179151058197021e-01 3.619410991668701172e-01 3.726679490346201939e-01 -2.414618129847424244e-01 -5.258596086006191994e-01 2.588089618143961101e-01 -8.477030905553252504e-02 2.442249105222817906e-01 1.452695001685684606e-01
1.661967882210276604e+09 6.003247946500778198e-02 -1.531050205230712891e-01 1.121230483055114746e+00 -5.841628909111022949e-01 6.417353749275207520e-01 3.393934667110443115e-01 3.629621267318725586e-01 3.692769280434322066e-01 -2.377387738925341720e-01 -5.177515112761102989e-01 2.548184513881913138e-01 -8.346325693589856654e-02 2.404592679226240093e-01 1.430296262052790646e-01
1.661967882242191076e+09 6.738655269145965576e-02 -1.439504325389862061e-01 1.119558811187744141e+00 -5.809872746467590332e-01 6.448411345481872559e-01 3.378751277923583984e-01 3.639698922634124756e-01 3.716496225004684573e-01 -2.377458780476195133e-01 -5.177669828248675499e-01 2.548260659214217072e-01 -8.346575100075551146e-02 2.404664533720256847e-01 1.430339002436688822e-01
1.661967882273108244e+09 7.487697899341583252e-02 -1.348403394222259521e-01 1.117720127105712891e+00 -5.778073072433471680e-01 6.479194164276123047e-01 3.363631963729858398e-01 3.649643063545227051e-01 3.860813650140909048e-01 -2.454149224958825648e-01 -5.344687571636463908e-01 2.630460714255188903e-01 -8.615813229286894970e-02 2.482232562843239010e-01 1.476477902828368938e-01
1.661967882304025650e+09 8.250335603952407837e-02 -1.257790178060531616e-01 1.115713715553283691e+00 -5.746231079101562500e-01 6.509705781936645508e-01 3.348577320575714111e-01 3.659451901912689209e-01 3.885280566036644623e-01 -2.454130299866288389e-01 -5.344646356250833952e-01 2.630440429542364456e-01 -8.615746788721354021e-02 2.482213421186965918e-01 1.476466517016685465e-01
1.661967882335940361e+09 9.026517719030380249e-02 -1.167707815766334534e-01 1.113538980484008789e+00 -5.714348554611206055e-01 6.539947986602783203e-01 3.333590328693389893e-01 3.669125437736511230e-01 3.787645761556249213e-01 -2.377441019690445245e-01 -5.177631148509862502e-01 2.548241622454474054e-01 -8.346512747056725190e-02 2.404646569694174341e-01 1.430328317101245417e-01
1.661967882366857290e+09 9.816183149814605713e-02 -1.078199520707130432e-01 1.111195325851440430e+00 -5.682426691055297852e-01 6.569923162460327148e-01 3.318672776222229004e-01 3.678661286830902100e-01 3.934471447685383150e-01 -2.454168150343248034e-01 -5.344728787657909708e-01 2.630480999281011867e-01 -8.615879670877293894e-02 2.482251704794772862e-01 1.476489288815666656e-01
1.661967882397774696e+09 1.061926111578941345e-01 -9.893085062503814697e-02 1.108682155609130859e+00 -5.650466680526733398e-01 6.599634289741516113e-01 3.303826451301574707e-01 3.688059449195861816e-01 3.959040283283404293e-01 -2.454130299866288389e-01 -5.344646356250833952e-01 2.630440429542292846e-01 -8.615746788721308225e-02 2.482213421186947877e-01 1.476466517016676583e-01
1.661967882429689646e+09 1.143567115068435669e-01 -9.010778367519378662e-02 1.105998992919921875e+00 -5.618471503257751465e-01 6.629083156585693359e-01 3.289053738117218018e-01 3.697318136692047119e-01 3.859191677693716849e-01 -2.377423259170056979e-01 -5.177592469349027171e-01 2.548222585979226240e-01 -8.346450394969506803e-02 2.404628605936472707e-01 1.430317631925450417e-01
1.661967882461605072e+09 1.226532161235809326e-01 -8.135507255792617798e-02 1.103145360946655273e+00 -5.586441159248352051e-01 6.658272147178649902e-01 3.274356722831726074e-01 3.706437349319458008e-01 3.883058851398822897e-01 -2.377387738925332838e-01 -5.177515112761033045e-01 2.548184513881843749e-01 -8.346325693589856654e-02 2.404592679226222607e-01 1.430296262052790646e-01
1.661967882492522001e+09 1.310811191797256470e-01 -7.267702370882034302e-02 1.100120902061462402e+00 -5.554377436637878418e-01 6.687203645706176758e-01 3.259736895561218262e-01 3.715415596961975098e-01 4.033188331664659398e-01 -2.454168150343265797e-01 -5.344728787657909708e-01 2.630480999280940257e-01 -8.615879670877293894e-02 2.482251704794772862e-01 1.476489288815675538e-01
1.661967882523439169e+09 1.396393030881881714e-01 -6.407793611288070679e-02 1.096925139427185059e+00 -5.522282123565673828e-01 6.715880632400512695e-01 3.245196640491485596e-01 3.724251985549926758e-01 4.057908723128895723e-01 -2.454149224958834530e-01 -5.344687571636536072e-01 2.630460714255261068e-01 -8.615813229286939379e-02 2.482232562843256773e-01 1.476477902828368938e-01
1.661967882554355860e+09 1.483265608549118042e-01 -5.556210502982139587e-02 1.093557953834533691e+00 -5.490155220031738281e-01 6.744304895401000977e-01 3.230737745761871338e-01 3.732945322990417480e-01 4.082723830545452182e-01 -2.454187076019561931e-01 -5.344770004314898237e-01 2.630501284619553015e-01 -8.615946113492398140e-02 2.482270847041502804e-01 1.476500674978573624e-01
1.661967882585273266e+09 1.571415811777114868e-01 -4.713379964232444763e-02 1.090018868446350098e+00 -5.457999110221862793e-01 6.772479414939880371e-01 3.216362595558166504e-01 3.741494417190551758e-01 4.107413357750933081e-01 -2.454130299866297271e-01 -5.344646356250833952e-01 2.630440429542364456e-01 -8.615746788721308225e-02 2.482213421186965918e-01 1.476466517016685465e-01
1.661967882617187500e+09 1.660829335451126099e-01 -3.879728540778160095e-02 1.086307883262634277e+00 -5.425814390182495117e-01 6.800405979156494141e-01 3.202072679996490479e-01 3.749900162220001221e-01 4.003112724411793111e-01 -2.377476541527303866e-01 -5.177708508565271872e-01 2.548279696258392568e-01 -8.346637454026049896e-02 2.404682498014760750e-01 1.430349687931783964e-01
1.661967882649101973e+09 1.751491129398345947e-01 -3.055680543184280396e-02 1.082424759864807129e+00 -5.393602252006530762e-01 6.828087568283081055e-01 3.187870383262634277e-01 3.758159577846527100e-01 4.027084589354524291e-01 -2.377458780476195133e-01 -5.177669828248675499e-01 2.548260659214287016e-01 -8.346575100075551146e-02 2.404664533720274056e-01 1.430339002436684381e-01
1.661967882680019855e+09 1.843384951353073120e-01 -2.241658046841621399e-02 1.078369259834289551e+00 -5.361362695693969727e-01 6.855527162551879883e-01 3.173756599426269531e-01 3.766272664070129395e-01 4.181672840544767289e-01 -2.454092450556832616e-01 -5.344563927386316582e-01 2.630399861055034982e-01 -8.615613910664081387e-02 2.482175138760031874e-01 1.476443745920091588e-01
1.661967882710936785e+09 1.936493664979934692e-01 -1.438081078231334686e-02 1.074141502380371094e+00 -5.329098105430603027e-01 6.882725358009338379e-01 3.159734606742858887e-01 3.774239122867584229e-01 4.206555492236941918e-01 -2.454168150343265797e-01 -5.344728787657909708e-01 2.630480999281011867e-01 -8.615879670877339691e-02 2.482251704794772862e-01 1.476489288815675538e-01
1.661967882741854429e+09 2.030799239873886108e-01 -6.453668233007192612e-03 1.069741368293762207e+00 -5.296808481216430664e-01 6.909686923027038574e-01 3.145805895328521729e-01 3.782057464122772217e-01 4.231209431789857423e-01 -2.454111375065638201e-01 -5.344605141500717860e-01 2.630420145142243760e-01 -8.615680349180378228e-02 2.482194279825875316e-01 1.476455131380589869e-01
1.661967882772771835e+09 2.126282453536987305e-01 1.360703026875853539e-03 1.065168857574462891e+00 -5.264494419097900391e-01 6.936412453651428223e-01 3.131972253322601318e-01 3.789727687835693359e-01 4.255974667898639319e-01 -2.454130299866297271e-01 -5.344646356250833952e-01 2.630440429542364456e-01 -8.615746788721308225e-02 2.482213421186965918e-01 1.476466517016685465e-01
1.661967882804686546e+09 2.222923040390014648e-01 9.058189578354358673e-03 1.060424208641052246e+00 -5.232157111167907715e-01 6.962904334068298340e-01 3.118235468864440918e-01 3.797248005867004395e-01 4.146893304524911783e-01 -2.377441019690436641e-01 -5.177631148509931336e-01 2.548241622454543442e-01 -8.346512747056768211e-02 2.404646569694156855e-01 1.430328317101245417e-01
1.661967882836601257e+09 2.320699989795684814e-01 1.663471199572086334e-02 1.055507421493530273e+00 -5.199797153472900391e-01 6.989166736602783203e-01 3.104598522186279297e-01 3.804618716239929199e-01 4.170793097881743683e-01 -2.377441019690436641e-01 -5.177631148509862502e-01 2.548241622454474054e-01 -8.346512747056725190e-02 2.404646569694174341e-01 1.430328317101236812e-01
1.661967882868516207e+09 2.419591248035430908e-01 2.408622764050960541e-02 1.050418853759765625e+00 -5.167415142059326172e-01 7.015200853347778320e-01 3.091061711311340332e-01 3.811838924884796143e-01 4.194605280512078149e-01 -2.377423259170048375e-01 -5.177592469349027171e-01 2.548222585979156851e-01 -8.346450394969506803e-02 2.404628605936472707e-01 1.430317631925441813e-01
1.661967882900431633e+09 2.519573569297790527e-01 3.140873089432716370e-02 1.045158505439758301e+00 -5.135011076927185059e-01 7.041009664535522461e-01 3.077627718448638916e-01 3.818907439708709717e-01 4.218366462552270435e-01 -2.377387738925332838e-01 -5.177515112761102989e-01 2.548184513881843749e-01 -8.346325693589813632e-02 2.404592679226240093e-01 1.430296262052799250e-01
1.661967882932346344e+09 2.620623409748077393e-01 3.859826177358627319e-02 1.039726734161376953e+00 -5.102585554122924805e-01 7.066594958305358887e-01 3.064298629760742188e-01 3.825823962688446045e-01 4.242240513954835812e-01 -2.377441019690427759e-01 -5.177631148509931336e-01 2.548241622454543442e-01 -8.346512747056725190e-02 2.404646569694156855e-01 1.430328317101236812e-01
1.661967882964260340e+09 2.722715139389038086e-01 4.565089941024780273e-02 1.034124016761779785e+00 -5.070139765739440918e-01 7.091959118843078613e-01 3.051076233386993408e-01 3.832588195800781250e-01 4.266028240449813436e-01 -2.377494302843794760e-01 -5.177747189459872557e-01 2.548298733587006093e-01 -8.346699808908154827e-02 2.404700462577692432e-01 1.430360373586525569e-01
1.661967882995177746e+09 2.825823426246643066e-01 5.256276950240135193e-02 1.028350591659545898e+00 -5.037673115730285645e-01 7.117105126380920410e-01 3.037961721420288086e-01 3.839199244976043701e-01 4.427967480691465951e-01 -2.454130299866306431e-01 -5.344646356250833952e-01 2.630440429542364456e-01 -8.615746788721263816e-02 2.482213421186947877e-01 1.476466517016685465e-01
1.661967883026095629e+09 2.929921150207519531e-01 5.933004990220069885e-02 1.022406935691833496e+00 -5.005186200141906738e-01 7.142035365104675293e-01 3.024957776069641113e-01 3.845656216144561768e-01 4.452248324476493213e-01 -2.454092450556841776e-01 -5.344563927386316582e-01 2.630399861055034982e-01 -8.615613910664170205e-02 2.482175138760031874e-01 1.476443745920100470e-01
1.661967883058009148e+09 3.034980595111846924e-01 6.594896316528320312e-02 1.016293525695800781e+00 -4.972679018974304199e-01 7.166752219200134277e-01 3.012065887451171875e-01 3.851959407329559326e-01 4.336868023051188570e-01 -2.377529826272929692e-01 -5.177824552983000261e-01 2.548336809097644373e-01 -8.346824521467358093e-02 2.404736392508775855e-01 1.430381745375007008e-01
1.661967883089431763e+09 3.140973150730133057e-01 7.241579145193099976e-02 1.010010957717895508e+00 -4.940151870250701904e-01 7.191256880760192871e-01 2.999288141727447510e-01 3.858107626438140869e-01 4.428425278028065293e-01 -2.414673092474435290e-01 -5.258715784542248306e-01 2.588148529407234832e-01 -8.477223863554381178e-02 2.442304696798535957e-01 1.452728068584575594e-01
1.661967883121348143e+09 3.247869312763214111e-01 7.872688025236129761e-02 1.003559708595275879e+00 -4.907604455947875977e-01 7.215553522109985352e-01 2.986625730991363525e-01 3.864100575447082520e-01 4.383287222985176590e-01 -2.377316701619988648e-01 -5.177360406519452285e-01 2.548108373099906565e-01 -8.346076302008807735e-02 2.404520829026288720e-01 1.430253524223092376e-01
1.661967883151266813e+09 3.355638682842254639e-01 8.487860858440399170e-02 9.969404935836791992e-01 -4.875037670135498047e-01 7.239643335342407227e-01 2.974081039428710938e-01 3.869937956333160400e-01 4.700791668564849868e-01 -2.536053287133117617e-01 -5.523059619561547784e-01 2.718248944773725140e-01 -8.903354873143352888e-02 2.565073870164973346e-01 1.525753446761216603e-01
1.661967883183181524e+09 3.464249670505523682e-01 9.086743742227554321e-02 9.901539683341979980e-01 -4.842450916767120361e-01 7.263528108596801758e-01 2.961655855178833008e-01 3.875618577003479004e-01 4.429969893169160566e-01 -2.377441019690445245e-01 -5.177631148509862502e-01 2.548241622454474054e-01 -8.346512747056768211e-02 2.404646569694156855e-01 1.430328317101245417e-01
1.661967883214098692e+09 3.573670387268066406e-01 9.668988734483718872e-02 9.832009077072143555e-01 -4.809843897819519043e-01 7.287211418151855469e-01 2.949351668357849121e-01 3.881143033504486084e-01 4.596730136654845755e-01 -2.454149224958825648e-01 -5.344687571636536072e-01 2.630460714255261068e-01 -8.615813229286939379e-02 2.482232562843256773e-01 1.476477902828368938e-01
1.661967883245016336e+09 3.683867752552032471e-01 1.023425385355949402e-01 9.760820269584655762e-01 -4.777216911315917969e-01 7.310695052146911621e-01 2.937170267105102539e-01 3.886511027812957764e-01 4.620387686002146443e-01 -2.454111375065647360e-01 -5.344605141500717860e-01 2.630420145142243760e-01 -8.615680349180378228e-02 2.482194279825884198e-01 1.476455131380594310e-01
1.661967883276931047e+09 3.794807791709899902e-01 1.078220456838607788e-01 9.687982797622680664e-01 -4.744569361209869385e-01 7.333981394767761230e-01 2.925113439559936523e-01 3.891720473766326904e-01 4.498895538582924902e-01 -2.377441019690427759e-01 -5.177631148509931336e-01 2.548241622454543442e-01 -8.346512747056725190e-02 2.404646569694165736e-01 1.430328317101236812e-01
1.661967883307848930e+09 3.906455934047698975e-01 1.131251230835914612e-01 9.613503813743591309e-01 -4.711901545524597168e-01 7.357071638107299805e-01 2.913183569908142090e-01 3.896773457527160645e-01 4.667448356844253188e-01 -2.454092450556859539e-01 -5.344563927386316582e-01 2.630399861055034982e-01 -8.615613910664125796e-02 2.482175138760031874e-01 1.476443745920100470e-01
1.661967883338765860e+09 4.018776714801788330e-01 1.182485669851303101e-01 9.537394046783447266e-01 -4.679211974143981934e-01 7.379969358444213867e-01 2.901381552219390869e-01 3.901668190956115723e-01 4.690948683150537590e-01 -2.454168150343248034e-01 -5.344728787657909708e-01 2.630480999281011867e-01 -8.615879670877293894e-02 2.482251704794763980e-01 1.476489288815675538e-01
1.661967883369683981e+09 4.131734073162078857e-01 1.231892406940460205e-01 9.459662437438964844e-01 -4.646500945091247559e-01 7.402676343917846680e-01 2.889709174633026123e-01 3.906403779983520508e-01 4.714011880443598201e-01 -2.454073526339936862e-01 -5.344522713907542411e-01 2.630379577280659298e-01 -8.615547473172525950e-02 2.482155997989366203e-01 1.476432360635190899e-01
1.661967883400600672e+09 4.245290756225585938e-01 1.279440820217132568e-01 9.380319714546203613e-01 -4.613768756389617920e-01 7.425194382667541504e-01 2.878168821334838867e-01 3.910982012748718262e-01 4.737325144930799037e-01 -2.454187076019561931e-01 -5.344770004314970402e-01 2.630501284619624625e-01 -8.615946113492442548e-02 2.482270847041511963e-01 1.476500674978582506e-01
1.661967883432514668e+09 4.359408915042877197e-01 1.325101256370544434e-01 9.299376606941223145e-01 -4.581013321876525879e-01 7.447525858879089355e-01 2.866761386394500732e-01 3.915400207042694092e-01 4.611521060249203496e-01 -2.377494302843803642e-01 -5.177747189459872557e-01 2.548298733587006093e-01 -8.346699808908068785e-02 2.404700462577692432e-01 1.430360373586525569e-01
1.661967883463432074e+09 4.474050402641296387e-01 1.368844658136367798e-01 9.216844439506530762e-01 -4.548234939575195312e-01 7.469673156738281250e-01 2.855488657951354980e-01 3.919659554958343506e-01 4.782980913006525392e-01 -2.454130299866288389e-01 -5.344646356250833952e-01 2.630440429542364456e-01 -8.615746788721354021e-02 2.482213421186957036e-01 1.476466517016685465e-01
1.661967883494350672e+09 4.474050402641296387e-01 1.368844658136367798e-01 9.216844439506530762e-01 -4.548234939575195312e-01 7.469673156738281250e-01 2.855488657951354980e-01 3.919659554958343506e-01 0.000000000000000000e+00 0.000000000000000000e+00 0.000000000000000000e+00 0.000000000000000000e+00 0.000000000000000000e+00 -8.976983839463828480e-16 0.000000000000000000e+00
1.661967883525266409e+09 4.335589706897735596e-01 1.478017121553421021e-01 9.207648634910583496e-01 -4.594676494598388672e-01 7.401649355888366699e-01 2.920880019664764404e-01 3.946264088153839111e-01 5.711109897058721518e-01 4.328289233209900999e-01 -2.329086004101082463e-01 1.320412806807104711e-01 1.012575991654531167e-02 5.522444909037488303e-01 -8.931498883817981516e-02
1.661967883556184292e+09 4.194849133491516113e-01 1.585041880607604980e-01 9.198348522186279297e-01 -4.640049338340759277e-01 7.333027720451354980e-01 2.986486852169036865e-01 3.972095847129821777e-01 5.726641822716646013e-01 4.327988840678351212e-01 -2.328924360550184425e-01 1.320321167333780021e-01 1.012505716714770347e-02 5.522061639547583001e-01 -8.930879018689823201e-02
1.661967883587608576e+09 4.051868021488189697e-01 1.689870506525039673e-01 9.188941121101379395e-01 -4.684344530105590820e-01 7.263824939727783203e-01 3.052300214767456055e-01 3.997152149677276611e-01 5.649832285676481547e-01 4.258243476023519380e-01 -2.291393838924592197e-01 1.299044245265109920e-01 9.961892281499134735e-03 5.433073840162143675e-01 -8.786958265477007313e-02
1.661967883619522333e+09 3.906685411930084229e-01 1.792455017566680908e-01 9.179422855377197266e-01 -4.727554619312286377e-01 7.194057703018188477e-01 3.118309974670410156e-01 4.021431505680084229e-01 5.578250924279696266e-01 4.192933188428818458e-01 -2.256249866661093617e-01 1.279120313311896961e-01 9.809102979160792476e-03 5.349744735797365980e-01 -8.652189369656031193e-02
1.661967883649442196e+09 3.759342730045318604e-01 1.892748177051544189e-01 9.169790148735046387e-01 -4.769670367240905762e-01 7.123742103576660156e-01 3.184505701065063477e-01 4.044931232929229736e-01 5.965854332193883947e-01 4.472355150250018618e-01 -2.406608991352404969e-01 1.364362384026816255e-01 1.046279305123338013e-02 5.706257969407775299e-01 -9.228781368400450213e-02
1.661967883680864096e+09 3.609881699085235596e-01 1.990703940391540527e-01 9.160038232803344727e-01 -4.810685217380523682e-01 7.052896022796630859e-01 3.250877559185028076e-01 4.067648947238922119e-01 5.695599746411601494e-01 4.258566576907179546e-01 -2.291567702015873675e-01 1.299142812278931969e-01 9.962648155656450566e-03 5.433486083137124556e-01 -8.787624989678252674e-02
1.661967883710783720e+09 3.458345234394073486e-01 2.086276859045028687e-01 9.150164723396301270e-01 -4.850591421127319336e-01 6.981534361839294434e-01 3.317415416240692139e-01 4.089583456516265869e-01 5.997052766222279452e-01 4.472390788817836027e-01 -2.406628168742129814e-01 1.364373256133277479e-01 1.046287642541793121e-02 5.706303440497340063e-01 -9.228854909194830758e-02
1.661967883742698431e+09 3.304777443408966064e-01 2.179422676563262939e-01 9.140164852142333984e-01 -4.889381825923919678e-01 6.909676790237426758e-01 3.384109735488891602e-01 4.110732674598693848e-01 5.636480647264748844e-01 4.192807895340845414e-01 -2.256182445478764065e-01 1.279082090681886164e-01 9.808809863875918647e-03 5.349584874905796150e-01 -8.651930825225441490e-02
1.661967883773122549e+09 3.149223029613494873e-01 2.270097732543945312e-01 9.130035638809204102e-01 -4.927048683166503906e-01 6.837338209152221680e-01 3.450949788093566895e-01 4.131093919277191162e-01 5.927463730753484983e-01 4.398229459519214513e-01 -2.366721382294041387e-01 1.341749174492800345e-01 1.028938066875546148e-02 5.611681331537921036e-01 -9.075821737388455046e-02
1.661967883804040670e+09 2.991727590560913086e-01 2.358259409666061401e-01 9.119772911071777344e-01 -4.963586032390594482e-01 6.764537692070007324e-01 3.517925739288330078e-01 4.150667190551757812e-01 5.847164647989431252e-01 4.327955466304194143e-01 -2.328906401540618010e-01 1.320310985955253369e-01 1.012497908990153163e-02 5.522019057332595571e-01 -8.930810150097760747e-02
1.661967883834958315e+09 2.832338213920593262e-01 2.443866282701492310e-01 9.109371900558471680e-01 -4.998987913131713867e-01 6.691291332244873047e-01 3.585027754306793213e-01 4.169450402259826660e-01 5.861467439626254494e-01 4.328022215567234876e-01 -2.328942319836729002e-01 1.320331348869332178e-01 1.012513524559714717e-02 5.522104222419312869e-01 -8.930947888344034635e-02
1.661967883866379023e+09 2.671102583408355713e-01 2.526877522468566895e-01 9.098830223083496094e-01 -5.033247470855712891e-01 6.617616415023803711e-01 3.652245700359344482e-01 4.187442660331726074e-01 5.781411873261566026e-01 4.258728145736545567e-01 -2.291654643456060847e-01 1.299192101395250376e-01 9.963026135751590351e-03 5.433692228085186260e-01 -8.787958389721960140e-02
1.661967883898293972e+09 2.508069276809692383e-01 2.607253491878509521e-01 9.088143706321716309e-01 -5.066359043121337891e-01 6.543530225753784180e-01 3.719570040702819824e-01 4.204642176628112793e-01 5.705269255198693878e-01 4.192776573238857774e-01 -2.256165590812694022e-01 1.279072535381307885e-01 9.808736587792042660e-03 5.349544911175705408e-01 -8.651866191532006645e-02
1.661967883930209875e+09 2.343287765979766846e-01 2.684955596923828125e-01 9.077307581901550293e-01 -5.098317265510559082e-01 6.469051837921142578e-01 3.786988854408264160e-01 4.221047759056091309e-01 5.718301403800520877e-01 4.192651289510536117e-01 -2.256098174666920919e-01 1.279034315606598082e-01 9.808443494405160931e-03 5.349385062226056364e-01 -8.651607666415252196e-02
1.661967883962124586e+09 2.176808118820190430e-01 2.759946286678314209e-01 9.066318869590759277e-01 -5.129115581512451172e-01 6.394197940826416016e-01 3.854492902755737305e-01 4.236659109592437744e-01 5.731534854056000716e-01 4.192807895340854296e-01 -2.256182445478764065e-01 1.279082090681886164e-01 9.808809863875918647e-03 5.349584874905805032e-01 -8.651930825225441490e-02
1.661967883993041515e+09 2.008681446313858032e-01 2.832189202308654785e-01 9.055173397064208984e-01 -5.158751010894775391e-01 6.318985819816589355e-01 3.922073245048522949e-01 4.251475930213928223e-01 5.929756506044862041e-01 4.328122343322366450e-01 -2.328996199358298602e-01 1.320361894418178306e-01 1.012536948817078890e-02 5.522231974975061464e-01 -8.931154503679797352e-02
1.661967884022960901e+09 1.838959753513336182e-01 2.901648581027984619e-01 9.043866991996765137e-01 -5.187216997146606445e-01 6.243433952331542969e-01 3.989718556404113770e-01 4.265496134757995605e-01 6.140941939387730697e-01 4.472426427953611894e-01 -2.406647346437418289e-01 1.364384128413011765e-01 1.046295980092939309e-02 5.706348912311568489e-01 -9.228928451161166890e-02
1.661967884053878307e+09 1.667695641517639160e-01 2.968290448188781738e-01 9.032396078109741211e-01 -5.214509963989257812e-01 6.167560219764709473e-01 4.057418406009674072e-01 4.278719723224639893e-01 5.955567686533014271e-01 4.328055590970857347e-01 -2.328960279400258682e-01 1.320341530561913446e-01 1.012521332525034325e-02 5.522146805947786286e-01 -8.931016759060417254e-02
1.661967884084795713e+09 1.667695641517639160e-01 2.968290448188781738e-01 9.032396078109741211e-01 -5.214509963989257812e-01 6.167560219764709473e-01 4.057418406009674072e-01 4.278719723224639893e-01 0.000000000000000000e+00 0.000000000000000000e+00 0.000000000000000000e+00 0.000000000000000000e+00 0.000000000000000000e+00 8.977329968069497505e-16 0.000000000000000000e+00
1.661967884116710186e+09 1.697568893432617188e-01 3.058726191520690918e-01 9.024142026901245117e-01 -5.196043252944946289e-01 6.135477423667907715e-01 4.086646139621734619e-01 4.319303035736083984e-01 2.995474099285646008e-01 -4.837855192749204031e-02 -4.195315516210154083e-01 4.495697079153195830e-01 2.606293522608938915e-02 3.573316566925932580e-01 -9.778624163984891982e-02
1.661967884148625135e+09 1.727660298347473145e-01 3.148299157619476318e-01 9.014875292778015137e-01 -5.177317857742309570e-01 6.103197932243347168e-01 4.115522801876068115e-01 4.359911680221557617e-01 2.974959292728456828e-01 -4.837782910976515249e-02 -4.195252834540189601e-01 4.495629909520897916e-01 2.606254582312366938e-02 3.573263178462291467e-01 -9.778478062817888561e-02
1.661967884180540085e+09 1.757964193820953369e-01 3.236993551254272461e-01 9.004599452018737793e-01 -5.158333778381347656e-01 6.070724725723266602e-01 4.144047498703002930e-01 4.400541782379150391e-01 2.954416553589018224e-01 -4.837782910976428513e-02 -4.195252834540120213e-01 4.495629909520828527e-01 2.606254582312366938e-02 3.573263178462273704e-01 -9.778478062817888561e-02
1.661967884212455511e+09 1.788474619388580322e-01 3.324792981147766113e-01 8.993317484855651855e-01 -5.139091610908508301e-01 6.038059592247009277e-01 4.172218739986419678e-01 4.441190659999847412e-01 2.933746562688730464e-01 -4.837710631363525970e-02 -4.195190154743095312e-01 4.495562741895576808e-01 2.606215643179338182e-02 3.573209791593948692e-01 -9.778331966016490240e-02
1.661967884244370222e+09 1.819185912609100342e-01 3.411681950092315674e-01 8.981034159660339355e-01 -5.119591951370239258e-01 6.005202531814575195e-01 4.200035333633422852e-01 4.481855928897857666e-01 2.913133227167457595e-01 -4.837819051592913422e-02 -4.195284175141075211e-01 4.495663494086117318e-01 2.606274052315179710e-02 3.573289872494693209e-01 -9.778551112855710103e-02
1.661967884276284933e+09 1.850091964006423950e-01 3.497644364833831787e-01 8.967751860618591309e-01 -5.099836587905883789e-01 5.972155332565307617e-01 4.227496385574340820e-01 4.522534012794494629e-01 2.892397251195424901e-01 -4.837819051592825992e-02 -4.195284175141075211e-01 4.495663494086117318e-01 2.606274052315223078e-02 3.573289872494693209e-01 -9.778551112855622673e-02
1.661967884308199167e+09 1.881186664104461670e-01 3.582665324211120605e-01 8.953475356101989746e-01 -5.079823732376098633e-01 5.938920378684997559e-01 4.254600405693054199e-01 4.563221931457519531e-01 2.871680701912181499e-01 -4.837891334445574426e-02 -4.195346857747575542e-01 4.495730664722075720e-01 2.606312993193607777e-02 3.573343261756036782e-01 -9.778697216205720077e-02
1.661967884339116335e+09 1.912463903427124023e-01 3.666729331016540527e-01 8.938208222389221191e-01 -5.059555768966674805e-01 5.905498862266540527e-01 4.281347393989562988e-01 4.603917002677917480e-01 2.942834583204361754e-01 -4.993911427297474670e-02 -4.330645143930907381e-01 4.640716210543022191e-01 2.690365562192817070e-02 3.688582176595067152e-01 -1.009405635558519171e-01
1.661967884370032787e+09 1.943917423486709595e-01 3.749820888042449951e-01 8.921955823898315430e-01 -5.039032697677612305e-01 5.871891975402832031e-01 4.307735264301300049e-01 4.644615948200225830e-01 2.921416281995132813e-01 -4.994026962021513166e-02 -4.330745333912032757e-01 4.640823574054487866e-01 2.690427804114316548e-02 3.688667512374499413e-01 -1.009428988275781203e-01
1.661967884401948452e+09 1.975540965795516968e-01 3.831925392150878906e-01 8.904721736907958984e-01 -5.018255710601806641e-01 5.838102102279663086e-01 4.333762228488922119e-01 4.685314595699310303e-01 2.809155813615656361e-01 -4.837674492366997314e-02 -4.195158815546935482e-01 4.495529158835591677e-01 2.606196174049152728e-02 3.573183098757981568e-01 -9.778258919252863501e-02
1.661967884433862925e+09 2.007327973842620850e-01 3.913027942180633545e-01 8.886510729789733887e-01 -4.997224807739257812e-01 5.804130434989929199e-01 4.359429776668548584e-01 4.726011753082275391e-01 2.788470781907123053e-01 -4.837855192749204031e-02 -4.195315516210223472e-01 4.495697079153265219e-01 2.606293522608938915e-02 3.573316566925950344e-01 -9.778624163984979412e-02
1.661967884465778589e+09 2.039272040128707886e-01 3.993114233016967773e-01 8.867327570915222168e-01 -4.975941181182861328e-01 5.769978761672973633e-01 4.384735226631164551e-01 4.766702651977539062e-01 2.767613924048499818e-01 -4.837674492367084050e-02 -4.195158815546935482e-01 4.495529158835591677e-01 2.606196174049152728e-02 3.573183098757981568e-01 -9.778258919252863501e-02
1.661967884497692823e+09 2.071366608142852783e-01 4.072169363498687744e-01 8.847178220748901367e-01 -4.954404532909393311e-01 5.735647678375244141e-01 4.409677684307098389e-01 4.807385802268981934e-01 2.747004054405589035e-01 -4.837891334445574426e-02 -4.195346857747645486e-01 4.495730664722075720e-01 2.606312993193607777e-02 3.573343261756045663e-01 -9.778697216205720077e-02
1.661967884529608488e+09 2.103605121374130249e-01 4.150179326534271240e-01 8.826066851615905762e-01 -4.932616949081420898e-01 5.701140165328979492e-01 4.434257149696350098e-01 4.848056733608245850e-01 2.726216116188076577e-01 -4.837674492366997314e-02 -4.195158815546935482e-01 4.495529158835591677e-01 2.606196174049152728e-02 3.573183098757981568e-01 -9.778258919252777459e-02
1.661967884561521769e+09 2.135980874300003052e-01 4.227130413055419922e-01 8.803998827934265137e-01 -4.910578131675720215e-01 5.666456818580627441e-01 4.458471834659576416e-01 4.888713061809539795e-01 2.705830744312140435e-01 -4.838035906631223126e-02 -4.195472228580241492e-01 4.495865012015835549e-01 2.606390878441553968e-02 3.573450045065076353e-01 -9.778989436003894531e-02
1.661967884593436003e+09 2.168487012386322021e-01 4.303008615970611572e-01 8.780980706214904785e-01 -4.888288974761962891e-01 5.631599426269531250e-01 4.482321441173553467e-01 4.929352104663848877e-01 2.685229761906834378e-01 -4.837891334445661162e-02 -4.195346857747610514e-01 4.495730664722145664e-01 2.606312993193607777e-02 3.573343261756045663e-01 -9.778697216205677056e-02
1.661967884624353647e+09 2.201116681098937988e-01 4.377800226211547852e-01 8.757017254829406738e-01 -4.865750372409820557e-01 5.596570372581481934e-01 4.505805373191833496e-01 4.969969689846038818e-01 2.750708975694722835e-01 -4.993834407117751090e-02 -4.330578353185425833e-01 4.640644637628338343e-01 2.690324069178393757e-02 3.688525288268931224e-01 -1.009390067680613068e-01
1.661967884655270815e+09 2.233863174915313721e-01 4.451491832733154297e-01 8.732115030288696289e-01 -4.842963516712188721e-01 5.561371445655822754e-01 4.528922140598297119e-01 5.010562539100646973e-01 2.729788005145951102e-01 -4.993911427297385158e-02 -4.330645143930871299e-01 4.640716210542950582e-01 2.690365562192817070e-02 3.688582176595040507e-01 -1.009405635558514730e-01
1.661967884687185526e+09 2.266719341278076172e-01 4.524070322513580322e-01 8.706279397010803223e-01 -4.819927513599395752e-01 5.526000857353210449e-01 4.551670551300048828e-01 5.051129460334777832e-01 2.624290607306526413e-01 -4.837819051592913422e-02 -4.195284175141040239e-01 4.495663494086117318e-01 2.606274052315179710e-02 3.573289872494701536e-01 -9.778551112855710103e-02
1.661967884718102455e+09 2.299678176641464233e-01 4.595522880554199219e-01 8.679517507553100586e-01 -4.796644151210784912e-01 5.490464568138122559e-01 4.574051499366760254e-01 5.091665387153625488e-01 2.688303461029394326e-01 -4.993949938278123557e-02 -4.330678540076187688e-01 4.640751997828239661e-01 2.690386309179994273e-02 3.688610621416161806e-01 -1.009413419677547413e-01
1.661967884749019861e+09 2.332732677459716797e-01 4.665836095809936523e-01 8.651834726333618164e-01 -4.773116707801818848e-01 5.454763174057006836e-01 4.596064090728759766e-01 5.132167339324951172e-01 2.667740014725447084e-01 -4.993872916910598730e-02 -4.330611748300585151e-01 4.640680423809678268e-01 2.690344815525619673e-02 3.688553732212639380e-01 -1.009397851559540454e-01
1.661967884780441761e+09 2.365875691175460815e-01 4.734998047351837158e-01 8.623238205909729004e-01 -4.749339818954467773e-01 5.418895483016967773e-01 4.617704749107360840e-01 5.172634124755859375e-01 2.604904848398201800e-01 -4.913693885458463723e-02 -4.261081693901646039e-01 4.566172067699859616e-01 2.647150035608188123e-02 3.629332228055668907e-01 -9.931914835893101978e-02
1.661967884810362339e+09 2.399099916219711304e-01 4.802995920181274414e-01 8.593734502792358398e-01 -4.725320339202880859e-01 5.382866859436035156e-01 4.638975858688354492e-01 5.213060379028320312e-01 2.714795428871183969e-01 -5.160247802688656960e-02 -4.474889555717948553e-01 4.795288418103904604e-01 2.779975813116878497e-02 3.811440861319392304e-01 -1.043026751423842546e-01
1.661967884842277527e+09 2.432398051023483276e-01 4.869818091392517090e-01 8.563330769538879395e-01 -4.701055586338043213e-01 5.346676707267761230e-01 4.659875929355621338e-01 5.253444314002990723e-01 2.525831197364856728e-01 -4.837746770899999105e-02 -4.195221494407521678e-01 4.495596325457388298e-01 2.606235112600407619e-02 3.573236484828710147e-01 -9.778405013871446783e-02
1.661967884874191761e+09 2.465762943029403687e-01 4.935452044010162354e-01 8.532034158706665039e-01 -4.676548540592193604e-01 5.310328602790832520e-01 4.680405557155609131e-01 5.293781757354736328e-01 2.506818260445771718e-01 -4.837891334445661162e-02 -4.195346857747610514e-01 4.495730664722075720e-01 2.606312993193607777e-02 3.573343261756028455e-01 -9.778697216205720077e-02
