1.661967891288680077e+09 1.378528122206244648e-16 -2.367949187755584717e-01 1.128897309303283691e+00 -6.125128269195556641e-01 6.125135421752929688e-01 3.533097505569458008e-01 3.533093035221099854e-01 0.000000000000000000e+00 0.000000000000000000e+00 0.000000000000000000e+00 0.000000000000000000e+00 0.000000000000000000e+00 0.000000000000000000e+00 0.000000000000000000e+00
1.661967894256805658e+09 1.378528122206244648e-16 -2.367949187755584717e-01 1.128897309303283691e+00 -6.125128269195556641e-01 6.125135421752929688e-01 3.533097505569458008e-01 3.533093035221099854e-01 0.000000000000000000e+00 0.000000000000000000e+00 0.000000000000000000e+00 0.000000000000000000e+00 0.000000000000000000e+00 0.000000000000000000e+00 0.000000000000000000e+00
1.661967894289717913e+09 4.152186680585145950e-03 -2.256643474102020264e-01 1.124189019203186035e+00 6.141812205314636230e-01 -6.124930381774902344e-01 -3.487339317798614502e-01 -3.549906909465789795e-01 3.882693957952823016e-01 -1.442304727287322119e-01 -6.290470864179186217e-01 1.385196602004610256e-01 -1.476969425101377908e-01 3.482177026097125205e-01 -1.408521078938898552e-01
1.661967894320635080e+09 8.390177972614765167e-03 -2.145937383174896240e-01 1.119241833686828613e+00 6.158831715583801270e-01 -6.124251484870910645e-01 -3.441710174083709717e-01 -3.566085398197174072e-01 4.154644310323157841e-01 -1.535376737203876796e-01 -6.696395323535063726e-01 1.474583421196863087e-01 -1.572278350031566796e-01 3.706882116895582335e-01 -1.499413028016297056e-01
1.661967894352549076e+09 1.271305605769157410e-02 -2.035885304212570190e-01 1.114055395126342773e+00 6.176182627677917480e-01 -6.123103499412536621e-01 -3.396224975585937500e-01 -3.581623733043670654e-01 4.045646634034453792e-01 -1.487419513164429941e-01 -6.487234585974084311e-01 1.428525065757530743e-01 -1.523168510564965605e-01 3.591098301848643648e-01 -1.452579124147719836e-01
1.661967894383466721e+09 1.711980998516082764e-02 -1.926541924476623535e-01 1.108629703521728516e+00 6.193858385086059570e-01 -6.121491789817810059e-01 -3.350899517536163330e-01 -3.596516549587249756e-01 4.197464423855772897e-01 -1.535353057370186791e-01 -6.696292046258679465e-01 1.474560678967322402e-01 -1.572254101071064170e-01 3.706824946332851756e-01 -1.499389902844286138e-01
1.661967894414384127e+09 2.160933800041675568e-02 -1.817962080240249634e-01 1.102964878082275391e+00 6.211853623390197754e-01 -6.119421720504760742e-01 -3.305748403072357178e-01 -3.610758781433105469e-01 4.218933047411040915e-01 -1.535364897195733158e-01 -6.696343684498805571e-01 1.474572049994404832e-01 -1.572266225457826794e-01 3.706853531393782264e-01 -1.499401465341126949e-01
1.661967894446299076e+09 2.618044987320899963e-02 -1.710200458765029907e-01 1.097060918807983398e+00 6.230162978172302246e-01 -6.116898655891418457e-01 -3.260787129402160645e-01 -3.624346256256103516e-01 4.107856983671541728e-01 -1.487375066476792629e-01 -6.487040736097392513e-01 1.428482378938782937e-01 -1.523122995634966781e-01 3.590990993572057421e-01 -1.452535718551632993e-01
1.661967894478214979e+09 3.083185479044914246e-02 -1.603311896324157715e-01 1.090918183326721191e+00 6.248781085014343262e-01 -6.113927960395812988e-01 -3.216031193733215332e-01 -3.637274801731109619e-01 4.128509201636968995e-01 -1.487330622445373618e-01 -6.486846897805567114e-01 1.428439694670793625e-01 -1.523077483425052114e-01 3.590883691708431913e-01 -1.452492315549556157e-01
1.661967894508135796e+09 3.556218370795249939e-02 -1.497351229190826416e-01 1.084536910057067871e+00 6.267699599266052246e-01 -6.110516786575317383e-01 -3.171495795249938965e-01 -3.649540841579437256e-01 4.425968158343435155e-01 -1.586504169610836179e-01 -6.919382614522596731e-01 1.523686460450245084e-01 -1.624634591414085283e-01 3.830319811553674625e-01 -1.549342883264470949e-01
1.661967894539051533e+09 4.036995768547058105e-02 -1.392373144626617432e-01 1.077917695045471191e+00 6.286914348602294922e-01 -6.106668710708618164e-01 -3.127195537090301514e-01 -3.661140203475952148e-01 4.304966150394414770e-01 -1.535447781087769803e-01 -6.696705174479317124e-01 1.474651652094736143e-01 -1.572351101401207873e-01 3.707053639165200365e-01 -1.499482407812457174e-01
1.661967894569968462e+09 4.525362700223922729e-02 -1.288432478904724121e-01 1.071061015129089355e+00 6.306418180465698242e-01 -6.102392673492431641e-01 -3.083145916461944580e-01 -3.672070503234863281e-01 4.326233113805741937e-01 -1.535388577394639908e-01 -6.696446963368047900e-01 1.474594792574701607e-01 -1.572290474792314985e-01 3.706910702838261407e-01 -1.499424590869808949e-01
1.661967894599888325e+09 5.021153017878532410e-02 -1.185583695769309998e-01 1.063967585563659668e+00 6.326205134391784668e-01 -6.097693443298339844e-01 -3.039362430572509766e-01 -3.682327866554260254e-01 4.492529729159956409e-01 -1.586554738301338974e-01 -6.919603164915437699e-01 1.523735026871016196e-01 -1.624686375484636347e-01 3.830441900269729860e-01 -1.549392267465437567e-01
1.661967894632801533e+09 5.524193122982978821e-02 -1.083881258964538574e-01 1.056638121604919434e+00 6.346268057823181152e-01 -6.092577576637268066e-01 -2.995859980583190918e-01 -3.691910803318023682e-01 4.104057362101805051e-01 -1.442262935889336295e-01 -6.290288595088179280e-01 1.385156465338909515e-01 -1.476926629278899061e-01 3.482076128524509984e-01 -1.408480266436611394e-01
1.661967894663718462e+09 6.034298613667488098e-02 -9.833794832229614258e-02 1.049073576927185059e+00 6.366599798202514648e-01 -6.087051630020141602e-01 -2.952653467655181885e-01 -3.700816333293914795e-01 4.390423497370358752e-01 -1.535388577394648790e-01 -6.696446963367975735e-01 1.474594792574701607e-01 -1.572290474792324144e-01 3.706910702838261407e-01 -1.499424590869800067e-01
1.661967894694634914e+09 6.551276892423629761e-02 -8.841323852539062500e-02 1.041274905204772949e+00 6.387194395065307617e-01 -6.081122756004333496e-01 -2.909757792949676514e-01 -3.709043860435485840e-01 4.411845348859783633e-01 -1.535412258324023449e-01 -6.696550245423043002e-01 1.474617535856534711e-01 -1.572314724874827041e-01 3.706967876046297627e-01 -1.499447717111822287e-01
1.661967894724555254e+09 7.074926793575286865e-02 -7.861937582492828369e-02 1.033243179321289062e+00 6.408043503761291504e-01 -6.074797511100769043e-01 -2.867189049720764160e-01 -3.716590404510498047e-01 4.580767608418672698e-01 -1.586529453553119917e-01 -6.919492887961535832e-01 1.523710743273631874e-01 -1.624660483036722280e-01 3.830380854938835733e-01 -1.549367574971434458e-01
1.661967894755472660e+09 7.605037838220596313e-02 -6.896172463893890381e-02 1.024979591369628906e+00 6.429141759872436523e-01 -6.068081855773925781e-01 -2.824960350990295410e-01 -3.723455369472503662e-01 4.454341864039903509e-01 -1.535364897195733158e-01 -6.696343684498733406e-01 1.474572049994404832e-01 -1.572266225457817912e-01 3.706853531393782264e-01 -1.499401465341126949e-01
1.661967894786390543e+09 8.141388744115829468e-02 -5.944560840725898743e-02 1.016485691070556641e+00 6.450479626655578613e-01 -6.060984730720520020e-01 -2.783087790012359619e-01 -3.729637861251831055e-01 4.475490767811661219e-01 -1.535341217727242691e-01 -6.696240408815169465e-01 1.474549308115468138e-01 -1.572241976871310010e-01 3.706796361712779708e-01 -1.499378340525769904e-01
1.661967894817308903e+09 8.683752268552780151e-02 -5.007630959153175354e-02 1.007762670516967773e+00 6.472051739692687988e-01 -6.053511500358581543e-01 -2.741585373878479004e-01 -3.735136985778808594e-01 4.496649079190028764e-01 -1.535317538989143249e-01 -6.696137136317062977e-01 1.474526566938290373e-01 -1.572217729032729938e-01 3.706739193795170473e-01 -1.499355216423695902e-01
1.661967894849224806e+09 9.231889992952346802e-02 -4.085909202694892883e-02 9.988121390342712402e-01 6.493848562240600586e-01 -6.045672297477722168e-01 -2.700469195842742920e-01 -3.739953935146331787e-01 4.376609082727188071e-01 -1.487330622445373618e-01 -6.486846897805567114e-01 1.428439694670932958e-01 -1.523077483425052114e-01 3.590883691708449121e-01 -1.452492315549556157e-01
1.661967894879143715e+09 9.785556048154830933e-02 -3.179916739463806152e-02 9.896358251571655273e-01 6.515863537788391113e-01 -6.037471294403076172e-01 -2.659752070903778076e-01 -3.744086623191833496e-01 4.690541209466964623e-01 -1.586605310215635778e-01 -6.919823729368648202e-01 1.523783596387925932e-01 -1.624738162856443902e-01 3.830563996769014712e-01 -1.549441654814686098e-01
1.661967894911059380e+09 1.034449487924575806e-01 -2.290170453488826752e-02 9.802354574203491211e-01 6.538090109825134277e-01 -6.028918027877807617e-01 -2.619448602199554443e-01 -3.747536838054656982e-01 4.417482373604214030e-01 -1.487341733204230465e-01 -6.486895356292453618e-01 1.428450365498678543e-01 -1.523088861222544055e-01 3.590910516573175282e-01 -1.452503166056903494e-01
1.661967894943493843e+09 1.090844422578811646e-01 -1.417182665318250656e-02 9.706128835678100586e-01 6.560516953468322754e-01 -6.020019650459289551e-01 -2.579574286937713623e-01 -3.750305175781250000e-01 4.366847597196449882e-01 -1.463551262670178543e-01 -6.383135548182463648e-01 1.405601879793622611e-01 -1.498726604812506968e-01 3.533472841741778225e-01 -1.429269948699215809e-01
1.661967894990365744e+09 1.147713065147399902e-01 -5.614607594907283783e-03 9.607701301574707031e-01 6.583138108253479004e-01 -6.010783910751342773e-01 -2.540142536163330078e-01 -3.752391636371612549e-01 3.035584105037952285e-01 -1.012749631341847562e-01 -4.417008367327461826e-01 9.726497608134240802e-02 -1.037090298932804022e-01 2.445095986116389286e-01 -9.890276142376047686e-02
1.661967895022280455e+09 1.205027401447296143e-01 2.764934208244085312e-03 9.507093429565429688e-01 6.605945229530334473e-01 -6.001219153404235840e-01 -2.501167654991149902e-01 -3.753799796104431152e-01 4.478451194864318530e-01 -1.487386177899666373e-01 -6.487089197480450098e-01 1.428493050404336107e-01 -1.523134374112448119e-01 3.591017820039961173e-01 -1.452546569707456603e-01
1.661967895053198099e+09 1.262758523225784302e-01 1.096183713525533676e-02 9.404326677322387695e-01 6.628931164741516113e-01 -5.991333723068237305e-01 -2.462664097547531128e-01 -3.754529654979705811e-01 4.643679054536077877e-01 -1.535353057370186791e-01 -6.696292046258750519e-01 1.474560678967250515e-01 -1.572254101071073051e-01 3.706824946332851756e-01 -1.499389902844286138e-01
1.661967895084118128e+09 1.320876926183700562e-01 1.897120103240013123e-02 9.299424886703491211e-01 6.652084589004516602e-01 -5.981134772300720215e-01 -2.424644380807876587e-01 -3.754583895206451416e-01 4.664034642284337617e-01 -1.535234669157135023e-01 -6.695775707657934950e-01 1.474446978341283909e-01 -1.572132867487303909e-01 3.706539119969091689e-01 -1.499274287683065032e-01
1.661967895116033077e+09 1.379351913928985596e-01 2.678818628191947937e-02 9.192412495613098145e-01 6.675398945808410645e-01 -5.970631241798400879e-01 -2.387123107910156250e-01 -3.753964602947235107e-01 4.538623167539302394e-01 -1.487375066476805674e-01 -6.487040736097392513e-01 1.428482378938713271e-01 -1.523122995634984267e-01 3.590990993572075185e-01 -1.452535718551637434e-01
1.661967895146949053e+09 1.438152194023132324e-01 3.440802544355392456e-02 9.083313941955566406e-01 6.698865890502929688e-01 -5.959831476211547852e-01 -2.350113838911056519e-01 -3.752674758434295654e-01 4.705850270976950633e-01 -1.535435939983881837e-01 -6.696653530664082865e-01 1.474640279839936619e-01 -1.572338975705388775e-01 3.707025051017954764e-01 -1.499470844067226361e-01
1.661967895177865744e+09 1.497245877981185913e-01 4.182601720094680786e-02 8.972157239913940430e-01 6.722475886344909668e-01 -5.948743820190429688e-01 -2.313629686832427979e-01 -3.750717043876647949e-01 4.726192306395054499e-01 -1.535400417768017778e-01 -6.696498603997272925e-01 1.474606164127924002e-01 -1.572302599740076079e-01 3.706939289221829470e-01 -1.499436153901640423e-01
1.661967895209780216e+09 1.556600034236907959e-01 4.903753846883773804e-02 8.858969211578369141e-01 6.746220588684082031e-01 -5.937377810478210449e-01 -2.277684062719345093e-01 -3.748095333576202393e-01 4.598172563558332593e-01 -1.487397289488565921e-01 -6.487137659587572935e-01 1.428503722029262901e-01 -1.523145752759944849e-01 3.591044646908681526e-01 -1.452557421025417184e-01
1.661967895239700317e+09 1.616181135177612305e-01 5.603803321719169617e-02 8.743779659271240234e-01 6.770090460777282715e-01 -5.925740003585815430e-01 -2.242289185523986816e-01 -3.744812309741973877e-01 4.925600523912730955e-01 -1.586542095826511678e-01 -6.919548025999189278e-01 1.523722884975571845e-01 -1.624673429157517113e-01 3.830411377361081504e-01 -1.549379921120064008e-01
1.661967895270617485e+09 1.675954908132553101e-01 6.282304227352142334e-02 8.626617193222045898e-01 6.794077157974243164e-01 -5.913840532302856445e-01 -2.207458317279815674e-01 -3.740872740745544434e-01 4.786938765786015182e-01 -1.535376737203876796e-01 -6.696395323535135891e-01 1.474583421196791200e-01 -1.572278350031566796e-01 3.706882116895582335e-01 -1.499413028016297056e-01
1.661967895301534176e+09 1.735886335372924805e-01 6.938818097114562988e-02 8.507513403892517090e-01 6.818171739578247070e-01 -5.901688337326049805e-01 -2.173205167055130005e-01 -3.736280202865600586e-01 4.807078283956596199e-01 -1.535400417768017778e-01 -6.696498603997200760e-01 1.474606164127924002e-01 -1.572302599740066920e-01 3.706939289221829470e-01 -1.499436153901640423e-01
1.661967895332451344e+09 1.795939654111862183e-01 7.572913914918899536e-02 8.386501073837280273e-01 6.842364072799682617e-01 -5.889292359352111816e-01 -2.139540761709213257e-01 -3.731039464473724365e-01 4.826937989583277577e-01 -1.535376737203885678e-01 -6.696395323535135891e-01 1.474583421196863087e-01 -1.572278350031575678e-01 3.706882116895582335e-01 -1.499413028016297056e-01
1.661967895362371683e+09 1.856078654527664185e-01 8.184172213077545166e-02 8.263612389564514160e-01 6.866644620895385742e-01 -5.876661539077758789e-01 -2.106477469205856323e-01 -3.725155889987945557e-01 5.008262267922984901e-01 -1.586529453553138236e-01 -6.919492887961610217e-01 1.523710743273557489e-01 -1.624660483036722280e-01 3.830380854938831292e-01 -1.549367574971434458e-01
1.661967895393288612e+09 1.916266381740570068e-01 8.772180229425430298e-02 8.138881921768188477e-01 6.891005635261535645e-01 -5.863804817199707031e-01 -2.074027955532073975e-01 -3.718633949756622314e-01 4.866543689488711522e-01 -1.535388577394639908e-01 -6.696446963367904681e-01 1.474594792574701607e-01 -1.572290474792324144e-01 3.706910702838261407e-01 -1.499424590869800067e-01
1.661967895424206257e+09 1.976464986801147461e-01 9.336537122726440430e-02 8.012345433235168457e-01 6.915437579154968262e-01 -5.850731134414672852e-01 -2.042203396558761597e-01 -3.711479008197784424e-01 4.886013642334637863e-01 -1.535353057370177909e-01 -6.696292046258750519e-01 1.474560678967250515e-01 -1.572254101071064170e-01 3.706824946332842874e-01 -1.499389902844286138e-01
1.661967895455629349e+09 2.036636471748352051e-01 9.876850992441177368e-02 7.884038686752319336e-01 6.939929723739624023e-01 -5.837450623512268066e-01 -2.011016309261322021e-01 -3.703697025775909424e-01 4.826582490551944438e-01 -1.510656563632612748e-01 -6.588580706647614305e-01 1.450842044091142646e-01 -1.546964045878491678e-01 3.647199846663466416e-01 -1.475271884406753609e-01
1.661967895487543344e+09 2.096741646528244019e-01 1.039273887872695923e-01 7.753999233245849609e-01 6.964472532272338867e-01 -5.823971033096313477e-01 -1.980476975440979004e-01 -3.695294260978698730e-01 4.771069695148264511e-01 -1.487419513164429941e-01 -6.487234585974084311e-01 1.428525065757600410e-01 -1.523168510564957001e-01 3.591098301848617558e-01 -1.452579124147710954e-01
1.661967895517463207e+09 2.156741470098495483e-01 1.088383048772811890e-01 7.622265219688415527e-01 6.989057064056396484e-01 -5.810303092002868652e-01 -1.950596570968627930e-01 -3.686276376247406006e-01 5.108910604798713173e-01 -1.586554738301338974e-01 -6.919603164915512084e-01 1.523735026871016196e-01 -1.624686375484636347e-01 3.830441900269743738e-01 -1.549392267465446726e-01
1.661967895548890829e+09 2.216596007347106934e-01 1.134976446628570557e-01 7.488877177238464355e-01 7.013673782348632812e-01 -5.796455740928649902e-01 -1.921386420726776123e-01 -3.676650226116180420e-01 4.882541534833750307e-01 -1.510438818768831681e-01 -6.587631033741795372e-01 1.450632920845680851e-01 -1.546741067682428084e-01 3.646674142110281069e-01 -1.475059239863153737e-01
1.661967895580803871e+09 2.276264429092407227e-01 1.179019287228584290e-01 7.353874444961547852e-01 7.038312554359436035e-01 -5.782438516616821289e-01 -1.892857551574707031e-01 -3.666422665119171143e-01 4.826613276786351214e-01 -1.487463962508497606e-01 -6.487428447436612844e-01 1.428567755127822525e-01 -1.523214028215232052e-01 3.591205616538668544e-01 -1.452622532338022354e-01
1.661967895611721992e+09 2.335706204175949097e-01 1.220477595925331116e-01 7.217298746109008789e-01 7.062963247299194336e-01 -5.768261551856994629e-01 -1.865019202232360840e-01 -3.655600547790527344e-01 5.000709397429284886e-01 -1.535329378266896139e-01 -6.696188772167969150e-01 1.474537937439269197e-01 -1.572229852858524624e-01 3.706767777533551689e-01 -1.499366778385574639e-01
1.661967895642151356e+09 2.394879609346389771e-01 1.259318888187408447e-01 7.079193592071533203e-01 7.087615728378295898e-01 -5.753933787345886230e-01 -1.837881952524185181e-01 -3.644191622734069824e-01 5.099927167810227591e-01 -1.559989922225573367e-01 -6.803743320338025979e-01 1.498222045969717919e-01 -1.597483094246608393e-01 3.766306083135242400e-01 -1.523449689109467320e-01
1.661967895673068285e+09 2.453743070363998413e-01 1.295511722564697266e-01 6.939601302146911621e-01 7.112261652946472168e-01 -5.739465951919555664e-01 -1.811456531286239624e-01 -3.632203042507171631e-01 5.037981012633785394e-01 -1.535388577394648790e-01 -6.696446963367904681e-01 1.474594792574701607e-01 -1.572290474792314985e-01 3.706910702838256966e-01 -1.499424590869800067e-01
1.661967895704982996e+09 2.512254118919372559e-01 1.329025626182556152e-01 6.798566579818725586e-01 7.136889100074768066e-01 -5.724865794181823730e-01 -1.785750985145568848e-01 -3.619643449783325195e-01 4.898212545307211174e-01 -1.487386177899670814e-01 -6.487089197480518932e-01 1.428493050404266440e-01 -1.523134374112456724e-01 3.591017820039972275e-01 -1.452546569707456603e-01
1.661967895736409903e+09 2.570370137691497803e-01 1.359831988811492920e-01 6.656134724617004395e-01 7.161489129066467285e-01 -5.710145831108093262e-01 -1.760775893926620483e-01 -3.606520295143127441e-01 4.992103884105058009e-01 -1.510473195363550847e-01 -6.587780963894140918e-01 1.450665936297543812e-01 -1.546776270492462579e-01 3.646757138016833988e-01 -1.475092811241911495e-01
1.661967895767327070e+09 2.628048062324523926e-01 1.387902796268463135e-01 6.512352228164672852e-01 7.186051607131958008e-01 -5.695312619209289551e-01 -1.736539155244827271e-01 -3.592841029167175293e-01 5.092395075540764315e-01 -1.535376737203876796e-01 -6.696395323535063726e-01 1.474583421196791200e-01 -1.572278350031575678e-01 3.706882116895576784e-01 -1.499413028016297056e-01
1.661967895798243523e+09 2.685244679450988770e-01 1.413211822509765625e-01 6.367266774177551270e-01 7.210565805435180664e-01 -5.680379271507263184e-01 -1.713050454854965210e-01 -3.578616678714752197e-01 5.110321204545823504e-01 -1.535412258324023449e-01 -6.696550245423043002e-01 1.474617535856534711e-01 -1.572314724874827041e-01 3.706967876046292076e-01 -1.499447717111822287e-01
1.661967895830158234e+09 2.685244679450988770e-01 1.413211822509765625e-01 6.367266774177551270e-01 7.210565805435180664e-01 -5.680379271507263184e-01 -1.713050454854965210e-01 -3.578616678714752197e-01 0.000000000000000000e+00 0.000000000000000000e+00 0.000000000000000000e+00 0.000000000000000000e+00 0.000000000000000000e+00 4.348398394850396483e-16 -8.696796789700792966e-16
1.661967895862073421e+09 2.688986659049987793e-01 1.549102663993835449e-01 6.421794295310974121e-01 7.144048810005187988e-01 -5.690053105354309082e-01 -1.797684431076049805e-01 -3.654339909553527832e-01 4.589363097579182149e-01 5.842193116208476561e-02 -2.591634859418948666e-01 5.902287829440590050e-01 1.281119349194697332e-01 3.971633786135811417e-01 3.038232214150928812e-01
1.661967895893987656e+09 2.692093551158905029e-01 1.683549284934997559e-01 6.477212905883789062e-01 7.076652646064758301e-01 -5.698390007019042969e-01 -1.882942020893096924e-01 -3.728789687156677246e-01 4.557642387063619571e-01 5.842367695034283298e-02 -2.591712303721470656e-01 5.902464204041488749e-01 1.281157632131815494e-01 3.971752468135708036e-01 3.038323003859866311e-01
1.661967895925903559e+09 2.694568037986755371e-01 1.816522479057312012e-01 6.533499360084533691e-01 7.008395791053771973e-01 -5.705383419990539551e-01 -1.968799829483032227e-01 -3.801949620246887207e-01 4.524910777974348597e-01 5.842062188935861350e-02 -2.591576779229436966e-01 5.902155555407205823e-01 1.281090638493262435e-01 3.971544779290419047e-01 3.038164125429885787e-01
1.661967895957818270e+09 2.696413397789001465e-01 1.947993636131286621e-01 6.590632200241088867e-01 6.939296126365661621e-01 -5.711027383804321289e-01 -2.055234313011169434e-01 -3.873803019523620605e-01 4.491987922962178970e-01 5.842280404317277270e-02 -2.591673580991697423e-01 5.902376015423469457e-01 1.281138490377272676e-01 3.971693126249155603e-01 3.038277608327162316e-01
1.661967895987738848e+09 2.697633206844329834e-01 2.077934741973876953e-01 6.648587584495544434e-01 6.869370341300964355e-01 -5.715317130088806152e-01 -2.142222970724105835e-01 -3.944336175918579102e-01 4.755420990776822454e-01 6.231654036159711002e-02 -2.764402256259476665e-01 6.295754872064259766e-01 1.366523222428607798e-01 4.236396712880983739e-01 3.240771344510355867e-01
1.661967896019654036e+09 2.698231339454650879e-01 2.206318080425262451e-01 6.707342863082885742e-01 6.798637509346008301e-01 -5.718246698379516602e-01 -2.229740619659423828e-01 -4.013532102108001709e-01 4.423935409578735323e-01 5.842193116208476561e-02 -2.591634859419018055e-01 5.902287829440590050e-01 1.281119349194697332e-01 3.971633786135811417e-01 3.038232214150946020e-01
1.661967896065530062e+09 2.698211371898651123e-01 2.333116680383682251e-01 6.766873598098754883e-01 6.727114915847778320e-01 -5.719811916351318359e-01 -2.317764610052108765e-01 -4.081377685070037842e-01 3.053399018683374821e-01 4.064316513641650502e-02 -1.802957236597092228e-01 4.106123405422494876e-01 8.912534083188772271e-02 2.762999521249113744e-01 2.113647583129821261e-01
1.661967896095450401e+09 2.697577774524688721e-01 2.458304315805435181e-01 6.827154755592346191e-01 6.654820442199707031e-01 -5.720008611679077148e-01 -2.406270056962966919e-01 -4.147858619689941406e-01 4.643885157078134762e-01 6.231703692751894980e-02 -2.764424284246771446e-01 6.295805039440500739e-01 1.366534111493689363e-01 4.236430470375010526e-01 3.240797168418436125e-01
1.661967896126366615e+09 2.696335315704345703e-01 2.581855058670043945e-01 6.888163089752197266e-01 6.581772565841674805e-01 -5.718833208084106445e-01 -2.495232522487640381e-01 -4.212960600852966309e-01 4.457150211613181701e-01 6.030967787355012016e-02 -2.675376531182896978e-01 6.093004298727375811e-01 1.322515256353727631e-01 4.099966391200179361e-01 3.136404471672163408e-01
1.661967896157284021e+09 2.694488167762756348e-01 2.703743577003479004e-01 6.949872374534606934e-01 6.507989764213562012e-01 -5.716280341148376465e-01 -2.584626972675323486e-01 -4.276670813560485840e-01 4.419252893256725989e-01 6.030735249287838551e-02 -2.675273375783980834e-01 6.092769368697499299e-01 1.322464263685169394e-01 4.099808307407727948e-01 3.136283540262905234e-01
1.661967896188202381e+09 2.692041695117950439e-01 2.823944985866546631e-01 7.012256979942321777e-01 6.433491110801696777e-01 -5.712347626686096191e-01 -2.674428522586822510e-01 -4.338975846767425537e-01 4.380832517608738153e-01 6.030549231744902761e-02 -2.675190857192253358e-01 6.092581437716985127e-01 1.322423472381454579e-01 4.099681849150700330e-01 3.136186801849705219e-01
1.661967896219119549e+09 2.689000666141510010e-01 2.942435741424560547e-01 7.075291275978088379e-01 6.358294486999511719e-01 -5.707031488418579102e-01 -2.764613330364227295e-01 -4.399863779544830322e-01 4.342195531574834511e-01 6.030781755466694399e-02 -2.675294006227397214e-01 6.092816353254153494e-01 1.322474461904297738e-01 4.099839923190967683e-01 3.136307725798713197e-01
1.661967896251033783e+09 2.685370743274688721e-01 3.059192001819610596e-01 7.138949632644653320e-01 6.282418370246887207e-01 -5.700328946113586426e-01 -2.855154573917388916e-01 -4.459322690963745117e-01 4.168430850381416031e-01 5.842367695034283298e-02 -2.591712303721435684e-01 5.902464204041488749e-01 1.281157632131824098e-01 3.971752468135725800e-01 3.038323003859857430e-01
1.661967896282947779e+09 2.681157290935516357e-01 3.174191117286682129e-01 7.203204035758972168e-01 6.205880641937255859e-01 -5.692239999771118164e-01 -2.946027219295501709e-01 -4.517342448234558105e-01 4.129842156986215929e-01 5.842411341371008676e-02 -2.591731665520248806e-01 5.902508299338669051e-01 1.281167203223584905e-01 3.971782139743986195e-01 3.038345702134910842e-01
1.661967896314862490e+09 2.676366567611694336e-01 3.287410736083984375e-01 7.268028259277343750e-01 6.128702163696289062e-01 -5.682759284973144531e-01 -3.037205934524536133e-01 -4.573909044265747070e-01 4.090651343549597807e-01 5.842280404317190534e-02 -2.591673580991697423e-01 5.902376015423469457e-01 1.281138490377272676e-01 3.971693126249163930e-01 3.038277608327162316e-01
1.661967896346776724e+09 2.671004235744476318e-01 3.398829698562622070e-01 7.333394289016723633e-01 6.050901412963867188e-01 -5.671885013580322266e-01 -3.128664493560791016e-01 -4.629013240337371826e-01 4.051140511166348990e-01 5.842367695034370034e-02 -2.591712303721435684e-01 5.902464204041418805e-01 1.281157632131824098e-01 3.971752468135716918e-01 3.038323003859857430e-01
1.661967896378691673e+09 2.665076553821563721e-01 3.508426845073699951e-01 7.399275898933410645e-01 5.972496867179870605e-01 -5.659618377685546875e-01 -3.220376968383789062e-01 -4.682646393775939941e-01 4.011033979246702019e-01 5.842236759936706575e-02 -2.591654220060689573e-01 5.902331922102670436e-01 1.281128919714475400e-01 3.971663455970843581e-01 3.038254911069479536e-01
1.661967896410606623e+09 2.658590078353881836e-01 3.616182208061218262e-01 7.465643882751464844e-01 5.893509387969970703e-01 -5.645955204963684082e-01 -3.312316834926605225e-01 -4.734796285629272461e-01 3.970558434949002513e-01 5.842236759936880047e-02 -2.591654220060689573e-01 5.902331922102601602e-01 1.281128919714492886e-01 3.971663455970817491e-01 3.038254911069488418e-01
1.661967896440526485e+09 2.651551365852355957e-01 3.722076117992401123e-01 7.532470226287841797e-01 5.813955664634704590e-01 -5.630897283554077148e-01 -3.404457867145538330e-01 -4.785455465316772461e-01 4.191683924490119950e-01 6.231803008310416586e-02 -2.764468341274402552e-01 6.295905376591408587e-01 1.366555890144474650e-01 4.236497986977058039e-01 3.240848817469283438e-01
1.661967896471444845e+09 2.643967270851135254e-01 3.826089799404144287e-01 7.599726915359497070e-01 5.733856558799743652e-01 -5.614442229270935059e-01 -3.496774733066558838e-01 -4.834614396095275879e-01 4.013668220400293252e-01 6.030549231744813249e-02 -2.675190857192217275e-01 6.092581437716985127e-01 1.322423472381463461e-01 4.099681849150700330e-01 3.136186801849722983e-01
1.661967896502363443e+09 2.635845243930816650e-01 3.928205072879791260e-01 7.667384743690490723e-01 5.653230547904968262e-01 -5.596591234207153320e-01 -3.589239418506622314e-01 -4.882265329360961914e-01 3.970565507728958665e-01 6.030502729152072833e-02 -2.675170228339661116e-01 6.092534456783406105e-01 1.322413274948734119e-01 4.099650235805351595e-01 3.136162618178869876e-01
1.661967896532288313e+09 2.627191841602325439e-01 4.028404355049133301e-01 7.735415101051330566e-01 -5.572098493576049805e-01 5.577343106269836426e-01 3.681825101375579834e-01 4.928399622440338135e-01 4.057507188292412970e-01 6.230760352804460417e-02 -2.764005812511304838e-01 6.294851995989176885e-01 1.366327248927614035e-01 4.235789169970794465e-01 3.240306584529791256e-01
1.661967896564196110e+09 2.618014812469482422e-01 4.126671254634857178e-01 7.803788781166076660e-01 -5.490478277206420898e-01 5.556699037551879883e-01 3.774506151676177979e-01 4.973011314868927002e-01 3.762867828599339992e-01 5.843546375069384041e-02 -2.592235173850183649e-01 5.903655008365598089e-01 1.281416101814232544e-01 3.972553757199076552e-01 3.038935976348330348e-01
1.661967896596111059e+09 2.608321607112884521e-01 4.222989678382873535e-01 7.872475981712341309e-01 -5.408391356468200684e-01 5.534660816192626953e-01 3.867256343364715576e-01 5.016092061996459961e-01 3.719186053791614377e-01 5.842236759936793311e-02 -2.591654220060723990e-01 5.902331922102670436e-01 1.281128919714492886e-01 3.971663455970852463e-01 3.038254911069492858e-01
1.661967896626031637e+09 2.598119974136352539e-01 4.317344129085540771e-01 7.941447496414184570e-01 -5.325854420661926270e-01 5.511226058006286621e-01 3.960044682025909424e-01 5.057637095451354980e-01 3.921036296498418006e-01 6.231654036159711002e-02 -2.764402256259513857e-01 6.295754872064259766e-01 1.366523222428607798e-01 4.236396712880965421e-01 3.240771344510360308e-01
1.661967896657460213e+09 2.587417960166931152e-01 4.409720003604888916e-01 8.010673522949218750e-01 -5.242889523506164551e-01 5.486400127410888672e-01 4.052847027778625488e-01 5.097639560699462891e-01 3.688724311303566705e-01 5.932648477267651183e-02 -2.631761445835973934e-01 5.993673643991364042e-01 1.300955070299122107e-01 4.033127057750373057e-01 3.085273519778129470e-01
1.661967896690371990e+09 2.576223611831665039e-01 4.500103890895843506e-01 8.080123662948608398e-01 -5.159516930580139160e-01 5.460183024406433105e-01 4.145637452602386475e-01 5.136093497276306152e-01 3.480010300064293460e-01 5.665287774169448787e-02 -2.513158499236091692e-01 5.723562781070874461e-01 1.242326236376614101e-01 3.851370176321061156e-01 2.946232600590205086e-01
1.661967896721287727e+09 2.564545273780822754e-01 4.588482081890106201e-01 8.149768710136413574e-01 -5.075755715370178223e-01 5.432580113410949707e-01 4.238387644290924072e-01 5.172993540763854980e-01 3.659176146285331166e-01 6.031060807603139118e-02 -2.675417795569861590e-01 6.093098275812264264e-01 1.322535654522257742e-01 4.100029628130731352e-01 3.136452846847171960e-01
1.661967896752206087e+09 2.552390694618225098e-01 4.674842655658721924e-01 8.219578266143798828e-01 -4.991623461246490479e-01 5.403587222099304199e-01 4.331067502498626709e-01 5.208337903022766113e-01 3.613082775398487323e-01 6.030549231744813249e-02 -2.675190857192217275e-01 6.092581437717056181e-01 1.322423472381467902e-01 4.099681849150700330e-01 3.136186801849714101e-01
1.661967896782126188e+09 2.539769113063812256e-01 4.759173989295959473e-01 8.289521336555480957e-01 -4.907142519950866699e-01 5.373213887214660645e-01 4.423653781414031982e-01 5.242120623588562012e-01 3.686033534029352077e-01 6.231753350135550013e-02 -2.764446312585015497e-01 6.295855207616111171e-01 1.366545000732310444e-01 4.236464228407012533e-01 3.240822992738083830e-01
1.661967896813043594e+09 2.526688873767852783e-01 4.841465055942535400e-01 8.359568715095520020e-01 -4.822329580783843994e-01 5.341457128524780273e-01 4.516114294528961182e-01 5.274339914321899414e-01 3.520852519307437478e-01 6.030735249287838551e-02 -2.675273375784016916e-01 6.092769368697499299e-01 1.322464263685164954e-01 4.099808307407727948e-01 3.136283540262905234e-01
1.661967896844957590e+09 2.513158619403839111e-01 4.921705424785614014e-01 8.429688811302185059e-01 -4.737210571765899658e-01 5.308327078819274902e-01 4.608428776264190674e-01 5.304989218711853027e-01 3.365827443149345122e-01 5.842411341371008676e-02 -2.591731665520283778e-01 5.902508299338669051e-01 1.281167203223593509e-01 3.971782139743995077e-01 3.038345702134910842e-01
1.661967896876873255e+09 2.499187290668487549e-01 4.999886155128479004e-01 8.499851226806640625e-01 -4.651797413825988770e-01 5.273821353912353516e-01 4.700561463832855225e-01 5.334070920944213867e-01 3.320394169452761668e-01 5.842105830708025499e-02 -2.591596139003346511e-01 5.902199646092942675e-01 1.281100208584093902e-01 3.971574447795613305e-01 3.038186821331148035e-01
