1.661967897014503717e+09 1.378528122206244648e-16 -2.367949187755584717e-01 1.128897309303283691e+00 -6.125128269195556641e-01 6.125135421752929688e-01 3.533097505569458008e-01 3.533093035221099854e-01 0.000000000000000000e+00 0.000000000000000000e+00 0.000000000000000000e+00 0.000000000000000000e+00 0.000000000000000000e+00 0.000000000000000000e+00 0.000000000000000000e+00
1.661967899632568598e+09 1.378528122206244648e-16 -2.367949187755584717e-01 1.128897309303283691e+00 -6.125128269195556641e-01 6.125135421752929688e-01 3.533097505569458008e-01 3.533093035221099854e-01 0.000000000000000000e+00 0.000000000000000000e+00 0.000000000000000000e+00 0.000000000000000000e+00 0.000000000000000000e+00 0.000000000000000000e+00 0.000000000000000000e+00
1.661967899666478395e+09 1.334994286298751831e-02 -2.304468899965286255e-01 1.111155033111572266e+00 -6.082562804222106934e-01 6.288073658943176270e-01 3.393353223800659180e-01 3.456546366214752197e-01 6.810254871510301733e-01 -4.407130367869093179e-01 -5.616699791145433052e-01 -2.354824480655894892e-01 -5.375181280547730589e-01 -2.405447993776705373e-01 8.513535238125176097e-01
1.661967899697396994e+09 2.692243643105030060e-02 -2.249066829681396484e-01 1.093401432037353516e+00 -6.034509539604187012e-01 6.448535919189453125e-01 3.251998424530029297e-01 3.380175530910491943e-01 7.446596246392364060e-01 -4.833495303598690507e-01 -6.160083727078797811e-01 -2.582640429934197623e-01 -5.895199666644083125e-01 -2.638161481615556303e-01 9.337171618636950221e-01
1.661967899728312492e+09 4.068683087825775146e-02 -2.201750576496124268e-01 1.075655937194824219e+00 -5.981091856956481934e-01 6.606311202049255371e-01 3.109096586704254150e-01 3.304045200347900391e-01 7.423791669746347965e-01 -4.833979886952857186e-01 -6.160701307907306967e-01 -2.582899353235750817e-01 -5.895790691450868426e-01 -2.638425971194877651e-01 9.338107719254966632e-01
1.661967899760227680e+09 5.461265891790390015e-02 -2.162511497735977173e-01 1.057937622070312500e+00 -5.922442078590393066e-01 6.761193871498107910e-01 2.964714169502258301e-01 3.228219151496887207e-01 7.167425743380559933e-01 -4.682563669759080560e-01 -5.967727793511611312e-01 -2.501994413909299220e-01 -5.711115052589587071e-01 -2.555781754783831294e-01 9.045607340754485692e-01
1.661967899792143106e+09 6.866968423128128052e-02 -2.131325602531433105e-01 1.040265202522277832e+00 -5.858704447746276855e-01 6.912986636161804199e-01 2.818918526172637939e-01 3.152760267257690430e-01 7.142506216250731343e-01 -4.682528689490638718e-01 -5.967683212650490843e-01 -2.501975723200176582e-01 -5.711072388708888781e-01 -2.555762662265664287e-01 9.045539767135560849e-01
1.661967899823061466e+09 8.282799273729324341e-02 -2.108153253793716431e-01 1.022657036781311035e+00 -5.790027976036071777e-01 7.061497569084167480e-01 2.671779692173004150e-01 3.077729046344757080e-01 7.346080807221812004e-01 -4.833532575792023334e-01 -6.160131228900398437e-01 -2.582660345268208979e-01 -5.895245125883843418e-01 -2.638181825085195720e-01 9.337243619713545550e-01
1.661967899852981567e+09 9.705807268619537354e-02 -2.092940211296081543e-01 1.005131006240844727e+00 -5.716572999954223633e-01 7.206543087959289551e-01 2.523368895053863525e-01 3.003187775611877441e-01 7.562401752157029700e-01 -4.994799257026551476e-01 -6.365658739820490020e-01 -2.668828599253562639e-01 -6.091934938481063933e-01 -2.726202505768152706e-01 9.648772768802308386e-01
1.661967899883898973e+09 1.113308370113372803e-01 -2.085617482662200928e-01 9.877047538757324219e-01 -5.638506412506103516e-01 7.347947359085083008e-01 2.373759746551513672e-01 2.929194569587707520e-01 7.289463885212238425e-01 -4.833681670313839107e-01 -6.160321243513050549e-01 -2.582740009675783543e-01 -5.895426969853888588e-01 -2.638263202101168714e-01 9.337531635124786122e-01
1.661967899913817644e+09 1.256177425384521484e-01 -2.086101919412612915e-01 9.703953266143798828e-01 -5.556003451347351074e-01 7.485541701316833496e-01 2.223027497529983521e-01 2.855807542800903320e-01 7.501678778826850191e-01 -4.995038075045324932e-01 -6.365963103205347640e-01 -2.668956204854062708e-01 -6.092226214217635327e-01 -2.726332854606564604e-01 9.649234108823693257e-01
1.661967899945732355e+09 1.398908346891403198e-01 -2.094296365976333618e-01 9.532193541526794434e-01 -5.469244718551635742e-01 7.619168758392333984e-01 2.071248590946197510e-01 2.783083319664001465e-01 7.002228150850887678e-01 -4.682633631863778456e-01 -5.967816957231679709e-01 -2.502031796165595234e-01 -5.711200382263112996e-01 -2.555819940675844726e-01 9.045742491021009357e-01
1.661967899977647066e+09 1.541227549314498901e-01 -2.110091149806976318e-01 9.361929297447204590e-01 -5.378420948982238770e-01 7.748677134513854980e-01 1.918502151966094971e-01 2.711077928543090820e-01 6.970854051409464125e-01 -4.682633631863813428e-01 -5.967816957231748543e-01 -2.502031796165595234e-01 -5.711200382263130759e-01 -2.555819940675879698e-01 9.045742491021043774e-01
1.661967900007566690e+09 1.682868897914886475e-01 -2.133362889289855957e-01 9.193316102027893066e-01 -5.283725261688232422e-01 7.873926162719726562e-01 1.764867752790451050e-01 2.639844119548797607e-01 7.401055400435536669e-01 -4.994878860495391981e-01 -6.365760191048295269e-01 -2.668871133097939219e-01 -6.092032027298512897e-01 -2.726245953996020432e-01 9.648926543907757614e-01
1.661967900039481163e+09 1.823573559522628784e-01 -2.163976728916168213e-01 9.026505351066589355e-01 -5.185358524322509766e-01 7.994784712791442871e-01 1.610427349805831909e-01 2.569434344768524170e-01 6.904868371489591983e-01 -4.682668613700144977e-01 -5.967861540090936279e-01 -2.502050487712642601e-01 -5.711243048056091620e-01 -2.555839034049807723e-01 9.045810067668758059e-01
1.661967900071397543e+09 1.963090747594833374e-01 -2.201785892248153687e-01 8.861641883850097656e-01 -5.083527565002441406e-01 8.111131787300109863e-01 1.455263495445251465e-01 2.499898970127105713e-01 6.869797710186277273e-01 -4.682388773643133550e-01 -5.967504895867106196e-01 -2.501900963155420099e-01 -5.710901739560462209e-01 -2.555686295045594414e-01 9.045269482755812218e-01
1.661967900102313280e+09 2.101177871227264404e-01 -2.246632575988769531e-01 8.698864579200744629e-01 -4.978443086147308350e-01 8.222855329513549805e-01 1.299461275339126587e-01 2.431287169456481934e-01 7.055261618947505919e-01 -4.833942607860628460e-01 -6.160653797293380585e-01 -2.582879434215664682e-01 -5.895745223796889922e-01 -2.638405623959846347e-01 9.338035704851368468e-01
1.661967900133230448e+09 2.237601727247238159e-01 -2.298348397016525269e-01 8.538308739662170410e-01 -4.870319962501525879e-01 8.329855203628540039e-01 1.143105328083038330e-01 2.363645732402801514e-01 7.016903618446906910e-01 -4.833718945381489385e-01 -6.160368748997824273e-01 -2.582759926545595275e-01 -5.895472432599285773e-01 -2.638283547139552154e-01 9.337603641753849937e-01
1.661967900165145159e+09 2.372137904167175293e-01 -2.356755286455154419e-01 8.380100131034851074e-01 -4.759377241134643555e-01 8.432038426399230957e-01 9.862829744815826416e-02 2.297020405530929565e-01 6.759715103435246508e-01 -4.682633631863778456e-01 -5.967816957231679709e-01 -2.502031796165595234e-01 -5.711200382263112996e-01 -2.555819940675879698e-01 9.045742491021009357e-01
1.661967900195065022e+09 2.504571676254272461e-01 -2.421665787696838379e-01 8.224362134933471680e-01 -4.645837843418121338e-01 8.529327511787414551e-01 8.290819823741912842e-02 2.231453806161880493e-01 7.168850627483011051e-01 -4.994839058443799051e-01 -6.365709465030181535e-01 -2.668849866006284266e-01 -6.091983482502930647e-01 -2.726224229708976710e-01 9.648849655742330889e-01
1.661967900226980209e+09 2.634698748588562012e-01 -2.492884099483489990e-01 8.071209192276000977e-01 -4.529926478862762451e-01 8.621652722358703613e-01 6.715915352106094360e-02 2.166988253593444824e-01 6.680696424280669898e-01 -4.682563669759063352e-01 -5.967727793511471424e-01 -2.501994413909299220e-01 -5.711115052589570418e-01 -2.555781754783831294e-01 9.045607340754450165e-01
1.661967900257898092e+09 2.762324512004852295e-01 -2.570206224918365479e-01 7.920750379562377930e-01 -4.411872327327728271e-01 8.708955049514770508e-01 5.139014869928359985e-02 2.103662937879562378e-01 6.853889886724148228e-01 -4.833607121903220061e-01 -6.160226234741491558e-01 -2.582700176857676277e-01 -5.895336046466586044e-01 -2.638222512965619493e-01 9.337387625198196872e-01
1.661967900288815498e+09 2.887264788150787354e-01 -2.653421163558959961e-01 7.773088812828063965e-01 -4.291903078556060791e-01 8.791188001632690430e-01 3.561023995280265808e-02 2.041515111923217773e-01 6.810650719869195679e-01 -4.833681670313839107e-01 -6.160321243512979494e-01 -2.582740009675783543e-01 -5.895426969853888588e-01 -2.638263202101132632e-01 9.337531635124715068e-01
1.661967900320730209e+09 3.009346425533294678e-01 -2.742311358451843262e-01 7.628321051597595215e-01 -4.170249700546264648e-01 8.868314623832702637e-01 1.982858590781688690e-02 1.980580389499664307e-01 6.554855333461788724e-01 -4.682633631863795665e-01 -5.967816957231748543e-01 -2.502031796165595234e-01 -5.711200382263130759e-01 -2.555819940675879698e-01 9.045742491021043774e-01
1.661967900352645397e+09 3.128407001495361328e-01 -2.836653292179107666e-01 7.486537098884582520e-01 -4.047144353389739990e-01 8.940311074256896973e-01 4.054416436702013016e-03 1.920892298221588135e-01 6.510831010492487136e-01 -4.682563669759063352e-01 -5.967727793511471424e-01 -2.501994413909299220e-01 -5.711115052589552654e-01 -2.555781754783831294e-01 9.045607340754450165e-01
1.661967900384558678e+09 3.244295120239257812e-01 -2.936218380928039551e-01 7.347819209098815918e-01 -3.922817409038543701e-01 9.007162451744079590e-01 -1.170298270881175995e-02 1.862482130527496338e-01 6.466384828399369677e-01 -4.682843530722187730e-01 -5.968084464379342924e-01 -2.502143949637255504e-01 -5.711456386583444456e-01 -2.555934505198713680e-01 9.046147966053104117e-01
1.661967900416473627e+09 3.356870114803314209e-01 -3.040773272514343262e-01 7.212245464324951172e-01 -3.797500133514404297e-01 9.068866968154907227e-01 -2.743429504334926605e-02 1.805378347635269165e-01 6.420271735529505808e-01 -4.682598650550105490e-01 -5.967772375038599142e-01 -2.502013104897816698e-01 -5.711157717107616660e-01 -2.555800847587187952e-01 9.045674915382948544e-01
1.661967900448388100e+09 3.466002643108367920e-01 -3.150080740451812744e-01 7.079885601997375488e-01 -3.671422302722930908e-01 9.125432372093200684e-01 -4.313014447689056396e-02 1.749608218669891357e-01 6.373715746300665508e-01 -4.682668613700144977e-01 -5.967861540090936279e-01 -2.502050487712642601e-01 -5.711243048056109384e-01 -2.555839034049807723e-01 9.045810067668758059e-01
1.661967900479305744e+09 3.571574687957763672e-01 -3.263900876045227051e-01 6.950803399085998535e-01 -3.544813096523284912e-01 9.176877737045288086e-01 -5.878111347556114197e-02 1.695196032524108887e-01 6.530178393123511338e-01 -4.833644395821075079e-01 -6.160273738760946305e-01 -2.582720093113146653e-01 -5.895381507809672739e-01 -2.638242857376491002e-01 9.337459629606196243e-01
1.661967900510222912e+09 3.673478662967681885e-01 -3.381990790367126465e-01 6.825055480003356934e-01 -3.417898714542388916e-01 9.223234653472900391e-01 -7.437777519226074219e-02 1.642163991928100586e-01 6.480385095406031581e-01 -4.833718945381489385e-01 -6.160368748997753219e-01 -2.582759926545595275e-01 -5.895472432599268009e-01 -2.638283547139588237e-01 9.337603641753849937e-01
1.661967900540143013e+09 3.771619200706481934e-01 -3.504106104373931885e-01 6.702693104743957520e-01 -3.290902674198150635e-01 9.264544248580932617e-01 -8.991073071956634521e-02 1.590532809495925903e-01 6.643927614005787907e-01 -4.994799257026514283e-01 -6.365658739820490020e-01 -2.668828599253562639e-01 -6.091934938481063933e-01 -2.726202505768152706e-01 9.648772768802271749e-01
1.661967900572058439e+09 3.865910470485687256e-01 -3.630000948905944824e-01 6.583760380744934082e-01 -3.164045810699462891e-01 9.300856590270996094e-01 -1.053704693913459778e-01 1.540318876504898071e-01 6.178632256527238908e-01 -4.682528689490673690e-01 -5.967683212650490843e-01 -2.501975723200037249e-01 -5.711072388708924308e-01 -2.555762662265698704e-01 9.045539767135630793e-01
1.661967900603975534e+09 3.956278860569000244e-01 -3.759428560733795166e-01 6.468294858932495117e-01 -3.037544488906860352e-01 9.332236647605895996e-01 -1.207475885748863220e-01 1.491537839174270630e-01 6.127646734582098409e-01 -4.682283842244605587e-01 -5.967371165272592481e-01 -2.501844896053833089e-01 -5.710773759391518656e-01 -2.555629022625446889e-01 9.045066780070757373e-01
1.661967900635890007e+09 4.042660295963287354e-01 -3.892143070697784424e-01 6.356328725814819336e-01 -2.911613285541534424e-01 9.358755350112915039e-01 -1.360326707363128662e-01 1.444203406572341919e-01 6.076752520014869763e-01 -4.682668613700144977e-01 -5.967861540090936279e-01 -2.502050487712642601e-01 -5.711243048056073857e-01 -2.555839034049807723e-01 9.045810067668758059e-01
1.661967900667314529e+09 4.125001728534698486e-01 -4.027898907661437988e-01 6.247885823249816895e-01 -2.786459028720855713e-01 9.380494952201843262e-01 -1.512163281440734863e-01 1.398325115442276001e-01 6.118624743301565028e-01 -4.755677657440500194e-01 -6.060908454182285521e-01 -2.541060789010540222e-01 -5.800288937890676344e-01 -2.595687970462721705e-01 9.186846300932234310e-01
1.661967900699229240e+09 4.203260838985443115e-01 -4.166451096534729004e-01 6.142985820770263672e-01 -2.662285566329956055e-01 9.397550225257873535e-01 -1.662891656160354614e-01 1.353911459445953369e-01 5.971908409924955308e-01 -4.682633631863813428e-01 -5.967816957231679709e-01 -2.502031796165595234e-01 -5.711200382263130759e-01 -2.555819940675879698e-01 9.045742491021009357e-01
1.661967900731143713e+09 4.277404844760894775e-01 -4.307557344436645508e-01 6.041642427444458008e-01 -2.539289891719818115e-01 9.410021305084228516e-01 -1.812418997287750244e-01 1.310968548059463501e-01 5.918578170974050368e-01 -4.682668613700127769e-01 -5.967861540090936279e-01 -2.502050487712642601e-01 -5.711243048056109384e-01 -2.555839034049773306e-01 9.045810067668792476e-01
1.661967900761063576e+09 4.347410500049591064e-01 -4.450976848602294922e-01 5.943861603736877441e-01 -2.417663633823394775e-01 9.418021440505981445e-01 -1.960652768611907959e-01 1.269499361515045166e-01 6.255570027943379019e-01 -4.994839058443817925e-01 -6.365709465030255920e-01 -2.668849866006284266e-01 -6.091983482502949521e-01 -2.726224229709013347e-01 9.648849655742293141e-01
1.661967900792489529e+09 4.413264989852905273e-01 -4.596472382545471191e-01 5.849645137786865234e-01 -2.297591120004653931e-01 9.421668648719787598e-01 -2.107500582933425903e-01 1.229504421353340149e-01 5.900384488190475452e-01 -4.755461178676013700e-01 -6.060632561224736925e-01 -2.540945119753634796e-01 -5.800024908350980279e-01 -2.595569814573011058e-01 9.186428115075312428e-01
1.661967900824403763e+09 4.413264989852905273e-01 -4.596472382545471191e-01 5.849645137786865234e-01 -2.297591120004653931e-01 9.421668648719787598e-01 -2.107500582933425903e-01 1.229504421353340149e-01 0.000000000000000000e+00 0.000000000000000000e+00 0.000000000000000000e+00 0.000000000000000000e+00 0.000000000000000000e+00 0.000000000000000000e+00 0.000000000000000000e+00
1.661967900856318712e+09 4.439713954925537109e-01 -4.379090070724487305e-01 5.853150486946105957e-01 -2.399851530790328979e-01 9.427906870841979980e-01 -1.941784024238586426e-01 1.258875876665115356e-01 6.862410396325032691e-01 2.513321178735280492e-01 -3.188834743902065894e-01 6.940111334254729369e-01 3.695283952609376699e-01 7.786709484420171190e-01 -6.275518055715019194e-01
1.661967900888232231e+09 4.463218748569488525e-01 -4.160456359386444092e-01 5.859321951866149902e-01 -2.502085268497467041e-01 9.429690241813659668e-01 -1.775773167610168457e-01 1.291179209947586060e-01 6.893007967786234369e-01 2.513433837411253591e-01 -3.188977682219444332e-01 6.940422422133584179e-01 3.695449592321868870e-01 7.787058520742290435e-01 -6.275799353450067786e-01
1.661967900919149876e+09 4.483745396137237549e-01 -3.940718472003936768e-01 5.868201255798339844e-01 -2.604143619537353516e-01 9.427003264427185059e-01 -1.609570980072021484e-01 1.326391547918319702e-01 7.143917312287865196e-01 2.594392929461342701e-01 -3.291696414607451771e-01 7.163977261483615022e-01 3.814482064654326487e-01 8.037883976418270793e-01 -6.477946316692639872e-01
1.661967900950068235e+09 4.501262307167053223e-01 -3.720027506351470947e-01 5.879824161529541016e-01 -2.705879211425781250e-01 9.419837594032287598e-01 -1.443280428647994995e-01 1.364487707614898682e-01 7.170171942594349979e-01 2.594332911580596868e-01 -3.291620265524508038e-01 7.163811532257402526e-01 3.814393821610287949e-01 8.037698030505311397e-01 -6.477796457893355564e-01
1.661967900980985403e+09 4.515740573406219482e-01 -3.498536348342895508e-01 5.894223451614379883e-01 -2.807139456272125244e-01 9.408186674118041992e-01 -1.277003139257431030e-01 1.405438929796218872e-01 7.194398427905719373e-01 2.594432942924545515e-01 -3.291747182620334278e-01 7.164087751894652190e-01 3.814540895618647731e-01 8.038007945139953314e-01 -6.478046226410963948e-01
1.661967901011903524e+09 4.527153968811035156e-01 -3.276399374008178711e-01 5.911428332328796387e-01 -2.907774746417999268e-01 9.392052888870239258e-01 -1.110841482877731323e-01 1.449215561151504517e-01 7.215651692300969478e-01 2.594352917232289890e-01 -3.291645648160660409e-01 7.163866774480815991e-01 3.814423235504655896e-01 8.037760011520351799e-01 -6.477846410055975168e-01
1.661967901042819977e+09 4.535480141639709473e-01 -3.053774535655975342e-01 5.931462049484252930e-01 -3.007634878158569336e-01 9.371442794799804688e-01 -9.448979794979095459e-02 1.495785117149353027e-01 7.234964767639643357e-01 2.594492965433729537e-01 -3.291823337575859321e-01 7.164253493901369119e-01 3.814629145467782756e-01 8.038193905392481131e-01 -6.478196096767007139e-01
1.661967901073736906e+09 4.540699124336242676e-01 -2.830820381641387939e-01 5.954344868659973145e-01 -3.106567263603210449e-01 9.346368908882141113e-01 -7.792732864618301392e-02 1.545112133026123047e-01 7.251241457360587672e-01 2.594452950119015555e-01 -3.291772567213991918e-01 7.164142998378183469e-01 3.814570311781328438e-01 8.038069930934788054e-01 -6.478096182425819860e-01
1.661967901105651617e+09 4.542793929576873779e-01 -2.607696950435638428e-01 5.980091691017150879e-01 -3.204422295093536377e-01 9.316849708557128906e-01 -6.140684336423873901e-02 1.597159653902053833e-01 7.037938882827196041e-01 2.513339954479929528e-01 -3.188858566065170819e-01 6.940163180297865830e-01 3.695311558196950341e-01 7.786767654967572394e-01 -6.275564936919678649e-01
1.661967901137566566e+09 4.541751742362976074e-01 -2.384566515684127808e-01 6.008714437484741211e-01 -3.301048576831817627e-01 9.282909035682678223e-01 -4.493840038776397705e-02 1.651888042688369751e-01 7.048771745940085598e-01 2.513321178735314909e-01 -3.188834743902065894e-01 6.940111334254729369e-01 3.695283952609376699e-01 7.786709484420102356e-01 -6.275518055715019194e-01
1.661967901169481993e+09 4.537561833858489990e-01 -2.161591649055480957e-01 6.040217876434326172e-01 -3.396296501159667969e-01 9.244577288627624512e-01 -2.853196673095226288e-02 1.709255725145339966e-01 7.057037433331876386e-01 2.513283628087547572e-01 -3.188787100643750705e-01 6.940007644492435235e-01 3.695228742671565758e-01 7.786593145932477755e-01 -6.275424295406937247e-01
1.661967901201400995e+09 4.530217647552490234e-01 -1.938935965299606323e-01 6.074604988098144531e-01 -3.490017354488372803e-01 9.201889038085937500e-01 -1.219745445996522903e-02 1.769218891859054565e-01 7.062097021857330903e-01 2.513002033991270645e-01 -3.188429821579904511e-01 6.939230070023993946e-01 3.694814720717696788e-01 7.785720718071442725e-01 -6.274721182390445851e-01
1.661967901233311892e+09 4.519716203212738037e-01 -1.716763675212860107e-01 6.111872196197509766e-01 -3.582062423229217529e-01 9.154886603355407715e-01 4.055308643728494644e-03 1.831731200218200684e-01 7.067204977907495245e-01 2.513640404550696039e-01 -3.189239769085460696e-01 6.940992822350440239e-01 3.695753303698662284e-01 7.787698501942256213e-01 -6.276315131466992936e-01
1.661967901264228582e+09 4.506057500839233398e-01 -1.495239436626434326e-01 6.152012348175048828e-01 -3.672284781932830811e-01 9.103615283966064453e-01 2.021657861769199371e-02 1.896744519472122192e-01 7.295267085750253289e-01 2.594472957622098730e-01 -3.291797952199164157e-01 7.164198245713796487e-01 3.814599728397703449e-01 8.038131917685629180e-01 -6.478146139211161669e-01
1.661967901295145512e+09 4.489245712757110596e-01 -1.274527907371520996e-01 6.195012331008911133e-01 -3.760538697242736816e-01 9.048129320144653320e-01 3.627669066190719604e-02 1.964208036661148071e-01 7.293377404716269163e-01 2.594452950118979473e-01 -3.291772567213991918e-01 7.164142998378039140e-01 3.814570311781292355e-01 8.038069930934715890e-01 -6.478096182425747696e-01
1.661967901327060223e+09 4.469287693500518799e-01 -1.054793670773506165e-01 6.240856051445007324e-01 -3.846681118011474609e-01 8.988484740257263184e-01 5.222611129283905029e-02 2.034069746732711792e-01 7.061040542651855212e-01 2.513339954479963945e-01 -3.188858566065170819e-01 6.940163180297865830e-01 3.695311558196950341e-01 7.786767654967607921e-01 -6.275564936919678649e-01
1.661967901357977629e+09 4.446194767951965332e-01 -8.362006396055221558e-02 6.289521455764770508e-01 -3.930568397045135498e-01 8.924745917320251465e-01 6.805534660816192627e-02 2.106274664402008057e-01 7.281730650793281079e-01 2.594412936038644757e-01 -3.291721798418180689e-01 7.164032506263183775e-01 3.814511479909650782e-01 8.037945960301086101e-01 -6.477996271166577280e-01
1.661967901388895035e+09 4.419981539249420166e-01 -6.189123541116714478e-02 6.340982317924499512e-01 -4.012061357498168945e-01 8.856981992721557617e-01 8.375509828329086304e-02 2.180767059326171875e-01 7.272029103475924350e-01 2.594412936038662520e-01 -3.291721798418180689e-01 7.164032506263040556e-01 3.814511479909686864e-01 8.037945960301121628e-01 -6.477996271166577280e-01
1.661967901420809031e+09 4.390666186809539795e-01 -4.030912369489669800e-02 6.395207643508911133e-01 -4.091022014617919922e-01 8.785266876220703125e-01 9.931612014770507812e-02 2.257487624883651733e-01 7.033015339233115171e-01 2.513396283397100195e-01 -3.188930034689814175e-01 6.940318723075163954e-01 3.695394377434454425e-01 7.786942171824887682e-01 -6.275705584736458453e-01
1.661967901451726675e+09 4.358270168304443359e-01 -1.888986118137836456e-02 6.452161073684692383e-01 -4.167315959930419922e-01 8.709681630134582520e-01 1.147293075919151306e-01 2.336376309394836426e-01 7.244741679681154789e-01 2.594392929461306618e-01 -3.291696414607523380e-01 7.163977261483615022e-01 3.814482064654290960e-01 8.037883976418163101e-01 -6.477946316692567708e-01
1.661967901481646538e+09 4.322819411754608154e-01 2.350569935515522957e-03 6.511803269386291504e-01 -4.240808486938476562e-01 8.630309104919433594e-01 1.299857050180435181e-01 2.417370527982711792e-01 7.468255741013346549e-01 2.680911973629472311e-01 -3.401469465655251323e-01 7.402884968202935179e-01 3.941689219161577107e-01 8.305935138166781195e-01 -6.693975938546916638e-01
1.661967901512563944e+09 4.284342825412750244e-01 2.339635416865348816e-02 6.574088335037231445e-01 -4.311371147632598877e-01 8.547241091728210449e-01 1.450764685869216919e-01 2.500406503677368164e-01 7.207206858832920782e-01 2.594412936038644757e-01 -3.291721798418180689e-01 7.164032506263040556e-01 3.814511479909650782e-01 8.037945960301121628e-01 -6.477996271166577280e-01
1.661967901543481350e+09 4.242872893810272217e-01 4.423187673091888428e-02 6.638966798782348633e-01 -4.378876984119415283e-01 8.460571765899658203e-01 1.599929183721542358e-01 2.585417926311492920e-01 7.184562922505397520e-01 2.594412936038680839e-01 -3.291721798418252853e-01 7.164032506263111610e-01 3.814511479909650782e-01 8.037945960301086101e-01 -6.477996271166505116e-01
1.661967901573400974e+09 4.198445975780487061e-01 6.484173983335494995e-02 6.706385612487792969e-01 -4.443202018737792969e-01 8.370401859283447266e-01 1.747265160083770752e-01 2.672337591648101807e-01 7.398144625445548517e-01 2.680933336839647074e-01 -3.401496570725420221e-01 7.402943959094382409e-01 3.941720629046024937e-01 8.306001325135902169e-01 -6.694029280400887183e-01
1.661967901604319334e+09 4.151101410388946533e-01 8.521079272031784058e-02 6.776286363601684570e-01 -4.504226446151733398e-01 8.276836872100830078e-01 1.892688274383544922e-01 2.761096060276031494e-01 7.131479887150450336e-01 2.594332911580614631e-01 -3.291620265524436428e-01 7.163811532257474690e-01 3.814393821610287949e-01 8.037698030505383562e-01 -6.477796457893355564e-01
1.661967901635236025e+09 4.100882112979888916e-01 1.053241640329360962e-01 6.848605871200561523e-01 -4.561833143234252930e-01 8.179985284805297852e-01 2.036116868257522583e-01 2.851622104644775391e-01 7.101685200234593154e-01 2.594472957622062648e-01 -3.291797952199164157e-01 7.164198245713653268e-01 3.814599728397703449e-01 8.038131917685611416e-01 -6.478146139211126142e-01
1.661967901667151690e+09 4.047834575176239014e-01 1.251672655344009399e-01 6.923276782035827637e-01 -4.615910053253173828e-01 8.079962134361267090e-01 2.177470028400421143e-01 2.943843305110931396e-01 6.847774087103785101e-01 2.513264853184468128e-01 -3.188763279548455509e-01 6.939955800773035532e-01 3.695201138321309586e-01 7.786534977992319861e-01 -6.275377416303622446e-01
1.661967901698068619e+09 3.992008566856384277e-01 1.447258144617080688e-01 7.000229358673095703e-01 -4.666347503662109375e-01 7.976885437965393066e-01 2.316669076681137085e-01 3.037685751914978027e-01 7.033915520836513391e-01 2.594452950119033319e-01 -3.291772567213991918e-01 7.164142998378111304e-01 3.814570311781328438e-01 8.038069930934715890e-01 -6.478096182425784333e-01
1.661967901728986025e+09 3.933456540107727051e-01 1.639859229326248169e-01 7.079387307167053223e-01 -4.713042080402374268e-01 7.870879769325256348e-01 2.453636527061462402e-01 3.133073747158050537e-01 6.996343837461279636e-01 2.594412936038644757e-01 -3.291721798418180689e-01 7.164032506263040556e-01 3.814511479909650782e-01 8.037945960301086101e-01 -6.477996271166558406e-01
1.661967901760900974e+09 3.872234821319580078e-01 1.829340010881423950e-01 7.160671949386596680e-01 -4.755892455577850342e-01 7.762071490287780762e-01 2.588297426700592041e-01 3.229930400848388672e-01 6.739077935213795278e-01 2.513321178735280492e-01 -3.188834743902135282e-01 6.940111334254798203e-01 3.695283952609359490e-01 7.786709484420119010e-01 -6.275518055715001431e-01
1.661967901792816162e+09 3.808401823043823242e-01 2.015568912029266357e-01 7.244001030921936035e-01 -4.794803261756896973e-01 7.650591731071472168e-01 2.720578610897064209e-01 3.328177630901336670e-01 6.698209894154397714e-01 2.513302403271172603e-01 -3.188810922094951761e-01 6.940059488986281000e-01 3.695256347434251465e-01 7.786651314741778185e-01 -6.275471175210782793e-01
1.661967901823733568e+09 3.742019534111022949e-01 2.198418229818344116e-01 7.329287528991699219e-01 -4.829682707786560059e-01 7.536576390266418457e-01 2.850407660007476807e-01 3.427735865116119385e-01 6.869955241834613258e-01 2.594412936038644757e-01 -3.291721798418180689e-01 7.164032506263040556e-01 3.814511479909633018e-01 8.037945960301068338e-01 -6.477996271166558406e-01
1.661967901854650736e+09 3.673152625560760498e-01 2.377764582633972168e-01 7.416440844535827637e-01 -4.860444664955139160e-01 7.420163154602050781e-01 2.977715730667114258e-01 3.528523445129394531e-01 6.823343195601285771e-01 2.594432942924563279e-01 -3.291747182620334278e-01 7.164087751894580025e-01 3.814540895618647731e-01 8.038007945139917787e-01 -6.478046226410946185e-01
1.661967901886564493e+09 3.601867854595184326e-01 2.553488910198211670e-01 7.505367994308471680e-01 -4.887007176876068115e-01 7.301495075225830078e-01 3.102434873580932617e-01 3.630459308624267578e-01 6.562947474793567881e-01 2.513415060263890499e-01 -3.188953858276614151e-01 6.940370572217020584e-01 3.695421984671931614e-01 7.787000345849018901e-01 -6.275752468743038825e-01
1.661967901918478966e+09 3.528235256671905518e-01 2.725477516651153564e-01 7.595972418785095215e-01 -4.909293949604034424e-01 7.180718183517456055e-01 3.224499821662902832e-01 3.733460009098052979e-01 6.513426198978524706e-01 2.513358730505126371e-01 -3.188882388584065586e-01 6.940215027115638202e-01 3.695339164196964066e-01 7.786825826384174976e-01 -6.275611818824760046e-01
1.661967901950393915e+09 3.452326655387878418e-01 2.893620431423187256e-01 7.688153982162475586e-01 -4.927233755588531494e-01 7.057981491088867188e-01 3.343847990036010742e-01 3.837441504001617432e-01 6.461921537175771002e-01 2.513321178735297701e-01 -3.188834743902135282e-01 6.940111334254798203e-01 3.695283952609385580e-01 7.786709484420154537e-01 -6.275518055715001431e-01
1.661967901982309103e+09 3.374216258525848389e-01 3.057813346385955811e-01 7.781809568405151367e-01 -4.940759837627410889e-01 6.933436393737792969e-01 3.460415601730346680e-01 3.942318260669708252e-01 6.408501272754053568e-01 2.513302403271154839e-01 -3.188810922094951761e-01 6.940059488986281000e-01 3.695256347434242583e-01 7.786651314741760421e-01 -6.275471175210782793e-01
1.661967902014222860e+09 3.293980658054351807e-01 3.217957317829132080e-01 7.876833081245422363e-01 -4.949812591075897217e-01 6.807238459587097168e-01 3.574146330356597900e-01 4.048005342483520508e-01 6.353503731234130258e-01 2.513415060263890499e-01 -3.188953858276614151e-01 6.940370572216951750e-01 3.695421984671914406e-01 7.787000345849001137e-01 -6.275752468743021062e-01
1.661967902046137571e+09 3.211697638034820557e-01 3.373958170413970947e-01 7.973117232322692871e-01 -4.954335391521453857e-01 6.679543852806091309e-01 3.684981763362884521e-01 4.154414832592010498e-01 6.296196221998761056e-01 2.513339954479946736e-01 -3.188858566065100875e-01 6.940163180297934664e-01 3.695311558196950341e-01 7.786767654967590158e-01 -6.275564936919660886e-01
1.661967902078052759e+09 3.127447366714477539e-01 3.525727391242980957e-01 8.070550560951232910e-01 -4.954280853271484375e-01 6.550512909889221191e-01 3.792867958545684814e-01 4.261460304260253906e-01 6.237185310791631965e-01 2.513302403271154839e-01 -3.188810922094951761e-01 6.940059488986212166e-01 3.695256347434251465e-01 7.786651314741769303e-01 -6.275471175210782793e-01
1.661967902109967947e+09 3.041311502456665039e-01 3.673182427883148193e-01 8.169020414352416992e-01 -4.949602484703063965e-01 6.420307755470275879e-01 3.897751569747924805e-01 4.369051754474639893e-01 6.176559879250018703e-01 2.513302403271172603e-01 -3.188810922094986733e-01 6.940059488986281000e-01 3.695256347434242583e-01 7.786651314741769303e-01 -6.275471175210782793e-01
1.661967902141882896e+09 2.953372895717620850e-01 3.816246092319488525e-01 8.268411755561828613e-01 -4.940264523029327393e-01 6.289092302322387695e-01 3.999583721160888672e-01 4.477101862430572510e-01 6.114330193658019663e-01 2.513321178735280492e-01 -3.188834743902065894e-01 6.940111334254798203e-01 3.695283952609376699e-01 7.786709484420127891e-01 -6.275518055715001431e-01
1.661967902173306465e+09 2.863715887069702148e-01 3.954846560955047607e-01 8.368606567382812500e-01 -4.926234185695648193e-01 6.157031655311584473e-01 4.098315536975860596e-01 4.585519731044769287e-01 6.145057478405077100e-01 2.552622809610656240e-01 -3.238699602833645108e-01 7.048636140475510459e-01 3.753068324584541982e-01 7.908472824688649316e-01 -6.373650397997464578e-01
1.661967902205221415e+09 2.772425115108489990e-01 4.088918566703796387e-01 8.469487428665161133e-01 -4.907484650611877441e-01 6.024293303489685059e-01 4.193902313709259033e-01 4.694215953350067139e-01 5.985087302607570159e-01 2.513321178735288819e-01 -3.188834743902100866e-01 6.940111334254798203e-01 3.695283952609376699e-01 7.786709484420127891e-01 -6.275518055715001431e-01
1.661967902237135410e+09 2.679587006568908691e-01 4.218402504920959473e-01 8.570933938026428223e-01 -4.883997142314910889e-01 5.891046524047851562e-01 4.286300539970397949e-01 4.803100526332855225e-01 5.918468260125022695e-01 2.513396283397091868e-01 -3.188930034689814175e-01 6.940318723075163954e-01 3.695394377434454425e-01 7.786942171824869918e-01 -6.275705584736441800e-01
1.661967902269050360e+09 2.585288286209106445e-01 4.343245029449462891e-01 8.672823905944824219e-01 -4.855755269527435303e-01 5.757459998130798340e-01 4.375469982624053955e-01 4.912081658840179443e-01 5.850139610949357527e-01 2.513321178735288819e-01 -3.188834743902065894e-01 6.940111334254798203e-01 3.695283952609376699e-01 7.786709484420136773e-01 -6.275518055715001431e-01
1.661967902299478054e+09 2.489616125822067261e-01 4.463398456573486328e-01 8.775035142898559570e-01 -4.822754561901092529e-01 5.623705387115478516e-01 4.461372494697570801e-01 5.021069645881652832e-01 6.063278538127055972e-01 2.636168138240634340e-01 -3.344699683078085073e-01 7.279332434707549426e-01 3.875903286870259756e-01 8.167310894540670274e-01 -6.582254941946716897e-01
1.661967902330394030e+09 2.392657846212387085e-01 4.578821659088134766e-01 8.877444267272949219e-01 -4.784990549087524414e-01 5.489954948425292969e-01 4.543972909450531006e-01 5.129970908164978027e-01 5.894654614945143978e-01 2.594532981982745068e-01 -3.291874109503891144e-01 7.164363992833187034e-01 3.814687980969092562e-01 8.038317883674542808e-01 -6.478296014190264573e-01
1.661967902362309217e+09 2.294501215219497681e-01 4.689479172229766846e-01 8.979926705360412598e-01 -4.742468297481536865e-01 5.356376171112060547e-01 4.623236358165740967e-01 5.238696336746215820e-01 5.638421143790340873e-01 2.513302403271163721e-01 -3.188810922094951761e-01 6.940059488986281000e-01 3.695256347434251465e-01 7.786651314741778185e-01 -6.275471175210782793e-01
1.661967902394223690e+09 2.294501215219497681e-01 4.689479172229766846e-01 8.979926705360412598e-01 -4.742468297481536865e-01 5.356376171112060547e-01 4.623236358165740967e-01 5.238696336746215820e-01 0.000000000000000000e+00 0.000000000000000000e+00 0.000000000000000000e+00 0.000000000000000000e+00 0.000000000000000000e+00 0.000000000000000000e+00 0.000000000000000000e+00
1.661967902426138163e+09 2.499187290668487549e-01 4.999886155128479004e-01 8.499851226806640625e-01 -4.651797413825988770e-01 5.273821353912353516e-01 4.700561463832855225e-01 5.334070920944213867e-01 1.902661238560170442e+00 -3.498636909931389649e-01 -2.632949838880140003e+00 1.728187770643606624e+00 -2.111882133773146375e-01 2.003961876557800892e+00 1.898603083914457146e-01
