1.661415703596413374e+09 1.378528122206244648e-16 -2.367949187755584717e-01 1.128897309303283691e+00 -6.125128269195556641e-01 6.125135421752929688e-01 3.533097505569458008e-01 3.533093035221099854e-01 0.000000000000000000e+00 0.000000000000000000e+00 0.000000000000000000e+00 0.000000000000000000e+00 0.000000000000000000e+00 0.000000000000000000e+00 0.000000000000000000e+00
1.661415703629354000e+09 -1.194164250046014786e-02 -2.168111652135848999e-01 1.109044551849365234e+00 -6.071425676345825195e-01 6.107509136199951172e-01 3.627014458179473877e-01 3.561024069786071777e-01 9.288077741101288254e-01 5.418891486165680060e-01 -1.064563980710036661e+00 -5.194048589840474239e-01 -7.095191261695676932e-01 2.187012582219673984e+00 1.177444490168638280e+00
1.661415703662375689e+09 -3.017127886414527893e-02 -1.968140304088592529e-01 1.089182853698730469e+00 6.071525216102600098e-01 -6.034043431282043457e-01 -3.748434185981750488e-01 -3.560357093811035156e-01 1.016490555855318778e+00 6.713001115082889436e-01 -1.157784801576502209e+00 -4.442886523154281342e-01 -1.061958369474021169e-01 2.214515562443034824e+00 4.247080018727365514e-01
1.661415703695678234e+09 -4.436229169368743896e-02 -1.766662150621414185e-01 1.069572329521179199e+00 6.038020849227905273e-01 -5.993048548698425293e-01 -3.851890861988067627e-01 -3.576116263866424561e-01 9.457029756821297983e-01 5.230124091951946497e-01 -1.234907032118383707e+00 -3.520772733296507195e-01 -6.770746668198160956e-01 2.185967242902029817e+00 1.054311343618053121e+00
1.661415703728669882e+09 -5.425595864653587341e-02 -1.563944816589355469e-01 1.050613284111022949e+00 6.000622510910034180e-01 -5.957522392272949219e-01 -3.935886323451995850e-01 -3.606834411621093750e-01 8.931495789611083591e-01 3.463330092511233138e-01 -1.309376289297327078e+00 -2.501770192224678224e-01 -1.053262176924898652e+00 2.134903717729481620e+00 1.310585762323606351e+00
1.661415703762810230e+09 -6.145923957228660583e-02 -1.362053304910659790e-01 1.031635046005249023e+00 5.966870784759521484e-01 -5.915676951408386230e-01 -4.030492007732391357e-01 -3.627169132232666016e-01 8.385898685479126202e-01 1.740025029267278367e-01 -1.310512678932378217e+00 -1.841637226683442985e-01 -4.638998008539258477e-01 2.077230962796309477e+00 6.788967096864826356e-01
1.661415703795744658e+09 -7.131154090166091919e-02 -1.158787682652473450e-01 1.017445445060729980e+00 5.941755771636962891e-01 -5.864120721817016602e-01 -4.134450852870941162e-01 -3.635099828243255615e-01 8.099575998083068384e-01 2.501585411851214857e-01 -1.338678475241726673e+00 6.199864962543558816e-02 -3.445005909722165249e-01 1.884478579571795542e+00 5.732265592084995198e-01
1.661415703829047441e+09 -7.660164684057235718e-02 -9.523606300354003906e-02 9.999840855598449707e-01 5.909556150436401367e-01 -5.822772383689880371e-01 -4.226735532283782959e-01 -3.647900521755218506e-01 8.272598432515082534e-01 7.158947293214625029e-02 -1.416864013574924863e+00 2.174895169970222919e-02 -2.447140804393991564e-01 1.969676245726696751e+00 4.185307924608963615e-01
1.661415703862275362e+09 -7.459478080272674561e-02 -7.458972185850143433e-02 9.825693964958190918e-01 5.881771445274353027e-01 -5.794850587844848633e-01 -4.277405440807342529e-01 -3.678079843521118164e-01 8.151127932330598513e-01 -1.664371932999359205e-01 -1.417067346231803304e+00 1.092586511030008839e-01 5.089301960001450797e-02 1.742609452907943002e+00 -7.855728379516947746e-02
1.661415703895811081e+09 -7.513712346553802490e-02 -5.353512987494468689e-02 9.716303348541259766e-01 5.856274366378784180e-01 -5.756533741950988770e-01 -4.331878721714019775e-01 -3.714994788169860840e-01 7.076917856252022965e-01 -6.280254575883761903e-02 -1.294948598444364274e+00 3.700267434440932535e-01 5.394874005690425411e-01 1.403894297866868923e+00 -5.866037507812202900e-01
1.661415703928911209e+09 -8.727961033582687378e-02 -3.296839073300361633e-02 9.663102626800537109e-01 5.839078426361083984e-01 -5.692476034164428711e-01 -4.426087141036987305e-01 -3.729695975780487061e-01 7.392430562359770807e-01 3.122294157052779573e-01 -1.192871925253090826e+00 5.682539406262024917e-01 4.629240510219296834e-01 1.226110686283475859e+00 -3.540108191123467751e-01
1.661415703962659836e+09 -9.932583570480346680e-02 -1.225210633128881454e-02 9.649938344955444336e-01 5.815573930740356445e-01 -5.633250474929809570e-01 -4.513424336910247803e-01 -3.751610219478607178e-01 7.111455836143993903e-01 3.054564975330978926e-01 -1.066455602721062990e+00 7.086952287888421687e-01 6.255163819071727360e-01 9.456956651393859659e-01 -5.160883818028634273e-01
1.661415703995826483e+09 -1.146168857812881470e-01 8.253535255789756775e-03 9.669082164764404297e-01 5.797133445739746094e-01 -5.564559102058410645e-01 -4.605967998504638672e-01 -3.770145177841186523e-01 7.733907485186714004e-01 3.983371078161750400e-01 -9.991584130456602209e-01 8.400800843489663050e-01 4.792180922989711656e-01 7.782040568633321609e-01 -3.742521754001134071e-01
1.661415704028877020e+09 -1.322263330221176147e-01 2.855201251804828644e-02 9.586541056632995605e-01 5.794373750686645508e-01 -5.479262471199035645e-01 -4.696342647075653076e-01 -3.787780106067657471e-01 8.505582245943648090e-01 4.442340527388689564e-01 -1.260224946149206326e+00 6.124320070032919228e-01 2.742167095907850349e-01 1.261024882788119195e+00 -2.823075452030278654e-01
1.661415704062266827e+09 -1.374724656343460083e-01 5.046024918556213379e-02 9.539598822593688965e-01 5.722781419754028320e-01 -5.470688939094543457e-01 -4.726651906967163086e-01 -3.870412409305572510e-01 6.891769660463582525e-01 1.701708151130724433e-01 -1.144540733410707167e+00 7.490700878728749901e-01 2.398795700997159663e+00 9.671081391622775580e-01 -2.252705467232802405e+00
1.661415704095598221e+09 -1.551150977611541748e-01 7.066598534584045410e-02 9.435016512870788574e-01 5.706231594085693359e-01 -5.399248600006103516e-01 -4.806185066699981689e-01 -3.897129893302917480e-01 8.637735576873167842e-01 4.364957783361107513e-01 -1.288921165428493998e+00 6.420421906887566754e-01 3.095699164747605647e-01 1.248851656834101487e+00 -2.668582562030735184e-01
1.661415704129283428e+09 -1.594784408807754517e-01 9.193563461303710938e-02 9.309149980545043945e-01 5.603158473968505859e-01 -5.419459342956542969e-01 -4.796647131443023682e-01 -4.028182327747344971e-01 7.450458330386396932e-01 2.197875394943432648e-01 -1.297874425185067127e+00 6.096355618842081991e-01 3.016146177715943733e+00 1.354160062639889750e+00 -2.804380650307762401e+00
1.661415704162319183e+09 -1.669152975082397461e-01 1.125208586454391479e-01 9.295092821121215820e-01 5.516793131828308105e-01 -5.421064496040344238e-01 -4.801516234874725342e-01 -4.137933850288391113e-01 6.639017198612149340e-01 2.696689902908880332e-01 -9.988060751497629397e-01 9.020601043043818823e-01 2.241753754749838290e+00 8.160967734251635131e-01 -2.069680829710851988e+00
1.661415704195593357e+09 -1.762980222702026367e-01 1.328737735748291016e-01 9.316561818122863770e-01 -5.415297150611877441e-01 5.429618954658508301e-01 4.793287515640258789e-01 4.268277585506439209e-01 6.766246311258744539e-01 3.532036410883251931e-01 -9.059656369845866530e-01 1.004666051808953187e+00 2.701556294691604965e+00 7.739142970722876491e-01 -2.503589232701167511e+00
1.661415704229240179e+09 -1.943951547145843506e-01 1.527712196111679077e-01 9.254304170608520508e-01 5.437741279602050781e-01 -5.335054397583007812e-01 -4.868885576725006104e-01 -4.273421764373779297e-01 8.205087490208726742e-01 3.327710791400537160e-01 -1.098471195226899733e+00 8.894088960187204185e-01 -9.739521154772401434e-01 5.994357254807370916e-01 7.807241252174772494e-01
1.661415704262099028e+09 -1.964202821254730225e-01 1.727419346570968628e-01 9.309220910072326660e-01 -5.316677093505859375e-01 5.363252162933349609e-01 4.832404553890228271e-01 4.429033696651458740e-01 6.333390661592851467e-01 1.630571229144512913e-01 -7.608895044445334044e-01 1.071324564252737144e+00 2.743400762213071609e+00 6.421305565929965598e-01 -2.601297766366587716e+00
1.661415704295890570e+09 -2.103378474712371826e-01 1.927091628313064575e-01 9.515935182571411133e-01 5.350134372711181641e-01 -5.240978598594665527e-01 -4.926540851593017578e-01 -4.431411027908325195e-01 9.449906303903182758e-01 1.525048503966143498e-01 -3.913509752964236532e-01 1.403654648045587372e+00 -9.309678613997757202e-01 -5.839947425507019396e-01 4.799203868886824931e-01
1.661415704328983545e+09 -2.056204974651336670e-01 2.126192003488540649e-01 9.559718966484069824e-01 5.264835357666015625e-01 -5.234090089797973633e-01 -4.919087290763854980e-01 -4.548448622226715088e-01 6.322932084445102019e-01 -1.257082934141182939e-01 -7.256190869117687958e-01 9.939085498989608247e-01 9.669029930192792888e-01 4.722358969688048580e-01 -1.059492806897491146e+00
1.661415704362253904e+09 -2.000633031129837036e-01 2.325858175754547119e-01 9.513869285583496094e-01 -5.195712447166442871e-01 5.212130546569824219e-01 4.921558201313018799e-01 4.649360477924346924e-01 6.380044652193768151e-01 -1.779143998563584295e-01 -9.236109729818691161e-01 8.210878277125814861e-01 9.885076601704249899e-02 7.294209681127697964e-01 -2.344953459494653891e-01
1.661415704395598412e+09 -2.074324041604995728e-01 2.525254487991333008e-01 9.441872835159301758e-01 -5.175701379776000977e-01 5.182406306266784668e-01 4.943901300430297852e-01 4.681093096733093262e-01 6.730905569738241390e-01 1.010906811142376766e-01 -1.017464591542319052e+00 9.414967931723668970e-01 -5.801848172665153430e-02 3.992155356164330815e-01 1.080992463379222557e-02
1.661415704429102659e+09 -2.142078876495361328e-01 2.725702226161956787e-01 9.293864965438842773e-01 5.145149230957031250e-01 -5.127379298210144043e-01 -4.974869489669799805e-01 -4.742163419723510742e-01 7.707011647236928775e-01 8.474748458837234877e-02 -1.219006366028996924e+00 8.016787982101714061e-01 -4.272358428873838099e-01 9.259228707238336131e-01 2.853173852516898701e-01
1.661415704462951660e+09 -2.023790776729583740e-01 2.927107512950897217e-01 9.196774959564208984e-01 5.114092826843261719e-01 -5.076547265052795410e-01 -4.997599124908447266e-01 -4.806113541126251221e-01 7.472831683079699250e-01 -3.977676848239064533e-01 -9.584447504569204579e-01 7.456691825851959887e-01 -1.090438455801396644e+00 5.785133465216125703e-01 7.900394911301698020e-01
1.661415704496177912e+09 -2.016870081424713135e-01 3.127063214778900146e-01 9.044439196586608887e-01 5.081578493118286133e-01 -5.050580501556396484e-01 -5.003601312637329102e-01 -4.861395955085754395e-01 7.568365439703792497e-01 -8.245817517932982343e-02 -1.163989437222715750e+00 8.398733939943623383e-01 -2.034740592607560683e-01 6.764593070970602584e-01 9.534994939778608514e-02
1.661415704528742075e+09 -2.110670208930969238e-01 3.324217200279235840e-01 8.941422700881958008e-01 -5.031602978706359863e-01 5.062553882598876953e-01 4.979913830757141113e-01 4.924833178520202637e-01 7.413476608540967572e-01 2.329169240126214013e-01 -1.111378440448173022e+00 1.100539240188077805e+00 1.162749226439279360e+00 4.343875881662346283e-01 -1.066736483920708967e+00
1.661415704562300920e+09 -2.206492424011230469e-01 3.523239791393280029e-01 8.835787773132324219e-01 -5.014697313308715820e-01 5.017685294151306152e-01 4.998225271701812744e-01 4.969243705272674561e-01 7.296084438776118120e-01 1.464148962967682377e-01 -1.095755848643825026e+00 1.072950943431157711e+00 3.387748885433260887e-02 4.179718089980634654e-01 -1.845764884077374379e-01
1.661415704595721245e+09 -2.388321161270141602e-01 3.713725209236145020e-01 8.747414946556091309e-01 -4.926635324954986572e-01 5.113760232925415039e-01 4.911170303821563721e-01 5.045606493949890137e-01 8.311407726577262345e-01 5.272957446625564648e-01 -1.076336365008465190e+00 1.325204455915480306e+00 2.964051322583986181e+00 2.526722617857642961e-01 -2.494939500580352298e+00
1.661415704629280567e+09 -2.407423853874206543e-01 3.909943401813507080e-01 8.719431161880493164e-01 -4.872138798236846924e-01 5.080619454383850098e-01 4.889826178550720215e-01 5.151620507240295410e-01 5.933434270117117215e-01 1.790627007551259461e-02 -8.981381423368133277e-01 1.176323721970577107e+00 6.033654561310669573e-01 4.099799201208114141e-01 -8.812697182985604893e-01
1.661415704662349463e+09 -2.461385130882263184e-01 4.103449881076812744e-01 8.647003769874572754e-01 -4.868989586830139160e-01 5.163173079490661621e-01 4.858644902706146240e-01 5.101779699325561523e-01 6.457638140587588227e-01 6.365760783983523408e-02 -8.636459953942973167e-01 1.259141627226912030e+00 1.127907511061107870e+00 -6.854705524628675883e-01 -7.493602936688847915e-01
1.661415704695591450e+09 -2.469644397497177124e-01 4.298571944236755371e-01 8.574996590614318848e-01 -4.815575480461120605e-01 5.130920410156250000e-01 4.830699265003204346e-01 5.210397839546203613e-01 6.261619340376740617e-01 -4.944933225448892508e-03 -1.009124543922634398e+00 1.186608606015367329e+00 5.093456323705840560e-01 5.112016416074832703e-01 -8.099967543823589633e-01
1.661415704728981495e+09 -2.550861537456512451e-01 4.487572014331817627e-01 8.595165014266967773e-01 -4.779793620109558105e-01 5.156885385513305664e-01 4.801163077354431152e-01 5.244897603988647461e-01 6.190404472217601040e-01 1.508308864095005974e-01 -7.604332059660494636e-01 1.419722755106978429e+00 1.371196305551463990e+00 -2.745751043515191614e-01 -1.351466087099185254e+00
1.661415704762298346e+09 -2.530242502689361572e-01 4.676518440246582031e-01 8.493759632110595703e-01 -4.747868776321411133e-01 5.238437652587890625e-01 4.752795100212097168e-01 5.237122774124145508e-01 6.466018156120718618e-01 -7.105964620440988200e-02 -9.173269029425802357e-01 1.210627676203854142e+00 1.214625784390297003e+00 -3.277263536472249661e-01 -9.144672213106973535e-01
1.661415704795927286e+09 -2.524777352809906006e-01 4.856699407100677490e-01 8.557894825935363770e-01 -4.666476547718048096e-01 5.296682715415954590e-01 4.704498946666717529e-01 5.294983386993408203e-01 5.689538239853476620e-01 7.998197650143534787e-03 -6.248859492508025415e-01 1.407588763433722745e+00 1.864067496669302715e+00 -1.448345837626970611e-01 -1.732663870775069892e+00
1.661415704829020262e+09 -2.561238110065460205e-01 5.026103854179382324e-01 8.513138294219970703e-01 -4.563386440277099609e-01 5.372757315635681152e-01 4.625182747840881348e-01 5.377422571182250977e-01 5.408108127746326099e-01 1.452165240735466545e-01 -9.160786673519396572e-01 1.388327013652414177e+00 2.199063668357675194e+00 4.153969141634500928e-01 -1.978021087587277016e+00
