1.661415707946485996e+09 1.378528122206244648e-16 -2.367949187755584717e-01 1.128897309303283691e+00 -6.125128269195556641e-01 6.125135421752929688e-01 3.533097505569458008e-01 3.533093035221099854e-01 0.000000000000000000e+00 0.000000000000000000e+00 0.000000000000000000e+00 0.000000000000000000e+00 0.000000000000000000e+00 0.000000000000000000e+00 0.000000000000000000e+00
1.661415707979122162e+09 -1.511396840214729309e-02 -2.167973369359970093e-01 1.109091997146606445e+00 -6.073644757270812988e-01 6.105462312698364258e-01 3.629196584224700928e-01 3.558525145053863525e-01 9.788713400590843827e-01 6.978871846887808594e-01 -1.078516653018723792e+00 -5.196165772718921438e-01 -9.572106378089063616e-01 2.202153035909695689e+00 1.472586006486025445e+00
1.661415708012349129e+09 -3.682326897978782654e-02 -1.969172060489654541e-01 1.089160203933715820e+00 6.113379597663879395e-01 -5.991563796997070312e-01 -3.770490288734436035e-01 -3.537111878395080566e-01 1.069908678490516962e+00 7.262783484631700759e-01 -1.155704153190586281e+00 -4.422872739330715453e-01 5.836227883254702098e-01 2.215433840001507892e+00 -3.882669240370007491e-01
1.661415708045946360e+09 -5.036728456616401672e-02 -1.766666024923324585e-01 1.069491624832153320e+00 6.070501208305358887e-01 -5.959948301315307617e-01 -3.869761228561401367e-01 -3.557102978229522705e-01 9.319525588598653876e-01 5.037038260147619351e-01 -1.233591597958067609e+00 -3.460012592476502391e-01 -7.647119264463591026e-01 2.175846585091029350e+00 1.165219593715307367e+00
1.661415708079170227e+09 -6.363075971603393555e-02 -1.564998626708984375e-01 1.049815654754638672e+00 6.048168540000915527e-01 -5.905366539955139160e-01 -3.976517617702484131e-01 -3.568418622016906738e-01 9.373076567996586617e-01 4.214564669143889275e-01 -1.318634496349090801e+00 -2.776712778422211203e-01 -2.793441726480049847e-01 2.210137891618179307e+00 5.547816613559647392e-01
1.661415708112385035e+09 -6.946388632059097290e-02 -1.358632445335388184e-01 1.031144142150878906e+00 6.000190377235412598e-01 -5.880177617073059082e-01 -4.055679738521575928e-01 -3.601762950420379639e-01 8.560790065461060250e-01 1.593952057753565132e-01 -1.366698176496927930e+00 -1.561035113241298622e-01 -9.519643796588846962e-01 2.095793316736380696e+00 1.188086116256822367e+00
1.661415708145591497e+09 -7.700249552726745605e-02 -1.156063675880432129e-01 1.015373945236206055e+00 5.974202752113342285e-01 -5.828148126602172852e-01 -4.148670732975006104e-01 -3.623551130294799805e-01 8.057395985411173189e-01 1.676365656226329048e-01 -1.348479713142554548e+00 -3.457116470093716002e-04 -1.905450364291976506e-01 1.959316059809766752e+00 3.232154096313726299e-01
1.661415708179016352e+09 -8.483825623989105225e-02 -9.498078376054763794e-02 1.000784039497375488e+00 5.952144265174865723e-01 -5.776504278182983398e-01 -4.237383604049682617e-01 -3.639856874942779541e-01 7.913706882331893455e-01 1.645744202312641180e-01 -1.367213395009963417e+00 1.294189758528201672e-01 -1.651971458600034470e-01 1.803046627756130116e+00 2.796401277242201444e-01
1.661415708212639570e+09 -8.369965851306915283e-02 -7.361147552728652954e-02 9.835593104362487793e-01 5.907225608825683594e-01 -5.751584768295288086e-01 -4.303595423698425293e-01 -3.674644827842712402e-01 8.170134335396876946e-01 -1.355101816392472180e-01 -1.433856663302675472e+00 1.131414694721551012e-01 1.653107053050147102e-01 1.852415770686011154e+00 -9.252179159356366256e-02
1.661415708245788336e+09 -9.877934306859970093e-02 -5.321614071726799011e-02 9.710925817489624023e-01 5.899385213851928711e-01 -5.675626397132873535e-01 -4.409837126731872559e-01 -3.679382503032684326e-01 8.526049168241286447e-01 3.919808455753899246e-01 -1.388591619140399080e+00 3.222724398217577391e-01 2.254805910894454035e-01 1.689339611025054699e+00 -1.127221022143867907e-01
1.661415708279109955e+09 -1.096693798899650574e-01 -3.230131044983863831e-02 9.605875015258789062e-01 5.872952938079833984e-01 -5.619898438453674316e-01 -4.498565495014190674e-01 -3.699740171432495117e-01 7.747022133785258502e-01 2.613944974986491809e-01 -1.341212903062638295e+00 4.427830948979497583e-01 6.393882397473529267e-01 1.495494146037219085e+00 -5.207335136348993920e-01
1.661415708312279701e+09 -1.287972331047058105e-01 -1.220822427421808243e-02 9.562829136848449707e-01 5.874085426330566406e-01 -5.529813766479492188e-01 -4.601347744464874268e-01 -3.707274496555328369e-01 8.463666261915723243e-01 4.975058482826472117e-01 -1.189443746860125106e+00 6.641501319152971483e-01 7.549467074825544355e-02 1.155143409412661581e+00 -3.783697993795875902e-02
1.661415708345647812e+09 -1.370330899953842163e-01 9.363606572151184082e-03 9.512492418289184570e-01 5.829095840454101562e-01 -5.494472384452819824e-01 -4.657889306545257568e-01 -3.759851753711700439e-01 7.082462414356786029e-01 2.067978845124947562e-01 -1.190532681036591489e+00 6.956976577480140644e-01 1.458552604743091008e+00 1.062390428815994659e+00 -1.370037672315590482e+00
1.661415708379323244e+09 -1.433122158050537109e-01 3.125498443841934204e-02 9.482271671295166016e-01 5.759047269821166992e-01 -5.481941699981689453e-01 -4.695686697959899902e-01 -3.838257789611816406e-01 6.822107281537417300e-01 1.893950893903716126e-01 -1.115341195649706352e+00 7.719545730718118115e-01 2.144317393348718515e+00 9.439162080610672412e-01 -1.985640761170419877e+00
1.661415708412572622e+09 -1.514434218406677246e-01 5.285694450139999390e-02 9.465925097465515137e-01 5.716561675071716309e-01 -5.516514778137207031e-01 -4.690127372741699219e-01 -3.858975172042846680e-01 6.959357694125231086e-01 2.402628750466432317e-01 -1.024320503063703258e+00 9.689334884301313844e-01 2.146317118390251633e+00 1.707072897822020929e-01 -1.832204143249521300e+00
1.661415708445683002e+09 -1.618430763483047485e-01 7.394865900278091431e-02 9.373811483383178711e-01 5.640288591384887695e-01 -5.503094792366027832e-01 -4.720828235149383545e-01 -3.951819241046905518e-01 7.627800723145267137e-01 3.349863769680573311e-01 -1.269169585810633993e+00 6.857513466621174558e-01 2.027503267458896641e+00 1.313748045560544142e+00 -1.830716481401411189e+00
1.661415708478917122e+09 -1.727551668882369995e-01 9.453644603490829468e-02 9.361345171928405762e-01 5.572118759155273438e-01 -5.479654073715209961e-01 -4.756088256835937500e-01 -4.037884175777435303e-01 7.021157216700242287e-01 3.183806480583334375e-01 -1.023534701952496961e+00 8.859309519728344462e-01 1.540667102791598353e+00 8.811612354271889380e-01 -1.403387894256853174e+00
1.661415708512324572e+09 -1.842482388019561768e-01 1.149733737111091614e-01 9.380295872688293457e-01 5.505798459053039551e-01 -5.454698801040649414e-01 -4.779931008815765381e-01 -4.133364260196685791e-01 7.041361410053690317e-01 3.334662229391942567e-01 -9.267783817363771659e-01 9.833087349826450385e-01 1.677687580892921471e+00 7.177213677716880458e-01 -1.603740374264031487e+00
1.661415708545932293e+09 -1.920607537031173706e-01 1.351660192012786865e-01 9.309790134429931641e-01 -5.404074192047119141e-01 5.463877320289611816e-01 4.769062101840972900e-01 4.265920817852020264e-01 6.775333377394584522e-01 2.917302930357810187e-01 -1.128418980977577091e+00 7.932805586435276446e-01 2.084155514864838299e+00 1.220916775851752289e+00 -1.899136214015079815e+00
1.661415708579155207e+09 -1.976705193519592285e-01 1.551523655652999878e-01 9.338610768318176270e-01 -5.373818278312683105e-01 5.406656861305236816e-01 4.810788929462432861e-01 4.329717159271240234e-01 6.308239604309452409e-01 5.876714728096696372e-02 -8.159096815984658857e-01 9.830119266452318483e-01 -1.565136801920454235e-01 4.173547407700881062e-01 -3.111520374442653530e-02
1.661415708612351894e+09 -2.058520019054412842e-01 1.750500053167343140e-01 9.352773427963256836e-01 5.411345362663269043e-01 -5.286447405815124512e-01 -4.895740449428558350e-01 -4.336190223693847656e-01 6.494798043923499797e-01 -5.211095187142167871e-03 -8.367100566600993439e-01 9.715182625606401112e-01 -1.980646806090558654e+00 1.853506347775834007e-01 1.499887660527369881e+00
1.661415708645633221e+09 -2.041416913270950317e-01 1.950269043445587158e-01 9.495326280593872070e-01 5.370290279388427734e-01 -5.235276222229003906e-01 -4.938314855098724365e-01 -4.400559067726135254e-01 7.391867103783733572e-01 -1.500803366754258905e-01 -4.755692553244155185e-01 1.176551635710523014e+00 -1.269063088658128891e-01 -1.184748995876310773e-01 -1.006311292099606181e-01
1.661415708678925037e+09 -1.931077837944030762e-01 2.150067985057830811e-01 9.460247755050659180e-01 5.294637680053710938e-01 -5.223025083541870117e-01 -4.932327568531036377e-01 -4.512090981006622314e-01 6.936290142446907003e-01 -3.138431922395035212e-01 -8.621832561528410821e-01 7.750071297380450863e-01 1.714835165467231970e-01 6.960410820585133385e-01 -3.316042385349532995e-01
1.661415708712624788e+09 -1.989707052707672119e-01 2.350144088268280029e-01 9.371962547302246094e-01 5.262190699577331543e-01 -5.163868069648742676e-01 -4.972527623176574707e-01 -4.573595821857452393e-01 6.718488027782633099e-01 6.446685529108321655e-02 -1.077626973693741608e+00 8.258057192845777994e-01 -3.724996908396995265e-01 8.078544232991879959e-01 2.185832467952889824e-01
1.661415708745727301e+09 -2.084541320800781250e-01 2.549123167991638184e-01 9.285135269165039062e-01 5.201689600944519043e-01 -5.131532549858093262e-01 -4.984215795993804932e-01 -4.665554165840148926e-01 7.156784678639901420e-01 2.264446037222672681e-01 -1.123133659550845875e+00 9.282767491542416316e-01 7.559538641935472647e-01 9.021006629718969494e-01 -7.909230158596745053e-01
1.661415708779140949e+09 -2.134753912687301636e-01 2.747195065021514893e-01 9.150280356407165527e-01 -5.126786231994628906e-01 5.139683485031127930e-01 4.959637820720672607e-01 4.764631092548370361e-01 7.327116918037521742e-01 1.476197556479576789e-01 -1.181077765915602429e+00 8.698581372984172111e-01 1.115697208324022194e+00 9.152563154757943353e-01 -1.034049920272876122e+00
1.661415708812270880e+09 -2.240012288093566895e-01 2.944507002830505371e-01 9.010232686996459961e-01 -5.051452517509460449e-01 5.141178965568542480e-01 4.935975968837738037e-01 4.866953194141387939e-01 7.964546811036039564e-01 2.867500153058673562e-01 -1.247662019433485314e+00 9.732068544506984331e-01 1.245130088889520703e+00 9.763935677924026058e-01 -1.150447710677450441e+00
1.661415708845232725e+09 -2.374763488769531250e-01 3.140435218811035156e-01 8.934547305107116699e-01 -5.008102655410766602e-01 5.170068740844726562e-01 4.906863570213317871e-01 4.910396039485931396e-01 7.570803321506782702e-01 3.222115070476926912e-01 -1.044069390176509016e+00 1.186638317997293024e+00 1.417104243357693694e+00 2.202233953580069181e-01 -1.224457403890734541e+00
1.661415708879414082e+09 -2.466028779745101929e-01 3.337559401988983154e-01 8.836076855659484863e-01 -4.969952702522277832e-01 5.172356367111206055e-01 4.893243610858917236e-01 4.960089623928070068e-01 6.977578421457513169e-01 1.713427149237904956e-01 -1.047379474332304605e+00 1.081313415220831908e+00 7.105098877913863520e-01 3.460707631642058191e-01 -6.671039272911746254e-01
1.661415708912423849e+09 -2.483876645565032959e-01 3.536809086799621582e-01 8.854365944862365723e-01 -4.947149157524108887e-01 5.105016231536865234e-01 4.920382499694824219e-01 5.025371909141540527e-01 6.085524265570716462e-01 -6.812649938713782882e-02 -7.806555600673348305e-01 1.170114959856330072e+00 -2.715269787839959537e-01 1.325245423416911705e-01 -1.087716665939124638e-01
1.661415708945621014e+09 -2.504304349422454834e-01 3.734081089496612549e-01 8.827777504920959473e-01 -4.910693764686584473e-01 5.083828568458557129e-01 4.914025664329528809e-01 5.088430047035217285e-01 6.027658548213223888e-01 -1.482624190571686824e-02 -8.684009943524447772e-01 1.168101251595374812e+00 3.721515831145401632e-01 1.468331157740954962e-01 -5.448305219552421752e-01
1.661415708978923798e+09 -2.592740058898925781e-01 3.925575315952301025e-01 8.746713399887084961e-01 -4.920664131641387939e-01 5.166170001029968262e-01 4.849274158477783203e-01 5.057894587516784668e-01 6.785309426956867007e-01 1.617586629128167919e-01 -8.951771039015421483e-01 1.269863943766765368e+00 1.567505886267403836e+00 -6.371365093339321772e-01 -1.320529462270062293e+00
1.661415709012281895e+09 -2.515480220317840576e-01 4.124526977539062500e-01 8.692290186882019043e-01 -4.852785170078277588e-01 5.138183236122131348e-01 4.856840074062347412e-01 5.143991112709045410e-01 6.602776546974210570e-01 -2.321499547857670820e-01 -9.059922662524881876e-01 1.055171051811128358e+00 -1.481653718162330158e-01 4.376138489673992993e-01 -1.538847965491063792e-02
1.661415709045887947e+09 -2.460718452930450439e-01 4.318604469299316406e-01 8.715486526489257812e-01 -4.855011403560638428e-01 5.167391300201416016e-01 4.834751188755035400e-01 5.133430361747741699e-01 6.040138374787957787e-01 -2.061829954757844752e-01 -6.012226115938039683e-01 1.219650572610952777e+00 5.249814535151950956e-01 -7.446547796426473687e-01 -5.723544620438497654e-01
1.661415709079193354e+09 -2.499261051416397095e-01 4.509881436824798584e-01 8.586131334304809570e-01 -4.738354980945587158e-01 5.177566409111022949e-01 4.795073866844177246e-01 5.267643928527832031e-01 7.029040547430344121e-01 1.317575293429705807e-01 -1.202254668566217433e+00 1.213917395680113254e+00 1.191946288127487819e+00 1.017778151687358967e+00 -1.139280855059158881e+00
1.661415709112451792e+09 -2.563463747501373291e-01 4.700134694576263428e-01 8.500981926918029785e-01 -4.639991819858551025e-01 5.181332230567932129e-01 4.764882922172546387e-01 5.377746820449829102e-01 6.557810101970836802e-01 1.587107211715667321e-01 -1.113637220356837432e+00 1.352469540413261617e+00 1.109543287747929208e+00 7.096825555068400071e-01 -1.101904192272531224e+00
1.661415709145582914e+09 -2.544181942939758301e-01 4.881879091262817383e-01 8.552128672599792480e-01 -4.576748013496398926e-01 5.247396826744079590e-01 4.696579575538635254e-01 5.427738428115844727e-01 5.728336059191512231e-01 -2.524812462510904118e-02 -6.375428693860568652e-01 1.427289918816043057e+00 1.872087243462918549e+00 -2.868059052742414350e-01 -1.805073317383428799e+00
1.661415709178936720e+09 -2.507404088973999023e-01 4.934269189834594727e-01 8.543196320533752441e-01 -4.481367766857147217e-01 5.290860533714294434e-01 4.633620083332061768e-01 5.518488287925720215e-01 1.937729171840519848e-01 1.653984007688368008e-02 -3.174438135696580066e-01 4.433657740159869798e-01 1.162090065219987034e+00 6.253255846928226225e-01 -1.050517002437192815e+00
