1.661415710129870653e+09 1.378528122206244648e-16 -2.367949187755584717e-01 1.128897309303283691e+00 -6.125128269195556641e-01 6.125135421752929688e-01 3.533097505569458008e-01 3.533093035221099854e-01 0.000000000000000000e+00 0.000000000000000000e+00 0.000000000000000000e+00 0.000000000000000000e+00 0.000000000000000000e+00 0.000000000000000000e+00 0.000000000000000000e+00
1.661415710162949800e+09 -1.911883428692817688e-02 -2.168281376361846924e-01 1.108977079391479492e+00 6.136604547500610352e-01 -6.041781902313232422e-01 -3.661809861660003662e-01 -3.525633811950683594e-01 1.030066160605288328e+00 7.177075436812769826e-01 -1.066437426179976500e+00 -5.174970106513837598e-01 1.808959911762418327e-01 2.190241394317052226e+00 1.308808826987580554e-01
1.661415710195804358e+09 -2.822615765035152435e-02 -1.967320442199707031e-01 1.089186549186706543e+00 6.082019209861755371e-01 -6.024308800697326660e-01 -3.733286261558532715e-01 -3.574818372726440430e-01 9.021229350646657874e-01 4.212337066766419502e-01 -1.158671331851035102e+00 -4.434899254635731869e-01 -9.947664340694094554e-01 2.204968554344040044e+00 1.295628384708072955e+00
1.661415710228881836e+09 -4.111031815409660339e-02 -1.765820831060409546e-01 1.069680333137512207e+00 6.036719679832458496e-01 -5.995911359786987305e-01 -3.831484615802764893e-01 -3.595386147499084473e-01 9.330469868792015120e-01 4.954644597738213641e-01 -1.237634702493953354e+00 -3.513714379839625312e-01 -8.806948255600997033e-01 2.182933826434587665e+00 1.303883879047113670e+00
1.661415710262239218e+09 -5.395155772566795349e-02 -1.563952565193176270e-01 1.050411820411682129e+00 6.008329987525939941e-01 -5.949351191520690918e-01 -3.935287296772003174e-01 -3.608145117759704590e-01 9.209173302454912724e-01 4.240185186780928706e-01 -1.300579657950741153e+00 -2.626514356665924366e-01 -6.435669354059311287e-01 2.155555252539074651e+00 9.618756650562201305e-01
1.661415710295584917e+09 -6.987953186035156250e-02 -1.362545192241668701e-01 1.030957341194152832e+00 6.005929112434387207e-01 -5.873741507530212402e-01 -4.051939845085144043e-01 -3.606902658939361572e-01 9.661009999119020142e-01 4.709690817837848820e-01 -1.381482657725329410e+00 -1.887760346940794975e-01 -1.791751749023505202e-01 2.185145504044514908e+00 3.901654467973130758e-01
1.661415710329213381e+09 -6.848736852407455444e-02 -1.155043840408325195e-01 1.016604661941528320e+00 5.953575968742370605e-01 -5.860196352005004883e-01 -4.108467102050781250e-01 -3.651509881019592285e-01 7.514071752908277890e-01 -1.122023907188700320e-01 -1.295084243605070684e+00 6.581771656314933105e-02 -1.069823105141341379e+00 1.734514965955570309e+00 1.179710811223737776e+00
1.661415710362328053e+09 -7.921817898750305176e-02 -9.510779380798339844e-02 9.983329772949218750e-01 5.949446558952331543e-01 -5.788714885711669922e-01 -4.208652079105377197e-01 -3.658156991004943848e-01 8.881657832596151492e-01 2.492453122673977672e-01 -1.452929815599560914e+00 6.287211816411842442e-04 -1.630028186375548915e-01 2.044408544648277370e+00 2.335464257556882639e-01
1.661415710395668030e+09 -8.066435158252716064e-02 -7.414296269416809082e-02 9.817029833793640137e-01 5.911575555801391602e-01 -5.756456255912780762e-01 -4.287598133087158203e-01 -3.678719401359558105e-01 8.038018708057919071e-01 -6.153851949548071187e-02 -1.428372054401279900e+00 1.281490354233312534e-01 1.774452104462666824e-01 1.844527796356064453e+00 -6.146976396914909796e-02
1.661415710428918839e+09 -9.867291897535324097e-02 -5.401781573891639709e-02 9.707477688789367676e-01 5.920106768608093262e-01 -5.662937760353088379e-01 -4.401469230651855469e-01 -3.675668239593505859e-01 8.764765594008229188e-01 4.738655948870225676e-01 -1.348751737147103835e+00 3.651702378690248052e-01 9.063333844130105899e-02 1.615055458545760825e+00 -3.179897055407780032e-02
1.661415710462273598e+09 -1.071123629808425903e-01 -3.295771405100822449e-02 9.716610908508300781e-01 5.892119407653808594e-01 -5.613557696342468262e-01 -4.479427039623260498e-01 -3.702113926410675049e-01 6.807581599123316840e-01 1.871902836909332957e-01 -1.041016281535043442e+00 7.670533945870914305e-01 6.540472932957503982e-01 8.365358785972216715e-01 -5.696485483569828645e-01
1.661415710495900631e+09 -1.077681705355644226e-01 -1.100840978324413300e-02 9.714103937149047852e-01 5.835558176040649414e-01 -5.596830248832702637e-01 -4.529288709163665771e-01 -3.755968213081359863e-01 6.530617831612524071e-01 -2.892370179267185828e-02 -1.044125531693139930e+00 7.599790903354706195e-01 1.397345941769413624e+00 8.082607943416316720e-01 -1.302246632437189744e+00
1.661415710529016972e+09 -1.142037883400917053e-01 1.049937028437852859e-02 9.667125344276428223e-01 5.797647237777709961e-01 -5.556178689002990723e-01 -4.583041965961456299e-01 -3.809449374675750732e-01 6.925962135402420339e-01 1.549043139257479940e-01 -1.166456703500208025e+00 6.774872597701622201e-01 1.293411868423044453e+00 1.050787752915580020e+00 -1.273737925891143430e+00
1.661415710562280416e+09 -1.281894296407699585e-01 3.124166652560234070e-02 9.572399258613586426e-01 5.760997533798217773e-01 -5.503785014152526855e-01 -4.665231108665466309e-01 -3.841208517551422119e-01 8.041910604128491569e-01 3.683724320453001799e-01 -1.283098991258516008e+00 5.752441850216077901e-01 8.485226262042969703e-01 1.337713469782832787e+00 -6.881714544210059126e-01
1.661415710595685005e+09 -1.402284353971481323e-01 5.227444693446159363e-02 9.547823667526245117e-01 5.726041793823242188e-01 -5.454471707344055176e-01 -4.717216789722442627e-01 -3.899877667427062988e-01 7.292076463733392355e-01 3.256286555787880066e-01 -1.086432819234621983e+00 8.051168356525081338e-01 1.293396613215728186e+00 8.785483789000362309e-01 -1.271623346036650615e+00
1.661415710628937483e+09 -1.488929092884063721e-01 7.369580119848251343e-02 9.582340717315673828e-01 5.652403235435485840e-01 -5.439121127128601074e-01 -4.751740396022796631e-01 -3.985883295536041260e-01 7.026148730429661038e-01 2.732156135764700067e-01 -9.299857611512765132e-01 9.741528223737497827e-01 2.246931977529873059e+00 6.353816375261435168e-01 -2.085317901851339251e+00
1.661415710662654877e+09 -1.614026874303817749e-01 9.455817937850952148e-02 9.550589919090270996e-01 5.584478974342346191e-01 -5.414792895317077637e-01 -4.789669215679168701e-01 -4.068499505519866943e-01 7.275742595528442713e-01 3.697958740310064996e-01 -1.079316473849842195e+00 8.306592914276371697e-01 1.821568982730131792e+00 9.631200099468651965e-01 -1.663231499516050205e+00
1.661415710695698261e+09 -1.740560233592987061e-01 1.152194514870643616e-01 9.448022842407226562e-01 5.524827837944030762e-01 -5.444424152374267578e-01 -4.779342710971832275e-01 -4.122185111045837402e-01 7.962138802628253575e-01 4.000038024326676434e-01 -1.226595695820817511e+00 8.112600169932856486e-01 2.281344150514774238e+00 7.918674099306610703e-01 -1.945888547515083999e+00
1.661415710728931904e+09 -1.842194795608520508e-01 1.354862302541732788e-01 9.369152784347534180e-01 -5.432479381561279297e-01 5.443776249885559082e-01 4.781285226345062256e-01 4.241789877414703369e-01 7.223121092591892056e-01 3.473479345779859617e-01 -1.173477462674321181e+00 7.865806452516627134e-01 2.022770316439861382e+00 1.241717269897298026e+00 -1.837146591877572011e+00
1.661415710762260675e+09 -1.991885304450988770e-01 1.552796512842178345e-01 9.289877414703369141e-01 5.483039617538452148e-01 -5.349552631378173828e-01 -4.850587844848632812e-01 -4.217863082885742188e-01 7.816618701362676447e-01 2.035188334938096699e-01 -1.097596503432659576e+00 8.595939382030565179e-01 -1.702393305117711142e+00 3.656539103516152633e-01 1.423323891241158545e+00
1.661415710795616865e+09 -1.943087726831436157e-01 1.753376424312591553e-01 9.471423029899597168e-01 5.400643348693847656e-01 -5.339663624763488770e-01 -4.857496321201324463e-01 -4.327329099178314209e-01 8.241474652762744713e-01 -1.453811397619685086e-01 -3.684043077576561465e-01 1.227714439572317850e+00 1.295836737417503493e+00 -1.215884913950668056e-01 -1.395413614158489857e+00
1.661415710829594851e+09 -1.944553852081298828e-01 1.952913552522659302e-01 9.534049630165100098e-01 5.415835380554199219e-01 -5.309888124465942383e-01 -4.880949854850769043e-01 -4.318582415580749512e-01 6.155145440583026373e-01 -1.446022815903084957e-01 -6.124616508302439533e-01 1.089584131870391381e+00 -6.565967244297360450e-01 -4.674348417606348227e-01 4.803803722196911541e-01
1.661415710862318754e+09 -1.934365332126617432e-01 2.152744382619857788e-01 9.472023248672485352e-01 5.353036522865295410e-01 -5.282605290412902832e-01 -4.898965656757354736e-01 -4.408992826938629150e-01 6.401551148672136593e-01 -6.479993239968957763e-02 -1.006981546904690772e+00 8.058373172029236198e-01 1.615543822367356275e-01 8.439492503909488130e-01 -2.462032449696139047e-01
1.661415710895623207e+09 -1.936611086130142212e-01 2.351319193840026855e-01 9.402449727058410645e-01 -5.272031426429748535e-01 5.284258723258972168e-01 4.887613952159881592e-01 4.515920281410217285e-01 6.318138101712449384e-01 2.535936397548359256e-02 -1.007859616047205975e+00 8.397657026975479111e-01 1.085883410596968135e+00 8.345006427265911908e-01 -1.059470985339570070e+00
1.661415710928908825e+09 -1.917790621519088745e-01 2.548817098140716553e-01 9.490910172462463379e-01 -5.194842219352722168e-01 5.267051458358764648e-01 4.888033866882324219e-01 4.623731672763824463e-01 6.525966144698462923e-01 -5.167854654636861583e-02 -6.249038101059731787e-01 1.132343883171682108e+00 1.045853525215489910e+00 2.434807325945866907e-01 -1.161374483061681451e+00
1.661415710962258339e+09 -1.999093741178512573e-01 2.748455703258514404e-01 9.433928728103637695e-01 -5.170809626579284668e-01 5.220104455947875977e-01 4.920781254768371582e-01 4.668956100940704346e-01 6.685655112641198938e-01 1.214182676071437067e-01 -9.977046953500555704e-01 9.749469202308163052e-01 -1.443188835780866430e-01 4.759920912820642114e-01 3.324885444995186179e-02
1.661415710995941639e+09 -2.111065834760665894e-01 2.945282459259033203e-01 9.305810332298278809e-01 -5.106204152107238770e-01 5.213165283203125000e-01 4.910789132118225098e-01 4.757491648197174072e-01 7.724257617249606911e-01 2.843957730781390136e-01 -1.179234863646871245e+00 9.193000475231969393e-01 1.077605126532980018e+00 9.118288848598040675e-01 -1.013145802906320947e+00
1.661415711029014349e+09 -2.209591269493103027e-01 3.143111169338226318e-01 9.257899522781372070e-01 -5.057247281074523926e-01 5.168830752372741699e-01 4.925780594348907471e-01 4.841913282871246338e-01 6.837635269604129817e-01 2.001283333019641397e-01 -1.017185792759687235e+00 1.082199228129245405e+00 4.756382824555690503e-01 6.397070099526838138e-01 -6.142574613849676179e-01
1.661415711062259912e+09 -2.201277017593383789e-01 3.341525793075561523e-01 9.173579812049865723e-01 -4.993591606616973877e-01 5.140239000320434570e-01 4.919080436229705811e-01 4.944150447845458984e-01 6.489534777733427795e-01 -4.637746942919087484e-02 -1.029374103660052775e+00 9.537750051747074798e-01 2.672526127670485918e-01 7.378380614025704665e-01 -4.327064216188707402e-01
1.661415711095746517e+09 -2.293370515108108521e-01 3.538820445537567139e-01 8.969435691833496094e-01 -4.998233318328857422e-01 5.196355581283569336e-01 4.895406961441040039e-01 4.904134869575500488e-01 8.912959808447916688e-01 1.484019335255709615e-01 -1.212680105869852865e+00 9.894394597970088689e-01 5.861402966208224541e-01 -5.005505212781301283e-02 -2.578363085499028595e-01
1.661415711129054308e+09 -2.328336089849472046e-01 3.734666407108306885e-01 8.884067535400390625e-01 -4.925328493118286133e-01 5.176443457603454590e-01 4.874351620674133301e-01 5.018592476844787598e-01 6.499544240960448693e-01 8.241370823955995739e-02 -1.060249914320797071e+00 1.080779655036602227e+00 7.705914603759881354e-01 7.563969311955969221e-01 -9.010198029980124312e-01
1.661415711162650585e+09 -2.396436482667922974e-01 3.927229642868041992e-01 8.822762966156005859e-01 -4.853622913360595703e-01 5.191224813461303711e-01 4.833681285381317139e-01 5.111659765243530273e-01 6.347495831496003937e-01 1.730638699363679922e-01 -9.865172868808004258e-01 1.205173726579571003e+00 1.357661417952267691e+00 4.604842529037679877e-01 -1.342613722394512044e+00
1.661415711195758581e+09 -2.421901673078536987e-01 4.124455749988555908e-01 8.780689835548400879e-01 -4.819737076759338379e-01 5.137520432472229004e-01 4.834919571876525879e-01 5.196112394332885742e-01 6.139460974230511736e-01 -8.777692372566559334e-03 -9.468930192414032332e-01 1.192630827792410919e+00 5.760271119586800326e-02 3.470409798161261938e-01 -4.092193122681774264e-01
1.661415711228987455e+09 -2.421144098043441772e-01 4.317214190959930420e-01 8.739975690841674805e-01 -4.800004959106445312e-01 5.183496475219726562e-01 4.806768298149108887e-01 5.194835066795349121e-01 5.928963169189334081e-01 -5.416002829686919484e-02 -8.090468708210484250e-01 1.232828089576303077e+00 8.851306791950225294e-01 -4.087935101047528441e-01 -7.586028069845195398e-01
1.661415711262346745e+09 -2.485591471195220947e-01 4.501874446868896484e-01 8.692449927330017090e-01 -4.804454743862152100e-01 5.266091823577880859e-01 4.749872386455535889e-01 5.159866809844970703e-01 6.033547846342330878e-01 1.040501190557329703e-01 -8.005783195826757792e-01 1.327541623005786375e+00 1.707434528801690776e+00 -7.060095171407755332e-01 -1.469753678939531349e+00
1.661415711295569181e+09 -2.524806261062622070e-01 4.692368507385253906e-01 8.629406690597534180e-01 -4.727058112621307373e-01 5.254035592079162598e-01 4.732937216758728027e-01 5.258264541625976562e-01 6.154005561059501250e-01 7.729108423703606734e-02 -1.025155724191955331e+00 1.296157099891229070e+00 7.601961344885606042e-01 5.540637703731414732e-01 -8.593553336039723156e-01
1.661415711329376221e+09 -2.606633901596069336e-01 4.861031770706176758e-01 8.534445762634277344e-01 -4.735065996646881104e-01 5.329911708831787109e-01 4.639898836612701416e-01 5.257615447044372559e-01 6.215993141776415820e-01 1.679768036979735757e-01 -8.887968833823056691e-01 1.278683557144322247e+00 2.022550895648124403e+00 -3.638939313748309479e-01 -1.962364396658831556e+00
1.661415711362443924e+09 -2.612005174160003662e-01 4.955530166625976562e-01 8.456842303276062012e-01 -4.595463275909423828e-01 5.393007397651672363e-01 4.572885930538177490e-01 5.374560356140136719e-01 3.701414631426714896e-01 1.305503245969349968e-01 -7.149945445013784484e-01 7.601119123542807721e-01 1.575860492983351069e+00 1.064024793189128903e+00 -1.270450596656379272e+00
1.661415711395620584e+09 -2.630478441715240479e-01 5.104548335075378418e-01 8.484965562820434570e-01 -4.525786042213439941e-01 5.427022576332092285e-01 4.534098207950592041e-01 5.432001352310180664e-01 4.604735343025819216e-01 4.985658823305623433e-02 -6.456587179273639565e-01 1.255877469616119679e+00 1.409799284374402051e+00 1.181644173895816385e-01 -1.385240018469815704e+00
1.661415711428986788e+09 -2.670614421367645264e-01 5.115625858306884766e-01 8.433728218078613281e-01 -4.486291706562042236e-01 5.481317639350891113e-01 4.464302659034729004e-01 5.467938184738159180e-01 1.978701850407265372e-01 1.627995099765498221e-01 -2.380292697114019529e-01 2.234922489519900191e-01 1.186347593887267626e+00 4.236943682478848117e-01 -1.037460587467308404e+00
1.661415711462381124e+09 -2.676192224025726318e-01 5.125914216041564941e-01 8.547492027282714844e-01 -4.434534311294555664e-01 5.518457293510437012e-01 4.419251084327697754e-01 5.509242415428161621e-01 3.424658035433345016e-01 7.745438932677423116e-02 1.207450107358403885e-01 3.363621422103559855e-01 1.260187361701085029e+00 1.563357146653194252e-01 -1.231886409765751589e+00
1.661415711495991945e+09 -2.636589705944061279e-01 5.121290683746337891e-01 8.548798561096191406e-01 -4.340824186801910400e-01 5.536209940910339355e-01 4.406631588935852051e-01 5.575770735740661621e-01 1.186906469584704943e-01 -6.799105422656740935e-03 -6.312688868585726587e-02 -2.621904179715302523e-03 1.421414882711177219e-01 7.062672291753075982e-01 4.981323172373016556e-02
1.661415711529283047e+09 -2.629798650741577148e-01 5.094867944717407227e-01 8.500491976737976074e-01 -4.316884577274322510e-01 5.619107484817504883e-01 4.289517998695373535e-01 5.602695345878601074e-01 1.666450556780829095e-01 9.828672912675787132e-02 -2.387632490909791586e-02 -5.436898529294448279e-02 1.457249554527597635e+00 3.849414393865700501e-01 -1.318271406710363580e+00
1.661415711562313795e+09 -2.591304183006286621e-01 5.127809047698974609e-01 8.581343293190002441e-01 -4.228169322013854980e-01 5.639334917068481445e-01 4.269802868366241455e-01 5.664739012718200684e-01 2.888648813567940565e-01 -2.552694171566945863e-02 -5.586505549799382353e-02 4.000640303891503380e-01 5.912812070767335948e-01 4.337886344913763348e-01 -5.170531490154444132e-01
1.661415711595680475e+09 -2.629521489143371582e-01 5.151994824409484863e-01 8.483781814575195312e-01 -4.246850311756134033e-01 5.693107843399047852e-01 4.188449680805206299e-01 5.657708644866943359e-01 3.222823107358643857e-01 1.116679549765353524e-01 -3.214784751779414251e-01 2.529834382242325819e-01 9.869445467367302660e-01 8.545162475828271820e-02 -9.412812617112472635e-01
1.661415711629023075e+09 -2.654812335968017578e-01 5.101961493492126465e-01 8.559550642967224121e-01 -4.168041944503784180e-01 5.693684816360473633e-01 4.195117354393005371e-01 5.710549354553222656e-01 2.826843693364015642e-01 1.284081220971730886e-01 2.272758555340248787e-01 -1.678536468805142956e-01 8.556855287220424544e-02 6.114350382832766106e-01 6.197255710650986099e-02
1.661415711662654877e+09 -2.676516175270080566e-01 5.058985352516174316e-01 8.461188673973083496e-01 -4.226007163524627686e-01 5.728271603584289551e-01 4.139042198657989502e-01 5.674160718917846680e-01 3.256231506663682662e-01 6.739049785548918703e-02 2.643106285097946914e-02 -3.584929775094345406e-01 3.633975483039863508e-01 -1.061337337479499182e-01 -3.233857585366032295e-01
1.661415711695698500e+09 -2.741133868694305420e-01 5.061989426612854004e-01 8.412784934043884277e-01 -4.143214225769042969e-01 5.766645669937133789e-01 4.088796377182006836e-01 5.732479095458984375e-01 2.445018874138158993e-01 2.256550348064645384e-01 -3.083199170609126072e-01 2.679717960792411535e-01 6.811105126702579060e-01 8.463172277834006829e-01 -4.420573475226319826e-01
1.661415711729006290e+09 -2.696316838264465332e-01 5.023525357246398926e-01 8.454479575157165527e-01 -4.002303183078765869e-01 5.790480375289916992e-01 4.060833454132080078e-01 5.827653408050537109e-01 2.170498040758155334e-01 3.221193185466018211e-02 8.042621999522714393e-02 -1.128908136962226139e-01 1.789841093351551560e-01 1.057022157064847034e+00 9.861400853630704344e-02
1.661415711762134790e+09 -2.697683572769165039e-01 5.041072368621826172e-01 8.471779823303222656e-01 -3.942474722862243652e-01 5.857861638069152832e-01 3.960915505886077881e-01 5.869710445404052734e-01 7.449545022793439830e-02 9.169681437286766879e-02 -1.490145786937200900e-01 4.204299548482694493e-01 1.302072733028401874e+00 4.984322315724866725e-01 -1.211342722829875651e+00
1.661415711795981884e+09 -2.617050111293792725e-01 5.010660886764526367e-01 8.521705865859985352e-01 -3.856789469718933105e-01 5.914555191993713379e-01 3.875359296798706055e-01 5.926618576049804688e-01 2.942506604042701701e-01 -5.256717208865987340e-02 1.611463854513104366e-01 -4.997245245129505048e-02 7.761339809841329984e-01 6.137506632500313586e-01 -6.369181863993944592e-01
1.661415711829639435e+09 -2.572283148765563965e-01 4.971206784248352051e-01 8.488072752952575684e-01 -3.795574009418487549e-01 5.984078049659729004e-01 3.767571449279785156e-01 5.965721607208251953e-01 2.035127201717258361e-01 2.335632321377744541e-02 1.850821342320701363e-02 -1.283547862303394682e-01 8.382476337726536553e-01 6.534099047216841427e-01 -6.271175418131429424e-01
