1.661415717129815817e+09 1.378528122206244648e-16 -2.367949187755584717e-01 1.128897309303283691e+00 -6.125128269195556641e-01 6.125135421752929688e-01 3.533097505569458008e-01 3.533093035221099854e-01 0.000000000000000000e+00 0.000000000000000000e+00 0.000000000000000000e+00 0.000000000000000000e+00 0.000000000000000000e+00 0.000000000000000000e+00 0.000000000000000000e+00
1.661415717162423611e+09 -1.343361753970384598e-02 -2.168091833591461182e-01 1.109007477760314941e+00 6.108050346374511719e-01 -6.071086525917053223e-01 -3.623219132423400879e-01 -3.564533889293670654e-01 9.578369244613155198e-01 5.785813434763504848e-01 -1.077014761922550745e+00 -5.251257504229102091e-01 -4.722997360082890062e-01 2.211944000441898872e+00 6.957304625229622230e-01
1.661415717195691109e+09 -2.888566628098487854e-02 -1.967588216066360474e-01 1.089249372482299805e+00 6.074724793434143066e-01 -6.031845211982727051e-01 -3.728314936161041260e-01 -3.579696416854858398e-01 9.652594366229443335e-01 6.160371061370958357e-01 -1.148921295520515917e+00 -4.346503141471675935e-01 -6.521139078366190445e-01 2.178424365572577681e+00 1.075218074306582228e+00
1.661415717229011297e+09 -3.950715065002441406e-02 -1.766499578952789307e-01 1.070102572441101074e+00 6.028479933738708496e-01 -6.014142036437988281e-01 -3.798828125000000000e-01 -3.613369166851043701e-01 8.922061146557473954e-01 4.383808022493965728e-01 -1.225116918737633842e+00 -3.129349583979215144e-01 -1.321513369500554758e+00 2.035126652662895719e+00 1.653560144830356071e+00
1.661415717262303591e+09 -5.102910473942756653e-02 -1.565551161766052246e-01 1.051267862319946289e+00 6.004593372344970703e-01 -5.965688228607177734e-01 -3.892049789428710938e-01 -3.634194433689117432e-01 8.967457121493173089e-01 3.811288836255428136e-01 -1.285082496867709034e+00 -2.483468118557190796e-01 -8.782444313472762554e-01 2.100598790953894568e+00 1.118653294828096723e+00
1.661415717295635462e+09 -6.305202841758728027e-02 -1.364145725965499878e-01 1.035332083702087402e+00 5.997514128684997559e-01 -5.899599194526672363e-01 -3.990200459957122803e-01 -3.647306263446807861e-01 8.507588431746885282e-01 3.450088179862245696e-01 -1.302443368882925112e+00 -6.628808215227890988e-02 -6.017849042212023436e-01 1.944359590080505518e+00 7.397763443476432776e-01
1.661415717328933716e+09 -6.069601327180862427e-02 -1.162625327706336975e-01 1.023631095886230469e+00 5.945244431495666504e-01 -5.891273021697998047e-01 -4.040270149707794189e-01 -3.690960407257080078e-01 7.033864913431021604e-01 -1.397339881739410317e-01 -1.215810836851491494e+00 1.392775209942796466e-01 -1.360965201703260075e+00 1.539073387833395978e+00 1.473287301946077266e+00
1.661415717362602234e+09 -6.964373588562011719e-02 -9.611741453409194946e-02 1.014844298362731934e+00 5.945998430252075195e-01 -5.820806622505187988e-01 -4.127377569675445557e-01 -3.705140650272369385e-01 7.048017362416502118e-01 1.953428683966574597e-01 -1.196635997739538437e+00 2.913668072489928318e-01 -4.293680724176732189e-01 1.450367284770911258e+00 4.261338672915415682e-01
1.661415717395704508e+09 -7.029076665639877319e-02 -7.582817971706390381e-02 9.996669888496398926e-01 5.922552347183227539e-01 -5.778502821922302246e-01 -4.203438162803649902e-01 -3.723355829715728760e-01 7.656891920144843766e-01 -1.020076549068432981e-01 -1.331774336228476852e+00 1.232902231185299818e-01 -2.120262690751135159e-01 1.741825081267573960e+00 2.399517513328225105e-01
1.661415717428972244e+09 -8.610000461339950562e-02 -5.566990375518798828e-02 9.874253869056701660e-01 5.950730443000793457e-01 -5.671385526657104492e-01 -4.309295415878295898e-01 -3.722118139266967773e-01 8.534602659214851617e-01 3.827577617300372825e-01 -1.332432293946690827e+00 2.932827923553018024e-01 4.561596021696957826e-03 1.645655246833036545e+00 -1.072978015111171746e-01
1.661415717462303638e+09 -1.060621440410614014e-01 -3.568489849567413330e-02 9.824026823043823242e-01 5.977653861045837402e-01 -5.557855367660522461e-01 -4.422110021114349365e-01 -3.717908263206481934e-01 8.607495020406440434e-01 5.085759930415828522e-01 -1.185085162514792900e+00 5.656448964498296261e-01 -4.299267946859627876e-02 1.252198940804914562e+00 -2.400863573512375046e-02
1.661415717495633602e+09 -1.282575875520706177e-01 -1.592896692454814911e-02 9.660925269126892090e-01 6.010825037956237793e-01 -5.430209040641784668e-01 -4.551279544830322266e-01 -3.697117269039154053e-01 1.016990284771650765e+00 5.242574080224902122e-01 -1.474527235543020343e+00 2.941682449143437905e-01 -2.286659461437564045e-01 1.856581732687250241e+00 1.457655294514288158e-01
1.661415717528996944e+09 -1.359183937311172485e-01 5.561092868447303772e-03 9.635699391365051270e-01 5.973293185234069824e-01 -5.394331216812133789e-01 -4.620497226715087891e-01 -3.724507987499237061e-01 6.879927500869020829e-01 1.514040663309813017e-01 -1.112312642721217326e+00 7.506306431865438222e-01 1.227936808639889410e+00 8.695614102323672157e-01 -1.106050553611821474e+00
1.661415717562361956e+09 -1.426877528429031372e-01 2.735956944525241852e-02 9.588471055030822754e-01 5.922410488128662109e-01 -5.370420813560485840e-01 -4.679479897022247314e-01 -3.766444027423858643e-01 6.986018975778717222e-01 1.466382754807939448e-01 -1.160805507835331207e+00 7.265949477816718849e-01 1.659782241049466256e+00 9.431439342307246232e-01 -1.506161499179983654e+00
1.661415717595701933e+09 -1.484813243150711060e-01 4.797057434916496277e-02 9.507154822349548340e-01 5.876321196556091309e-01 -5.330858826637268066e-01 -4.748872220516204834e-01 -3.807755112648010254e-01 6.869235334725193320e-01 9.181992625421102339e-02 -1.186101951779131358e+00 6.021085492780268167e-01 6.911059614999406353e-01 1.177481768448163768e+00 -6.135558791568278547e-01
1.661415717628766775e+09 -1.581156998872756958e-01 6.953256577253341675e-02 9.470803737640380859e-01 5.813683867454528809e-01 -5.312474370002746582e-01 -4.793406426906585693e-01 -3.873234689235687256e-01 7.226605778689044746e-01 2.733091296303201689e-01 -1.124734864848595306e+00 8.265761786511072184e-01 2.085517783146474624e+00 8.544440396566661544e-01 -1.903858789345062474e+00
1.661415717662475348e+09 -1.691623181104660034e-01 9.019571542739868164e-02 9.350786209106445312e-01 5.762659311294555664e-01 -5.275315046310424805e-01 -4.850938320159912109e-01 -3.928257524967193604e-01 7.809755039479499006e-01 2.712199100577062372e-01 -1.289064198750095702e+00 6.192279190171359193e-01 1.120186771887904609e+00 1.270399274919971289e+00 -1.002800698899666498e+00
1.661415717695950747e+09 -1.801996976137161255e-01 1.111674383282661438e-01 9.260452389717102051e-01 5.683403611183166504e-01 -5.269455313682556152e-01 -4.872523248195648193e-01 -4.023715853691101074e-01 7.576356238297602408e-01 3.467648073016029731e-01 -1.224754405636972132e+00 7.571681210741459944e-01 2.313413704385197889e+00 1.100248793827589555e+00 -2.104526872203732246e+00
1.661415717729018450e+09 -1.825756430625915527e-01 1.316280961036682129e-01 9.266318678855895996e-01 5.600433945655822754e-01 -5.265896916389465332e-01 -4.884916841983795166e-01 -4.128323495388031006e-01 6.231608532584332893e-01 8.230231876480419151e-02 -8.914057443982400519e-01 9.135076698917473648e-01 1.600553670379792681e+00 6.421205253210096053e-01 -1.510832216214427204e+00
1.661415717762252569e+09 -1.966266036033630371e-01 1.519258618354797363e-01 9.262169599533081055e-01 5.536521077156066895e-01 -5.238152146339416504e-01 -4.918228387832641602e-01 -4.209480583667755127e-01 7.429141597993333956e-01 3.811321106545341175e-01 -9.802014481207643737e-01 9.991508639506622158e-01 1.497917915207728434e+00 6.859548866202399564e-01 -1.374235093783550354e+00
1.661415717795667171e+09 -1.961629241704940796e-01 1.720106154680252075e-01 9.189870357513427734e-01 5.464946627616882324e-01 -5.227017402648925781e-01 -4.920006692409515381e-01 -4.313488900661468506e-01 6.389854089217754662e-01 -1.907251210580115236e-02 -1.037954912266602525e+00 7.677481890155815059e-01 8.410889155118985716e-01 8.927821034272470646e-01 -8.674671146388985843e-01
1.661415717829017878e+09 -1.848189085721969604e-01 1.920368671417236328e-01 9.378410577774047852e-01 5.372812151908874512e-01 -5.238303542137145996e-01 -4.905619323253631592e-01 -4.430346488952636719e-01 8.921102168581764857e-01 -2.952047596615011704e-01 -2.857256522854635938e-01 1.205850629414158659e+00 1.269061011273245221e+00 -2.793942364085477137e-01 -1.348782546718773734e+00
1.661415717862615585e+09 -1.880379915237426758e-01 2.120136022567749023e-01 9.413359761238098145e-01 5.318734645843505859e-01 -5.199222564697265625e-01 -4.935962259769439697e-01 -4.507263302803039551e-01 6.111739081091892567e-01 3.345567176537826010e-02 -7.742714178164100680e-01 1.018358840679428168e+00 3.633555176113449914e-01 3.950880140910687510e-01 -4.563494487184076021e-01
1.661415717895681858e+09 -1.882286816835403442e-01 2.319618314504623413e-01 9.412004351615905762e-01 5.278590917587280273e-01 -5.161684155464172363e-01 -4.963582754135131836e-01 -4.566873013973236084e-01 6.033217353979067887e-01 -6.999434636305976176e-02 -8.371147364268720636e-01 9.699923754225183714e-01 -9.469040637355459478e-02 3.642767253669359495e-01 -3.347701434557908556e-02
1.661415717928955793e+09 -1.939054727554321289e-01 2.518856227397918701e-01 9.317630529403686523e-01 5.220864415168762207e-01 -5.141339302062988281e-01 -4.970821440219879150e-01 -4.647597372531890869e-01 6.841707159883411160e-01 1.273698379034229611e-01 -1.096515947191297524e+00 8.734223300968695369e-01 6.360328379878578131e-01 8.081198542096061921e-01 -6.411226158887038951e-01
1.661415717962308884e+09 -1.931197196245193481e-01 2.718781232833862305e-01 9.256040453910827637e-01 5.175227522850036621e-01 -5.094506740570068359e-01 -4.994952678680419922e-01 -4.723713696002960205e-01 6.276612384390124477e-01 -8.613130313479584743e-02 -9.769979936018738931e-01 8.883616315198674673e-01 -2.034223369187851682e-01 6.590125660569005062e-01 2.164201910027401671e-02
1.661415717995665550e+09 -1.933242678642272949e-01 2.919035851955413818e-01 9.160080552101135254e-01 5.142596960067749023e-01 -5.034462213516235352e-01 -5.027850270271301270e-01 -4.788382053375244141e-01 6.657393530442115015e-01 -8.255535751995883575e-02 -1.060317271577870590e+00 8.679445028229181291e-01 -5.114751460430219110e-01 7.199101730227013274e-01 2.844062643449126182e-01
1.661415718029293776e+09 -2.006879746913909912e-01 3.116591274738311768e-01 9.068065881729125977e-01 5.092894434928894043e-01 -5.061239004135131836e-01 -4.998187720775604248e-01 -4.844007492065429688e-01 6.840608500401964553e-01 1.883868263346303029e-01 -1.025800786630575612e+00 1.031967613318754085e+00 1.247299885805099651e+00 3.014614778064439449e-01 -1.100715129789221924e+00
1.661415718062424421e+09 -2.078536003828048706e-01 3.313827514648437500e-01 8.987600803375244141e-01 -5.033573508262634277e-01 5.062277317047119141e-01 4.978505074977874756e-01 4.924528598785400391e-01 6.783670204777880741e-01 1.788154015686869713e-01 -1.043435484622353249e+00 1.076229048577555858e+00 1.083963741242630174e+00 5.010490393815251187e-01 -1.053708989912706118e+00
1.661415718095634460e+09 -2.195477336645126343e-01 3.512024879455566406e-01 8.826621174812316895e-01 -4.990831315517425537e-01 5.031665563583374023e-01 4.979451596736907959e-01 4.997901022434234619e-01 8.456522249612133946e-01 2.469357995392722771e-01 -1.277068009370430302e+00 1.031649148039355257e+00 5.145201700718621263e-01 8.064911708733691897e-01 -5.701454083190704569e-01
1.661415718128962278e+09 -2.369368076324462891e-01 3.709450662136077881e-01 8.675308227539062500e-01 -4.946617782115936279e-01 4.985007643699645996e-01 4.980893731117248535e-01 5.086390972137451172e-01 9.106422109918748120e-01 3.766933846458558888e-01 -1.308329051633331463e+00 1.158825742839926232e+00 6.852401070320845999e-01 8.560268894460487665e-01 -8.120573594690154717e-01
1.661415718162319660e+09 -2.461639493703842163e-01 3.903649151325225830e-01 8.648368716239929199e-01 -4.927066266536712646e-01 5.052059292793273926e-01 4.939768016338348389e-01 5.079311132431030273e-01 6.495892286100016788e-01 1.850401674524918827e-01 -8.064245092257420477e-01 1.321975411632007935e+00 1.433732889525356713e+00 -5.486760080396764216e-01 -1.161370477045206018e+00
1.661415718195980310e+09 -2.445554882287979126e-01 4.097250103950500488e-01 8.636732697486877441e-01 -4.933555126190185547e-01 5.135234594345092773e-01 4.892032146453857422e-01 5.035614967346191406e-01 5.781710538883235717e-01 -9.653981977833393791e-02 -6.442013377736777180e-01 1.229411706081720235e+00 1.061491331070791411e+00 -9.685904680592966054e-01 -8.307346407095359542e-01
1.661415718229088545e+09 -2.453827708959579468e-01 4.283398389816284180e-01 8.673605322837829590e-01 -4.829205870628356934e-01 5.193696022033691406e-01 4.817610979080200195e-01 5.147321224212646484e-01 5.737101262873104401e-01 9.097595286711521179e-02 -7.226480540767074023e-01 1.349175706163938671e+00 2.294698844745176824e+00 1.792672237412437641e-01 -2.182203164109451698e+00
1.661415718262297630e+09 -2.524870336055755615e-01 4.479870498180389404e-01 8.582356572151184082e-01 -4.816060066223144531e-01 5.153450965881347656e-01 4.826903939247131348e-01 5.191195607185363770e-01 6.864975488393115777e-01 7.168116488204316628e-02 -1.056864201382216040e+00 1.251136431313513153e+00 3.378140913492372333e-02 1.681239997291976429e-01 -2.567509866938824659e-01
1.661415718295676947e+09 -2.510317862033843994e-01 4.671666920185089111e-01 8.565912842750549316e-01 -4.831801056861877441e-01 5.203152298927307129e-01 4.816143512725830078e-01 5.136697888374328613e-01 5.783501184744563872e-01 -1.299507029035183725e-01 -6.946014073720579995e-01 1.275922970990906791e+00 6.229806756497695552e-01 -9.178177996769981695e-01 -4.758148450658897244e-01
1.661415718328968763e+09 -2.580980956554412842e-01 4.865990281105041504e-01 8.510801196098327637e-01 -4.818184673786163330e-01 5.148691534996032715e-01 4.829720258712768555e-01 5.191327333450317383e-01 6.427734826798288115e-01 6.731764302487180940e-02 -9.960610705021130107e-01 1.348110007047305547e+00 4.130424950924336397e-02 1.022218936647488197e-01 -3.634556330809989300e-01
1.661415718362653494e+09 -2.599835693836212158e-01 4.980346560478210449e-01 8.466839790344238281e-01 -4.725821614265441895e-01 5.211617946624755859e-01 4.753074645996093750e-01 5.283363461494445801e-01 3.679931847893946895e-01 1.269644412371618014e-01 -6.520316529394921679e-01 9.052533407223009032e-01 1.939170027803357454e+00 4.736704286047282997e-01 -1.783422989744936515e+00
1.661415718395742893e+09 -2.533990740776062012e-01 5.045869350433349609e-01 8.531103134155273438e-01 -4.685342013835906982e-01 5.299372673034667969e-01 4.688725173473358154e-01 5.289620161056518555e-01 3.413596128159607224e-01 -9.131998632275220573e-02 -7.398289193438700728e-02 5.699593937346776329e-01 1.709601711162382243e+00 -3.692737139679754810e-01 -1.473070918166365706e+00
