1.661415728513260365e+09 1.378528122206244648e-16 -2.367949187755584717e-01 1.128897309303283691e+00 -6.125128269195556641e-01 6.125135421752929688e-01 3.533097505569458008e-01 3.533093035221099854e-01 0.000000000000000000e+00 0.000000000000000000e+00 0.000000000000000000e+00 0.000000000000000000e+00 0.000000000000000000e+00 0.000000000000000000e+00 0.000000000000000000e+00
1.661415728545899153e+09 -1.822934672236442566e-02 -2.168009877204895020e-01 1.108985066413879395e+00 6.121721267700195312e-01 -6.056970357894897461e-01 -3.650352954864501953e-01 -3.537310957908630371e-01 1.029269318755476226e+00 7.327450565467725774e-01 -1.081224336418774357e+00 -5.236624313173937617e-01 -1.774206468878162801e-01 2.218477523668692886e+00 5.210306245567397632e-01
1.661415728578739405e+09 -2.870983630418777466e-02 -1.967182904481887817e-01 1.089382767677307129e+00 6.059392094612121582e-01 -6.047682762145996094e-01 -3.722565174102783203e-01 -3.584941923618316650e-01 9.121954154859003294e-01 4.967416090837944997e-01 -1.160449647746043533e+00 -4.331793689862474817e-01 -1.311852543420076733e+00 2.181833989281269925e+00 1.697909433416702418e+00
1.661415728612522840e+09 -3.975036740303039551e-02 -1.766474992036819458e-01 1.070291996002197266e+00 -6.009081602096557617e-01 6.025950908660888672e-01 3.808364868164062500e-01 3.615965843200683594e-01 8.826588319012399486e-01 4.319707637686971413e-01 -1.200232404019409005e+00 -3.281741670135105982e-01 -1.195501510605809559e+00 2.082294736996064266e+00 1.573795361516426183e+00
1.661415728646017313e+09 -6.143362820148468018e-02 -1.567759066820144653e-01 1.050248265266418457e+00 6.045008897781372070e-01 -5.912023782730102539e-01 -3.945072293281555176e-01 -3.597532808780670166e-01 1.062625050883180933e+00 6.610363806605195069e-01 -1.314380321865233237e+00 -2.906217795810335236e-01 3.587357269083608635e-01 2.238713191279720238e+00 -2.200604985160442284e-01
1.661415728679209471e+09 -6.449026614427566528e-02 -1.363781243562698364e-01 1.032104969024658203e+00 5.994135737419128418e-01 -5.891782641410827637e-01 -4.018461704254150391e-01 -3.634446561336517334e-01 8.276001158941909130e-01 5.389648063261561622e-02 -1.333532006676389159e+00 -1.501346930283646020e-01 -9.985804094856872704e-01 2.039687906143691887e+00 1.207583570657084993e+00
1.661415728712440729e+09 -7.121798396110534668e-02 -1.159544140100479126e-01 1.018956899642944336e+00 5.958489179611206055e-01 -5.854912400245666504e-01 -4.111514091491699219e-01 -3.648541569709777832e-01 7.584546242004648331e-01 1.440625154143913567e-01 -1.299174792767113784e+00 1.011501045507679913e-01 -6.019991594363292009e-01 1.766986563903573559e+00 8.371520269850573071e-01
1.661415728745723248e+09 -6.860130280256271362e-02 -9.535156935453414917e-02 1.004587769508361816e+00 5.914021134376525879e-01 -5.836360454559326172e-01 -4.172481000423431396e-01 -3.681256175041198730e-01 7.587955214128278003e-01 -1.846816011450029826e-01 -1.313826021529972410e+00 1.177141585645737065e-01 -6.201159519134431530e-01 1.692401926859931072e+00 7.027348094000414047e-01
1.661415728779126883e+09 -8.530092239379882812e-02 -7.521898299455642700e-02 9.943354725837707520e-01 5.924383997917175293e-01 -5.744374394416809082e-01 -4.289018511772155762e-01 -3.675344288349151611e-01 8.410648835223690778e-01 4.344296860406929306e-01 -1.292015122669726734e+00 3.090398732173157414e-01 3.509160249812688648e-02 1.609461463422277694e+00 3.980329507555269153e-02
1.661415728812739372e+09 -9.641176462173461914e-02 -5.469152331352233887e-02 9.820927977561950684e-01 5.910860300064086914e-01 -5.677911043167114258e-01 -4.393290877342224121e-01 -3.677235245704650879e-01 7.841537979083775811e-01 2.390230501163058130e-01 -1.334766547760909861e+00 3.024666975005694813e-01 2.414449886313909388e-01 1.632726158025296970e+00 -1.261022297860250330e-01
1.661415728845728874e+09 -1.084724068641662598e-01 -3.401304036378860474e-02 9.801719188690185547e-01 5.903921127319335938e-01 -5.606000423431396484e-01 -4.480668604373931885e-01 -3.693247735500335693e-01 7.279767128119810637e-01 2.867784627823317112e-01 -1.122096369864886478e+00 6.817632776748839829e-01 3.496793296838048848e-01 1.020585138337508635e+00 -3.387162219865528789e-01
1.661415728879212856e+09 -1.222001761198043823e-01 -1.334730442613363266e-02 9.691022038459777832e-01 5.890303850173950195e-01 -5.534962415695190430e-01 -4.579692482948303223e-01 -3.700666129589080811e-01 8.113525047781435795e-01 3.169510112509201782e-01 -1.330401836117919290e+00 4.476564328015827376e-01 4.771933012189568668e-01 1.485804514886192917e+00 -3.923761492976138299e-01
1.661415728912366867e+09 -1.340141147375106812e-01 7.666975259780883789e-03 9.718793034553527832e-01 5.878819823265075684e-01 -5.467643737792968750e-01 -4.647048413753509521e-01 -3.734874129295349121e-01 7.319439686483372176e-01 2.817506639456581197e-01 -9.881937679041413736e-01 8.954015487071271817e-01 7.150206434173455028e-01 6.389020428984113487e-01 -7.693981280725616934e-01
1.661415728945658922e+09 -1.449082046747207642e-01 2.879756316542625427e-02 9.640058279037475586e-01 5.841530561447143555e-01 -5.420191884040832520e-01 -4.723089635372161865e-01 -3.767023384571075439e-01 7.522351293559436103e-01 2.525212271197476155e-01 -1.242026877702320009e+00 6.237424804147702062e-01 1.029048999494997840e+00 1.205224010783458644e+00 -9.139536120300481015e-01
1.661415728979351759e+09 -1.479277014732360840e-01 5.093321204185485840e-02 9.540469050407409668e-01 5.777915120124816895e-01 -5.437569022178649902e-01 -4.731065034866333008e-01 -3.829565048217773438e-01 7.259660013922067945e-01 9.238612108535243506e-02 -1.242313068182508973e+00 6.606311443597101540e-01 2.375949480338453768e+00 9.135970790752543369e-01 -2.190597348283803036e+00
1.661415729012616634e+09 -1.532520800828933716e-01 7.204017043113708496e-02 9.488006830215454102e-01 5.710760951042175293e-01 -5.419673323631286621e-01 -4.767856299877166748e-01 -3.909206688404083252e-01 6.731249254529517723e-01 1.470577001916398008e-01 -1.117627739551545707e+00 7.307231773244132755e-01 1.622469519045284470e+00 1.006262940919853133e+00 -1.515584450543270512e+00
1.661415729045755386e+09 -1.635015755891799927e-01 9.302824735641479492e-02 9.436473250389099121e-01 5.640669465065002441e-01 -5.401486158370971680e-01 -4.800975620746612549e-01 -3.994674980640411377e-01 7.217771027454079613e-01 3.114998961678846490e-01 -1.137024986318054376e+00 7.970970192490113293e-01 1.961252869534910515e+00 1.014474384839655130e+00 -1.803059526217779762e+00
1.661415729078888178e+09 -1.818208098411560059e-01 1.131058186292648315e-01 9.513251781463623047e-01 5.629139542579650879e-01 -5.320110321044921875e-01 -4.881352186203002930e-01 -4.022638201713562012e-01 8.524106667903464940e-01 4.145472886248628419e-01 -8.029630017341864434e-01 1.131997996925741434e+00 1.242514763539908640e-01 2.974369826698170516e-01 -1.725159146168758206e-01
1.661415729112419128e+09 -1.845352649688720703e-01 1.336074620485305786e-01 9.449995160102844238e-01 5.549300312995910645e-01 -5.313570499420166016e-01 -4.887657463550567627e-01 -4.133042693138122559e-01 6.449672427238203332e-01 9.445464754137722352e-02 -1.066701394410579873e+00 7.483974260604601136e-01 1.578423839149549979e+00 9.916536065368329878e-01 -1.535140919603914300e+00
1.661415729146073103e+09 -1.884463280439376831e-01 1.539975553750991821e-01 9.480779170989990234e-01 5.451734066009521484e-01 -5.320373773574829102e-01 -4.880838990211486816e-01 -4.260239303112030029e-01 6.236642178593041486e-01 1.632259174822365544e-01 -8.314354077101692164e-01 9.835816800545307270e-01 2.271689370913769324e+00 6.299552122138594168e-01 -2.172465950194327089e+00
1.661415729179399490e+09 -1.945851147174835205e-01 1.740999519824981689e-01 9.551841020584106445e-01 5.358343720436096191e-01 -5.318934917449951172e-01 -4.877364039421081543e-01 -4.382739961147308350e-01 6.657662726411549547e-01 2.128076822637357535e-01 -7.474782561089853283e-01 1.108668400008557153e+00 2.175130074403949454e+00 4.973808910912425052e-01 -2.109647456118747488e+00
1.661415729212459803e+09 -1.890282332897186279e-01 1.940834671258926392e-01 9.547023177146911621e-01 -5.292610526084899902e-01 5.294762849807739258e-01 4.888190031051635742e-01 4.478767514228820801e-01 6.275601753890452938e-01 -1.917361490950996450e-01 -8.379883342048142225e-01 8.615105127655884321e-01 9.677518833519056785e-02 5.999681614031272536e-01 -2.392246216935560443e-01
1.661415729245721340e+09 -1.916045397520065308e-01 2.140100598335266113e-01 9.506262540817260742e-01 -5.224093198776245117e-01 5.271067619323730469e-01 4.895237982273101807e-01 4.578354656696319580e-01 6.163793668223159772e-01 5.532836725416506729e-02 -9.741283547949407540e-01 8.812390263756554321e-01 6.225126678477191922e-01 7.977020325884268681e-01 -6.820144092411833947e-01
1.661415729279105186e+09 -1.978089958429336548e-01 2.335352152585983276e-01 9.476742744445800781e-01 -5.099542140960693359e-01 5.297756195068359375e-01 4.846062660217285156e-01 4.737523198127746582e-01 6.200250242180226357e-01 2.801480965225587871e-01 -9.848912258681926657e-01 9.858318730481000491e-01 2.491229943682764514e+00 1.050930149106344746e+00 -2.350110563395897412e+00
1.661415729312484980e+09 -2.074982970952987671e-01 2.535567879676818848e-01 9.342094659805297852e-01 -5.078350305557250977e-01 5.263481736183166504e-01 4.868401288986206055e-01 4.775436520576477051e-01 7.789414299312514833e-01 1.633840271957784640e-01 -1.191975596836837514e+00 8.547908949430009784e-01 -2.171701516358369444e-01 6.923043697875266300e-01 1.885587326836618283e-01
1.661415729346018314e+09 -2.236777245998382568e-01 2.733879983425140381e-01 9.332048296928405762e-01 -5.044707059860229492e-01 5.203589200973510742e-01 4.900401532649993896e-01 4.843516647815704346e-01 7.638270951334870107e-01 3.351755414328981275e-01 -9.629386424357831986e-01 1.145647947513303455e+00 4.132862017376449093e-01 5.142164310248517056e-01 -5.644691529174576949e-01
1.661415729379011631e+09 -2.372091114521026611e-01 2.930835485458374023e-01 9.165080785751342773e-01 -4.997942745685577393e-01 5.222082734107971191e-01 4.875880181789398193e-01 4.896551370620727539e-01 8.835497635059412769e-01 3.249147187193296982e-01 -1.292140494059857980e+00 9.827273291643112696e-01 1.023935746417981241e+00 7.340341801419303369e-01 -8.317075042592715350e-01
1.661415729412363768e+09 -2.377169132232666016e-01 3.129505515098571777e-01 9.028443694114685059e-01 -4.925891160964965820e-01 5.201914906501770020e-01 4.856956303119659424e-01 5.008558034896850586e-01 7.231163519164264253e-01 -4.523015242462563937e-03 -1.174464557452119085e+00 8.901576531450200447e-01 2.969189815655863263e-01 9.838919503349861095e-01 -4.021091870105694133e-01
1.661415729445704460e+09 -2.360508590936660767e-01 3.325907886028289795e-01 8.982172012329101562e-01 -4.889791905879974365e-01 5.243143439292907715e-01 4.821625053882598877e-01 5.035008788108825684e-01 6.072643184911209469e-01 -8.255991153450319142e-02 -8.298482082740900045e-01 1.081897081797712046e+00 8.077216255477595030e-01 -1.164681129656167519e-01 -7.028716073320508961e-01
1.661415729479135513e+09 -2.339667528867721558e-01 3.523397147655487061e-01 8.989234566688537598e-01 -4.852283000946044922e-01 5.222609639167785645e-01 4.815472364425659180e-01 5.098130106925964355e-01 5.943918161927226329e-01 -1.155328346990759369e-01 -7.550110472955878782e-01 1.126572258280913674e+00 2.595200935731586389e-01 5.665553155010907838e-02 -4.665325232286600676e-01
1.661415729512607336e+09 -2.389138638973236084e-01 3.717696368694305420e-01 9.034962654113769531e-01 -4.799953401088714600e-01 5.200086832046508789e-01 4.799703657627105713e-01 5.184823274612426758e-01 6.143880293622687727e-01 8.282805789400381202e-02 -7.405538028791229799e-01 1.287516570978233910e+00 8.748942130387323823e-01 1.498844982570157469e-01 -1.093839044283334783e+00
1.661415729545804977e+09 -2.407404184341430664e-01 3.916030526161193848e-01 8.949689269065856934e-01 -4.787662029266357422e-01 5.148009061813354492e-01 4.789746105670928955e-01 5.256864428520202637e-01 6.526371630152075776e-01 -4.031301942199359140e-02 -1.015945893305215453e+00 1.092572117663975106e+00 -1.463193495674284250e-01 3.238856395642297215e-01 -2.502214723035614541e-01
1.661415729579195738e+09 -2.366029918193817139e-01 4.111519157886505127e-01 8.955554962158203125e-01 -4.766604900360107422e-01 5.143556594848632812e-01 4.770012199878692627e-01 5.298142433166503906e-01 5.986838227770822085e-01 -1.619850798972640726e-01 -7.226204130921375368e-01 1.189334011150135817e+00 3.749000485370093672e-01 -2.294576926334071232e-01 -5.782246121961102103e-01
1.661415729612372160e+09 -2.477305084466934204e-01 4.301202297210693359e-01 8.839101195335388184e-01 -4.739861190319061279e-01 5.235997438430786133e-01 4.746476113796234131e-01 5.252525806427001953e-01 7.500627945642549532e-01 2.123811809016519225e-01 -1.027089228695866385e+00 1.286985988495416233e+00 1.466357630166623016e+00 -3.228012237868567724e-01 -9.183741598131933692e-01
1.661415729645741463e+09 -2.511848509311676025e-01 4.498398005962371826e-01 8.687086701393127441e-01 -4.772301316261291504e-01 5.254830121994018555e-01 4.752079844474792480e-01 5.199003815650939941e-01 7.533026453425011315e-01 -5.163276061899323144e-02 -1.050049340299422429e+00 1.137998436392872126e+00 -5.083101292779028391e-02 -4.712566518753089073e-01 1.382720119576320850e-01
1.661415729679343700e+09 -2.505468130111694336e-01 4.686067998409271240e-01 8.610686659812927246e-01 -4.693548977375030518e-01 5.283127427101135254e-01 4.700654447078704834e-01 5.288006663322448730e-01 6.033100610882220494e-01 2.999819985449436819e-03 -9.761959702621981760e-01 1.234699776819987882e+00 1.178785608673543095e+00 4.179172348543669924e-01 -1.172895700812428554e+00
1.661415729712488890e+09 -2.496782988309860229e-01 4.860307574272155762e-01 8.539704084396362305e-01 -4.674526751041412354e-01 5.378085374832153320e-01 4.582698047161102295e-01 5.312614440917968750e-01 5.682387260018455510e-01 7.235473168098130979e-03 -8.302229748221626737e-01 1.282250971541986528e+00 2.263342178817755901e+00 -2.959465169494339687e-01 -2.201159654995190174e+00
1.661415729745704889e+09 -2.566018402576446533e-01 4.998485445976257324e-01 8.559397459030151367e-01 -4.616005718708038330e-01 5.438286662101745605e-01 4.512802958488464355e-01 5.362102389335632324e-01 4.690593339851371613e-01 1.873475677238718440e-01 -6.347161197212837225e-01 1.256700715522159895e+00 2.145644698300877895e+00 8.478765722031642027e-02 -2.059697448241131656e+00
