1.661415739430678368e+09 1.378528122206244648e-16 -2.367949187755584717e-01 1.128897309303283691e+00 -6.125128269195556641e-01 6.125135421752929688e-01 3.533097505569458008e-01 3.533093035221099854e-01 0.000000000000000000e+00 0.000000000000000000e+00 0.000000000000000000e+00 0.000000000000000000e+00 0.000000000000000000e+00 0.000000000000000000e+00 0.000000000000000000e+00
1.661415739463112593e+09 -1.890327967703342438e-02 -2.168126553297042847e-01 1.108978867530822754e+00 6.134930849075317383e-01 -6.043651103973388672e-01 -3.652408123016357422e-01 -3.535084426403045654e-01 1.047081871627839611e+00 7.468849192438471452e-01 -1.088356172334415728e+00 -5.269558176887273460e-01 -2.575145959163897477e-02 2.232502968725128767e+00 3.013527643828995406e-01
1.661415739496052027e+09 -3.304637596011161804e-02 -1.966904252767562866e-01 1.089229226112365723e+00 6.093553304672241211e-01 -6.012778282165527344e-01 -3.740509748458862305e-01 -3.567028939723968506e-01 9.576150575572157653e-01 6.046918511017044251e-01 -1.167086620105042272e+00 -4.342050265762030792e-01 -9.743925137072254605e-01 2.200227999613960428e+00 1.344115115119820736e+00
1.661415739529320002e+09 -4.558554664254188538e-02 -1.765407025814056396e-01 1.069704890251159668e+00 6.057671308517456055e-01 -5.975224375724792480e-01 -3.835000693798065186e-01 -3.590832352638244629e-01 9.237644384347546422e-01 4.653417582185566670e-01 -1.233476655121251042e+00 -3.472839455837258837e-01 -7.862158789778621593e-01 2.168975427997838157e+00 1.118450008872100998e+00
1.661415739562598944e+09 -5.263630673289299011e-02 -1.563017219305038452e-01 1.052900195121765137e+00 6.003818511962890625e-01 -5.958594679832458496e-01 -3.906619548797607422e-01 -3.631478548049926758e-01 8.183755196919960673e-01 2.607026277886806964e-01 -1.258393998642309608e+00 -1.674820307087732940e-01 -1.418185857204896427e+00 1.966803627019741096e+00 1.705032160873250380e+00
1.661415739595913649e+09 -5.790207907557487488e-02 -1.361588239669799805e-01 1.036148428916931152e+00 5.965799093246459961e-01 -5.928322076797485352e-01 -3.980517983436584473e-01 -3.663292229175567627e-01 8.021201022901808253e-01 1.373193824465700208e-01 -1.292462454405737704e+00 -1.010183361010224545e-01 -1.207397411085745942e+00 1.916886418614763610e+00 1.388760732628329109e+00
1.661415739629711628e+09 -5.960262566804885864e-02 -1.160986647009849548e-01 1.022829055786132812e+00 5.923776030540466309e-01 -5.901645421981811523e-01 -4.058964848518371582e-01 -3.688397705554962158e-01 7.142242405254508597e-01 -2.724011291343217400e-02 -1.233444817719955289e+00 6.866802758929309303e-02 -7.587154154589992316e-01 1.697663286383786607e+00 9.308358488124904850e-01
1.661415739662701130e+09 -7.207872718572616577e-02 -9.597373008728027344e-02 1.004790782928466797e+00 5.928966999053955078e-01 -5.820860862731933594e-01 -4.172851145267486572e-01 -3.681338727474212646e-01 9.023026360866541751e-01 2.920826364077939163e-01 -1.424932808310680032e+00 -1.556905677544405744e-02 -1.595658116069365307e-01 2.054061563603970519e+00 2.578857563167452072e-01
1.661415739695919037e+09 -8.750109374523162842e-02 -7.580459117889404297e-02 9.902585744857788086e-01 5.942875742912292480e-01 -5.726882815361022949e-01 -4.289249777793884277e-01 -3.672516942024230957e-01 8.806861021084521068e-01 3.752087562948402955e-01 -1.393920290004687867e+00 1.780912357579815808e-01 2.458228365713195987e-02 1.841858977674905917e+00 1.565931069098678435e-02
1.661415739729311943e+09 -1.024333313107490540e-01 -5.548599734902381897e-02 9.828230142593383789e-01 5.951039195060729980e-01 -5.638017058372497559e-01 -4.394198656082153320e-01 -3.672726452350616455e-01 7.872590328936074355e-01 3.585848540974026499e-01 -1.245589663834317351e+00 4.635960259669908989e-01 1.186472691401606327e-01 1.386288611552952466e+00 -1.100971061928090605e-01
1.661415739762602568e+09 -1.143300980329513550e-01 -3.479383885860443115e-02 9.833839535713195801e-01 5.949283242225646973e-01 -5.562821030616760254e-01 -4.476663768291473389e-01 -3.690599501132965088e-01 7.171673140184505746e-01 2.728932288137672635e-01 -1.054159524877126719e+00 7.550380222309065470e-01 3.051582123348697828e-01 8.574883725856358163e-01 -3.443629440463542579e-01
1.661415739796253681e+09 -1.229107826948165894e-01 -1.360465679317712784e-02 9.763803482055664062e-01 5.918070077896118164e-01 -5.515949130058288574e-01 -4.562593996524810791e-01 -3.705872893333435059e-01 7.105088487660866647e-01 1.620273383103674469e-01 -1.214950200645840805e+00 5.608824508638700079e-01 7.761261806378079164e-01 1.212709810326545679e+00 -6.451061065508756354e-01
1.661415739829551697e+09 -1.285690814256668091e-01 8.085989393293857574e-03 9.774095416069030762e-01 5.872515439987182617e-01 -5.486035346984863281e-01 -4.625495076179504395e-01 -3.744567632675170898e-01 6.739181258677837683e-01 1.055268083447405414e-01 -1.022319346922689443e+00 8.347556407608960338e-01 1.232282820136007651e+00 7.190778204438481591e-01 -1.113568414299726861e+00
1.661415739862840891e+09 -1.447228640317916870e-01 2.861114218831062317e-02 9.714270234107971191e-01 5.863152742385864258e-01 -5.407620668411254883e-01 -4.715877771377563477e-01 -3.760527968406677246e-01 8.049411248855075085e-01 3.842902286637502884e-01 -1.195260210664120804e+00 6.680354235251246831e-01 4.102117739429592125e-01 1.129150101303070475e+00 -3.906205967852409144e-01
1.661415739895925045e+09 -1.471728980541229248e-01 5.057485401630401611e-02 9.609323740005493164e-01 5.795699954032897949e-01 -5.397796034812927246e-01 -4.750173687934875488e-01 -3.835297822952270508e-01 7.394832774956706656e-01 5.332179490829754703e-02 -1.282450608485942611e+00 5.859754070156649730e-01 2.079273260238532650e+00 1.238983843589270606e+00 -1.977443572614390188e+00
1.661415739929341555e+09 -1.498429775238037109e-01 7.206173241138458252e-02 9.589487910270690918e-01 5.720640420913696289e-01 -5.390605926513671875e-01 -4.776972234249114990e-01 -3.923796713352203369e-01 6.506607701827741286e-01 8.231428860609384113e-02 -1.027107154393781752e+00 8.033316121128837306e-01 2.004122749803312509e+00 8.147944887636621170e-01 -1.898009022534741463e+00
1.661415739963057041e+09 -1.547054946422576904e-01 9.341489523649215698e-02 9.469999670982360840e-01 5.625496506690979004e-01 -5.400128960609436035e-01 -4.782424271106719971e-01 -4.039904773235321045e-01 7.399408386281097760e-01 2.059986532019671135e-01 -1.274294698209119892e+00 6.024074269314935171e-01 2.724962320816682659e+00 1.339786612900092599e+00 -2.536718134966124083e+00
1.661415739996091604e+09 -1.604243218898773193e-01 1.137392595410346985e-01 9.411910176277160645e-01 5.570242404937744141e-01 -5.389699935913085938e-01 -4.805240929126739502e-01 -4.102827906608581543e-01 6.628858047548349397e-01 1.461609489542368134e-01 -1.073283447987434691e+00 7.852847961633500073e-01 9.853963149793101284e-01 7.919967268975499630e-01 -8.743563836045881166e-01
1.661415740029135942e+09 -1.690838485956192017e-01 1.341920346021652222e-01 9.309169650077819824e-01 5.502879619598388672e-01 -5.427896976470947266e-01 -4.778463542461395264e-01 -4.174031317234039307e-01 7.405688445406646281e-01 3.035740649645927713e-01 -1.182275616748820202e+00 8.085591162107031993e-01 2.368578063938728384e+00 7.413420820400161704e-01 -2.073482797141703582e+00
1.661415740062587023e+09 -1.816544085741043091e-01 1.543509066104888916e-01 9.313477873802185059e-01 5.420144200325012207e-01 -5.416436195373535156e-01 -4.792213439941406250e-01 -4.280062317848205566e-01 7.103205951438070764e-01 3.882698625051225205e-01 -9.453033847759595432e-01 9.910311078034180765e-01 2.035596126910967918e+00 7.870000696256713724e-01 -1.874359886694087818e+00
1.661415740095964193e+09 -1.950838267803192139e-01 1.743106842041015625e-01 9.292945265769958496e-01 -5.341939926147460938e-01 5.400067567825317383e-01 4.805006384849548340e-01 4.383476078510284424e-01 7.233842830338031993e-01 3.915737968436733274e-01 -1.008755657328085364e+00 9.781388880798518315e-01 1.656436297093563992e+00 8.804527350941763197e-01 -1.527274226823679193e+00
1.661415740129715681e+09 -2.084156572818756104e-01 1.942496895790100098e-01 9.429370164871215820e-01 5.401433706283569336e-01 -5.255010128021240234e-01 -4.917456209659576416e-01 -4.362111091613769531e-01 8.175587721206173386e-01 8.527481416169201134e-02 -5.443517608462455915e-01 1.247874058524632179e+00 -2.025383265034461644e+00 -4.063724679718959121e-01 1.489882941898694524e+00
1.661415740162883282e+09 -2.014275193214416504e-01 2.141975164413452148e-01 9.439777135848999023e-01 5.323960781097412109e-01 -5.255817770957946777e-01 -4.909372627735137939e-01 -4.464288651943206787e-01 6.380341900802547483e-01 -1.970069734572738873e-01 -7.693674436217303736e-01 9.161552689879162159e-01 7.162849433370568342e-01 4.504770846595104183e-01 -7.795654772958946488e-01
1.661415740196236372e+09 -2.078064382076263428e-01 2.341295778751373291e-01 9.297196269035339355e-01 5.255254507064819336e-01 -5.232794284820556641e-01 -4.917686581611633301e-01 -4.562513530254364014e-01 7.592496923035737533e-01 1.553819884174512111e-01 -1.236913997861582404e+00 7.530559991347077764e-01 5.616632000395269664e-01 1.185257069786879836e+00 -5.507731043146001371e-01
1.661415740229326010e+09 -2.098827660083770752e-01 2.539223730564117432e-01 9.226390123367309570e-01 -5.165314674377441406e-01 5.229741334915161133e-01 4.901167154312133789e-01 4.684857130050659180e-01 6.383711439059238657e-01 8.171922999725632353e-02 -1.043006183051086833e+00 9.036162510706928774e-01 1.140063031505227142e+00 9.349516810001218259e-01 -1.125546374955928464e+00
1.661415740262595177e+09 -2.197052091360092163e-01 2.737196981906890869e-01 9.203635454177856445e-01 -5.105465650558471680e-01 5.195204615592956543e-01 4.912842512130737305e-01 4.775777757167816162e-01 6.677935607550509189e-01 2.200809826943374292e-01 -9.597196747422729324e-01 1.079151322837985871e+00 7.573027445699977989e-01 6.291975847623425544e-01 -8.298722761152768079e-01
1.661415740296273232e+09 -2.348161339759826660e-01 2.936747968196868896e-01 9.093405008316040039e-01 -5.077303647994995117e-01 5.130553841590881348e-01 4.949758052825927734e-01 4.837178885936737061e-01 8.121183747840546863e-01 2.839759701843707074e-01 -1.185665879640150910e+00 1.004164052654229478e+00 -4.269910402579982223e-02 7.879824689926252512e-01 -9.593383347868585098e-02
1.661415740329618454e+09 -2.360143959522247314e-01 3.135052919387817383e-01 8.975790739059448242e-01 -5.033086538314819336e-01 5.143159627914428711e-01 4.929072856903076172e-01 4.890827238559722900e-01 6.923669246762824692e-01 -9.958726259310326026e-03 -1.064954984419365536e+00 9.541954057369126385e-01 5.000822779246129057e-01 4.161089265054724873e-01 -4.533379671586501569e-01
1.661415740362492323e+09 -2.407327145338058472e-01 3.329496681690216064e-01 8.891921639442443848e-01 -4.982337653636932373e-01 5.215446352958679199e-01 4.870643317699432373e-01 4.924658834934234619e-01 6.599561457219428329e-01 1.240404325450925049e-01 -9.706245051396877876e-01 1.137478150954680967e+00 1.629039093107464087e+00 1.203440681475195437e-02 -1.326984968795637654e+00
1.661415740396102667e+09 -2.452767938375473022e-01 3.527936935424804688e-01 8.871612548828125000e-01 -4.958680570125579834e-01 5.174882411956787109e-01 4.887188076972961426e-01 4.974683225154876709e-01 6.087026237613881730e-01 1.512913630048983056e-02 -8.590618522027980708e-01 1.142312401461287097e+00 3.607874253124393471e-02 1.352360696604985313e-01 -2.420945210491104171e-01
1.661415740429391146e+09 -2.507930099964141846e-01 3.723067939281463623e-01 8.852590322494506836e-01 -4.928455650806427002e-01 5.185690522193908691e-01 4.871760606765747070e-01 5.008484125137329102e-01 6.118285024761227486e-01 7.490549912925871523e-02 -8.344872907155364006e-01 1.228828287045805379e+00 8.335774891436704692e-01 -9.849798985372136551e-02 -8.292878746891544361e-01
1.661415740462882757e+09 -2.541069388389587402e-01 3.920069038867950439e-01 8.863334059715270996e-01 -4.892253577709197998e-01 5.131615400314331055e-01 4.881100654602050781e-01 5.089912414550781250e-01 5.973366665613250026e-01 1.869594174203913477e-03 -8.153861176056332871e-01 1.221227161293357621e+00 1.647929279412893855e-01 2.113431717658109665e-01 -5.010938552360605369e-01
1.661415740496294737e+09 -2.443638294935226440e-01 4.118310511112213135e-01 8.836333751678466797e-01 -4.843153059482574463e-01 5.092194080352783203e-01 4.868182837963104248e-01 5.187891125679016113e-01 6.660314802181466209e-01 -2.771398508789723047e-01 -8.216161249063884675e-01 1.060903261254895202e+00 -1.061429063191869221e-01 3.025165913486693725e-01 -2.613424496654126461e-01
1.661415740529519558e+09 -2.434547990560531616e-01 4.312471747398376465e-01 8.771699070930480957e-01 -4.854215085506439209e-01 5.161992311477661133e-01 4.848858416080474854e-01 5.126306414604187012e-01 6.165228758785604724e-01 -1.092895932244409979e-01 -7.981503512128135247e-01 1.197189440832012730e+00 6.592623517989731896e-01 -8.139381345523702960e-01 -3.778739988615801293e-01
1.661415740562534809e+09 -2.482303529977798462e-01 4.502227902412414551e-01 8.677827119827270508e-01 -4.801819622516632080e-01 5.190442204475402832e-01 4.806874990463256836e-01 5.186116695404052734e-01 6.573482933593624011e-01 1.030353031978517714e-01 -1.033235077432117510e+00 1.255710758138183225e+00 1.215121760710495380e+00 2.352024415463248586e-01 -1.164525502493446441e+00
1.661415740596032858e+09 -2.521331012248992920e-01 4.693800210952758789e-01 8.594903349876403809e-01 -4.802777171134948730e-01 5.187793970108032227e-01 4.779992103576660156e-01 5.212658047676086426e-01 6.339661794176647547e-01 1.895030917809896812e-02 -9.580744038560163878e-01 1.256041680161011476e+00 5.523632791483240601e-01 -1.550050185960243909e-01 -7.294335081007041754e-01
1.661415740629604101e+09 -2.438373416662216187e-01 4.883095026016235352e-01 8.496478796005249023e-01 -4.734437763690948486e-01 5.248275399208068848e-01 4.739419519901275635e-01 5.251535773277282715e-01 6.818769644115877382e-01 -1.821307924372882747e-01 -9.293824888922176397e-01 1.151739797628789974e+00 9.409555000560102522e-01 5.629081674593195556e-02 -7.276438461905223587e-01
1.661415740662761450e+09 -2.568126618862152100e-01 5.040476322174072266e-01 8.492556810379028320e-01 -4.691116809844970703e-01 5.271574258804321289e-01 4.716544151306152344e-01 5.287545919418334961e-01 6.152788881359833040e-01 2.698121446955655256e-01 -7.912178213929234039e-01 1.369714897260321917e+00 1.549316298319385554e+00 -1.851756973930942032e-02 -1.485360823585403445e+00
