1.661415748130563736e+09 1.378528122206244648e-16 -2.367949187755584717e-01 1.128897309303283691e+00 -6.125128269195556641e-01 6.125135421752929688e-01 3.533097505569458008e-01 3.533093035221099854e-01 0.000000000000000000e+00 0.000000000000000000e+00 0.000000000000000000e+00 0.000000000000000000e+00 0.000000000000000000e+00 0.000000000000000000e+00 0.000000000000000000e+00
1.661415748163241148e+09 -1.640467531979084015e-02 -2.167871594429016113e-01 1.109029293060302734e+00 6.106240153312683105e-01 -6.093532443046569824e-01 -3.616344332695007324e-01 -3.536205291748046875e-01 9.982887884743631979e-01 7.172937173303138847e-01 -1.103481769240443278e+00 -4.619353236883266822e-01 -6.764777529897144648e-01 1.996231597539296354e+00 1.084666235915672017e+00
1.661415748196195841e+09 -2.816708385944366455e-02 -1.967612653970718384e-01 1.089583039283752441e+00 -6.046241521835327148e-01 6.082493662834167480e-01 3.691590428352355957e-01 3.580279648303985596e-01 9.191724599483266367e-01 5.466334722982912897e-01 -1.150643613704016799e+00 -4.251769692104127585e-01 -1.395863754036485105e+00 2.146900255596385865e+00 1.809290262838803010e+00
1.661415748229395628e+09 -4.180929809808731079e-02 -1.767354458570480347e-01 1.070333480834960938e+00 6.028656959533691406e-01 -6.028426885604858398e-01 -3.783093392848968506e-01 -3.605769276618957520e-01 9.321309768716358191e-01 5.020711316507375788e-01 -1.221655636604514150e+00 -3.394576683748827817e-01 -8.938149681039572192e-01 2.130312570320390453e+00 1.123571458893835251e+00
1.661415748262533426e+09 -5.058091133832931519e-02 -1.567272990942001343e-01 1.052227139472961426e+00 5.998970866203308105e-01 -5.989186763763427734e-01 -3.856504261493682861e-01 -3.642714023590087891e-01 8.562549182409634474e-01 3.039501144080952177e-01 -1.268193425636405358e+00 -2.216709173521472787e-01 -1.330725077899593156e+00 2.016550975130817491e+00 1.503055799395754955e+00
1.661415748295895338e+09 -5.460518971085548401e-02 -1.368788182735443115e-01 1.035957574844360352e+00 -5.953867435455322266e-01 5.969229340553283691e-01 3.929360508918762207e-01 3.671497106552124023e-01 7.786719737844898237e-01 9.302803753257311847e-02 -1.261224195725293651e+00 -9.057290330859332772e-02 -1.393010162499546567e+00 1.842996485180930177e+00 1.630386564229785229e+00
1.661415748329542875e+09 -7.248280197381973267e-02 -1.170585453510284424e-01 1.014534950256347656e+00 5.995528101921081543e-01 -5.843113064765930176e-01 -4.065352976322174072e-01 -3.658494055271148682e-01 1.017175335346112597e+00 4.427511940567430693e-01 -1.427010072386098782e+00 -2.148345924227467729e-01 4.194322330733101234e-01 2.342822674352643464e+00 -4.549691285071599256e-01
1.661415748362850904e+09 -7.720680534839630127e-02 -9.670075774192810059e-02 1.001045465469360352e+00 5.969555377960205078e-01 -5.801311135292053223e-01 -4.155804514884948730e-01 -3.665854632854461670e-01 7.467905543934498791e-01 3.695650640475392490e-02 -1.316661005288221054e+00 1.520847208290725394e-01 -3.736963624582170240e-01 1.709318453156903006e+00 5.255530635139373796e-01
1.661415748396018267e+09 -7.166404277086257935e-02 -7.613207399845123291e-02 9.911722540855407715e-01 5.927770733833312988e-01 -5.787920951843261719e-01 -4.205674529075622559e-01 -3.697811961174011230e-01 7.079010137535768354e-01 -2.916359601266992341e-01 -1.222196599192386657e+00 3.250233033878144329e-01 -1.995049498445865543e-01 1.345898163698864947e+00 2.222880971338931089e-01
1.661415748429309845e+09 -7.983113825321197510e-02 -5.568751692771911621e-02 9.904045462608337402e-01 5.911507606506347656e-01 -5.732602477073669434e-01 -4.293289184570312500e-01 -3.709314465522766113e-01 6.616947168424291981e-01 1.695960902748381849e-01 -1.056361117346784617e+00 6.495697965722276868e-01 1.489263993639080574e-01 9.592385722433511841e-01 -6.241478273154087153e-02
1.661415748462600470e+09 -9.153306484222412109e-02 -3.520188480615615845e-02 9.781860113143920898e-01 5.903016328811645508e-01 -5.662341117858886719e-01 -4.399861991405487061e-01 -3.705876469612121582e-01 7.980795885957020497e-01 2.523302412919924409e-01 -1.331834171474571837e+00 3.403337693869703529e-01 3.323611177887027535e-01 1.591164001365054093e+00 -2.270403463607721384e-01
1.661415748496269941e+09 -1.013396456837654114e-01 -1.439919508993625641e-02 9.784346222877502441e-01 5.873686671257019043e-01 -5.613347291946411133e-01 -4.490605592727661133e-01 -3.718143403530120850e-01 6.831002529618145358e-01 2.185095306966831907e-01 -1.022756558031739482e+00 7.445563010126985404e-01 6.170437048229999721e-01 8.449544836246198898e-01 -4.521236835197091075e-01
1.661415748529565334e+09 -1.077566742897033691e-01 6.876718252897262573e-03 9.802186489105224609e-01 5.834816694259643555e-01 -5.577086210250854492e-01 -4.560846090316772461e-01 -3.748293817043304443e-01 6.695841862547368128e-01 1.307683557551494735e-01 -9.870460665529096067e-01 8.328546305079603806e-01 9.970432533778631479e-01 6.891629749599093024e-01 -8.733660983838770209e-01
1.661415748562709093e+09 -1.194390207529067993e-01 2.780526690185070038e-02 9.724514484405517578e-01 5.808585286140441895e-01 -5.519807934761047363e-01 -4.646142721176147461e-01 -3.769005835056304932e-01 7.601869045280365000e-01 2.741329307922577563e-01 -1.224024966844841078e+00 5.981636970596952985e-01 8.353319199597609712e-01 1.213663276383043943e+00 -7.332043442749682782e-01
1.661415748595828295e+09 -1.323328614234924316e-01 4.871008172631263733e-02 9.643861055374145508e-01 5.777134895324707031e-01 -5.464619994163513184e-01 -4.728131890296936035e-01 -3.795709908008575439e-01 7.805663482938670628e-01 3.150745176704977113e-01 -1.232256410912137445e+00 6.355280168694424914e-01 9.605884016602849185e-01 1.196312700078179470e+00 -8.431368402709887855e-01
1.661415748629418850e+09 -1.494287848472595215e-01 6.904888153076171875e-02 9.535889625549316406e-01 5.766857862472534180e-01 -5.384184718132019043e-01 -4.816136956214904785e-01 -3.815590441226959229e-01 8.537975588664576954e-01 4.015748192016817542e-01 -1.280148652396208897e+00 6.034491648302136024e-01 3.750411842705024812e-01 1.284321742751323603e+00 -3.719978948149771369e-01
1.661415748662886858e+09 -1.564029902219772339e-01 9.086782485246658325e-02 9.500470161437988281e-01 5.689516663551330566e-01 -5.382633209228515625e-01 -4.833125174045562744e-01 -3.911209702491760254e-01 6.925622852543119601e-01 2.381335364904599572e-01 -1.088190212814022839e+00 8.389867986000059119e-01 2.782380624715043105e+00 8.020065682141370722e-01 -2.623437967843535112e+00
1.661415748696116209e+09 -1.673287749290466309e-01 1.119392067193984985e-01 9.555704593658447266e-01 5.627541542053222656e-01 -5.357467532157897949e-01 -4.867396354675292969e-01 -3.992089033126831055e-01 7.333800191632032783e-01 3.137442892250943416e-01 -8.522498917434666588e-01 1.069469374984913124e+00 2.009670063761440417e+00 4.212762303573818201e-01 -1.905662484970352510e+00
1.661415748729402304e+09 -1.767061501741409302e-01 1.330203860998153687e-01 9.536690711975097656e-01 5.530813336372375488e-01 -5.364882349967956543e-01 -4.866524934768676758e-01 -4.116439819335937500e-01 6.955142078224085811e-01 3.429319853132057894e-01 -1.033126025716985641e+00 9.193359389325405084e-01 3.125769851213144435e+00 8.713124450727213199e-01 -2.937531796188892930e+00
1.661415748762630939e+09 -1.896134614944458008e-01 1.534455567598342896e-01 9.512996077537536621e-01 5.446056127548217773e-01 -5.356281995773315430e-01 -4.875363409519195557e-01 -4.228657484054565430e-01 7.306220746606224559e-01 4.082564545877725992e-01 -1.042614862845131496e+00 9.425837333158683107e-01 2.385386083155187187e+00 9.234662037825734915e-01 -2.233987433245935961e+00
1.661415748796019316e+09 -1.885134875774383545e-01 1.735225170850753784e-01 9.603180885314941406e-01 5.370723605155944824e-01 -5.339769124984741211e-01 -4.884364604949951172e-01 -4.334186911582946777e-01 6.600186936863681186e-01 -3.995197002674485964e-02 -6.418423978315354050e-01 1.075407107377074123e+00 1.142422080344896784e+00 2.898720505302553319e-01 -1.221140727454901986e+00
1.661415748829738140e+09 -1.890221387147903442e-01 1.934759020805358887e-01 9.601111412048339844e-01 -5.289285182952880859e-01 5.329149961471557617e-01 4.881789386272430420e-01 4.448792934417724609e-01 5.919820862637469316e-01 2.730241027464926779e-02 -8.654998737279776533e-01 9.040178328782769723e-01 1.138402318376541933e+00 7.098813913421719857e-01 -1.176175868099494037e+00
1.661415748862800121e+09 -1.947703361511230469e-01 2.133329659700393677e-01 9.590108394622802734e-01 -5.217099785804748535e-01 5.308153033256530762e-01 4.884399175643920898e-01 4.555000364780426025e-01 6.261445768679479995e-01 1.581715857805408021e-01 -9.322395672982936032e-01 9.707724609036639807e-01 1.096703193604068538e+00 7.454523105906183389e-01 -1.139869755781050653e+00
1.661415748895900726e+09 -1.947496980428695679e-01 2.331568151712417603e-01 9.468593001365661621e-01 -5.126079320907592773e-01 5.307708978652954102e-01 4.858928024768829346e-01 4.684266149997711182e-01 7.024578927586908605e-01 3.933747568114157739e-02 -1.158219738952419364e+00 7.410221889276551455e-01 9.243823949908575033e-01 1.205526496770767064e+00 -9.272873055615031834e-01
1.661415748929383278e+09 -2.083108574151992798e-01 2.531133294105529785e-01 9.390940070152282715e-01 -5.118486881256103516e-01 5.269201397895812988e-01 4.887192249298095703e-01 4.706586003303527832e-01 7.570193163753519139e-01 2.501556015602661165e-01 -1.063542919963380573e+00 9.900029218657871999e-01 2.874769484902596917e-03 3.913833188484172054e-01 -4.751152420053882108e-02
1.661415748962599516e+09 -2.212014943361282349e-01 2.729818820953369141e-01 9.395398497581481934e-01 -5.094827413558959961e-01 5.212956070899963379e-01 4.920044243335723877e-01 4.760356545448303223e-01 7.131485706571469851e-01 2.393750361007162264e-01 -8.998783410463661037e-01 1.148313508566865870e+00 2.390180427344459346e-01 3.217001208576525939e-01 -4.075895846656861221e-01
1.661415748996244669e+09 -2.272902876138687134e-01 2.930492758750915527e-01 9.311586618423461914e-01 -5.073798894882202148e-01 5.144695639610290527e-01 4.954275488853454590e-01 4.821185767650604248e-01 6.712282818695164410e-01 4.385173093173186376e-02 -1.053989860146144819e+00 9.326508537585282976e-01 -5.432484438073148514e-01 6.174860990257977633e-01 2.843728631500766491e-01
1.661415749029885769e+09 -2.361114919185638428e-01 3.129421174526214600e-01 9.277471303939819336e-01 -5.043223500251770020e-01 5.084438920021057129e-01 4.977552890777587891e-01 4.892683923244476318e-01 6.547568742042357837e-01 1.321303071547950680e-01 -9.588358685945035376e-01 1.084219729194372484e+00 5.751550179023346560e-02 4.699738370483768635e-01 -3.030185373997791309e-01
1.661415749062595844e+09 -2.457371950149536133e-01 3.328025639057159424e-01 9.132891297340393066e-01 -5.001521706581115723e-01 5.044705867767333984e-01 4.979741871356964111e-01 4.973720312118530273e-01 8.066073159783341273e-01 1.827544395359126106e-01 -1.253104666765677555e+00 9.999566308210003918e-01 2.553817945786880927e-01 8.563732754097170830e-01 -3.982488708254436349e-01
1.661415749096133947e+09 -2.468288987874984741e-01 3.527388572692871094e-01 9.117896556854248047e-01 -4.997168779373168945e-01 5.000560879707336426e-01 4.998196065425872803e-01 5.004071593284606934e-01 5.970041961807188713e-01 -9.387167453475049606e-02 -8.112183031475723727e-01 1.111057307408079176e+00 -3.187971293510374893e-01 -6.685604607805346877e-02 5.570932474570959581e-02
1.661415749129319668e+09 -2.535856962203979492e-01 3.722351193428039551e-01 9.028246998786926270e-01 -4.976848065853118896e-01 5.059528350830078125e-01 4.964200854301452637e-01 4.998887777328491211e-01 6.779214126739878665e-01 1.162627511181427709e-01 -9.646094955063260201e-01 1.172778341528678769e+00 1.133278653672076697e+00 -2.388271412621627843e-01 -8.700181063051959374e-01
1.661415749163070679e+09 -2.520155608654022217e-01 3.915672600269317627e-01 9.044451117515563965e-01 -4.899836182594299316e-01 5.052673220634460449e-01 4.919350445270538330e-01 5.124656558036804199e-01 5.766751345837182186e-01 -2.386820848227751493e-02 -7.775919742283730063e-01 1.190958721215307881e+00 1.160979612407919470e+00 3.653678782557777671e-01 -1.389580287355871580e+00
1.661415749196154356e+09 -2.526099085807800293e-01 4.111889004707336426e-01 8.932144045829772949e-01 -4.911003410816192627e-01 5.111131668090820312e-01 4.903256595134735107e-01 5.071142315864562988e-01 6.836048576079931660e-01 -8.274189039908574905e-02 -9.352083921500825570e-01 1.121908428199228647e+00 4.265220432874348155e-01 -5.690182576004955139e-01 -1.652832265115589949e-01
1.661415749229157925e+09 -2.489463984966278076e-01 4.310729205608367920e-01 8.895148634910583496e-01 -4.903004467487335205e-01 5.071089267730712891e-01 4.910936653614044189e-01 5.111486911773681641e-01 6.227923765999947570e-01 -1.865711753316643684e-01 -8.554564732502221158e-01 1.155024276350665069e+00 -3.381338041738538025e-01 -7.716115420432312355e-02 3.017686285537354504e-02
1.661415749262654066e+09 -2.539127767086029053e-01 4.503044486045837402e-01 8.753771781921386719e-01 -4.867113828659057617e-01 5.100293159484863281e-01 4.879859685897827148e-01 5.146375894546508789e-01 7.278489030745183275e-01 8.135597619753005827e-02 -1.106947152840110915e+00 1.172954589359891386e+00 8.770840872360745610e-01 1.818526483053125031e-01 -7.804144266057279067e-01
1.661415749296019554e+09 -2.536462545394897461e-01 4.690885245800018311e-01 8.631378412246704102e-01 -4.849952757358551025e-01 5.196862816810607910e-01 4.833308756351470947e-01 5.109765529632568359e-01 6.719902484657279684e-01 -4.056181625417881742e-02 -9.412484605029456386e-01 1.190683953535797812e+00 1.295266170877192202e+00 -4.922685946679841718e-01 -8.937627912497829730e-01
1.661415749329740763e+09 -2.634346485137939453e-01 4.873518943786621094e-01 8.486950993537902832e-01 -4.777805507183074951e-01 5.234676599502563477e-01 4.778020381927490234e-01 5.190496444702148438e-01 7.490180345208327095e-01 2.377487341485713668e-01 -1.175602538271828923e+00 1.302286057197424851e+00 1.621428288054076683e+00 5.454352027555261495e-01 -1.511443567766693308e+00
1.661415749362769842e+09 -2.561589777469635010e-01 4.925996959209442139e-01 8.477879762649536133e-01 -4.674724936485290527e-01 5.368648171424865723e-01 4.686316847801208496e-01 5.230965018272399902e-01 2.729874001337526113e-01 -2.803293438741996657e-02 -2.218018099030582002e-01 4.429209034715737570e-01 2.314811728176709327e+00 2.154585706698174119e-01 -1.758317095788259898e+00
