1.661415690062971354e+09 1.378528122206244648e-16 -2.367949187755584717e-01 1.128897309303283691e+00 -6.125128269195556641e-01 6.125135421752929688e-01 3.533097505569458008e-01 3.533093035221099854e-01 0.000000000000000000e+00 0.000000000000000000e+00 0.000000000000000000e+00 0.000000000000000000e+00 0.000000000000000000e+00 0.000000000000000000e+00 0.000000000000000000e+00
1.661415690095700026e+09 -1.497375965118408203e-02 -2.167972475290298462e-01 1.109021067619323730e+00 6.092671155929565430e-01 -6.086298823356628418e-01 -3.635541200637817383e-01 -3.552346825599670410e-01 9.754346864817469154e-01 6.459447351044007579e-01 -1.074932707482509686e+00 -5.220699286795444927e-01 -5.554478622908616270e-01 2.205732730906351691e+00 9.707774216891293939e-01
1.661415690128809690e+09 -2.426560223102569580e-02 -1.968650668859481812e-01 1.089926719665527344e+00 -6.018115282058715820e-01 6.090995073318481445e-01 3.681073486804962158e-01 3.623777329921722412e-01 8.796310807638055840e-01 5.159309274011907309e-01 -1.139543899528324244e+00 -4.082138129565969775e-01 -2.061525266139640600e+00 2.083422667414196017e+00 2.393941492356526535e+00
1.661415690162177563e+09 -3.600106760859489441e-02 -1.769066154956817627e-01 1.070350050926208496e+00 -6.004944443702697754e-01 6.030915975570678711e-01 3.786169588565826416e-01 3.637803196907043457e-01 9.086606961797705218e-01 3.796296201000304293e-01 -1.207614767949104939e+00 -3.622127244296166060e-01 -3.186156714903077836e-01 2.166837426188375826e+00 5.509045392308091760e-01
1.661415690195480585e+09 -5.625624954700469971e-02 -1.570215374231338501e-01 1.050282716751098633e+00 6.039472222328186035e-01 -5.918983817100524902e-01 -3.919732272624969482e-01 -3.622997105121612549e-01 1.043804838702943050e+00 6.137642983610731573e-01 -1.312780129116604133e+00 -2.988991309392719509e-01 3.569000123573572436e-01 2.248090512358061677e+00 -2.373966144019394875e-01
1.661415690229447365e+09 -5.589701980352401733e-02 -1.368010640144348145e-01 1.041759967803955078e+00 5.976387262344360352e-01 -5.917277932167053223e-01 -3.963408172130584717e-01 -3.682391643524169922e-01 6.461065178887936966e-01 -1.586427464587523983e-02 -1.132195285360942050e+00 1.949180541447158022e-01 -1.694743515060681327e+00 1.410253823718309540e+00 1.842312119618661148e+00
1.661415690262242794e+09 -6.222396716475486755e-02 -1.167000308632850647e-01 1.026245832443237305e+00 5.942590832710266113e-01 -5.878064632415771484e-01 -4.062885344028472900e-01 -3.691467046737670898e-01 7.979195473000593175e-01 1.218156343338821501e-01 -1.317347242822756170e+00 -1.386668801702051895e-02 -5.192243905242817092e-01 1.919926859697344224e+00 7.741286104446456484e-01
1.661415690295535326e+09 -7.252693176269531250e-02 -9.649328887462615967e-02 1.008602380752563477e+00 5.944830179214477539e-01 -5.802741646766662598e-01 -4.163579344749450684e-01 -3.694830536842346191e-01 8.631350473660656109e-01 2.248596446537509674e-01 -1.393941323995351089e+00 -4.463952239038697888e-03 -2.815849414038398280e-01 1.978743204961806113e+00 3.272355089264412098e-01
1.661415690328840256e+09 -6.995528936386108398e-02 -7.593557983636856079e-02 9.985873699188232422e-01 5.903695225715637207e-01 -5.782619714736938477e-01 -4.226297438144683838e-01 -3.721036911010742188e-01 6.909363958520260418e-01 -1.883273289566391451e-01 -1.225984554662629122e+00 3.075933224594241122e-01 -1.845881150165596951e-01 1.404936861960855321e+00 2.650657751825816200e-01
1.661415690362170458e+09 -9.472674131393432617e-02 -5.623953789472579956e-02 9.870802164077758789e-01 5.946895480155944824e-01 -5.649039149284362793e-01 -4.359887838363647461e-01 -3.703265190124511719e-01 1.010330589562539405e+00 6.704020370113430438e-01 -1.338292941445236917e+00 3.110896428601822583e-01 -1.028980068134163900e-01 1.705552908036655158e+00 5.882685164537486411e-02
1.661415690395818472e+09 -1.053685694932937622e-01 -3.553191199898719788e-02 9.789957404136657715e-01 5.927152633666992188e-01 -5.589826107025146484e-01 -4.459889233112335205e-01 -3.705682158470153809e-01 7.324578111995805330e-01 2.212894847222318384e-01 -1.239230799478310052e+00 4.760729339829524176e-01 4.539420155754506081e-01 1.344700231751981168e+00 -3.161684773014080130e-01
1.661415690428924561e+09 -1.102081835269927979e-01 -1.413415372371673584e-02 9.723861813545227051e-01 5.887531638145446777e-01 -5.556213259696960449e-01 -4.531659781932830811e-01 -3.732226788997650146e-01 6.920863392791302138e-01 6.690322558429198652e-02 -1.215367263839464806e+00 5.804337816659275173e-01 1.061092682317054114e+00 1.167449756611294687e+00 -9.407916727003433621e-01
1.661415690462167025e+09 -1.279626488685607910e-01 6.118385121226310730e-03 9.665926694869995117e-01 5.888772010803222656e-01 -5.466592311859130859e-01 -4.633727669715881348e-01 -3.737285733222961426e-01 8.287312267122378673e-01 4.355894898348426914e-01 -1.201595681359828305e+00 6.340414590810090623e-01 1.946216551555696173e-01 1.186337969373103318e+00 -1.779424527986979421e-01
1.661415690495491266e+09 -1.426532566547393799e-01 2.650417573750019073e-02 9.627442359924316406e-01 5.881412625312805176e-01 -5.386780500411987305e-01 -4.719918966293334961e-01 -3.756853044033050537e-01 7.628248527669554413e-01 3.390677390979522365e-01 -1.130612473406100715e+00 7.190870990097101290e-01 3.173602441466277235e-01 1.007033848915965812e+00 -3.441818677447162078e-01
1.661415690528835773e+09 -1.552640944719314575e-01 4.743870720267295837e-02 9.611647129058837891e-01 5.855181217193603516e-01 -5.328959226608276367e-01 -4.789008796215057373e-01 -3.792682886123657227e-01 7.344676557309874898e-01 2.979803512581026825e-01 -1.070322210789345085e+00 8.264281928871138883e-01 9.282289582439900988e-01 8.061857588645725547e-01 -8.984891618828004800e-01
1.661415690562821865e+09 -1.608060002326965332e-01 6.962372362613677979e-02 9.607087373733520508e-01 5.780032277107238770e-01 -5.326864123344421387e-01 -4.813818633556365967e-01 -3.878519237041473389e-01 6.729600825303602152e-01 1.702647391543905819e-01 -1.014983653123045171e+00 8.794686386401466827e-01 2.547126682871244885e+00 6.601900592811899005e-01 -2.392278435542457338e+00
1.661415690595637798e+09 -1.638405323028564453e-01 9.107596427202224731e-02 9.575889706611633301e-01 5.697152614593505859e-01 -5.326698422431945801e-01 -4.831253290176391602e-01 -3.978407680988311768e-01 6.670316417323272074e-01 1.105734996095598943e-01 -1.065622369806825898e+00 8.160586012747050866e-01 2.299002243320540373e+00 8.709726904809855785e-01 -2.174482151941405483e+00
1.661415690628875732e+09 -1.671239286661148071e-01 1.116856336593627930e-01 9.501443505287170410e-01 5.623737573623657227e-01 -5.312896966934204102e-01 -4.855918586254119873e-01 -4.070229828357696533e-01 6.666374545134071683e-01 9.213096332609568839e-02 -1.121971417266325544e+00 6.961712982694616692e-01 1.358817267442060439e+00 1.069045510975890956e+00 -1.287318836940974931e+00
1.661415690662165403e+09 -1.764845252037048340e-01 1.321635097265243530e-01 9.372573494911193848e-01 5.546187758445739746e-01 -5.301326513290405273e-01 -4.873991310596466064e-01 -4.168924689292907715e-01 7.793106364823970678e-01 2.912050498473534588e-01 -1.291416480622979535e+00 6.576920290601550034e-01 1.724001893318060530e+00 1.328629699632438932e+00 -1.575619400468798448e+00
1.661415690695556641e+09 -1.845212727785110474e-01 1.524537950754165649e-01 9.354555606842041016e-01 5.461015701293945312e-01 -5.295771360397338867e-01 -4.880901575088500977e-01 -4.278889894485473633e-01 6.558069715424282853e-01 2.604533130004644259e-01 -9.803491094502839731e-01 9.167807126062870182e-01 1.889415460160198235e+00 8.121504443814467900e-01 -1.763412394074269196e+00
1.661415690729135275e+09 -1.875598132610321045e-01 1.725355088710784912e-01 9.429839253425598145e-01 5.386713147163391113e-01 -5.277851223945617676e-01 -4.894767403602600098e-01 -4.378226101398468018e-01 6.450727196027110644e-01 7.643601060661174562e-02 -6.888160054397622911e-01 1.072176367329812141e+00 1.209375876775234726e+00 3.340776257701074115e-01 -1.222795474700185459e+00
1.661415690762503624e+09 -1.835174113512039185e-01 1.925238221883773804e-01 9.493522047996520996e-01 5.326807498931884766e-01 -5.246452093124389648e-01 -4.916035234928131104e-01 -4.464578330516815186e-01 6.402531678674526772e-01 -1.616241206558019505e-01 -6.684050447722604815e-01 1.005393096056495850e+00 1.994749607963181848e-01 2.815222133391449000e-01 -3.515937010252115913e-01
1.661415690795522451e+09 -1.797991693019866943e-01 2.124935388565063477e-01 9.541842341423034668e-01 5.266063213348388672e-01 -5.215372443199157715e-01 -4.932615160942077637e-01 -4.553875029087066650e-01 6.323585231482262703e-01 -1.433532671001020720e-01 -7.189518090871543921e-01 1.008680468640509309e+00 2.635942265066787971e-01 3.416269579067038875e-01 -4.196658450108315952e-01
1.661415690828862667e+09 -1.825587004423141479e-01 2.325199246406555176e-01 9.440006613731384277e-01 5.239509344100952148e-01 -5.150752663612365723e-01 -4.976214468479156494e-01 -4.610267877578735352e-01 6.789317348148118381e-01 -2.735410285259679344e-02 -1.101532366764913506e+00 7.689005123620821225e-01 -7.476647236878444236e-01 8.501408279138790158e-01 5.475612031987665551e-01
1.661415690862181664e+09 -1.951864510774612427e-01 2.524751424789428711e-01 9.342088699340820312e-01 5.202102065086364746e-01 -5.095379352569580078e-01 -5.007796883583068848e-01 -4.679448008537292480e-01 7.672687185839262014e-01 2.714174454329353892e-01 -1.154797268198886284e+00 9.075305878410385718e-01 2.946114924193271589e-01 8.803364543126619424e-01 -3.919785013750332059e-01
1.661415690895776510e+09 -2.051710039377212524e-01 2.724366486072540283e-01 9.226219058036804199e-01 5.171334147453308105e-01 -5.035208463668823242e-01 -5.041596293449401855e-01 -4.741969704627990723e-01 7.485605946037100500e-01 1.756238443956173179e-01 -1.165091485405314042e+00 8.888208458020623315e-01 -5.657377793764894330e-02 8.468116130183886980e-01 -8.962425592058773094e-02
1.661415690928915501e+09 -2.103304564952850342e-01 2.923693954944610596e-01 9.120074510574340820e-01 5.127391815185546875e-01 -5.000008344650268555e-01 -5.050424933433532715e-01 -4.816945493221282959e-01 6.990149513786192426e-01 8.219820220815665657e-02 -1.117025251270270303e+00 9.324426762846858008e-01 2.804912295186952065e-01 7.261587515145280225e-01 -3.943543329052548452e-01
1.661415690962167978e+09 -2.125282734632492065e-01 3.120561838150024414e-01 9.106022715568542480e-01 5.039402246475219727e-01 -5.018354654312133789e-01 -5.008461475372314453e-01 -4.933137893676757812e-01 5.972146293250600868e-01 1.013297813157575944e-01 -8.692187442590109114e-01 1.109212055326677770e+00 1.594664874528498366e+00 4.295032536388765920e-01 -1.562134167343983027e+00
1.661415690995524883e+09 -2.185286730527877808e-01 3.318825066089630127e-01 9.013221263885498047e-01 -4.982470571994781494e-01 4.983924627304077148e-01 5.001050233840942383e-01 5.032392740249633789e-01 6.804652599378293587e-01 1.235227458475884471e-01 -1.094048810518140069e+00 1.029264777473176684e+00 5.723394462155282358e-01 7.383146076316351447e-01 -7.271768491314689609e-01
1.661415691028910398e+09 -2.276561409235000610e-01 3.514329791069030762e-01 8.925297260284423828e-01 -4.928410649299621582e-01 5.033111572265625000e-01 4.951673448085784912e-01 5.085223317146301270e-01 6.978739984758696169e-01 2.362946953235554037e-01 -1.021324544919821165e+00 1.165704065249409949e+00 1.557929107379654177e+00 1.734901203895048982e-01 -1.342341924852494595e+00
1.661415691062883377e+09 -2.316975295543670654e-01 3.707777261734008789e-01 8.868777751922607422e-01 -4.913142323493957520e-01 5.136210322380065918e-01 4.885383248329162598e-01 5.060970187187194824e-01 6.050315034324910135e-01 8.017196641366196308e-02 -7.954397038800359310e-01 1.195197968542258682e+00 1.605919968610897808e+00 -6.432891391741281106e-01 -1.234293655715720472e+00
1.661415691095637560e+09 -2.378043085336685181e-01 3.902640640735626221e-01 8.806673288345336914e-01 -4.845653176307678223e-01 5.127980113029479980e-01 4.859718382358551025e-01 5.158159732818603516e-01 6.516515629173472712e-01 1.407773583935926220e-01 -1.026941474632505402e+00 1.215578502122692361e+00 9.859333598941546484e-01 5.342210005316142540e-01 -1.064806333673715910e+00
1.661415691128829718e+09 -2.342740148305892944e-01 4.095879495143890381e-01 8.730500936508178711e-01 -4.807082712650299072e-01 5.195363759994506836e-01 4.803533554077148438e-01 5.179405808448791504e-01 6.347548203042745474e-01 -9.467104002418706699e-02 -8.726280248183914123e-01 1.142454157539792181e+00 1.140721196443893470e+00 -2.066350282461026366e-01 -9.566985266559471235e-01
1.661415691162164211e+09 -2.435190379619598389e-01 4.290352761745452881e-01 8.677992224693298340e-01 -4.808149337768554688e-01 5.198146700859069824e-01 4.806158244609832764e-01 5.173186659812927246e-01 6.648953119244912502e-01 1.191258016132128034e-01 -9.107036860789776700e-01 1.296214645363680029e+00 5.091572749537759401e-01 -3.036123827390357355e-01 -5.082022447095877471e-01
1.661415691195578337e+09 -2.491499185562133789e-01 4.482850730419158936e-01 8.672206401824951172e-01 -4.779165983200073242e-01 5.160158872604370117e-01 4.789313077926635742e-01 5.253077149391174316e-01 6.004885982506253939e-01 7.545021688197134369e-02 -8.622144133420243106e-01 1.328768320425978366e+00 6.015809379090684139e-01 1.219035648593509852e-01 -9.460352851369430160e-01
1.661415691229563713e+09 -2.530342042446136475e-01 4.672579765319824219e-01 8.487337827682495117e-01 -4.724174737930297852e-01 5.219374895095825195e-01 4.736524224281311035e-01 5.292035341262817383e-01 7.877960026397596849e-01 8.582837148903306457e-02 -1.185537218602962239e+00 1.176041804647929068e+00 1.166060632600018243e+00 3.111392184354630497e-01 -9.249813235595161220e-01
1.661415691262274742e+09 -2.481738775968551636e-01 4.853584468364715576e-01 8.505154252052307129e-01 -4.612316787242889404e-01 5.273756384849548340e-01 4.644906222820281982e-01 5.416536927223205566e-01 5.755292297434988491e-01 -3.165608657576512303e-02 -7.784145389560375161e-01 1.386254003803271573e+00 2.039066537003631385e+00 3.819187067965494897e-01 -2.057604282016081143e+00
1.661415691296124220e+09 -2.517240941524505615e-01 5.034394264221191406e-01 8.413093090057373047e-01 -4.552811980247497559e-01 5.346707701683044434e-01 4.582547843456268311e-01 5.448382496833801270e-01 6.085181087169792002e-01 8.683929865127391901e-02 -9.762076751495524229e-01 1.348420378859757518e+00 1.634560002759013697e+00 6.064906521962549341e-02 -1.405590855178268539e+00
