1.661415701279812574e+09 1.378528122206244648e-16 -2.367949187755584717e-01 1.128897309303283691e+00 -6.125128269195556641e-01 6.125135421752929688e-01 3.533097505569458008e-01 3.533093035221099854e-01 0.000000000000000000e+00 0.000000000000000000e+00 0.000000000000000000e+00 0.000000000000000000e+00 0.000000000000000000e+00 0.000000000000000000e+00 0.000000000000000000e+00
1.661415701312401772e+09 -1.982953585684299469e-02 -2.168301194906234741e-01 1.108969449996948242e+00 6.153742074966430664e-01 -6.048430204391479492e-01 -3.644463419914245605e-01 -3.502262532711029053e-01 1.058042842691327090e+00 7.486146591342286438e-01 -1.111787745001086236e+00 -4.567658952123003213e-01 2.488463226746235879e-01 1.979379839758284021e+00 6.066575177856785295e-02
1.661415701345872164e+09 -3.438360244035720825e-02 -1.966826319694519043e-01 1.089140057563781738e+00 6.103726029396057129e-01 -6.025883555412292480e-01 -3.741197884082794189e-01 -3.526571989059448242e-01 9.499557443257642397e-01 6.067179738330066296e-01 -1.146538689883025430e+00 -4.320825939044516950e-01 -8.572111828413907508e-01 2.179540404490551087e+00 1.324090047351419663e+00
1.661415701379275322e+09 -4.566065967082977295e-02 -1.764494776725769043e-01 1.069754600524902344e+00 6.050016283988952637e-01 -6.007129549980163574e-01 -3.823205232620239258e-01 -3.562977612018585205e-01 9.042590214853909458e-01 4.572015897196651801e-01 -1.225149636527550046e+00 -3.387445712092511108e-01 -1.215698777821616394e+00 2.140618705994596471e+00 1.591568098295037315e+00
1.661415701412330866e+09 -5.795070901513099670e-02 -1.563288569450378418e-01 1.050223827362060547e+00 6.031014919281005859e-01 -5.962045192718505859e-01 -3.920178115367889404e-01 -3.565539419651031494e-01 9.261968355401067887e-01 3.871790964520119283e-01 -1.314126801742810713e+00 -2.500416981437674768e-01 -3.550479832125196800e-01 2.082275219608892947e+00 6.500227110408010045e-01
1.661415701445687532e+09 -7.228103280067443848e-02 -1.361002177000045776e-01 1.030902028083801270e+00 6.018426418304443359e-01 -5.897580385208129883e-01 -4.032206535339355469e-01 -3.569090068340301514e-01 9.422609669936650167e-01 4.202477494569673011e-01 -1.373096675358965513e+00 -1.838680844505340417e-01 -3.142766075180811192e-01 2.167138551433183569e+00 5.561627357126689430e-01
1.661415701478917837e+09 -8.264989405870437622e-02 -1.155694276094436646e-01 1.015586853027343750e+00 5.992255806922912598e-01 -5.847503542900085449e-01 -4.133951663970947266e-01 -3.579108119010925293e-01 8.315594310364283759e-01 2.640812647492800092e-01 -1.361198145525118752e+00 3.626994073402346752e-02 -4.134833878181664035e-01 1.923821489881191837e+00 6.405531114479116050e-01
1.661415701512465477e+09 -9.555207192897796631e-02 -9.509177505970001221e-02 1.003569483757019043e+00 6.003175973892211914e-01 -5.761070847511291504e-01 -4.222849011421203613e-01 -3.597149848937988281e-01 8.054974682230802152e-01 3.239164986780262989e-01 -1.321710934498408374e+00 2.232672445469992273e-01 -2.307710482369479676e-01 1.671185888270265929e+00 1.649208220570289318e-01
1.661415701545813560e+09 -9.465720504522323608e-02 -7.360019534826278687e-02 9.923740029335021973e-01 5.958960056304931641e-01 -5.737787485122680664e-01 -4.287603795528411865e-01 -3.631121516227722168e-01 7.271566269104164926e-01 -1.363114705656224002e-01 -1.301176606768905675e+00 3.040846900458098467e-01 -9.115784142236336984e-02 1.521356270882079587e+00 1.655174904188047857e-01
1.661415701579007387e+09 -1.015243232250213623e-01 -5.253762379288673401e-02 9.790041446685791016e-01 5.942931175231933594e-01 -5.679708719253540039e-01 -4.366650283336639404e-01 -3.654427528381347656e-01 7.795279685847443796e-01 1.139043219036759286e-01 -1.380445579994863836e+00 2.942683108820159932e-01 2.630024456491705243e-01 1.645669895199730393e+00 -2.648492991633266125e-01
1.661415701612242937e+09 -1.155443191528320312e-01 -3.193724155426025391e-02 9.700838923454284668e-01 5.937377214431762695e-01 -5.603328347206115723e-01 -4.461461603641510010e-01 -3.666827976703643799e-01 7.963488378978386129e-01 3.404930347088461207e-01 -1.291889859107363092e+00 4.803653285997936950e-01 2.894570545403634676e-01 1.409644828195776523e+00 -2.559680025645954538e-01
1.661415701645636082e+09 -1.183014810085296631e-01 -1.000464428216218948e-02 9.616339802742004395e-01 5.893852710723876953e-01 -5.586578249931335449e-01 -4.509158432483673096e-01 -3.704069554805755615e-01 7.086844359317879816e-01 1.978723753045718778e-02 -1.258098825438909163e+00 5.746998117006906215e-01 1.267200592698861206e+00 1.121305141584169940e+00 -1.165742667779363861e+00
1.661415701679302454e+09 -1.288821101188659668e-01 1.117197889834642410e-02 9.588386416435241699e-01 5.865548253059387207e-01 -5.533601641654968262e-01 -4.578889608383178711e-01 -3.742775619029998779e-01 7.080423925875911628e-01 2.545934423844724015e-01 -1.107591405454887212e+00 7.300153549924305318e-01 9.003843823790405043e-01 9.500256387691295989e-01 -8.548362875514570192e-01
1.661415701712586403e+09 -1.412094682455062866e-01 3.221271932125091553e-02 9.531278610229492188e-01 5.855783224105834961e-01 -5.507876873016357422e-01 -4.616333246231079102e-01 -3.750007450580596924e-01 7.524872977657203199e-01 3.077326928352147051e-01 -1.159769992334908517e+00 7.824395869348621524e-01 9.274378157911764564e-01 6.278871101206694449e-01 -8.155346458565770895e-01
1.661415701745782614e+09 -1.479388475418090820e-01 5.384131893515586853e-02 9.576275944709777832e-01 5.793554186820983887e-01 -5.485352873802185059e-01 -4.667670428752899170e-01 -3.815559446811676025e-01 6.956789595046620756e-01 1.710903985989173648e-01 -9.053837642386468598e-01 9.754026573803379341e-01 1.661558172684165946e+00 5.539793826795050835e-01 -1.520837203471520294e+00
1.661415701778900623e+09 -1.572805494070053101e-01 7.479923218488693237e-02 9.530029892921447754e-01 5.736335515975952148e-01 -5.454167723655700684e-01 -4.722381532192230225e-01 -3.878869712352752686e-01 7.067761127078999728e-01 2.421076667134837712e-01 -1.119876153061297286e+00 7.586532514511165060e-01 1.257081891879680668e+00 1.014207548202732401e+00 -1.126986307950786470e+00
1.661415701812622070e+09 -1.617061644792556763e-01 9.543679654598236084e-02 9.524152874946594238e-01 5.672042369842529297e-01 -5.430174469947814941e-01 -4.762923717498779297e-01 -3.956727981567382812e-01 6.261574738558475239e-01 9.949009461705471402e-02 -9.450712830568800404e-01 8.248645468283273274e-01 1.063388724769475990e+00 7.646288497418211039e-01 -9.999993884384575926e-01
1.661415701845888615e+09 -1.734965890645980835e-01 1.157994046807289124e-01 9.479472041130065918e-01 5.622227787971496582e-01 -5.388644337654113770e-01 -4.817123711109161377e-01 -4.018506407737731934e-01 7.199495501057210367e-01 2.924733788247250721e-01 -1.083027874800947643e+00 8.114096198314215691e-01 8.159886408796346302e-01 9.377571288924989590e-01 -7.336205020902302198e-01
1.661415701879201651e+09 -1.793187856674194336e-01 1.362747848033905029e-01 9.490109086036682129e-01 5.556640625000000000e-01 -5.381329059600830078e-01 -4.834762513637542725e-01 -4.097574353218078613e-01 6.397983515006685495e-01 1.570244805360666851e-01 -8.896981962272385580e-01 9.550273886657444367e-01 1.495234334067932824e+00 5.206478592928159843e-01 -1.396322457433334829e+00
1.661415701912442207e+09 -1.905504763126373291e-01 1.565440744161605835e-01 9.462857246398925781e-01 5.492823719978332520e-01 -5.353611111640930176e-01 -4.862161576747894287e-01 -4.186540842056274414e-01 7.019390223926448291e-01 3.047991236643232127e-01 -1.022191544776585470e+00 9.115699248814936873e-01 1.394592755519829197e+00 8.426016390157489155e-01 -1.331893495122485893e+00
1.661415701945875645e+09 -2.003988772630691528e-01 1.766188889741897583e-01 9.401060342788696289e-01 5.436509251594543457e-01 -5.320413112640380859e-01 -4.884885549545288086e-01 -4.274981319904327393e-01 6.938759603669412135e-01 2.449897165584831171e-01 -1.077379930283533405e+00 8.504757236680495769e-01 9.004141714274347397e-01 9.216322168096806600e-01 -9.093249350935258546e-01
1.661415701978893518e+09 -1.903626620769500732e-01 1.965930014848709106e-01 9.448517560958862305e-01 5.381650328636169434e-01 -5.286685228347778320e-01 -4.908837378025054932e-01 -4.357994496822357178e-01 6.921091580775849961e-01 -3.504316920892661114e-01 -6.642641297119357136e-01 9.243763194901080116e-01 -4.134163107217013189e-01 2.947864727367169313e-01 1.867023291923678718e-01
1.661415702012506962e+09 -1.939580887556076050e-01 2.165428698062896729e-01 9.402458071708679199e-01 5.340896248817443848e-01 -5.237792134284973145e-01 -4.940610826015472412e-01 -4.430658221244812012e-01 6.184417206244757770e-01 2.692618300368637002e-02 -9.665169045848311935e-01 8.607279332926003335e-01 -6.248197603415083651e-02 6.916856998223459563e-01 -8.571513656601416342e-02
1.661415702045756102e+09 -1.951753795146942139e-01 2.364659905433654785e-01 9.413772821426391602e-01 5.275033116340637207e-01 -5.211949348449707031e-01 -4.950765967369079590e-01 -4.527640044689178467e-01 6.012882727530269866e-01 1.193281651355202616e-02 -8.264658296520456249e-01 9.957203699227741289e-01 7.322559620857762575e-01 5.115108863929250793e-01 -8.256020576333664707e-01
1.661415702079091549e+09 -2.063214331865310669e-01 2.563825845718383789e-01 9.391409754753112793e-01 5.233566761016845703e-01 -5.160234570503234863e-01 -4.982694387435913086e-01 -4.599404036998748779e-01 6.879357810644943783e-01 2.295282401225539615e-01 -9.618931764155460584e-01 1.036746782251515064e+00 4.383718420251727643e-01 5.839349578086753256e-01 -5.475678580570607634e-01
1.661415702112222672e+09 -2.119837552309036255e-01 2.764100134372711182e-01 9.246714115142822266e-01 5.201773047447204590e-01 -5.100892782211303711e-01 -5.015907287597656250e-01 -4.665094912052154541e-01 7.650853821377615605e-01 5.882835734749431583e-02 -1.219461269440714757e+00 8.047046824164045820e-01 -4.161267970863314902e-01 9.663325085504022027e-01 2.404832517411377713e-01
1.661415702145614624e+09 -2.116567343473434448e-01 2.962064743041992188e-01 9.144577980041503906e-01 5.134646892547607422e-01 -5.118912458419799805e-01 -4.985533356666564941e-01 -4.751483201980590820e-01 6.671771027413251343e-01 1.829835532233105603e-03 -1.039647370929529080e+00 9.084252988004863916e-01 9.998344343241905019e-01 5.887636391043969963e-01 -9.483219992302612811e-01
1.661415702179057360e+09 -2.147285789251327515e-01 3.159588277339935303e-01 9.009494185447692871e-01 -5.049971938133239746e-01 5.111812353134155273e-01 4.959477782249450684e-01 4.875523447990417480e-01 7.214148366061614581e-01 1.036224674555434877e-01 -1.181935994119558631e+00 9.044283591909854092e-01 1.020729701899357966e+00 1.034813958776896525e+00 -1.044461519876906275e+00
1.661415702212637663e+09 -2.192932814359664917e-01 3.359007835388183594e-01 8.917747139930725098e-01 -5.014796853065490723e-01 5.056135654449462891e-01 4.977124333381652832e-01 4.951317310333251953e-01 6.676778078372783698e-01 3.898757095775950976e-02 -1.063490662753965088e+00 1.001115771689797818e+00 -8.621131115455453464e-02 6.276038454222413465e-01 -1.465213836955952531e-01
1.661415702245720387e+09 -2.266532480716705322e-01 3.557041883468627930e-01 8.852125406265258789e-01 -4.987157583236694336e-01 5.032280683517456055e-01 4.978395402431488037e-01 5.002000331878662109e-01 6.687032271486752499e-01 1.160416495214073584e-01 -9.931286131400524075e-01 1.143323718756203755e+00 3.997120646122004906e-01 2.458051746999950216e-01 -5.048303339770346954e-01
1.661415702279054642e+09 -2.364634871482849121e-01 3.757275938987731934e-01 8.704893589019775391e-01 5.012720227241516113e-01 -4.986786842346191406e-01 -5.012341737747192383e-01 -4.988087713718414307e-01 8.015729139849125939e-01 8.547398657330834704e-02 -1.153629446502698830e+00 1.080205103498698804e+00 -5.984214328407982952e-01 9.589926329104341007e-02 4.516945053035284485e-01
1.661415702311981201e+09 -2.446656227111816406e-01 3.950249850749969482e-01 8.596681356430053711e-01 -4.938360154628753662e-01 5.060015320777893066e-01 4.946134388446807861e-01 5.054167509078979492e-01 7.166199773078710811e-01 2.421046763870133567e-01 -1.077155112839752515e+00 1.237064502611724182e+00 2.014608421424317175e+00 2.230599342383151606e-01 -1.688595107953872132e+00
1.661415702345660686e+09 -2.520918548107147217e-01 4.143289327621459961e-01 8.530783057212829590e-01 -4.961538612842559814e-01 5.046746730804443359e-01 4.866776764392852783e-01 5.121324658393859863e-01 6.445329299238735654e-01 1.307987952122818820e-01 -9.176798017781886418e-01 1.253301691338697177e+00 1.059393354786035912e+00 -1.811227241737674576e-01 -1.516728249584193389e+00
1.661415702379324436e+09 -2.574580311775207520e-01 4.331247210502624512e-01 8.555938005447387695e-01 -4.881057143211364746e-01 5.116983056068420410e-01 4.813929200172424316e-01 5.178595781326293945e-01 5.854368295854786020e-01 1.499705607477704317e-01 -7.277618918256982816e-01 1.381397388357741507e+00 2.039888351269950828e+00 -1.393401709828708535e-01 -1.773644775297371856e+00
1.661415702412356138e+09 -2.510105669498443604e-01 4.523711502552032471e-01 8.551171422004699707e-01 -4.845297634601593018e-01 5.148219466209411621e-01 4.782499074935913086e-01 5.210244059562683105e-01 6.146595720250281891e-01 -1.868988014270780429e-01 -7.179717114092614150e-01 1.228480768285033164e+00 7.668885262154503391e-01 -3.245911187990255242e-01 -7.806325164433186581e-01
1.661415702445681095e+09 -2.585602104663848877e-01 4.714058935642242432e-01 8.502656817436218262e-01 -4.768842458724975586e-01 5.218024849891662598e-01 4.808833301067352295e-01 5.187051296234130859e-01 6.314824669020332459e-01 1.221671761907102416e-01 -9.205160971146567617e-01 1.377794265002918461e+00 1.102213727748586169e+00 -1.734353823927811677e-01 -4.849548945364002273e-01
1.661415702478915215e+09 -2.512200772762298584e-01 4.893096983432769775e-01 8.505548834800720215e-01 -4.709781110286712646e-01 5.267710089683532715e-01 4.701713919639587402e-01 5.288015007972717285e-01 5.822989894581844794e-01 -1.122588564337614336e-01 -7.126073454362006343e-01 1.280235158930810524e+00 1.913482632161554342e+00 9.402855480157023410e-03 -2.111043996885903606e+00
1.661415702512295961e+09 -2.621313929557800293e-01 5.075251460075378418e-01 8.470138311386108398e-01 -4.701139032840728760e-01 5.234198570251464844e-01 4.657032489776611328e-01 5.367912650108337402e-01 6.448834233546818506e-01 1.958102809419883794e-01 -9.578752480493955002e-01 1.460347195183617108e+00 1.016283035611925234e+00 1.038055412996107540e-01 -1.468597397829751738e+00
1.661415702546321392e+09 -2.620655000209808350e-01 5.093140602111816406e-01 8.464123606681823730e-01 -4.646096527576446533e-01 5.298540592193603516e-01 4.625047445297241211e-01 5.380352139472961426e-01 5.550175089650108418e-02 5.801413096287896809e-02 -1.144969937974095464e-01 2.100821391348362266e-01 1.044839057136822014e+00 1.752631331644104451e-01 -7.127399864939650831e-01
1.661415702579082012e+09 -2.619447112083435059e-01 5.095500349998474121e-01 8.420400619506835938e-01 -4.556517899036407471e-01 5.424134731292724609e-01 4.577097892761230469e-01 5.372809767723083496e-01 1.337071035459465596e-01 1.047505241960597078e-01 -1.365929336967462993e-01 1.312795769222271369e-01 1.679183920029831523e+00 3.148197091171434647e-01 -9.143695834382892240e-01
1.661415702612226009e+09 -2.619289457798004150e-01 5.107229351997375488e-01 8.361448645591735840e-01 -4.542462825775146484e-01 5.391555428504943848e-01 4.511356055736541748e-01 5.472186803817749023e-01 1.813530501690338859e-01 5.455895636247626301e-02 -2.628676049210442178e-01 8.337831684513391517e-02 1.551087070936325862e-01 6.693622879935433589e-01 -5.927468153155089903e-01
1.661415702645867109e+09 -2.566301524639129639e-01 5.032229423522949219e-01 8.473912477493286133e-01 -4.469189941883087158e-01 5.494517683982849121e-01 4.492681324481964111e-01 5.445405840873718262e-01 4.315922149402903196e-01 -9.033147849321930545e-03 5.688869465896544408e-01 -3.815684600624558165e-01 1.205247037357511708e+00 -6.623978854705939688e-03 -5.566945961398489517e-01
