1.661602381195797920e+09 1.378528122206244648e-16 -2.367949187755584717e-01 1.128897309303283691e+00 -6.125128269195556641e-01 6.125135421752929688e-01 3.533097505569458008e-01 3.533093035221099854e-01 0.000000000000000000e+00 0.000000000000000000e+00 0.000000000000000000e+00 0.000000000000000000e+00 0.000000000000000000e+00 0.000000000000000000e+00 0.000000000000000000e+00
1.661602388969002247e+09 1.378528122206244648e-16 -2.367949187755584717e-01 1.128897309303283691e+00 -6.125128269195556641e-01 6.125135421752929688e-01 3.533097505569458008e-01 3.533093035221099854e-01 0.000000000000000000e+00 0.000000000000000000e+00 0.000000000000000000e+00 0.000000000000000000e+00 0.000000000000000000e+00 0.000000000000000000e+00 0.000000000000000000e+00
1.661602388970997095e+09 1.378528122206244648e-16 -2.367949187755584717e-01 1.128897309303283691e+00 -6.125128269195556641e-01 6.125135421752929688e-01 3.533097505569458008e-01 3.533093035221099854e-01 0.000000000000000000e+00 0.000000000000000000e+00 0.000000000000000000e+00 0.000000000000000000e+00 0.000000000000000000e+00 0.000000000000000000e+00 0.000000000000000000e+00
1.661602388971994638e+09 4.921406507492065430e-03 -2.346535474061965942e-01 1.119164824485778809e+00 -6.137802004814147949e-01 6.163282990455627441e-01 3.422738909721374512e-01 3.553334772586822510e-01 1.114164021826389117e+01 -2.286275578718653723e+00 -7.169375059928078997e+00 -7.276476353333896085e+00 -3.182238425895552680e+01 -3.672158668203017728e-01 2.037617695238121129e+01
1.661602388973989010e+09 9.852681308984756470e-03 -2.326856255531311035e-01 1.109534621238708496e+00 -6.149904131889343262e-01 6.199253201484680176e-01 3.312791287899017334e-01 3.573983013629913330e-01 5.513949512837676536e+00 -1.143547761070991875e+00 -3.585973132186381473e+00 -3.639542984142142501e+00 -1.591689847453316631e+01 -1.836737820413798516e-01 1.019174230349826615e+01
1.661602388974986315e+09 1.478952914476394653e-02 -2.308865636587142944e-01 1.100008964538574219e+00 -6.161479353904724121e-01 6.233034729957580566e-01 3.203312456607818604e-01 3.595032393932342529e-01 1.090814949000785461e+01 -2.286822142328197138e+00 -7.171088991331361129e+00 -7.278215888680138690e+00 -3.182999180957923357e+01 -3.673036545006317377e-01 2.038104813979512286e+01
1.661602388976980925e+09 1.972769387066364288e-02 -2.292516529560089111e-01 1.090589880943298340e+00 -6.172568202018737793e-01 6.264619827270507812e-01 3.094358146190643311e-01 3.616473972797393799e-01 5.394537326777529174e+00 -1.143411071164099013e+00 -3.585544495665680564e+00 -3.639107944340069345e+00 -1.591499590478961679e+01 -1.836518272503158689e-01 1.019052406989756143e+01
1.661602388978975534e+09 2.466296777129173279e-02 -2.277761995792388916e-01 1.081279277801513672e+00 -6.183219552040100098e-01 6.294001340866088867e-01 2.985985875129699707e-01 3.638300597667694092e-01 5.334650395308019100e+00 -1.143411071164098125e+00 -3.585544495665680564e+00 -3.639107944340069345e+00 -1.591499590478960968e+01 -1.836518272503158689e-01 1.019052406989756143e+01
1.661602388979973316e+09 2.959118597209453583e-02 -2.264554202556610107e-01 1.072078466415405273e+00 -6.193476319313049316e-01 6.321173906326293945e-01 2.878252267837524414e-01 3.660502731800079346e-01 1.054416532819371000e+01 -2.285729276310357161e+00 -7.167661947607904871e+00 -7.274737649306815435e+00 -3.181478034395934884e+01 -3.671281210934629891e-01 2.037130809289438460e+01
1.661602388981967688e+09 3.450823947787284851e-02 -2.252845317125320435e-01 1.062989115715026855e+00 -6.203382015228271484e-01 6.346135139465332031e-01 2.771212756633758545e-01 3.683068752288818359e-01 5.214788713630419181e+00 -1.143547761070992541e+00 -3.585973132186381473e+00 -3.639542984142142501e+00 -1.591689847453315920e+01 -1.836737820413798516e-01 1.019174230349826615e+01
1.661602388983962059e+09 3.941007331013679504e-02 -2.242587059736251831e-01 1.054012179374694824e+00 -6.212983727455139160e-01 6.368883252143859863e-01 2.664924263954162598e-01 3.705987334251403809e-01 5.154196055567728862e+00 -1.143547761070992541e+00 -3.585973132186381473e+00 -3.639542984142142501e+00 -1.591689847453315920e+01 -1.836737820413798516e-01 1.019174230349826615e+01
1.661602388984959602e+09 4.429268836975097656e-02 -2.233731448650360107e-01 1.045148611068725586e+00 -6.222323775291442871e-01 6.389420032501220703e-01 2.559441924095153809e-01 3.729243278503417969e-01 1.018311629916770578e+01 -2.286275578718655055e+00 -7.169375059928078997e+00 -7.276476353333896085e+00 -3.182238425895551615e+01 -3.672158668203017728e-01 2.037617695238121129e+01
1.661602388986954451e+09 4.915214329957962036e-02 -2.226230353116989136e-01 1.036399006843566895e+00 -6.231448054313659668e-01 6.407747268676757812e-01 2.454820871353149414e-01 3.752824664115905762e-01 5.031239941950398809e+00 -1.143274413930781774e+00 -3.585115961603810408e+00 -3.638673008527431918e+00 -1.591309378982549028e+01 -1.836298777072000177e-01 1.018930612749647402e+01
1.661602388988949060e+09 5.398456379771232605e-02 -2.220035791397094727e-01 1.027763843536376953e+00 -6.240400075912475586e-01 6.423869132995605469e-01 2.351115792989730835e-01 3.776714205741882324e-01 4.970766376208334059e+00 -1.143411071164099013e+00 -3.585544495665680564e+00 -3.639107944340069345e+00 -1.591499590478960968e+01 -1.836518272503158689e-01 1.019052406989756143e+01
1.661602388989946365e+09 5.878614261746406555e-02 -2.215099930763244629e-01 1.019243359565734863e+00 -6.249224543571472168e-01 6.437792778015136719e-01 2.248381227254867554e-01 3.800895214080810547e-01 9.819187025540440317e+00 -2.286822142328198026e+00 -7.171088991331361129e+00 -7.278215888680138690e+00 -3.182999180957921936e+01 -3.673036545006317377e-01 2.038104813979512286e+01
1.661602388991940975e+09 6.355313956737518311e-02 -2.211375534534454346e-01 1.010837554931640625e+00 -6.257964372634887695e-01 6.449525952339172363e-01 2.146670818328857422e-01 3.825350701808929443e-01 4.848367230241096948e+00 -1.143411071164099013e+00 -3.585544495665680564e+00 -3.639107944340069345e+00 -1.591499590478960968e+01 -1.836518272503158689e-01 1.019052406989754722e+01
1.661602388993935585e+09 6.828188151121139526e-02 -2.208815515041351318e-01 1.002546191215515137e+00 -6.266663074493408203e-01 6.459078788757324219e-01 2.046038061380386353e-01 3.850060105323791504e-01 4.787135954118961756e+00 -1.143411071164099013e+00 -3.585544495665791587e+00 -3.639107944340069345e+00 -1.591499590478960968e+01 -1.836518272503158689e-01 1.019052406989754722e+01
1.661602388994932890e+09 7.296877354383468628e-02 -2.207373529672622681e-01 9.943689107894897461e-01 -6.275364160537719727e-01 6.466463208198547363e-01 1.946535259485244751e-01 3.875004649162292480e-01 9.451801700698547748e+00 -2.286822142328194474e+00 -7.171088991331583173e+00 -7.278215888680138690e+00 -3.182999180957921936e+01 -3.673036545006317377e-01 2.038104813979509444e+01
1.661602388996927738e+09 7.761028409004211426e-02 -2.207003980875015259e-01 9.863049983978271484e-01 -6.284109354019165039e-01 6.471693515777587891e-01 1.848214268684387207e-01 3.900161981582641602e-01 4.664209298826166084e+00 -1.143274413930780220e+00 -3.585115961603921875e+00 -3.638673008527431918e+00 -1.591309378982551692e+01 -1.836298777072000177e-01 1.018930612749645981e+01
1.661602388998922586e+09 8.220297843217849731e-02 -2.207661718130111694e-01 9.783537387847900391e-01 -6.292939782142639160e-01 6.474784016609191895e-01 1.751125752925872803e-01 3.925510048866271973e-01 4.603144985275608114e+00 -1.143274413930780220e+00 -3.585115961603921875e+00 -3.638673008527431918e+00 -1.591309378982551692e+01 -1.836298777072000177e-01 1.018930612749645981e+01
1.661602389000916958e+09 8.674347400665283203e-02 -2.209302783012390137e-01 9.705141186714172363e-01 -6.301898956298828125e-01 6.475753188133239746e-01 1.655321568250656128e-01 3.951025307178497314e-01 4.543312520573301150e+00 -1.143547761070990765e+00 -3.585973132186492940e+00 -3.639542984142142501e+00 -1.591689847453318585e+01 -1.836737820413798516e-01 1.019174230349825194e+01
1.661602389001914263e+09 9.122848510742187500e-02 -2.211883664131164551e-01 9.627848863601684570e-01 -6.311025619506835938e-01 6.474618315696716309e-01 1.560850441455841064e-01 3.976683914661407471e-01 8.964123613457390505e+00 -2.286822142328194474e+00 -7.171088991331583173e+00 -7.278215888680138690e+00 -3.182999180957927621e+01 -3.673036545006317377e-01 2.038104813979514773e+01
1.661602389003908873e+09 9.565480798482894897e-02 -2.215362489223480225e-01 9.551646709442138672e-01 -6.320359706878662109e-01 6.471402645111083984e-01 1.467760801315307617e-01 4.002459347248077393e-01 4.421594543950221556e+00 -1.143411071164097237e+00 -3.585544495665791587e+00 -3.639107944340069345e+00 -1.591499590478963810e+01 -1.836518272503158689e-01 1.019052406989757387e+01
1.661602389005903721e+09 1.000193059444427490e-01 -2.219697982072830200e-01 9.476520419120788574e-01 -6.329940557479858398e-01 6.466126441955566406e-01 1.376101374626159668e-01 4.028325378894805908e-01 4.360842228261450515e+00 -1.143274413930780220e+00 -3.585115961603921875e+00 -3.638673008527431918e+00 -1.591309378982551692e+01 -1.836298777072000177e-01 1.018930612749645981e+01
1.661602389007898092e+09 1.043189391493797302e-01 -2.224850058555603027e-01 9.402452111244201660e-01 -6.339806318283081055e-01 6.458814740180969238e-01 1.285918653011322021e-01 4.054254591464996338e-01 4.302020517183226644e+00 -1.143547761070990765e+00 -3.585973132186492940e+00 -3.639542984142142501e+00 -1.591689847453318585e+01 -1.836737820413798516e-01 1.019174230349825194e+01
1.661602389008895397e+09 1.085507497191429138e-01 -2.230780273675918579e-01 9.329422712326049805e-01 -6.349995136260986328e-01 6.449492573738098145e-01 1.197259053587913513e-01 4.080218374729156494e-01 8.484119827373124423e+00 -2.286822142328194474e+00 -7.171088991331583173e+00 -7.278215888680138690e+00 -3.182999180957927621e+01 -3.673036545006317377e-01 2.038104813979514773e+01
1.661602389010890245e+09 1.127118617296218872e-01 -2.237451225519180298e-01 9.257413744926452637e-01 -6.360542178153991699e-01 6.438187360763549805e-01 1.110167130827903748e-01 4.106187224388122559e-01 4.182487328534270965e+00 -1.143274413930780220e+00 -3.585115961603921875e+00 -3.638673008527431918e+00 -1.591309378982551692e+01 -1.836298777072000177e-01 1.018930612749648823e+01
1.661602389012885094e+09 1.167994886636734009e-01 -2.244827002286911011e-01 9.186401963233947754e-01 -6.371483802795410156e-01 6.424928307533264160e-01 1.024687215685844421e-01 4.132131040096282959e-01 4.123998832928076119e+00 -1.143274413930780220e+00 -3.585115961603921875e+00 -3.638673008527431918e+00 -1.591309378982551692e+01 -1.836298777072000177e-01 1.018930612749645981e+01
1.661602389014880180e+09 1.208109110593795776e-01 -2.252872884273529053e-01 9.116365909576416016e-01 -6.382853388786315918e-01 6.409745812416076660e-01 9.408622235059738159e-02 4.158017933368682861e-01 4.065519641955710917e+00 -1.143137789359325751e+00 -3.584687529964150965e+00 -3.638238176666948043e+00 -1.591119212947772965e+01 -1.836079334101508864e-01 1.018808847619059321e+01
1.661602389016874313e+09 1.247435286641120911e-01 -2.261556237936019897e-01 9.047280550003051758e-01 6.394686102867126465e-01 -6.392670273780822754e-01 -8.587339520454406738e-02 -4.183817803859710693e-01 4.010118246223824734e+00 -1.143684483663179874e+00 -3.586401871202775649e+00 -3.639978127970949551e+00 -1.591880149921922971e+01 -1.836957420822743492e-01 1.019296082840302198e+01
1.661602389017871618e+09 1.285948008298873901e-01 -2.270845621824264526e-01 8.979122042655944824e-01 6.407013535499572754e-01 -6.373736262321472168e-01 -7.783427089452743530e-02 -4.209495782852172852e-01 7.904897771042103116e+00 -2.286822142328194474e+00 -7.171088991331583173e+00 -7.278215888680138690e+00 -3.182999180957927621e+01 -3.673036545006317377e-01 2.038104813979509444e+01
1.661602389019866228e+09 1.323622912168502808e-01 -2.280711084604263306e-01 8.911862969398498535e-01 6.419864892959594727e-01 -6.352977752685546875e-01 -6.997285783290863037e-02 -4.235018193721771240e-01 3.896536963988034064e+00 -1.143411071164097237e+00 -3.585544495665791587e+00 -3.639107944340069345e+00 -1.591499590478963810e+01 -1.836518272503158689e-01 1.019052406989754722e+01
1.661602389021861076e+09 1.360436379909515381e-01 -2.291124910116195679e-01 8.845477104187011719e-01 6.433271765708923340e-01 -6.330431699752807617e-01 -6.229293346405029297e-02 -4.260352849960327148e-01 3.840938759881057152e+00 -1.143274413930780220e+00 -3.585115961603921875e+00 -3.638673008527431918e+00 -1.591309378982551692e+01 -1.836298777072000177e-01 1.018930612749645981e+01
1.661602389022858381e+09 1.396365761756896973e-01 -2.302060574293136597e-01 8.779936432838439941e-01 6.447262763977050781e-01 -6.306134462356567383e-01 -5.479821190237998962e-02 -4.285463094711303711e-01 7.574279101829329619e+00 -2.286822142328194474e+00 -7.171088991331583173e+00 -7.278215888680138690e+00 -3.182999180957927621e+01 -3.673036545006317377e-01 2.038104813979509444e+01
1.661602389024852753e+09 1.431389153003692627e-01 -2.313493639230728149e-01 8.715211153030395508e-01 6.461865305900573730e-01 -6.280124187469482422e-01 -4.749225080013275146e-02 -4.310312867164611816e-01 3.734322965683667395e+00 -1.143547761070990765e+00 -3.585973132186492940e+00 -3.639542984142142501e+00 -1.591689847453313078e+01 -1.836737820413798516e-01 1.019174230349825194e+01
1.661602389026847601e+09 1.465485692024230957e-01 -2.325401306152343750e-01 8.651273250579833984e-01 6.477104425430297852e-01 -6.252440810203552246e-01 -4.037849232554435730e-02 -4.334865510463714600e-01 3.681137726540749888e+00 -1.143274413930780220e+00 -3.585115961603921875e+00 -3.638673008527431918e+00 -1.591309378982546185e+01 -1.836298777072000177e-01 1.018930612749645981e+01
1.661602389028841972e+09 1.498635113239288330e-01 -2.337763011455535889e-01 8.588092923164367676e-01 6.493005752563476562e-01 -6.223126053810119629e-01 -3.346027433872222900e-02 -4.359085559844970703e-01 3.630801537178530491e+00 -1.143547761070990765e+00 -3.585973132186492940e+00 -3.639542984142142501e+00 -1.591689847453313078e+01 -1.836737820413798516e-01 1.019174230349825194e+01
1.661602389030838013e+09 1.530818343162536621e-01 -2.350559383630752563e-01 8.525638580322265625e-01 6.509591937065124512e-01 -6.192219853401184082e-01 -2.674072235822677612e-02 -4.382933676242828369e-01 3.577816006916721747e+00 -1.142591617458055042e+00 -3.582974826892022513e+00 -3.636499888001555547e+00 -1.590359003099255197e+01 -1.835202086450241910e-01 1.018322077983311935e+01
1.661602389032831430e+09 1.562016904354095459e-01 -2.363773584365844727e-01 8.463880419731140137e-01 6.526885628700256348e-01 -6.159768104553222656e-01 -2.022287622094154358e-02 -4.406373500823974609e-01 3.533715849103008733e+00 -1.144094847668799986e+00 -3.587688703592873285e+00 -3.641284183991032375e+00 -1.592451330456520076e+01 -1.837616537227774738e-01 1.019661815198694832e+01
1.661602389034826517e+09 1.592213362455368042e-01 -2.377390414476394653e-01 8.402787446975708008e-01 6.544905900955200195e-01 -6.125812530517578125e-01 -1.390962023288011551e-02 -4.429365694522857666e-01 3.483321902635238221e+00 -1.143137789359325751e+00 -3.584687529964150965e+00 -3.638238176666948043e+00 -1.591119212947772965e+01 -1.836079334101508864e-01 1.018808847619059321e+01
1.661602389036820650e+09 1.621390879154205322e-01 -2.391396611928939819e-01 8.342328667640686035e-01 6.563673019409179688e-01 -6.090398430824279785e-01 -7.803702726960182190e-03 -4.451870918273925781e-01 3.438923550436743248e+00 -1.143684483663179874e+00 -3.586401871202775649e+00 -3.639978127970949551e+00 -1.591880149921922971e+01 -1.836957420822743492e-01 1.019296082840302198e+01
1.661602389037818193e+09 1.649533659219741821e-01 -2.405780702829360962e-01 8.282473087310791016e-01 6.583203077316284180e-01 -6.053571701049804688e-01 -1.907688099890947342e-03 -4.473849534988403320e-01 6.785427634549908049e+00 -2.286275578718651502e+00 -7.169375059928301930e+00 -7.276476353334341063e+00 -3.182238425895545930e+01 -3.672158668203017728e-01 2.037617695238118642e+01
1.661602389039812803e+09 1.676626801490783691e-01 -2.420533299446105957e-01 8.223189115524291992e-01 6.603513360023498535e-01 -6.015380620956420898e-01 3.775931196287274361e-03 -4.495263099670410156e-01 3.350536663523087544e+00 -1.143411071164097237e+00 -3.585544495665791587e+00 -3.639107944340069345e+00 -1.591499590478958126e+01 -1.836518272503158689e-01 1.019052406989754722e+01
1.661602389041807652e+09 1.702656000852584839e-01 -2.435647100210189819e-01 8.164446353912353516e-01 6.624615788459777832e-01 -5.975871086120605469e-01 9.244924411177635193e-03 -4.516069293022155762e-01 3.308772303562212969e+00 -1.143274413930780220e+00 -3.585115961603921875e+00 -3.638673008527431918e+00 -1.591309378982546185e+01 -1.836298777072000177e-01 1.018930612749645981e+01
1.661602389043802023e+09 1.727607846260070801e-01 -2.451116442680358887e-01 8.106215000152587891e-01 6.646525263786315918e-01 -5.935090780258178711e-01 1.449710596352815628e-02 -4.536229968070983887e-01 3.269871673904067411e+00 -1.143547761070990765e+00 -3.585973132186492940e+00 -3.639542984142364990e+00 -1.591689847453313078e+01 -1.836737820413798516e-01 1.019174230349825194e+01
1.661602389045797110e+09 1.751469671726226807e-01 -2.466937750577926636e-01 8.048463463783264160e-01 6.669252514839172363e-01 -5.893089771270751953e-01 1.953048445284366608e-02 -4.555702507495880127e-01 3.230878564715754742e+00 -1.143137789359325751e+00 -3.584687529964150965e+00 -3.638238176667170531e+00 -1.591119212947772965e+01 -1.836079334101508864e-01 1.018808847619059321e+01
1.661602389047791719e+09 1.774230003356933594e-01 -2.483109235763549805e-01 7.991163134574890137e-01 6.692805886268615723e-01 -5.849917531013488770e-01 2.434327825903892517e-02 -4.574447274208068848e-01 3.195647741808751441e+00 -1.143411071164097237e+00 -3.585544495665791587e+00 -3.639107944340069345e+00 -1.591499590478958126e+01 -1.836518272503158689e-01 1.019052406989754722e+01
1.661602389049786091e+09 1.795877665281295776e-01 -2.499631047248840332e-01 7.934284210205078125e-01 6.717194318771362305e-01 -5.805621743202209473e-01 2.893381565809249878e-02 -4.592422544956207275e-01 3.161993906820796507e+00 -1.143547761070990765e+00 -3.585973132186492940e+00 -3.639542984142142501e+00 -1.591689847453313078e+01 -1.836737820413798516e-01 1.019174230349825194e+01
1.661602389051780939e+09 1.816402375698089600e-01 -2.516505122184753418e-01 7.877798676490783691e-01 6.742423772811889648e-01 -5.760254263877868652e-01 3.330056741833686829e-02 -4.609587788581848145e-01 3.129203519537361533e+00 -1.143274413930780220e+00 -3.585115961603921875e+00 -3.638673008527654407e+00 -1.591309378982546185e+01 -1.836298777072000177e-01 1.018930612749645981e+01
1.661602389052778244e+09 1.835794746875762939e-01 -2.533735334873199463e-01 7.821679115295410156e-01 6.768498420715332031e-01 -5.713867545127868652e-01 3.744219243526458740e-02 -4.625901579856872559e-01 6.199222638031270272e+00 -2.286822142328194474e+00 -7.171088991331583173e+00 -7.278215888680584555e+00 -3.182999180957916252e+01 -3.673036545006317377e-01 2.038104813979509444e+01
1.661602389054772854e+09 1.854046285152435303e-01 -2.551327347755432129e-01 7.765897512435913086e-01 6.795421242713928223e-01 -5.666510462760925293e-01 4.135749861598014832e-02 -4.641321897506713867e-01 3.071849023128337297e+00 -1.143411071164097237e+00 -3.585544495665791587e+00 -3.639107944340069345e+00 -1.591499590478958126e+01 -1.836518272503158689e-01 1.019052406989754722e+01
1.661602389056767702e+09 1.871148943901062012e-01 -2.569288313388824463e-01 7.710429430007934570e-01 6.823192834854125977e-01 -5.618235468864440918e-01 4.504548385739326477e-02 -4.655808806419372559e-01 3.045857180037491396e+00 -1.143274413930780220e+00 -3.585115961603921875e+00 -3.638673008527431918e+00 -1.591309378982546185e+01 -1.836298777072000177e-01 1.018930612749645981e+01
1.661602389058762312e+09 1.887095421552658081e-01 -2.587627172470092773e-01 7.655249834060668945e-01 6.851814389228820801e-01 -5.569093227386474609e-01 4.850528761744499207e-02 -4.669320583343505859e-01 3.022857333075343433e+00 -1.143411071164097237e+00 -3.585544495665791587e+00 -3.639107944340292278e+00 -1.591499590478958126e+01 -1.836518272503158689e-01 1.019052406989760229e+01
1.661602389060756922e+09 1.901879459619522095e-01 -2.606354653835296631e-01 7.600334286689758301e-01 6.881281733512878418e-01 -5.519139170646667480e-01 5.173620209097862244e-02 -4.681817293167114258e-01 3.001835210630589224e+00 -1.143411071164097237e+00 -3.585544495665791587e+00 -3.639107944340292278e+00 -1.591499590478958126e+01 -1.836518272503158689e-01 1.019052406989760229e+01
1.661602389062751532e+09 1.915495395660400391e-01 -2.625482976436614990e-01 7.545660734176635742e-01 6.911592483520507812e-01 -5.468420386314392090e-01 5.473770201206207275e-02 -4.693255722522735596e-01 2.983138033484743712e+00 -1.143411071164097237e+00 -3.585544495665791587e+00 -3.639107944340069345e+00 -1.591499590478958126e+01 -1.836518272503158689e-01 1.019052406989760229e+01
1.661602389063748837e+09 1.927938163280487061e-01 -2.645025849342346191e-01 7.491207718849182129e-01 6.942740678787231445e-01 -5.416991710662841797e-01 5.750941857695579529e-02 -4.703596830368041992e-01 5.933657819701338099e+00 -2.286822142328194474e+00 -7.171088991331583173e+00 -7.278215888680138690e+00 -3.182999180957916252e+01 -3.673036545006317377e-01 2.038104813979520458e+01
1.661602389065743446e+09 1.939203441143035889e-01 -2.664998769760131836e-01 7.436955571174621582e-01 6.974718570709228516e-01 -5.364904999732971191e-01 6.005113199353218079e-02 -4.712799787521362305e-01 2.952919980036678105e+00 -1.143411071164097237e+00 -3.585544495665791587e+00 -3.639107944340292278e+00 -1.591499590478969317e+01 -1.836518272502602189e-01 1.019052406989760229e+01
1.661602389067738533e+09 1.949287801980972290e-01 -2.685418128967285156e-01 7.382886409759521484e-01 7.007517814636230469e-01 -5.312211513519287109e-01 6.236285343766212463e-02 -4.720825552940368652e-01 2.940702965377414380e+00 -1.143137789359332634e+00 -3.584687529964150965e+00 -3.638238176667170531e+00 -1.591119212947784156e+01 -1.836079334100952365e-01 1.018808847619064828e+01
1.661602389069732904e+09 1.958188265562057495e-01 -2.706302404403686523e-01 7.328982353210449219e-01 7.041127681732177734e-01 -5.258963108062744141e-01 6.444468349218368530e-02 -4.727633595466613770e-01 2.932727234697344088e+00 -1.143547761070990765e+00 -3.585973132186492940e+00 -3.639542984142142501e+00 -1.591689847453313078e+01 -1.836737820413798516e-01 1.019174230349830701e+01
1.661602389071727991e+09 1.965902596712112427e-01 -2.727670371532440186e-01 7.275229096412658691e-01 7.075536251068115234e-01 -5.205211639404296875e-01 6.629692763090133667e-02 -4.733183979988098145e-01 2.925024706850833045e+00 -1.143137789359325751e+00 -3.584687529964150965e+00 -3.638238176666948043e+00 -1.591119212947772965e+01 -1.836079334101508864e-01 1.018808847619064828e+01
1.661602389073722839e+09 1.972429603338241577e-01 -2.749542593955993652e-01 7.221612930297851562e-01 7.110729217529296875e-01 -5.151008963584899902e-01 6.792004406452178955e-02 -4.737438857555389404e-01 2.921151639661764943e+00 -1.143274413930780220e+00 -3.585115961603921875e+00 -3.638673008527654407e+00 -1.591309378982557377e+01 -1.836298777071443677e-01 1.018930612749651488e+01
1.661602389076714754e+09 1.977768093347549438e-01 -2.771941125392913818e-01 7.168120741844177246e-01 7.146692276000976562e-01 -5.096404552459716797e-01 6.931464374065399170e-02 -4.740358889102935791e-01 1.946496401392977083e+00 -7.622740474427315283e-01 -2.390362997110528021e+00 -2.426071962893527889e+00 -1.060999726985979486e+01 -1.224345515001734747e-01 6.793682713265067896e+00
1.661602389078708887e+09 1.981918066740036011e-01 -2.794888019561767578e-01 7.114743590354919434e-01 7.183406949043273926e-01 -5.041450262069702148e-01 7.048150897026062012e-02 -4.741907119750976562e-01 2.921000103731786535e+00 -1.143684483663179874e+00 -3.586401871202775649e+00 -3.639978127970949551e+00 -1.591880149921922971e+01 -1.836957420822743492e-01 1.019296082840307704e+01
1.661602389080703497e+09 1.984880119562149048e-01 -2.818407416343688965e-01 7.061472535133361816e-01 7.220855355262756348e-01 -4.986195862293243408e-01 7.142157107591629028e-02 -4.742045104503631592e-01 2.923243330774675464e+00 -1.143411071164097237e+00 -3.585544495665791587e+00 -3.639107944340069345e+00 -1.591499590478958126e+01 -1.836518272503158689e-01 1.019052406989760229e+01
1.661602389082697868e+09 1.986655443906784058e-01 -2.842523157596588135e-01 7.008301019668579102e-01 7.259017229080200195e-01 -4.930691719055175781e-01 7.213600724935531616e-02 -4.740737378597259521e-01 2.928829343843803112e+00 -1.143547761070990765e+00 -3.585973132186492940e+00 -3.639542984142364990e+00 -1.591689847453324269e+01 -1.836737820413242017e-01 1.019174230349830701e+01
1.661602389084692717e+09 1.987245678901672363e-01 -2.867261171340942383e-01 6.955224275588989258e-01 7.297871112823486328e-01 -4.874984920024871826e-01 7.262596487998962402e-02 -4.737946391105651855e-01 2.935640761143586630e+00 -1.143274413930780220e+00 -3.585115961603921875e+00 -3.638673008527654407e+00 -1.591309378982557377e+01 -1.836298777071443677e-01 1.018930612749651488e+01
1.661602389086687803e+09 1.986653506755828857e-01 -2.892647087574005127e-01 6.902239918708801270e-01 7.337393164634704590e-01 -4.819126725196838379e-01 7.289297133684158325e-02 -4.733639359474182129e-01 2.944979492374687258e+00 -1.143137789359325751e+00 -3.584687529964150965e+00 -3.638238176666948043e+00 -1.591119212947784156e+01 -1.836079334101508864e-01 1.018808847619053637e+01
1.661602389088682413e+09 1.984881907701492310e-01 -2.918707728385925293e-01 6.849346756935119629e-01 7.377559542655944824e-01 -4.763163030147552490e-01 7.293857634067535400e-02 -4.727779030799865723e-01 2.957539481772799572e+00 -1.143411071164097237e+00 -3.585544495665791587e+00 -3.639107944340069345e+00 -1.591499590478969317e+01 -1.836518272503158689e-01 1.019052406989749038e+01
1.661602389090676785e+09 1.981934756040573120e-01 -2.945469617843627930e-01 6.796546578407287598e-01 7.418343424797058105e-01 -4.707140624523162842e-01 7.276447862386703491e-02 -4.720332622528076172e-01 2.971783487866561213e+00 -1.143547761070990765e+00 -3.585973132186492940e+00 -3.639542984142364990e+00 -1.591689847453324269e+01 -1.836737820413242017e-01 1.019174230349830701e+01
1.661602389092671394e+09 1.977816522121429443e-01 -2.972961068153381348e-01 6.743841767311096191e-01 7.459717392921447754e-01 -4.651107192039489746e-01 7.237257063388824463e-02 -4.711267054080963135e-01 2.987370263815067872e+00 -1.143411071164111226e+00 -3.585544495665791587e+00 -3.639107944340292278e+00 -1.591499590478969317e+01 -1.836518272502602189e-01 1.019052406989760229e+01
1.661602389094666481e+09 1.972532123327255249e-01 -3.001209199428558350e-01 6.691238284111022949e-01 7.501652240753173828e-01 -4.595107734203338623e-01 7.176495343446731567e-02 -4.700550436973571777e-01 3.004466316469028175e+00 -1.143137789359325751e+00 -3.584687529964150965e+00 -3.638238176666948043e+00 -1.591119212947784156e+01 -1.836079334101508864e-01 1.018808847619053637e+01
1.661602389096661091e+09 1.966087371110916138e-01 -3.030242323875427246e-01 6.638742685317993164e-01 7.544118165969848633e-01 -4.539186656475067139e-01 7.094374299049377441e-02 -4.688152372837066650e-01 3.024874450682099258e+00 -1.143411071164097237e+00 -3.585544495665791587e+00 -3.639107944340069345e+00 -1.591499590478947113e+01 -1.836518272503158689e-01 1.019052406989749038e+01
1.661602389098655462e+09 1.958488523960113525e-01 -3.060088753700256348e-01 6.586365103721618652e-01 7.587082982063293457e-01 -4.483386874198913574e-01 6.991130113601684570e-02 -4.674040973186492920e-01 3.046650410416735344e+00 -1.143547761071004532e+00 -3.585973132186492940e+00 -3.639542984142364990e+00 -1.591689847453324269e+01 -1.836737820413242017e-01 1.019174230349830701e+01
1.661602389100650072e+09 1.949742585420608521e-01 -3.090776205062866211e-01 6.534116864204406738e-01 7.630513906478881836e-01 -4.427751898765563965e-01 6.867007911205291748e-02 -4.658187627792358398e-01 3.069354346467176864e+00 -1.143411071164111226e+00 -3.585544495665791587e+00 -3.639107944340292278e+00 -1.591499590478969317e+01 -1.836518272502602189e-01 1.019052406989760229e+01
1.661602389102645874e+09 1.939857155084609985e-01 -3.122333586215972900e-01 6.482010483741760254e-01 7.674376368522644043e-01 -4.372323155403137207e-01 6.722275167703628540e-02 -4.640564322471618652e-01 3.092209754076260086e+00 -1.142728111499084598e+00 -3.583402849210370888e+00 -3.636934304425877507e+00 -1.590548987450348939e+01 -1.835421319766028514e-01 1.018443726780102843e+01
1.661602389104640007e+09 1.928840577602386475e-01 -3.154788315296173096e-01 6.430062055587768555e-01 7.718636393547058105e-01 -4.317140877246856689e-01 6.557200103998184204e-02 -4.621144235134124756e-01 3.120952876091179995e+00 -1.143684483663179874e+00 -3.586401871202775649e+00 -3.639978127970949551e+00 -1.591880149921911780e+01 -1.836957420822743492e-01 1.019296082840296691e+01
1.661602389106634378e+09 1.916701644659042358e-01 -3.188168108463287354e-01 6.378289461135864258e-01 7.763255834579467773e-01 -4.262244701385498047e-01 6.372077763080596924e-02 -4.599901437759399414e-01 3.148113534632396071e+00 -1.143547761071004532e+00 -3.585973132186381473e+00 -3.639542984142364990e+00 -1.591689847453324269e+01 -1.836737820413242017e-01 1.019174230349830701e+01
1.661602389108628750e+09 1.936703920364379883e-01 -3.098374009132385254e-01 6.383017897605895996e-01 7.758632898330688477e-01 -4.319695234298706055e-01 6.347319483757019043e-02 -4.554225206375122070e-01 4.618818238038867818e+00 -1.390502853413684223e-02 -4.580272218065299938e+00 8.349744517212089434e+00 1.356714612566918809e+01 6.083210376624042404e+00 -8.525789988210155101e+00
1.661602389110623598e+09 1.955339312553405762e-01 -3.008127808570861816e-01 6.387546658515930176e-01 7.753967046737670898e-01 -4.376386404037475586e-01 6.290092319250106812e-02 -4.508612453937530518e-01 4.624982914993892358e+00 -1.390170475534101453e-02 -4.579177375895219448e+00 8.347748641864585650e+00 1.356390311237252355e+01 6.081756280681205773e+00 -8.523752031956139064e+00
1.661602389112618446e+09 1.972628533840179443e-01 -2.917395830154418945e-01 6.391908526420593262e-01 7.749240994453430176e-01 -4.432277977466583252e-01 6.200657039880752563e-02 -4.463148117065429688e-01 4.635314017239460682e+00 -1.390170475534101453e-02 -4.579177375895219448e+00 8.347748641864585650e+00 1.356390311237252355e+01 6.081756280681261728e+00 -8.523752031956139064e+00
1.661602389115610123e+09 1.988593935966491699e-01 -2.826145887374877930e-01 6.396139264106750488e-01 7.744435667991638184e-01 -4.487331807613372803e-01 6.079299002885818481e-02 -4.417917132377624512e-01 3.099688754385619749e+00 -9.269649640425141335e-03 -3.053393138676779639e+00 5.566274536697411790e+00 9.044403677177459855e+00 4.055311986010528891e+00 -5.683633507441658850e+00
1.661602389117604494e+09 2.003260105848312378e-01 -2.734348177909851074e-01 6.400275826454162598e-01 7.739531397819519043e-01 -4.541507661342620850e-01 5.926331132650375366e-02 -4.373002350330352783e-01 4.665825689809018684e+00 -1.390502853413684223e-02 -4.580272218065299938e+00 8.349744517212089434e+00 1.356714612566918809e+01 6.083210376624042404e+00 -8.525789988210155101e+00
1.661602389119599342e+09 2.016653120517730713e-01 -2.641974687576293945e-01 6.404355168342590332e-01 7.734506726264953613e-01 -4.594770371913909912e-01 5.742098391056060791e-02 -4.328485429286956787e-01 4.683486658459318441e+00 -1.390170475534101453e-02 -4.579177375895219448e+00 8.347748641864585650e+00 1.356390311237252355e+01 6.081756280681233306e+00 -8.523752031956139064e+00
1.661602389120596647e+09 2.028801143169403076e-01 -2.548999488353729248e-01 6.408414244651794434e-01 7.729338407516479492e-01 -4.647081196308135986e-01 5.526974424719810486e-02 -4.284447431564331055e-01 9.410690629341283753e+00 -2.780673289216788538e-02 -9.159449463092350641e+00 1.669749292050704881e+01 2.713104885039989611e+01 1.216496648349507126e+01 -1.704954177656634329e+01
1.661602389122591734e+09 2.039733976125717163e-01 -2.455398887395858765e-01 6.412491798400878906e-01 7.724004387855529785e-01 -4.698406755924224854e-01 5.281354859471321106e-02 -4.240968227386474609e-01 4.727870135356745607e+00 -1.390004346176561614e-02 -4.578630151065404164e+00 8.346751061959741591e+00 1.356228218704860922e+01 6.081029493362824390e+00 -8.522733419141722777e+00
1.661602389124585867e+09 2.049483060836791992e-01 -2.361151725053787231e-01 6.416627764701843262e-01 7.718479037284851074e-01 -4.748711585998535156e-01 5.005670711398124695e-02 -4.198125302791595459e-01 4.755965574571489718e+00 -1.390669101961438010e-02 -4.580819835499198689e+00 8.350742812826293715e+00 1.356876821391950827e+01 6.083937685373040694e+00 -8.526809331824239280e+00
1.661602389126580715e+09 2.058081626892089844e-01 -2.266238778829574585e-01 6.420861482620239258e-01 7.712736725807189941e-01 -4.797962605953216553e-01 4.700374603271484375e-02 -4.155995249748229980e-01 4.782099809184050976e+00 -1.390170475534101453e-02 -4.579177375895219448e+00 8.347748641864585650e+00 1.356390311237274560e+01 6.081756280681233306e+00 -8.523752031956139064e+00
1.661602389128575325e+09 2.065564393997192383e-01 -2.170643210411071777e-01 6.425231695175170898e-01 7.706752419471740723e-01 -4.846129417419433594e-01 4.365946725010871887e-02 -4.114654660224914551e-01 4.812345482520563600e+00 -1.390336644608394269e-02 -4.579724731546175320e+00 8.348746460253524404e+00 1.356552442519994806e+01 6.082483241747535629e+00 -8.524770888283171644e+00
1.661602389129572868e+09 2.071967422962188721e-01 -2.074350714683532715e-01 6.429780125617980957e-01 7.700497508049011230e-01 -4.893180131912231445e-01 4.002891853451728821e-02 -4.074175059795379639e-01 9.685020377971140348e+00 -2.780008692353123229e-02 -9.157260302130808327e+00 1.669350212391948318e+01 2.712456437409721843e+01 1.216205898672564878e+01 -1.704546683828344555e+01
1.661602389131567478e+09 2.077328711748123169e-01 -1.977349370718002319e-01 6.434546709060668945e-01 7.693942785263061523e-01 -4.939085841178894043e-01 3.611743822693824768e-02 -4.034628868103027344e-01 4.876455231482841768e+00 -1.390336644609785864e-02 -4.579724731546175320e+00 8.348746460253302359e+00 1.356552442519994806e+01 6.082483241747563163e+00 -8.524770888283281778e+00
1.661602389133562088e+09 2.081687003374099731e-01 -1.879629790782928467e-01 6.439570784568786621e-01 7.687060832977294922e-01 -4.983818233013153076e-01 3.193056955933570862e-02 -3.996086418628692627e-01 4.910517262405343253e+00 -1.390336644608394269e-02 -4.579724731546175320e+00 8.348746460253524404e+00 1.356552442519983614e+01 6.082483241747535629e+00 -8.524770888283171644e+00
1.661602389135556936e+09 2.085082828998565674e-01 -1.781184971332550049e-01 6.444894671440124512e-01 7.679820060729980469e-01 -5.027350187301635742e-01 2.747407928109169006e-02 -3.958615064620971680e-01 4.945094854067694001e+00 -1.390170475534101453e-02 -4.579177375895219448e+00 8.347748641864585650e+00 1.356390311237263369e+01 6.081756280681233306e+00 -8.523752031956249198e+00
1.661602389136554480e+09 2.087557911872863770e-01 -1.682010591030120850e-01 6.450557112693786621e-01 7.672190070152282715e-01 -5.069657564163208008e-01 2.275404520332813263e-02 -3.922281861305236816e-01 9.961144171318975893e+00 -2.780008692353123229e-02 -9.157260302130808327e+00 1.669350212391948318e+01 2.712456437409721843e+01 1.216205898672564878e+01 -1.704546683828344555e+01
1.661602389139546633e+09 2.089154869318008423e-01 -1.582104861736297607e-01 6.456598639488220215e-01 7.664139270782470703e-01 -5.110716223716735840e-01 1.777666062116622925e-02 -3.887150585651397705e-01 3.345449538638794351e+00 -9.268172405422683141e-03 -3.052906542160581882e+00 5.565387480994352210e+00 9.042962337946036655e+00 4.054665721152200142e+00 -5.682727749113779758e+00
1.661602389140543699e+09 2.089917957782745361e-01 -1.481468230485916138e-01 6.463058590888977051e-01 7.655636072158813477e-01 -5.150504112243652344e-01 1.254846062511205673e-02 -3.853284120559692383e-01 1.011433443530008880e+01 -2.781338203920092483e-02 -9.161639670998397378e+00 1.670148562565303507e+01 2.713753642783879272e+01 1.216787537074602632e+01 -1.705361866364847856e+01
1.661602389142538309e+09 2.089891880750656128e-01 -1.380103975534439087e-01 6.469977498054504395e-01 7.646647095680236816e-01 -5.188999176025390625e-01 7.076069246977567673e-03 -3.820741474628448486e-01 5.093733978526086226e+00 -1.390336644608394269e-02 -4.579724731546175320e+00 8.348746460253524404e+00 1.356552442519983614e+01 6.082483241747535629e+00 -8.524770888283281778e+00
1.661602389144532919e+09 2.089122682809829712e-01 -1.278018206357955933e-01 6.477392315864562988e-01 7.637138962745666504e-01 -5.226184129714965820e-01 1.366386539302766323e-03 -3.789581656455993652e-01 5.131709697788041424e+00 -1.390336644609785864e-02 -4.579724731546175320e+00 8.348746460253524404e+00 1.356552442519994806e+01 6.082483241747563163e+00 -8.524770888283281778e+00
1.661602389146528244e+09 2.087657302618026733e-01 -1.175219044089317322e-01 6.485342383384704590e-01 7.627077102661132812e-01 -5.262039303779602051e-01 -4.573478829115629196e-03 -3.759859502315521240e-01 5.167906231908646397e+00 -1.389838256518755900e-02 -4.578083057009833645e+00 8.345753720454174740e+00 1.356066164908863136e+01 6.080302879729941878e+00 -8.521715049752412341e+00
1.661602389148522139e+09 2.085543125867843628e-01 -1.071717590093612671e-01 6.493864059448242188e-01 7.616428136825561523e-01 -5.296549201011657715e-01 -1.073627453297376633e-02 -3.731630146503448486e-01 5.209562812627662076e+00 -1.390835390265912457e-02 -4.581367583895168849e+00 8.351741347181750541e+00 1.357039069008989962e+01 6.084665168056903717e+00 -8.527828919212954162e+00
1.661602389150516748e+09 2.082828581333160400e-01 -9.675272554159164429e-02 6.502994894981384277e-01 7.605156302452087402e-01 -5.329700112342834473e-01 -1.711454801261425018e-02 -3.704943358898162842e-01 5.245381035554047777e+00 -1.390336644608394269e-02 -4.579724731546175320e+00 8.348746460253524404e+00 1.356552442519983614e+01 6.082483241747535629e+00 -8.524770888283281778e+00
1.661602389151514053e+09 2.079562842845916748e-01 -8.626642078161239624e-02 6.512768864631652832e-01 7.593227028846740723e-01 -5.361478328704833984e-01 -2.370067313313484192e-02 -3.679848313331604004e-01 1.056529278692052820e+01 -2.780673289219571728e-02 -9.159449463092350641e+00 1.669749292050704881e+01 2.713104885039989611e+01 1.216496648349507126e+01 -1.704954177656656356e+01
1.661602389153508902e+09 2.075795233249664307e-01 -7.571467757225036621e-02 6.523221731185913086e-01 7.580603957176208496e-01 -5.391873121261596680e-01 -3.048685938119888306e-02 -3.656392097473144531e-01 5.318741828117225623e+00 -1.390170475535492702e-02 -4.579177375895219448e+00 8.347748641864585650e+00 1.356390311237274560e+01 6.081756280681247517e+00 -8.523752031956249198e+00
1.661602389155504227e+09 2.071575969457626343e-01 -6.509960442781448364e-02 6.534386277198791504e-01 7.567251920700073242e-01 -5.420874953269958496e-01 -3.746514022350311279e-02 -3.634618818759918213e-01 5.353493581649091837e+00 -1.389838256517364826e-02 -4.578083057009833645e+00 8.345753720454174740e+00 1.356066164908852123e+01 6.080302879729955201e+00 -8.521715049752412341e+00
1.661602389157498121e+09 2.066955417394638062e-01 -5.442354083061218262e-02 6.546294093132019043e-01 7.553135156631469727e-01 -5.448474884033203125e-01 -4.462743923068046570e-02 -3.614568412303924561e-01 5.392561583789261981e+00 -1.390835390265912457e-02 -4.581367583895168849e+00 8.351741347181750541e+00 1.357039069008989962e+01 6.084665168056917040e+00 -8.527828919212954162e+00
1.661602389159492493e+09 2.061984539031982422e-01 -4.368906468152999878e-02 6.558976173400878906e-01 7.538216710090637207e-01 -5.474668741226196289e-01 -5.196550488471984863e-02 -3.596282601356506348e-01 5.425546938778819772e+00 -1.390502853413684223e-02 -4.580272218065188028e+00 8.349744517212311479e+00 1.356714612566918809e+01 6.083210376624028193e+00 -8.525789988210155101e+00
1.661602389160490036e+09 2.056714296340942383e-01 -3.289899230003356934e-02 6.572462320327758789e-01 7.522460818290710449e-01 -5.499451160430908203e-01 -5.947098881006240845e-02 -3.579796552658081055e-01 1.091360021795622792e+01 -2.780008692353123229e-02 -9.157260302130808327e+00 1.669350212391993082e+01 2.712456437409721843e+01 1.216205898672562036e+01 -1.704546683828344555e+01
1.661602389162485361e+09 2.051195800304412842e-01 -2.205636352300643921e-02 6.586779356002807617e-01 7.505831122398376465e-01 -5.522819757461547852e-01 -6.713538616895675659e-02 -3.565143346786499023e-01 5.488157353582173492e+00 -1.389838256517364826e-02 -4.578083057009833645e+00 8.345753720454174740e+00 1.356066164908852123e+01 6.080302879729955201e+00 -8.521715049752357274e+00
1.661602389165477037e+09 2.045480608940124512e-01 -1.116444822400808334e-02 6.601954102516174316e-01 7.488291859626770020e-01 -5.544772744178771973e-01 -7.495007663965225220e-02 -3.552355468273162842e-01 3.680864879121243494e+00 -9.269649640415864034e-03 -3.053393138676705476e+00 5.566274536697560116e+00 9.044403677177385248e+00 4.055311986010519121e+00 -5.683633507441622434e+00
1.661602389166474342e+09 2.039619684219360352e-01 -2.267276140628382564e-04 6.618010401725769043e-01 7.469805479049682617e-01 -5.565312504768371582e-01 -8.290635794401168823e-02 -3.541462421417236328e-01 1.110038547111081542e+01 -2.780673289219571728e-02 -9.159449463092350641e+00 1.669749292050704881e+01 2.713104885039989611e+01 1.216496648349509968e+01 -1.704954177656656356e+01
1.661602389168468952e+09 2.033664435148239136e-01 1.075310353189706802e-02 6.634971499443054199e-01 7.450338006019592285e-01 -5.584440827369689941e-01 -9.099541604518890381e-02 -3.532488346099853516e-01 5.578038994854741084e+00 -1.390336644609785864e-02 -4.579724731546175320e+00 8.348746460253524404e+00 1.356552442519994806e+01 6.082483241747549840e+00 -8.524770888283281778e+00
1.661602389170463324e+09 2.027665972709655762e-01 2.177114784717559814e-02 6.652858257293701172e-01 7.429851889610290527e-01 -5.602162480354309082e-01 -9.920837730169296265e-02 -3.525457382202148438e-01 5.604970686952460923e+00 -1.390502853412292454e-02 -4.580272218065188028e+00 8.349744517212311479e+00 1.356714612566907796e+01 6.083210376624028193e+00 -8.525789988210098258e+00
1.661602389172458172e+09 2.021674960851669312e-01 3.282331302762031555e-02 6.671689152717590332e-01 7.408312559127807617e-01 -5.618483424186706543e-01 -1.075362637639045715e-01 -3.520390391349792480e-01 5.628215229928053454e+00 -1.390170475534101453e-02 -4.579177375895219448e+00 8.347748641864585650e+00 1.356390311237263369e+01 6.081756280681247517e+00 -8.523752031956194131e+00
1.661602389174452782e+09 2.015741914510726929e-01 4.390531033277511597e-02 6.691481471061706543e-01 7.385684847831726074e-01 -5.633411407470703125e-01 -1.159699559211730957e-01 -3.517304956912994385e-01 5.651720867557824768e+00 -1.390336644609785864e-02 -4.579724731546175320e+00 8.348746460253524404e+00 1.356552442519994806e+01 6.082483241747542735e+00 -8.524770888283226711e+00
1.661602389175450087e+09 2.009917050600051880e-01 5.501268804073333740e-02 6.712250113487243652e-01 7.361933588981628418e-01 -5.646956562995910645e-01 -1.245004683732986450e-01 -3.516216874122619629e-01 1.134545631760141582e+01 -2.780673289219571728e-02 -9.159449463092350641e+00 1.669749292050704881e+01 2.713104885039989611e+01 1.216496648349509968e+01 -1.704954177656645342e+01
1.661602389177444696e+09 2.004249840974807739e-01 6.614080816507339478e-02 6.734008193016052246e-01 7.337024807929992676e-01 -5.659130811691284180e-01 -1.331185698509216309e-01 -3.517138063907623291e-01 5.691834716357424107e+00 -1.390336644608394269e-02 -4.579724731546175320e+00 8.348746460253412494e+00 1.356552442519983614e+01 6.082483241747549840e+00 -8.524770888283226711e+00
1.661602389179439306e+09 1.998789459466934204e-01 7.728487253189086914e-02 6.756765842437744141e-01 7.310923933982849121e-01 -5.669946074485778809e-01 -1.418150812387466431e-01 -3.520078659057617188e-01 5.708966613988192051e+00 -1.390336644608394269e-02 -4.579724731546175320e+00 8.348746460253412494e+00 1.356552442519983614e+01 6.082483241747549840e+00 -8.524770888283226711e+00
1.661602389181433916e+09 1.993584185838699341e-01 8.843993395566940308e-02 6.780532598495483398e-01 7.283598780632019043e-01 -5.679418444633483887e-01 -1.505807489156723022e-01 -3.525045216083526611e-01 5.724081075780767414e+00 -1.390336644609785864e-02 -4.579724731546175320e+00 8.348746460253524404e+00 1.356552442519994806e+01 6.082483241747549840e+00 -8.524770888283226711e+00
1.661602389182431221e+09 1.988682001829147339e-01 9.960091114044189453e-02 6.805313229560852051e-01 7.255014777183532715e-01 -5.687565207481384277e-01 -1.594063639640808105e-01 -3.532042801380157471e-01 1.147419804204583826e+01 -2.780673289219571728e-02 -9.159449463092350641e+00 1.669749292050704881e+01 2.713104885039989611e+01 1.216496648349509258e+01 -1.704954177656645342e+01
1.661602389184426308e+09 1.984129548072814941e-01 1.107625663280487061e-01 6.831113100051879883e-01 7.225142717361450195e-01 -5.694402456283569336e-01 -1.682826131582260132e-01 -3.541071712970733643e-01 5.746615395147841809e+00 -1.390004346175170540e-02 -4.578630151065404164e+00 8.346751061959853502e+00 1.356228218704849731e+01 6.081029493362806626e+00 -8.522733419141667710e+00
1.661602389186420679e+09 1.979973167181015015e-01 1.219195574522018433e-01 6.857932806015014648e-01 7.193949222564697266e-01 -5.699952840805053711e-01 -1.772002577781677246e-01 -3.552132248878479004e-01 5.757373815242798898e+00 -1.390502853412292454e-02 -4.580272218065188028e+00 8.349744517212199568e+00 1.356714612566907796e+01 6.083210376624024640e+00 -8.525789988210098258e+00
1.661602389188415051e+09 1.976257860660552979e-01 1.330664157867431641e-01 6.885771751403808594e-01 7.161405086517333984e-01 -5.704236626625061035e-01 -1.861499845981597900e-01 -3.565218448638916016e-01 5.763841396804955330e+00 -1.390502853413684223e-02 -4.580272218065188028e+00 8.349744517212311479e+00 1.356714612566907796e+01 6.083210376624028193e+00 -8.525789988210098258e+00
1.661602389190409899e+09 1.973027884960174561e-01 1.441975980997085571e-01 6.914627552032470703e-01 7.127479314804077148e-01 -5.707277655601501465e-01 -1.951225399971008301e-01 -3.580325543880462646e-01 5.766682641993172709e+00 -1.390170475535492702e-02 -4.579177375895219448e+00 8.347748641864585650e+00 1.356390311237263369e+01 6.081756280681245741e+00 -8.523752031956194131e+00
1.661602389191407442e+09 1.970326304435729980e-01 1.553074419498443604e-01 6.944494247436523438e-01 7.092145085334777832e-01 -5.709102153778076172e-01 -2.041087299585342407e-01 -3.597443103790283203e-01 1.153580721977914614e+01 -2.780008692350341079e-02 -9.157260302130808327e+00 1.669350212391970700e+01 2.712456437409699461e+01 1.216205898672561680e+01 -1.704546683828333542e+01
1.661602389193401814e+09 1.968195140361785889e-01 1.663902252912521362e-01 6.975364089012145996e-01 7.055372595787048340e-01 -5.709735751152038574e-01 -2.130993604660034180e-01 -3.616559803485870361e-01 5.769561849439915235e+00 -1.390502853413684223e-02 -4.580272218065188028e+00 8.349744517212199568e+00 1.356714612566907796e+01 6.083210376624026416e+00 -8.525789988210098258e+00
1.661602389195396662e+09 1.966675072908401489e-01 1.774401366710662842e-01 7.007226347923278809e-01 7.017136216163635254e-01 -5.709207653999328613e-01 -2.220852524042129517e-01 -3.637659847736358643e-01 5.765409268310493829e+00 -1.390170475535492702e-02 -4.579177375895219448e+00 8.347748641864585650e+00 1.356390311237263369e+01 6.081756280681245741e+00 -8.523752031956194131e+00
1.661602389197391510e+09 1.965805888175964355e-01 1.884513199329376221e-01 7.040067911148071289e-01 6.977410912513732910e-01 -5.707545876502990723e-01 -2.310571670532226562e-01 -3.660726249217987061e-01 5.760257492549254010e+00 -1.390170475535492702e-02 -4.579177375895219448e+00 8.347748641864585650e+00 1.356390311237263369e+01 6.081756280681243965e+00 -8.523752031956194131e+00
1.661602389199386597e+09 1.965625435113906860e-01 1.994178891181945801e-01 7.073874473571777344e-01 6.936171650886535645e-01 -5.704783797264099121e-01 -2.400062233209609985e-01 -3.685738444328308105e-01 5.752048640218127673e+00 -1.390004346176561614e-02 -4.578630151065404164e+00 8.346751061959853502e+00 1.356228218704855415e+01 6.081029493362810179e+00 -8.522733419141667710e+00
1.661602389201380491e+09 1.966170966625213623e-01 2.103338837623596191e-01 7.108627557754516602e-01 6.893394589424133301e-01 -5.700953006744384766e-01 -2.489232867956161499e-01 -3.712674677371978760e-01 5.745533952075764894e+00 -1.390835390267304572e-02 -4.581367583895168849e+00 8.351741347181640407e+00 1.357039069008995469e+01 6.084665168056917040e+00 -8.527828919212899095e+00
1.661602389202378035e+09 1.967477500438690186e-01 2.211933881044387817e-01 7.144306898117065430e-01 6.849058866500854492e-01 -5.696089863777160645e-01 -2.577995955944061279e-01 -3.741509616374969482e-01 1.145951510750524704e+01 -2.780008692353123229e-02 -9.157260302130808327e+00 1.669350212391993082e+01 2.712456437409710830e+01 1.216205898672562036e+01 -1.704546683828333542e+01
1.661602389204373360e+09 1.969579309225082397e-01 2.319903969764709473e-01 7.180891036987304688e-01 6.803142428398132324e-01 -5.690227746963500977e-01 -2.666262090206146240e-01 -3.772215247154235840e-01 5.714312327254074120e+00 -1.389838256518755900e-02 -4.578083057009833645e+00 8.345753720454174740e+00 1.356066164908857630e+01 6.080302879729955201e+00 -8.521715049752357274e+00
1.661602389206367493e+09 1.972508728504180908e-01 2.427189648151397705e-01 7.218353152275085449e-01 6.755626797676086426e-01 -5.683405995368957520e-01 -2.753943204879760742e-01 -3.804760575294494629e-01 5.700517067035653085e+00 -1.390669101961438010e-02 -4.580819835499198689e+00 8.350742812826405626e+00 1.356876821391945143e+01 6.083937685373027371e+00 -8.526809331824184213e+00
1.661602389208362103e+09 1.976296454668045044e-01 2.533731460571289062e-01 7.256667613983154297e-01 6.706492900848388672e-01 -5.675661563873291016e-01 -2.840953767299652100e-01 -3.839114308357238770e-01 5.679559406423648760e+00 -1.390336644609785864e-02 -4.579724731546175320e+00 8.348746460253412494e+00 1.356552442519989299e+01 6.082483241747549840e+00 -8.524770888283226711e+00
1.661602389210356712e+09 1.980971693992614746e-01 2.639470100402832031e-01 7.295804023742675781e-01 6.655725240707397461e-01 -5.667034983634948730e-01 -2.927208840847015381e-01 -3.875239491462707520e-01 5.657537938228322183e+00 -1.390336644609785864e-02 -4.579724731546175320e+00 8.348746460253524404e+00 1.356552442519989299e+01 6.082483241747549840e+00 -8.524770888283226711e+00
1.661602389212351322e+09 1.986562013626098633e-01 2.744346559047698975e-01 7.335730195045471191e-01 6.603307723999023438e-01 -5.657567977905273438e-01 -3.012623786926269531e-01 -3.913099765777587891e-01 5.633104436687080607e+00 -1.390336644609785864e-02 -4.579724731546175320e+00 8.348746460253412494e+00 1.356552442519989299e+01 6.082483241747549840e+00 -8.524770888283226711e+00
1.661602389213348866e+09 1.993093341588973999e-01 2.848303020000457764e-01 7.376412153244018555e-01 6.549226641654968262e-01 -5.647302269935607910e-01 -3.097115457057952881e-01 -3.952655792236328125e-01 1.120994747676021142e+01 -2.780008692353123229e-02 -9.157260302130808327e+00 1.669350212391970700e+01 2.712456437409710830e+01 1.216205898672562036e+01 -1.704546683828333542e+01
1.661602389215343714e+09 2.000589519739151001e-01 2.951280772686004639e-01 7.417813539505004883e-01 6.493470668792724609e-01 -5.636281371116638184e-01 -3.180602788925170898e-01 -3.993863463401794434e-01 5.576442292782712862e+00 -1.390170475535492702e-02 -4.579177375895219448e+00 8.347748641864473740e+00 1.356390311237269053e+01 6.081756280681247517e+00 -8.523752031956194131e+00
1.661602389217338085e+09 2.009072750806808472e-01 3.053223490715026855e-01 7.459895014762878418e-01 6.436029076576232910e-01 -5.624549388885498047e-01 -3.263004124164581299e-01 -4.036679565906524658e-01 5.546235623798809300e+00 -1.390502853413684223e-02 -4.580272218065188028e+00 8.349744517212199568e+00 1.356714612566913303e+01 6.083210376624028193e+00 -8.525789988210098258e+00
1.661602389220330238e+09 2.018563747406005859e-01 3.154074847698211670e-01 7.502616047859191895e-01 6.376892328262329102e-01 -5.612153410911560059e-01 -3.344242572784423828e-01 -4.081056416034698486e-01 3.674179607326951924e+00 -9.268172405422683141e-03 -3.052906542160581882e+00 5.565387480994426816e+00 9.042962337945999352e+00 4.054665721152191260e+00 -5.682727749113761107e+00
1.661602389222325087e+09 2.029080986976623535e-01 3.253779113292694092e-01 7.545934319496154785e-01 6.316053271293640137e-01 -5.599139332771301270e-01 -3.424239754676818848e-01 -4.126946926116943359e-01 5.474877624946882015e+00 -1.390170475535492702e-02 -4.579177375895274515e+00 8.347748641864473740e+00 1.356390311237269053e+01 6.081756280681247517e+00 -8.523752031956222552e+00
1.661602389224319458e+09 2.040641009807586670e-01 3.352282643318176270e-01 7.589803934097290039e-01 6.253507137298583984e-01 -5.585555434226989746e-01 -3.502920269966125488e-01 -4.174298644065856934e-01 5.437738876103503038e+00 -1.390502853413684223e-02 -4.580272218065188028e+00 8.349744517212199568e+00 1.356714612566913303e+01 6.083210376624028193e+00 -8.525789988210126680e+00
1.661602389226314068e+09 2.053258717060089111e-01 3.449531793594360352e-01 7.634179592132568359e-01 6.189249157905578613e-01 -5.571449995040893555e-01 -3.580210208892822266e-01 -4.223059415817260742e-01 5.396412135920919617e+00 -1.390336644609785864e-02 -4.579724731546175320e+00 8.348746460253412494e+00 1.356552442519989299e+01 6.082483241747549840e+00 -8.524770888283255132e+00
1.661602389228308678e+09 2.066946774721145630e-01 3.545475006103515625e-01 7.679011225700378418e-01 6.123278141021728516e-01 -5.556873083114624023e-01 -3.656038343906402588e-01 -4.273173809051513672e-01 5.353514776657875451e+00 -1.390336644609785864e-02 -4.579724731546175320e+00 8.348746460253412494e+00 1.356552442519989299e+01 6.082483241747549840e+00 -8.524770888283255132e+00
1.661602389229306221e+09 2.081716507673263550e-01 3.640061616897583008e-01 7.724249362945556641e-01 6.055593490600585938e-01 -5.541873574256896973e-01 -3.730332851409912109e-01 -4.324584901332855225e-01 1.061440026285441540e+01 -2.780008692353123229e-02 -9.157260302130808327e+00 1.669350212391970700e+01 2.712456437409710830e+01 1.216205898672562036e+01 -1.704546683828339226e+01
1.661602389231300831e+09 2.097576409578323364e-01 3.733242452144622803e-01 7.769840955734252930e-01 5.986197590827941895e-01 -5.526503920555114746e-01 -3.803026080131530762e-01 -4.377234578132629395e-01 5.261273500756932009e+00 -1.390336644609785864e-02 -4.579724731546175320e+00 8.348746460253412494e+00 1.356552442519989299e+01 6.082483241747535629e+00 -8.524770888283255132e+00
1.661602389233295202e+09 2.114533632993698120e-01 3.824970424175262451e-01 7.815733551979064941e-01 5.915092825889587402e-01 -5.510815382003784180e-01 -3.874050676822662354e-01 -4.431061446666717529e-01 5.212674096418342451e+00 -1.390502853413684223e-02 -4.580272218065188028e+00 8.349744517212199568e+00 1.356714612566913303e+01 6.083210376624014870e+00 -8.525789988210126680e+00
1.661602389235290051e+09 2.132593244314193726e-01 3.915199637413024902e-01 7.861870527267456055e-01 5.842285156250000000e-01 -5.494861006736755371e-01 -3.943343460559844971e-01 -4.486005306243896484e-01 5.160155269720531734e+00 -1.390170475535492702e-02 -4.579177375895219448e+00 8.347748641864473740e+00 1.356390311237266211e+01 6.081756280681233306e+00 -8.523752031956222552e+00
1.661602389236287594e+09 2.151757925748825073e-01 4.003885388374328613e-01 7.908196449279785156e-01 5.767781138420104980e-01 -5.478693246841430664e-01 -4.010840952396392822e-01 -4.542000591754913330e-01 1.021260015904034013e+01 -2.780008692353123229e-02 -9.157260302130808327e+00 1.669350212391970700e+01 2.712456437409710830e+01 1.216205898672559371e+01 -1.704546683828339226e+01
1.661602389238281965e+09 2.172028869390487671e-01 4.090985953807830811e-01 7.954652905464172363e-01 5.691591501235961914e-01 -5.462365150451660156e-01 -4.076483249664306641e-01 -4.598982334136962891e-01 5.052975850840117467e+00 -1.390502853413684223e-02 -4.580272218065188028e+00 8.349744517212199568e+00 1.356714612566913303e+01 6.083210376624014870e+00 -8.525789988210126680e+00
1.661602389240276814e+09 2.193404883146286011e-01 4.176460504531860352e-01 8.001180291175842285e-01 5.613725781440734863e-01 -5.445931553840637207e-01 -4.140211343765258789e-01 -4.656883180141448975e-01 4.994740573230367353e+00 -1.390170475535492702e-02 -4.579177375895219448e+00 8.347748641864473740e+00 1.356390311237269053e+01 6.081756280681233306e+00 -8.523752031956222552e+00
1.661602389241274118e+09 2.215883135795593262e-01 4.260270595550537109e-01 8.047719001770019531e-01 5.534197688102722168e-01 -5.429446101188659668e-01 -4.201970398426055908e-01 -4.715636372566223145e-01 9.873057202631430940e+00 -2.780673289219571728e-02 -9.159449463092350641e+00 1.669749292050682499e+01 2.713104885039978598e+01 1.216496648349507126e+01 -1.704954177656651026e+01
1.661602389243268490e+09 2.239458262920379639e-01 4.342379868030548096e-01 8.094207048416137695e-01 5.453022718429565430e-01 -5.412963032722473145e-01 -4.261704981327056885e-01 -4.775169491767883301e-01 4.876557011682329801e+00 -1.390502853413684223e-02 -4.580272218065188028e+00 8.349744517212199568e+00 1.356714612566913303e+01 6.083210376624014870e+00 -8.525789988210126680e+00
1.661602389245263338e+09 2.264123260974884033e-01 4.422753751277923584e-01 8.140582442283630371e-01 -5.370218157768249512e-01 5.396537780761718750e-01 4.319365322589874268e-01 4.835413992404937744e-01 4.813179434273852308e+00 -1.390170475535492702e-02 -4.579177375895219448e+00 8.347748641864473740e+00 1.356390311237269053e+01 6.081756280681233306e+00 -8.523752031956208342e+00
1.661602389246260643e+09 2.289869338274002075e-01 4.501360058784484863e-01 8.186782002449035645e-01 -5.285801291465759277e-01 5.380225181579589844e-01 4.374901652336120605e-01 4.896296858787536621e-01 9.499890008357903426e+00 -2.780673289219571728e-02 -9.159449463092350641e+00 1.669749292050682499e+01 2.713104885039978598e+01 1.216496648349507126e+01 -1.704954177656648184e+01
1.661602389248255491e+09 2.316685169935226440e-01 4.578168988227844238e-01 8.232742547988891602e-01 -5.199794769287109375e-01 5.364080667495727539e-01 4.428266286849975586e-01 4.957744479179382324e-01 4.684075922738946574e+00 -1.390170475535492702e-02 -4.579177375895219448e+00 8.347748641864473740e+00 1.356390311237269053e+01 6.081756280681233306e+00 -8.523752031956208342e+00
1.661602389250250101e+09 2.344557940959930420e-01 4.653152823448181152e-01 8.278399109840393066e-01 -5.112221837043762207e-01 5.348159670829772949e-01 4.479416608810424805e-01 5.019682645797729492e-01 4.617874024498534347e+00 -1.390336644609785864e-02 -4.579724731546175320e+00 8.348746460253412494e+00 1.356552442519989299e+01 6.082483241747535629e+00 -8.524770888283240922e+00
1.661602389251247168e+09 2.373472750186920166e-01 4.726285934448242188e-01 8.323687314987182617e-01 -5.023106932640075684e-01 5.332516431808471680e-01 4.528310298919677734e-01 5.082036256790161133e-01 9.101687225857306274e+00 -2.781338203922876021e-02 -9.161639670998397378e+00 1.670148562565281125e+01 2.713753642783887798e+01 1.216787537074602632e+01 -1.705361866364839685e+01
1.661602389253241777e+09 2.403412759304046631e-01 4.797545075416564941e-01 8.368542194366455078e-01 -4.932475984096527100e-01 5.317205786705017090e-01 4.574906229972839355e-01 5.144730210304260254e-01 4.480360277121806512e+00 -1.390336644609785864e-02 -4.579724731546175320e+00 8.348746460253412494e+00 1.356552442519989299e+01 6.082483241747535629e+00 -8.524770888283240922e+00
1.661602389255236626e+09 2.434359192848205566e-01 4.866909980773925781e-01 8.412897586822509766e-01 -4.840360283851623535e-01 5.302283167839050293e-01 4.619169533252716064e-01 5.207685232162475586e-01 4.409247127427022406e+00 -1.390170475535492702e-02 -4.579177375895219448e+00 8.347748641864473740e+00 1.356390311237269053e+01 6.081756280681233306e+00 -8.523752031956208342e+00
1.661602389256233931e+09 2.466291487216949463e-01 4.934362471103668213e-01 8.456689119338989258e-01 -4.746789038181304932e-01 5.287802815437316895e-01 4.661064445972442627e-01 5.270825624465942383e-01 8.676248750179681224e+00 -2.780673289219571728e-02 -9.159449463092350641e+00 1.669749292050682499e+01 2.713104885039978598e+01 1.216496648349507126e+01 -1.704954177656649605e+01
