1.661602785908832073e+09 1.378528122206244648e-16 -2.367949187755584717e-01 1.128897309303283691e+00 -6.125128269195556641e-01 6.125135421752929688e-01 3.533097505569458008e-01 3.533093035221099854e-01 0.000000000000000000e+00 0.000000000000000000e+00 0.000000000000000000e+00 0.000000000000000000e+00 0.000000000000000000e+00 0.000000000000000000e+00 0.000000000000000000e+00
1.661602790492158890e+09 1.378528122206244648e-16 -2.367949187755584717e-01 1.128897309303283691e+00 -6.125128269195556641e-01 6.125135421752929688e-01 3.533097505569458008e-01 3.533093035221099854e-01 0.000000000000000000e+00 0.000000000000000000e+00 0.000000000000000000e+00 0.000000000000000000e+00 0.000000000000000000e+00 0.000000000000000000e+00 0.000000000000000000e+00
1.661602790493156195e+09 3.598251380026340485e-03 -2.369556725025177002e-01 1.123348474502563477e+00 -5.985636711120605469e-01 6.300525665283203125e-01 3.602232038974761963e-01 3.391084074974060059e-01 6.633224583916015327e+00 -7.420834116281085358e+00 -2.115159319504425817e+00 -4.326542577757263253e+00 2.036825441274519832e+01 -5.070288937427873677e+00 3.225460588657327321e+01
1.661602790495150805e+09 7.158958818763494492e-03 -2.371753603219985962e-01 1.117854475975036621e+00 -5.840715169906616211e-01 6.471975445747375488e-01 3.667856454849243164e-01 3.247523307800292969e-01 3.284172478594637568e+00 -3.710417058140542679e+00 -1.057579659751990198e+00 -2.163271288878854115e+00 1.018412720637259916e+01 -2.535144468713992794e+00 1.612730294328663661e+01
1.661602790496148586e+09 1.068216096609830856e-02 -2.374521940946578979e-01 1.112416744232177734e+00 -5.690478682518005371e-01 6.639311313629150391e-01 3.729945719242095947e-01 3.102499842643737793e-01 6.499671671019131125e+00 -7.417287720048693522e+00 -2.114148490677455250e+00 -4.324474934948743687e+00 2.035852047993146030e+01 -5.067865860277481538e+00 3.223919149905280790e+01
1.661602790498142958e+09 1.416796725243330002e-02 -2.377843856811523438e-01 1.107036590576171875e+00 -5.535048842430114746e-01 6.802362203598022461e-01 3.788474798202514648e-01 2.956105470657348633e-01 3.218702045195825701e+00 -3.710860622642412565e+00 -1.057706088880694839e+00 -2.163529898715915056e+00 1.018534467525560849e+01 -2.535447534400573577e+00 1.612923089342928762e+01
1.661602790500137568e+09 1.761655882000923157e-02 -2.381701171398162842e-01 1.101715564727783203e+00 -5.374553203582763672e-01 6.960962414741516113e-01 3.843423426151275635e-01 2.808431684970855713e-01 3.184858346801885620e+00 -3.710417058140542679e+00 -1.057579659752212908e+00 -2.163271288878631626e+00 1.018412720637259916e+01 -2.535144468713936838e+00 1.612730294328663661e+01
1.661602790501134872e+09 2.102818712592124939e-02 -2.386075705289840698e-01 1.096454977989196777e+00 -5.209122896194458008e-01 7.114948630332946777e-01 3.894770145416259766e-01 2.659568786621093750e-01 6.302233330447993609e+00 -7.420834116281085358e+00 -2.115159319503980395e+00 -4.326542577757708230e+00 2.036825441274519832e+01 -5.070288937427985587e+00 3.225460588657327321e+01
1.661602790503129959e+09 2.440317906439304352e-02 -2.390949577093124390e-01 1.091256022453308105e+00 -5.038896799087524414e-01 7.264162898063659668e-01 3.942501246929168701e-01 2.509609758853912354e-01 3.116403920447535558e+00 -3.709530247180184315e+00 -1.057326892146887021e+00 -2.162754254631990225e+00 1.018169314155272076e+01 -2.534538554644032438e+00 1.612344842537476097e+01
1.661602790505124092e+09 2.774192951619625092e-02 -2.396304309368133545e-01 1.086120009422302246e+00 -4.864017665386199951e-01 7.408450245857238770e-01 3.986600935459136963e-01 2.358645796775817871e-01 3.083644062226806426e+00 -3.711304293209443106e+00 -1.057832548240914994e+00 -2.163788570391993016e+00 1.018656243525982319e+01 -2.535750672556288610e+00 1.613115930458345204e+01
1.661602790506121635e+09 3.104490041732788086e-02 -2.402121871709823608e-01 1.081048250198364258e+00 -4.684633016586303711e-01 7.547661066055297852e-01 4.027056396007537842e-01 2.206768691539764404e-01 6.095335924363384450e+00 -7.419060494360368629e+00 -2.114653784294219019e+00 -4.325508509263535473e+00 2.036338628310544152e+01 -5.069077109287952965e+00 3.224689685074952195e+01
1.661602790508116245e+09 3.431263193488121033e-02 -2.408384084701538086e-01 1.076041817665100098e+00 -4.500898122787475586e-01 7.681651115417480469e-01 4.063860476016998291e-01 2.054070979356765747e-01 3.013724887985310463e+00 -3.710417058140542679e+00 -1.057579659751990198e+00 -2.163271288878854115e+00 1.018412720637259916e+01 -2.535144468713992794e+00 1.612730294328663661e+01
1.661602790510111094e+09 3.754572570323944092e-02 -2.415073066949844360e-01 1.071101903915405273e+00 -4.312968254089355469e-01 7.810276746749877930e-01 4.097003340721130371e-01 1.900643706321716309e-01 2.978491467180386376e+00 -3.709973599665803867e+00 -1.057453260844406717e+00 -2.163012740857969352e+00 1.018291002850641469e+01 -2.534841475470450689e+00 1.612537545399019834e+01
1.661602790511108160e+09 4.074485972523689270e-02 -2.422170788049697876e-01 1.066229581832885742e+00 -4.121007025241851807e-01 7.933405041694641113e-01 4.126481413841247559e-01 1.746579408645629883e-01 5.889051889009710550e+00 -7.422608586418886212e+00 -2.115665096481829988e+00 -4.327577140783986032e+00 2.037312487051964638e+01 -5.071501345112577219e+00 3.226231860916690408e+01
1.661602790513103008e+09 4.391077160835266113e-02 -2.429659217596054077e-01 1.061425805091857910e+00 -3.925182223320007324e-01 8.050904273986816406e-01 4.152292013168334961e-01 1.591968983411788940e-01 2.908354997402317288e+00 -3.709973599665803867e+00 -1.057453260844629206e+00 -2.163012740857969352e+00 1.018291002850641469e+01 -2.534841475470395178e+00 1.612537545399019834e+01
1.661602790515097857e+09 4.704427346587181091e-02 -2.437521070241928101e-01 1.056691765785217285e+00 -3.725663721561431885e-01 8.162649273872375488e-01 4.174434244632720947e-01 1.436904221773147583e-01 2.873061534239964576e+00 -3.709973599665803867e+00 -1.057453260844406717e+00 -2.163012740857969352e+00 1.018291002850641469e+01 -2.534841475470450689e+00 1.612537545399019834e+01
1.661602790516094923e+09 5.014624074101448059e-02 -2.445738762617111206e-01 1.052028179168701172e+00 -3.522628545761108398e-01 8.268520236015319824e-01 4.192910492420196533e-01 1.281476169824600220e-01 5.677622176734774762e+00 -7.422608586418886212e+00 -2.115665096481384566e+00 -4.327577140783986032e+00 2.037312487051964638e+01 -5.071501345112688242e+00 3.226231860916690408e+01
1.661602790518089771e+09 5.321761220693588257e-02 -2.454295009374618530e-01 1.047435998916625977e+00 -3.316255211830139160e-01 8.368400335311889648e-01 4.207725822925567627e-01 1.125775724649429321e-01 2.802461879890949081e+00 -3.709973599665803867e+00 -1.057453260844629206e+00 -2.163012740857969352e+00 1.018291002850641469e+01 -2.534841475470395178e+00 1.612537545399019834e+01
1.661602790520084143e+09 5.625939369201660156e-02 -2.463172823190689087e-01 1.042916059494018555e+00 -3.106727302074432373e-01 8.462184071540832520e-01 4.218885600566864014e-01 9.698926657438278198e-02 2.767791312441331364e+00 -3.710860622642412565e+00 -1.057706088880694839e+00 -2.163529898715915056e+00 1.018534467525560849e+01 -2.535447534400573577e+00 1.612923089342928762e+01
1.661602790522078991e+09 5.927264690399169922e-02 -2.472355514764785767e-01 1.038469195365905762e+00 -2.894232273101806641e-01 8.549766540527343750e-01 4.226399660110473633e-01 8.139171451330184937e-02 2.731808057067912632e+00 -3.709973599665803867e+00 -1.057453260844406717e+00 -2.163012740857969352e+00 1.018291002850641469e+01 -2.534841475470450689e+00 1.612537545399019834e+01
1.661602790523076296e+09 6.225850805640220642e-02 -2.481826692819595337e-01 1.034096121788024902e+00 -2.678960263729095459e-01 8.631049990653991699e-01 4.230279028415679932e-01 6.579387187957763672e-02 5.393771879205158548e+00 -7.420834116281085358e+00 -2.115159319503980395e+00 -4.326542577757263253e+00 2.036825441274519832e+01 -5.070288937427985587e+00 3.225460588657327321e+01
1.661602790525070906e+09 6.521815806627273560e-02 -2.491570264101028442e-01 1.029797434806823730e+00 -2.461105436086654663e-01 8.705944418907165527e-01 4.230537414550781250e-01 5.020458623766899109e-02 2.661773944275706683e+00 -3.710417058140542679e+00 -1.057579659752212908e+00 -2.163271288878631626e+00 1.018412720637259916e+01 -2.535144468713936838e+00 1.612730294328663661e+01
1.661602790527065516e+09 6.815283745527267456e-02 -2.501570284366607666e-01 1.025573849678039551e+00 -2.240863889455795288e-01 8.774363994598388672e-01 4.227188825607299805e-01 3.463266417384147644e-02 2.626765330980921131e+00 -3.710417058140542679e+00 -1.057579659752212908e+00 -2.163271288878631626e+00 1.018412720637259916e+01 -2.535144468713936838e+00 1.612730294328663661e+01
1.661602790528062820e+09 7.106386125087738037e-02 -2.511811852455139160e-01 1.021425843238830566e+00 -2.018435895442962646e-01 8.836229443550109863e-01 4.220253229141235352e-01 1.908686198294162750e-02 5.183972605934928701e+00 -7.420834116281085358e+00 -2.115159319503980395e+00 -4.326542577757263253e+00 2.036825441274519832e+01 -5.070288937427985587e+00 3.225460588657327321e+01
1.661602790530057669e+09 7.395257800817489624e-02 -2.522279620170593262e-01 1.017354130744934082e+00 -1.794023662805557251e-01 8.891468644142150879e-01 4.209749102592468262e-01 3.575847251340746880e-03 2.557040925916591600e+00 -3.709973599665803867e+00 -1.057453260844406717e+00 -2.163012740857969352e+00 1.018291002850641469e+01 -2.534841475470450689e+00 1.612537545399019834e+01
1.661602790532052279e+09 7.682039588689804077e-02 -2.532959282398223877e-01 1.013358950614929199e+00 -1.567831933498382568e-01 8.940015435218811035e-01 4.195698499679565430e-01 -1.189179718494415283e-02 2.523066729189233914e+00 -3.710417058140542679e+00 -1.057579659752212908e+00 -2.163271288878631626e+00 1.018412720637259916e+01 -2.535144468713936838e+00 1.612730294328663661e+01
1.661602790534046888e+09 7.966876775026321411e-02 -2.543836534023284912e-01 1.009440779685974121e+00 -1.340068131685256958e-01 8.981810212135314941e-01 4.178127050399780273e-01 -2.730758301913738251e-02 2.489067593257630939e+00 -3.710417058140542679e+00 -1.057579659752212908e+00 -2.163271288878631626e+00 1.018412720637259916e+01 -2.535144468713936838e+00 1.612730294328663661e+01
1.661602790535044193e+09 8.249921351671218872e-02 -2.554897665977478027e-01 1.005599975585937500e+00 -1.110940724611282349e-01 9.016798734664916992e-01 4.157059490680694580e-01 -4.266308248043060303e-02 4.910855585863491690e+00 -7.420834116281085358e+00 -2.115159319503980395e+00 -4.326542577757263253e+00 2.036825441274519832e+01 -5.070288937427985587e+00 3.225460588657327321e+01
1.661602790537038803e+09 8.531327545642852783e-02 -2.566130161285400391e-01 1.001836776733398438e+00 -8.806610852479934692e-02 9.044935703277587891e-01 4.132524132728576660e-01 -5.794999748468399048e-02 2.422221556985026947e+00 -3.710417058140542679e+00 -1.057579659751990198e+00 -2.163271288878631626e+00 1.018412720637259916e+01 -2.535144468713992794e+00 1.612730294328663661e+01
1.661602790539033651e+09 8.811256289482116699e-02 -2.577521204948425293e-01 9.981514811515808105e-01 -6.494419276714324951e-02 9.066181182861328125e-01 4.104552268981933594e-01 -7.316011190414428711e-02 2.389165543785312096e+00 -3.709973599665803867e+00 -1.057453260844629206e+00 -2.163012740857969352e+00 1.018291002850641469e+01 -2.534841475470395178e+00 1.612537545399019834e+01
1.661602790541028023e+09 9.089870750904083252e-02 -2.589058578014373779e-01 9.945442676544189453e-01 -4.174969717860221863e-02 9.080501198768615723e-01 4.073175489902496338e-01 -8.828531950712203979e-02 2.357469610493126755e+00 -3.710860622642412565e+00 -1.057706088880694839e+00 -2.163529898715915056e+00 1.018534467525560849e+01 -2.535447534400573577e+00 1.612923089342928762e+01
1.661602790542025805e+09 9.367338567972183228e-02 -2.600730955600738525e-01 9.910151958465576172e-01 -1.850415766239166260e-02 9.087871909141540527e-01 4.038428068161010742e-01 -1.033176183700561523e-01 4.648806648719221890e+00 -7.417287720048693522e+00 -2.114148490677455250e+00 -4.324474934948298710e+00 2.035852047993146030e+01 -5.067865860277481538e+00 3.223919149905280790e+01
1.661602790544020176e+09 9.643832594156265259e-02 -2.612527608871459961e-01 9.875644445419311523e-01 4.770824220031499863e-03 9.088270664215087891e-01 4.000346958637237549e-01 -1.182491406798362732e-01 2.294699064858344961e+00 -3.710860622642412565e+00 -1.057706088880472350e+00 -2.163529898715915056e+00 1.018534467525560849e+01 -2.535447534400629088e+00 1.612923089342928762e+01
1.661602790546015024e+09 9.919527173042297363e-02 -2.624438107013702393e-01 9.841918945312500000e-01 2.805355377495288849e-02 9.081686735153198242e-01 3.958969116210937500e-01 -1.330721080303192139e-01 2.263786239329212080e+00 -3.709973599665803867e+00 -1.057453260844629206e+00 -2.163012740857969352e+00 1.018291002850641469e+01 -2.534841475470395178e+00 1.612537545399019834e+01
1.661602790548009396e+09 1.019459962844848633e-01 -2.636452913284301758e-01 9.808975458145141602e-01 5.132231488823890686e-02 9.068115949630737305e-01 3.914335668087005615e-01 -1.477789431810379028e-01 2.234672671803776822e+00 -3.710860622642412565e+00 -1.057706088880694839e+00 -2.163529898715915056e+00 1.018534467525560849e+01 -2.535447534400573577e+00 1.612923089342934446e+01
1.661602790549006939e+09 1.046923249959945679e-01 -2.648563086986541748e-01 9.776813387870788574e-01 7.455530762672424316e-02 9.047557115554809570e-01 3.866486847400665283e-01 -1.623620837926864624e-01 4.410023888983329421e+00 -7.419060494360368629e+00 -2.114653784294219019e+00 -4.325508509263535473e+00 2.036338628310544152e+01 -5.069077109288064875e+00 3.224689685074940826e+01
1.661602790551001549e+09 1.074360907077789307e-01 -2.660760283470153809e-01 9.745430350303649902e-01 9.773077815771102905e-02 9.020019769668579102e-01 3.815466761589050293e-01 -1.768141537904739380e-01 2.177556795138927193e+00 -3.710417058140542679e+00 -1.057579659752212908e+00 -2.163271288878631626e+00 1.018412720637259916e+01 -2.535144468713992794e+00 1.612730294328657976e+01
1.661602790552996397e+09 1.101791486144065857e-01 -2.673037052154541016e-01 9.714824557304382324e-01 1.208269670605659485e-01 8.985519409179687500e-01 3.761321008205413818e-01 -1.911279857158660889e-01 2.150224163388788412e+00 -3.709973599665803867e+00 -1.057453260844629206e+00 -2.163012740857969352e+00 1.018291002850641469e+01 -2.534841475470395178e+00 1.612537545399025518e+01
1.661602790554990768e+09 1.129233837127685547e-01 -2.685386240482330322e-01 9.684993028640747070e-01 1.438221931457519531e-01 8.944078087806701660e-01 3.704096376895904541e-01 -2.052964717149734497e-01 2.124649477234518358e+00 -3.710860622642412565e+00 -1.057706088880694839e+00 -2.163529898715915056e+00 1.018534467525560849e+01 -2.535447534400573577e+00 1.612923089342934446e+01
1.661602790555989027e+09 1.156706884503364563e-01 -2.697801589965820312e-01 9.655932784080505371e-01 1.666947305202484131e-01 8.895724415779113770e-01 3.643840551376342773e-01 -2.193125933408737183e-01 4.194675000838960166e+00 -7.413744711823210487e+00 -2.113138627534514757e+00 -4.322409267436978730e+00 2.034879584631315197e+01 -5.065445097984538236e+00 3.222379183748162035e+01
1.661602790557982922e+09 1.184229925274848938e-01 -2.710278034210205078e-01 9.627639651298522949e-01 1.894230395555496216e-01 8.840494751930236816e-01 3.580604791641235352e-01 -2.331696599721908569e-01 2.076169338221355964e+00 -3.711748069879682088e+00 -1.057959037843718031e+00 -2.164047303929048205e+00 1.018778048648967705e+01 -2.536053883207133985e+00 1.613308817691444830e+01
1.661602790559977531e+09 1.211822032928466797e-01 -2.722810208797454834e-01 9.600108861923217773e-01 2.119857072830200195e-01 8.778433203697204590e-01 3.514439463615417480e-01 -2.468609958887100220e-01 2.052679039337899969e+00 -3.710417058140542679e+00 -1.057579659752212908e+00 -2.163271288878631626e+00 1.018412720637259916e+01 -2.535144468713936838e+00 1.612730294328669345e+01
1.661602790561972141e+09 1.239502578973770142e-01 -2.735394537448883057e-01 9.573336839675903320e-01 2.343613654375076294e-01 8.709588050842285156e-01 3.445399105548858643e-01 -2.603801190853118896e-01 2.031133926402748813e+00 -3.710417058140542679e+00 -1.057579659752212908e+00 -2.163271288878631626e+00 1.018412720637259916e+01 -2.535144468713936838e+00 1.612730294328669345e+01
1.661602790563966751e+09 1.267291009426116943e-01 -2.748027741909027100e-01 9.547316431999206543e-01 2.565288245677947998e-01 8.634016513824462891e-01 3.373537659645080566e-01 -2.737206816673278809e-01 2.010947243457327893e+00 -3.710417058140542679e+00 -1.057579659752212908e+00 -2.163271288878631626e+00 1.018412720637259916e+01 -2.535144468713992794e+00 1.612730294328669345e+01
1.661602790564964056e+09 1.295206695795059204e-01 -2.760707139968872070e-01 9.522042274475097656e-01 2.784670591354370117e-01 8.551782965660095215e-01 3.298910260200500488e-01 -2.868765890598297119e-01 3.984194316643210776e+00 -7.420834116281085358e+00 -2.115159319504425817e+00 -4.326542577757263253e+00 2.036825441274519832e+01 -5.070288937427985587e+00 3.225460588657338690e+01
1.661602790566958904e+09 1.323269009590148926e-01 -2.773431241512298584e-01 9.497508406639099121e-01 3.001552820205688477e-01 8.462955951690673828e-01 3.221575617790222168e-01 -2.998417615890502930e-01 1.974417518880806410e+00 -3.709973599665803867e+00 -1.057453260844629206e+00 -2.163012740857969352e+00 1.018291002850641469e+01 -2.534841475470395178e+00 1.612537545399025518e+01
1.661602790568953514e+09 1.351497173309326172e-01 -2.786198854446411133e-01 9.473706483840942383e-01 3.215728998184204102e-01 8.367614150047302246e-01 3.141591846942901611e-01 -3.126104474067687988e-01 1.958719913753123931e+00 -3.710417058140542679e+00 -1.057579659752212908e+00 -2.163271288878631626e+00 1.018412720637259916e+01 -2.535144468713936838e+00 1.612730294328669345e+01
1.661602790570948124e+09 1.379910707473754883e-01 -2.799009978771209717e-01 9.450629949569702148e-01 3.426995575428009033e-01 8.265838623046875000e-01 3.059018850326538086e-01 -3.251769840717315674e-01 1.944299269550804121e+00 -3.710417058140542679e+00 -1.057579659752101664e+00 -2.163271288878631626e+00 1.018412720637259916e+01 -2.535144468713992794e+00 1.612730294328669345e+01
1.661602790572943211e+09 1.408528685569763184e-01 -2.811865508556365967e-01 9.428270459175109863e-01 3.635152280330657959e-01 8.157721757888793945e-01 2.973918318748474121e-01 -3.375359773635864258e-01 1.931009744171027664e+00 -3.709530247180184315e+00 -1.057326892146998265e+00 -2.162754254631767736e+00 1.018169314155272076e+01 -2.534538554644032438e+00 1.612344842537481782e+01
1.661602790574937582e+09 1.437370032072067261e-01 -2.824766635894775391e-01 9.406619071960449219e-01 3.840000331401824951e-01 8.043358922004699707e-01 2.886352241039276123e-01 -3.496819734573364258e-01 1.920505988377569473e+00 -3.710860622642412565e+00 -1.057706088880583595e+00 -2.163529898715915056e+00 1.018534467525560849e+01 -2.535447534400573577e+00 1.612923089342934446e+01
1.661602790575934887e+09 1.466453671455383301e-01 -2.837716042995452881e-01 9.385666847229003906e-01 4.041344821453094482e-01 7.922852039337158203e-01 2.796384096145629883e-01 -3.616099953651428223e-01 3.821520835292104401e+00 -7.420834116281085358e+00 -2.115159319504203328e+00 -4.326542577757263253e+00 2.036825441274519832e+01 -5.070288937427873677e+00 3.225460588657338690e+01
1.661602790577929497e+09 1.495798081159591675e-01 -2.850716114044189453e-01 9.365404248237609863e-01 4.238994419574737549e-01 7.796311378479003906e-01 2.704078555107116699e-01 -3.733150959014892578e-01 1.902935955084720243e+00 -3.710417058140542679e+00 -1.057579659752101664e+00 -2.163271288878631626e+00 1.018412720637259916e+01 -2.535144468713992794e+00 1.612730294328669345e+01
1.661602790579924107e+09 1.525421887636184692e-01 -2.863771021366119385e-01 9.345821142196655273e-01 4.432760179042816162e-01 7.663851380348205566e-01 2.609500885009765625e-01 -3.847925066947937012e-01 1.896869710612675730e+00 -3.710417058140542679e+00 -1.057579659752101664e+00 -2.163271288878631626e+00 1.018412720637254409e+01 -2.535144468713992794e+00 1.612730294328669345e+01
1.661602790581918955e+09 1.555343121290206909e-01 -2.876885533332824707e-01 9.326906800270080566e-01 4.622457623481750488e-01 7.525593042373657227e-01 2.512717545032501221e-01 -3.960376679897308350e-01 1.892348277670310219e+00 -3.709973599665803867e+00 -1.057453260844517962e+00 -2.163012740857969352e+00 1.018291002850646976e+01 -2.534841475470395178e+00 1.612537545399025518e+01
1.661602790583913565e+09 1.585579514503479004e-01 -2.890065014362335205e-01 9.308650493621826172e-01 4.807906746864318848e-01 7.381663322448730469e-01 2.413797378540039062e-01 -4.070462882518768311e-01 1.890054682053018409e+00 -3.710417058140542679e+00 -1.057579659752101664e+00 -2.163271288878631626e+00 1.018412720637265423e+01 -2.535144468713936838e+00 1.612730294328669345e+01
1.661602790585908175e+09 1.616148650646209717e-01 -2.903315722942352295e-01 9.291041493415832520e-01 4.988929629325866699e-01 7.232195138931274414e-01 2.312806248664855957e-01 -4.178141653537750244e-01 1.889322661040819362e+00 -3.710417058140542679e+00 -1.057579659752101664e+00 -2.163271288878631626e+00 1.018412720637254409e+01 -2.535144468713992794e+00 1.612730294328669345e+01
1.661602790587902784e+09 1.647067517042160034e-01 -2.916644811630249023e-01 9.274066686630249023e-01 5.165354609489440918e-01 7.077327370643615723e-01 2.209814786911010742e-01 -4.283372163772583008e-01 1.890423048974531950e+00 -3.710417058140542679e+00 -1.057579659752101664e+00 -2.163271288878631626e+00 1.018412720637254409e+01 -2.535144468713992794e+00 1.612730294328669345e+01
1.661602790589897394e+09 1.678352952003479004e-01 -2.930060029029846191e-01 9.257714152336120605e-01 5.337011814117431641e-01 6.917203068733215332e-01 2.104892730712890625e-01 -4.386118352413177490e-01 1.893323969942759089e+00 -3.710417058140542679e+00 -1.057579659752101664e+00 -2.163271288878631626e+00 1.018412720637265423e+01 -2.535144468713936838e+00 1.612730294328669345e+01
1.661602790590894938e+09 1.710020899772644043e-01 -2.943569719791412354e-01 9.241971969604492188e-01 5.503739714622497559e-01 6.751972436904907227e-01 1.998109966516494751e-01 -4.486342966556549072e-01 3.795068816511440346e+00 -7.419060494360368629e+00 -2.114653784293996530e+00 -4.325508509263535473e+00 2.036338628310555166e+01 -5.069077109287952965e+00 3.224689685074963563e+01
1.661602790592889547e+09 1.742087453603744507e-01 -2.957183718681335449e-01 9.226825833320617676e-01 5.665379166603088379e-01 6.581789255142211914e-01 1.889538168907165527e-01 -4.584012925624847412e-01 1.904481496792265194e+00 -3.710417058140542679e+00 -1.057579659752101664e+00 -2.163271288878631626e+00 1.018412720637254409e+01 -2.535144468713992794e+00 1.612730294328669345e+01
1.661602790599871397e+09 1.774567663669586182e-01 -2.970911860466003418e-01 9.212263822555541992e-01 5.821775794029235840e-01 6.406813859939575195e-01 1.779248863458633423e-01 -4.679095745086669922e-01 5.464272397481575450e-01 -1.060010555538990040e+00 -3.021346617089906150e-01 -6.180141921444690656e-01 2.909452540927219832e+00 -7.242527873672061078e-01 4.607328794684348416e+00
1.661602790603860855e+09 1.807476431131362915e-01 -2.984764873981475830e-01 9.198271036148071289e-01 5.972781181335449219e-01 6.227209568023681641e-01 1.667314171791076660e-01 -4.771562218666076660e-01 9.612731578908432217e-01 -1.855097657826079161e+00 -5.287582282606874129e-01 -1.081571003571303979e+00 5.091759290534490390e+00 -1.267496481519229112e+00 8.063169570521512952e+00
1.661602790607850075e+09 1.840827763080596924e-01 -2.998754680156707764e-01 9.184833168983459473e-01 6.118251681327819824e-01 6.043147444725036621e-01 1.553807258605957031e-01 -4.861384034156799316e-01 9.671668234746940707e-01 -1.855208529070271339e+00 -5.287898298760508320e-01 -1.081635644439315813e+00 5.092063603186327114e+00 -1.267572234356996397e+00 8.063651471643346724e+00
1.661602790610842466e+09 1.874635368585586548e-01 -3.012893199920654297e-01 9.171936511993408203e-01 6.258049607276916504e-01 5.854799747467041016e-01 1.438801288604736328e-01 -4.948534965515136719e-01 1.298229507091763102e+00 -2.473217202486158950e+00 -7.049407563928038467e-01 -1.441951047945074560e+00 6.788336244802223085e+00 -1.689826995877719895e+00 1.074982203995988073e+01
1.661602790614831686e+09 1.908912062644958496e-01 -3.027193844318389893e-01 9.159565567970275879e-01 -6.392042040824890137e-01 -5.662344098091125488e-01 -1.322368681430816650e-01 5.032991170883178711e-01 9.813046370287482612e-01 -1.855208529070271339e+00 -5.287898298760508320e-01 -1.081635644439315813e+00 5.092063603186272047e+00 -1.267572234356996397e+00 8.063651471643346724e+00
1.661602790618820906e+09 1.943670362234115601e-01 -3.041670024394989014e-01 9.147705435752868652e-01 -6.520101428031921387e-01 -5.465963482856750488e-01 -1.204584464430809021e-01 5.114731788635253906e-01 9.895692962423816574e-01 -1.855208529070271339e+00 -5.287898298760508320e-01 -1.081635644439315813e+00 5.092063603186327114e+00 -1.267572234356996397e+00 8.063651471643346724e+00
1.661602790621812582e+09 1.978921443223953247e-01 -3.056336045265197754e-01 9.136341214179992676e-01 -6.642109751701354980e-01 -5.265846848487854004e-01 -1.085522696375846863e-01 5.193734765052795410e-01 1.331548368411644478e+00 -2.473808504016877574e+00 -7.051092949861397230e-01 -1.442295792377959129e+00 6.789959213302011243e+00 -1.690231002969498020e+00 1.075239212811097111e+01
1.661602790623807430e+09 2.014676630496978760e-01 -3.071207404136657715e-01 9.125456213951110840e-01 -6.757950186729431152e-01 -5.062181949615478516e-01 -9.652572125196456909e-02 5.269984006881713867e-01 2.016458647801748327e+00 -3.709973599665803867e+00 -1.057453260844517962e+00 -2.163012740857969352e+00 1.018291002850635785e+01 -2.534841475470450689e+00 1.612537545399025518e+01
1.661602790627796173e+09 2.050945758819580078e-01 -3.086299300193786621e-01 9.115034937858581543e-01 -6.867511868476867676e-01 -4.855161607265472412e-01 -8.438625186681747437e-02 5.343462824821472168e-01 1.018931666868304831e+00 -1.855430311321206283e+00 -5.288530444402917974e-01 -1.081764949357957528e+00 5.092672337627776713e+00 -1.267723767200314544e+00 8.064615446714672231e+00
1.661602790632783175e+09 2.087738513946533203e-01 -3.101628124713897705e-01 9.105060696601867676e-01 -6.970694661140441895e-01 -4.644983708858489990e-01 -7.214125245809555054e-02 5.414158701896667480e-01 8.238876204634024703e-01 -1.484024913152162339e+00 -4.229914152835531627e-01 -8.652257782071344216e-01 4.073261376321347882e+00 -1.013960827329983383e+00 6.450304365995910949e+00
1.661602790636772871e+09 2.125063240528106689e-01 -3.117210865020751953e-01 9.095517992973327637e-01 -7.067400813102722168e-01 -4.431850612163543701e-01 -5.979830399155616760e-02 5.482058525085449219e-01 1.041618893796836476e+00 -1.854986799832887945e+00 -5.287266304222589808e-01 -1.081506370428984676e+00 5.091455014253178923e+00 -1.267420737735225345e+00 8.062687726995127591e+00
1.661602790638767958e+09 2.162927687168121338e-01 -3.133064508438110352e-01 9.086388945579528809e-01 -7.157542109489440918e-01 -4.215964674949645996e-01 -4.736478254199028015e-02 5.547152161598205566e-01 2.107791890193062567e+00 -3.709530247180211848e+00 -1.057326892146998265e+00 -2.162754254631767736e+00 1.018169314155266569e+01 -2.534538554644032438e+00 1.612344842537481782e+01
1.661602790641760111e+09 2.201338857412338257e-01 -3.149207532405853271e-01 9.077657461166381836e-01 -7.241033911705017090e-01 -3.997531831264495850e-01 -3.484818339347839355e-02 5.609431862831115723e-01 1.422740575269065610e+00 -2.473414271585977264e+00 -7.049969269710024689e-01 -1.442065944442918912e+00 6.788877148088735325e+00 -1.689961643447112527e+00 1.075067859948497784e+01
1.661602790643753529e+09 2.240302860736846924e-01 -3.165658414363861084e-01 9.069306254386901855e-01 -7.317801713943481445e-01 -3.776763081550598145e-01 -2.225585840642452240e-02 5.668891668319702148e-01 2.162673092922854146e+00 -3.712635941682041363e+00 -1.058212107820366121e+00 -2.164564956674875251e+00 1.019021746304421683e+01 -2.536660522097986092e+00 1.613694730576922254e+01
1.661602790646745682e+09 2.279824912548065186e-01 -3.182435631752014160e-01 9.061318039894104004e-01 -7.387771010398864746e-01 -3.553865551948547363e-01 -9.595305658876895905e-03 5.725528597831726074e-01 1.459564568154300801e+00 -2.473414271585939961e+00 -7.049969269710024689e-01 -1.442065944442918912e+00 6.788877148088661606e+00 -1.689961643447112527e+00 1.075067859948497784e+01
1.661602790648740530e+09 2.319909036159515381e-01 -3.199559152126312256e-01 9.053674936294555664e-01 -7.450882196426391602e-01 -3.329057097434997559e-01 3.126120660454034805e-03 5.779339671134948730e-01 2.218387415075413927e+00 -3.709973599665831845e+00 -1.057453260844517962e+00 -2.163012740857969352e+00 1.018291002850635785e+01 -2.534841475470450689e+00 1.612537545399025518e+01
1.661602790650735140e+09 2.360558807849884033e-01 -3.217048645019531250e-01 9.046360254287719727e-01 -7.507077455520629883e-01 -3.102551102638244629e-01 1.590105518698692322e-02 5.830324888229370117e-01 2.248710051393721709e+00 -3.710417058140570656e+00 -1.057579659752101664e+00 -2.163271288878631626e+00 1.018412720637254409e+01 -2.535144468713992794e+00 1.612730294328669345e+01
1.661602790651732206e+09 2.401776462793350220e-01 -3.234924376010894775e-01 9.039355516433715820e-01 -7.556306719779968262e-01 -2.874564528465270996e-01 2.872210368514060974e-02 5.878487229347229004e-01 4.560358346719342926e+00 -7.422608586418830257e+00 -2.115665096481607499e+00 -4.327577140783986032e+00 2.037312487051953624e+01 -5.071501345112688242e+00 3.226231860916701777e+01
1.661602790653726816e+09 2.443563342094421387e-01 -3.253206908702850342e-01 9.032643437385559082e-01 -7.598530054092407227e-01 -2.645317614078521729e-01 4.158203303813934326e-02 5.923828482627868652e-01 2.311357437104555324e+00 -3.710417058140515145e+00 -1.057579659752101664e+00 -2.163271288878631626e+00 1.018412720637254409e+01 -2.535144468713992794e+00 1.612730294328669345e+01
1.661602790655721426e+09 2.485920041799545288e-01 -3.271917402744293213e-01 9.026206135749816895e-01 -7.633708119392395020e-01 -2.415028512477874756e-01 5.447358265519142151e-02 5.966355800628662109e-01 2.343843029026138947e+00 -3.710417058140570656e+00 -1.057579659752101664e+00 -2.163271288878631626e+00 1.018412720637254409e+01 -2.535144468713992794e+00 1.612730294328669345e+01
1.661602790657716274e+09 2.528845965862274170e-01 -3.291077315807342529e-01 9.020025730133056641e-01 -7.661815881729125977e-01 -2.183919250965118408e-01 6.738951057195663452e-02 6.006076335906982422e-01 2.376741642064775117e+00 -3.709973599665831845e+00 -1.057453260844517962e+00 -2.163012740857969352e+00 1.018291002850635785e+01 -2.534841475470450689e+00 1.612537545399025518e+01
1.661602790659710884e+09 2.572339177131652832e-01 -3.310707807540893555e-01 9.014083743095397949e-01 -7.682829499244689941e-01 -1.952211260795593262e-01 8.032269775867462158e-02 6.042999029159545898e-01 2.410828289809699765e+00 -3.710417058140515145e+00 -1.057579659752101664e+00 -2.163271288878631626e+00 1.018412720637254409e+01 -2.535144468713992794e+00 1.612730294328669345e+01
1.661602790661705494e+09 2.616397440433502197e-01 -3.330831527709960938e-01 9.008362889289855957e-01 -7.696735858917236328e-01 -1.720127165317535400e-01 9.326601773500442505e-02 6.077135801315307617e-01 2.445249027357121463e+00 -3.710417058140515145e+00 -1.057579659752101664e+00 -2.163271288878631626e+00 1.018412720637254409e+01 -2.535144468713992794e+00 1.612730294328669345e+01
1.661602790662702799e+09 2.616397440433502197e-01 -3.330831527709960938e-01 9.008362889289855957e-01 -7.696735858917236328e-01 -1.720127165317535400e-01 9.326601773500442505e-02 6.077135801315307617e-01 0.000000000000000000e+00 0.000000000000000000e+00 0.000000000000000000e+00 0.000000000000000000e+00 0.000000000000000000e+00 0.000000000000000000e+00 0.000000000000000000e+00
1.661602790664697409e+09 2.645829916000366211e-01 -3.259302377700805664e-01 9.003030657768249512e-01 -7.719864845275878906e-01 -1.876395940780639648e-01 7.952334731817245483e-02 6.020833253860473633e-01 3.887047409471087622e+00 2.237264406543933770e+00 -5.831078051642418991e+00 6.238301486656570027e+00 -9.132140347698024740e+00 7.256276831399545379e+00 -1.312259105168048734e+01
1.661602790666692019e+09 2.675661146640777588e-01 -3.187514841556549072e-01 8.997480869293212891e-01 -7.738397121429443359e-01 -2.033912092447280884e-01 6.581633538007736206e-02 5.962150096893310547e-01 3.907373271915381086e+00 2.237264406543878259e+00 -5.831078051642530014e+00 6.238301486656792960e+00 -9.132140347698136651e+00 7.256276831399489424e+00 -1.312259105168026529e+01
1.661602790667689323e+09 2.705872654914855957e-01 -3.115449547767639160e-01 8.991738557815551758e-01 -7.752284407615661621e-01 -2.192538529634475708e-01 5.215070024132728577e-02 5.901091694831848145e-01 7.856424797633622781e+00 4.474528813087756518e+00 -1.166215610328506003e+01 1.247660297331358592e+01 -1.826428069539627330e+01 1.451255366279897885e+01 -2.624518210336053059e+01
1.661602790669683933e+09 2.736444175243377686e-01 -3.043088316917419434e-01 8.985826373100280762e-01 -7.761483788490295410e-01 -2.352136224508285522e-01 3.853224590420722961e-02 5.837666392326354980e-01 3.949463600385668016e+00 2.237264406543933770e+00 -5.831078051642418991e+00 6.238301486656570027e+00 -9.132140347698024740e+00 7.256276831399545379e+00 -1.312259105168048734e+01
1.661602790671678782e+09 2.767355144023895264e-01 -2.970411479473114014e-01 8.979768157005310059e-01 -7.765953540802001953e-01 -2.512564659118652344e-01 2.496668323874473572e-02 5.771884322166442871e-01 3.970692837717809454e+00 2.236997015076676476e+00 -5.830381137808112513e+00 6.237555902637607730e+00 -9.131048900303886384e+00 7.255409581867884761e+00 -1.312102267698804425e+01
1.661602790673673391e+09 2.798582017421722412e-01 -2.897401154041290283e-01 8.973585367202758789e-01 -7.765660881996154785e-01 -2.673682570457458496e-01 1.145978271961212158e-02 5.703755021095275879e-01 3.993177083847632147e+00 2.237264406543878259e+00 -5.831078051642530014e+00 6.238301486656792960e+00 -9.132140347698136651e+00 7.256276831399489424e+00 -1.312259105168026529e+01
1.661602790674670696e+09 2.830101847648620605e-01 -2.824039161205291748e-01 8.967300653457641602e-01 -7.760570645332336426e-01 -2.835345864295959473e-01 -1.982785994186997414e-03 5.633292198181152344e-01 8.031000820411167140e+00 4.474528813087756518e+00 -1.166215610328506003e+01 1.247660297331358592e+01 -1.826428069539627330e+01 1.451255366279897885e+01 -2.624518210336053059e+01
1.661602790676665545e+09 2.861889600753784180e-01 -2.750307321548461914e-01 8.960934877395629883e-01 -7.750655412673950195e-01 -2.997410297393798828e-01 -1.535533275455236435e-02 5.560511350631713867e-01 4.037610494513559800e+00 2.236997015076676476e+00 -5.830381137808112513e+00 6.237555902637607730e+00 -9.131048900303886384e+00 7.255409581867884761e+00 -1.312102267698804425e+01
1.661602790678660154e+09 2.893918752670288086e-01 -2.676188349723815918e-01 8.954509496688842773e-01 -7.735898494720458984e-01 -3.159732520580291748e-01 -2.865217626094818115e-02 5.485423803329467773e-01 4.060874665959048002e+00 2.237264406543933770e+00 -5.831078051642418991e+00 6.238301486656570027e+00 -9.132140347698136651e+00 7.256276831399545379e+00 -1.312259105168048734e+01
1.661602790680654526e+09 2.926162481307983398e-01 -2.601665258407592773e-01 8.948044180870056152e-01 -7.716277241706848145e-01 -3.322165310382843018e-01 -4.186768457293510437e-02 5.408048629760742188e-01 4.084315806347059485e+00 2.237531861942150258e+00 -5.831775132102977821e+00 6.239047248938521584e+00 -9.133232056048131042e+00 7.257144288283099876e+00 -1.312415980135769189e+01
1.661602790681652308e+09 2.958592176437377930e-01 -2.526721358299255371e-01 8.941558599472045898e-01 -7.691781520843505859e-01 -3.484562635421752930e-01 -5.499628186225891113e-02 5.328403115272521973e-01 8.209875617136596304e+00 4.472390448063580770e+00 -1.165658279092984628e+01 1.247064043903721142e+01 -1.825555224584052993e+01 1.450561815328270754e+01 -2.623263960295271247e+01
1.661602790683646917e+09 2.991178631782531738e-01 -2.451340854167938232e-01 8.935071825981140137e-01 -7.662397027015686035e-01 -3.646775782108306885e-01 -6.803234666585922241e-02 5.246509313583374023e-01 4.130043200186167773e+00 2.237264406543933770e+00 -5.831078051642418991e+00 6.238301486656570027e+00 -9.132140347698136651e+00 7.256276831399545379e+00 -1.312259105168048734e+01
1.661602790685641527e+09 3.023890554904937744e-01 -2.375507801771163940e-01 8.928601741790771484e-01 -7.628123760223388672e-01 -3.808659017086029053e-01 -8.097043633460998535e-02 5.162385106086730957e-01 4.153228952105886940e+00 2.237264406543933770e+00 -5.831078051642418991e+00 6.238301486656570027e+00 -9.132140347698136651e+00 7.256276831399545379e+00 -1.312259105168026529e+01
1.661602790687635899e+09 3.056696951389312744e-01 -2.299207597970962524e-01 8.922166228294372559e-01 -7.588959932327270508e-01 -3.970063030719757080e-01 -9.380507469177246094e-02 5.076055526733398438e-01 4.176907073253451230e+00 2.237531861942150258e+00 -5.831775132102977821e+00 6.239047248938521584e+00 -9.133232056048131042e+00 7.257144288283099876e+00 -1.312415980135769189e+01
1.661602790688633442e+09 3.089565038681030273e-01 -2.222425788640975952e-01 8.915781378746032715e-01 7.544912099838256836e-01 4.130841791629791260e-01 1.065308377146720886e-01 -4.987541437149047852e-01 8.397098107552011470e+00 4.473459375034915197e+00 -1.165936878108064256e+01 1.247362099363545163e+01 -1.825991542754364616e+01 1.450908507922767576e+01 -2.623890935429184879e+01
1.661602790690628052e+09 3.122460842132568359e-01 -2.145148813724517822e-01 8.909464478492736816e-01 7.495987415313720703e-01 4.290845394134521484e-01 1.191423311829566956e-01 -4.896870255470275879e-01 4.222605740243470684e+00 2.237264406543933770e+00 -5.831078051642418991e+00 6.238301486656570027e+00 -9.132140347698136651e+00 7.256276831399545379e+00 -1.312259105168026529e+01
1.661602790692622900e+09 3.155350387096405029e-01 -2.067363858222961426e-01 8.903229236602783203e-01 7.442198991775512695e-01 4.449926614761352539e-01 1.316342502832412720e-01 -4.804067909717559814e-01 4.245052016873777312e+00 2.236997015076676476e+00 -5.830381137808112513e+00 6.237555902637607730e+00 -9.131048900303886384e+00 7.255409581867884761e+00 -1.312102267698782043e+01
1.661602790694617271e+09 3.188197314739227295e-01 -1.989058554172515869e-01 8.897091150283813477e-01 7.383567094802856445e-01 4.607937932014465332e-01 1.440013647079467773e-01 -4.709162116050720215e-01 4.268866375296522797e+00 2.237531861942150258e+00 -5.831775132102977821e+00 6.239047248938521584e+00 -9.133232056048131042e+00 7.257144288283155831e+00 -1.312415980135769189e+01
1.661602790695614815e+09 3.220966160297393799e-01 -1.910221874713897705e-01 8.891063332557678223e-01 7.320113182067871094e-01 4.764732420444488525e-01 1.562384814023971558e-01 -4.612181782722473145e-01 8.579906060679261870e+00 4.473459375034915197e+00 -1.165936878108064256e+01 1.247362099363500576e+01 -1.825991542754364616e+01 1.450908507922767576e+01 -2.623890935429184879e+01
1.661602790697609425e+09 3.253619074821472168e-01 -1.830842941999435425e-01 8.885158896446228027e-01 7.251865267753601074e-01 4.920163154602050781e-01 1.683404743671417236e-01 -4.513158798217773438e-01 4.313394988776874328e+00 2.237264406543878259e+00 -5.831078051642418991e+00 6.238301486656570027e+00 -9.132140347698136651e+00 7.256276831399545379e+00 -1.312259105168026529e+01
1.661602790699604034e+09 3.286118209362030029e-01 -1.750912219285964966e-01 8.879389762878417969e-01 7.178854346275329590e-01 5.074084401130676270e-01 1.803023219108581543e-01 -4.412123262882232666e-01 4.335571022789162399e+00 2.237264406543878259e+00 -5.831078051642418991e+00 6.238301486656570027e+00 -9.132140347698136651e+00 7.256276831399545379e+00 -1.312259105168026529e+01
1.661602790700601339e+09 3.318425118923187256e-01 -1.670420914888381958e-01 8.873767256736755371e-01 7.101116776466369629e-01 5.226351618766784668e-01 1.921190470457077026e-01 -4.309109151363372803e-01 8.714977144755465588e+00 4.474528813087756518e+00 -1.166215610328506003e+01 1.247660297331314005e+01 -1.826428069539627330e+01 1.451255366279909076e+01 -2.624518210336053059e+01
1.661602790702596188e+09 3.350499868392944336e-01 -1.589361131191253662e-01 8.868301510810852051e-01 7.018693685531616211e-01 5.376819968223571777e-01 2.037857472896575928e-01 -4.204151034355163574e-01 4.378586918140878304e+00 2.236997015076648498e+00 -5.830381137808223535e+00 6.237555902637607730e+00 -9.131048900303886384e+00 7.255409581867884761e+00 -1.312102267698782043e+01
1.661602790704590559e+09 3.382302522659301758e-01 -1.507725715637207031e-01 8.863002061843872070e-01 6.931629776954650879e-01 5.525347590446472168e-01 2.152976244688034058e-01 -4.097284078598022461e-01 4.400959974689022225e+00 2.237531861942177791e+00 -5.831775132102865911e+00 6.239047248938298651e+00 -9.133232056048131042e+00 7.257144288283155831e+00 -1.312415980135769189e+01
1.661602790705587864e+09 3.413792550563812256e-01 -1.425509005784988403e-01 8.857877850532531738e-01 6.839975118637084961e-01 5.671792626380920410e-01 2.266499698162078857e-01 -3.988544940948486328e-01 8.842826872612583600e+00 4.474528813087812473e+00 -1.166215610328483798e+01 1.247660297331314005e+01 -1.826428069539627330e+01 1.451255366279909076e+01 -2.624518210336053059e+01
1.661602790707582951e+09 3.444928228855133057e-01 -1.342705935239791870e-01 8.852936029434204102e-01 6.743782758712768555e-01 5.816014409065246582e-01 2.378381043672561646e-01 -3.877973258495330811e-01 4.440977869874230599e+00 2.236729687517485576e+00 -5.829684390540321282e+00 6.236810496817502880e+00 -9.129957713771823080e+00 7.254542539613837882e+00 -1.311945467714603630e+01
1.661602790709577322e+09 3.475668132305145264e-01 -1.259312629699707031e-01 8.848183751106262207e-01 6.643111705780029297e-01 5.957874655723571777e-01 2.488575428724288940e-01 -3.765605986118316650e-01 4.462831961471558806e+00 2.237531861942177791e+00 -5.831775132102977821e+00 6.239047248938298651e+00 -9.133232056048131042e+00 7.257144288283155831e+00 -1.312415980135780380e+01
1.661602790711571932e+09 3.505969345569610596e-01 -1.175326108932495117e-01 8.843626976013183594e-01 6.538023948669433594e-01 6.097236871719360352e-01 2.597037851810455322e-01 -3.651484251022338867e-01 4.482164649754580843e+00 2.237264406543906237e+00 -5.831078051642418991e+00 6.238301486656570027e+00 -9.132140347698136651e+00 7.256276831399545379e+00 -1.312259105168026529e+01
1.661602790712569237e+09 3.535789847373962402e-01 -1.090744659304618835e-01 8.839270472526550293e-01 6.428586244583129883e-01 6.233965158462524414e-01 2.703725099563598633e-01 -3.535650968551635742e-01 9.003275143797031532e+00 4.474528813087812473e+00 -1.166215610328483798e+01 1.247660297331314005e+01 -1.826428069539627330e+01 1.451255366279909076e+01 -2.624518210336053059e+01
1.661602790714564085e+09 3.565086126327514648e-01 -1.005567535758018494e-01 8.835117816925048828e-01 6.314869523048400879e-01 6.367927193641662598e-01 2.808594107627868652e-01 -3.418146967887878418e-01 4.520151655996339279e+00 2.236997015076648498e+00 -5.830381137808223535e+00 6.237555902637607730e+00 -9.131048900303886384e+00 7.255409581867857227e+00 -1.312102267698793234e+01
1.661602790716558933e+09 3.593814969062805176e-01 -9.197951853275299072e-02 8.831172585487365723e-01 6.196948885917663574e-01 6.498990654945373535e-01 2.911604344844818115e-01 -3.299016356468200684e-01 4.538778508634536912e+00 2.236997015076648498e+00 -5.830381137808223535e+00 6.237555902637607730e+00 -9.131048900303886384e+00 7.255409581867857227e+00 -1.312102267698793234e+01
1.661602790717556000e+09 3.621932566165924072e-01 -8.334292471408843994e-02 8.827437162399291992e-01 6.074902415275573730e-01 6.627027392387390137e-01 3.012714684009552002e-01 -3.178304433822631836e-01 9.117195208281485108e+00 4.475598762588790080e+00 -1.166494475849843937e+01 1.247958637909346358e+01 -1.826864805089493160e+01 1.451602390518617725e+01 -2.625145785230920481e+01
1.661602790719550610e+09 3.649394810199737549e-01 -7.464724034070968628e-02 8.823912739753723145e-01 5.948814153671264648e-01 6.751910448074340820e-01 3.111886084079742432e-01 -3.056056797504425049e-01 4.575248898777032558e+00 2.237264406543906237e+00 -5.831078051642418991e+00 6.238301486656570027e+00 -9.132140347698136651e+00 7.256276831399545379e+00 -1.312259105168026529e+01
1.661602790721545219e+09 3.676157891750335693e-01 -6.589286029338836670e-02 8.820599913597106934e-01 5.818769931793212891e-01 6.873515844345092773e-01 3.209080100059509277e-01 -2.932319343090057373e-01 4.592539489186718171e+00 2.237264406543906237e+00 -5.831078051642530014e+00 6.238301486656570027e+00 -9.132140347698136651e+00 7.256276831399516958e+00 -1.312259105168037543e+01
1.661602790722542763e+09 3.702177703380584717e-01 -5.708028003573417664e-02 8.817497491836547852e-01 5.684860944747924805e-01 6.991721987724304199e-01 3.304260969161987305e-01 -2.807141244411468506e-01 9.216559934626742390e+00 4.473459375034971153e+00 -1.165936878108064256e+01 1.247362099363500576e+01 -1.825991542754364616e+01 1.450908507922762070e+01 -2.623890935429207261e+01
1.661602790724537611e+09 3.727409839630126953e-01 -4.821013659238815308e-02 8.814604282379150391e-01 5.547181367874145508e-01 7.106409668922424316e-01 3.397389948368072510e-01 -2.680570185184478760e-01 4.625203395791781524e+00 2.236997015076648498e+00 -5.830381137808112513e+00 6.237555902637607730e+00 -9.131048900303886384e+00 7.255409581867884761e+00 -1.312102267698782043e+01
1.661602790726531982e+09 3.751810193061828613e-01 -3.928317129611968994e-02 8.811917304992675781e-01 5.405829548835754395e-01 7.217462658882141113e-01 3.488436043262481689e-01 -2.552656233310699463e-01 4.642229755281420012e+00 2.237531861942177791e+00 -5.831775132102865911e+00 6.239047248938298651e+00 -9.133232056048131042e+00 7.257144288283155831e+00 -1.312415980135769189e+01
1.661602790728526831e+09 3.775334656238555908e-01 -3.030026145279407501e-02 8.809434175491333008e-01 5.260906815528869629e-01 7.324768304824829102e-01 3.577363491058349609e-01 -2.423449009656906128e-01 4.656570400320288350e+00 2.236997015076648498e+00 -5.830381137808223535e+00 6.237555902637719640e+00 -9.131048900303886384e+00 7.255409581867857227e+00 -1.312102267698793234e+01
1.661602790730521679e+09 3.797939419746398926e-01 -2.126239053905010223e-02 8.807150125503540039e-01 5.112516880035400391e-01 7.428215742111206055e-01 3.664140701293945312e-01 -2.293000370264053345e-01 4.671567489903651449e+00 2.236997015076648498e+00 -5.830381137808223535e+00 6.237555902637719640e+00 -9.131048900303886384e+00 7.255409581867857227e+00 -1.312102267698793234e+01
1.661602790731518984e+09 3.819580078125000000e-01 -1.217067707329988480e-02 8.805059790611267090e-01 4.960771203041076660e-01 7.527697682380676270e-01 3.748736679553985596e-01 -2.161362916231155396e-01 9.373316733872066209e+00 4.474528813087812473e+00 -1.166215610328483798e+01 1.247660297331314005e+01 -1.826428069539627330e+01 1.451255366279909076e+01 -2.624518210336053059e+01
1.661602790733513355e+09 3.840213119983673096e-01 -3.026353195309638977e-03 8.803157210350036621e-01 4.805778563022613525e-01 7.623111009597778320e-01 3.831121921539306641e-01 -2.028588652610778809e-01 4.701302981133866687e+00 2.237531861942177791e+00 -5.831775132102865911e+00 6.239047248938298651e+00 -9.133232056048131042e+00 7.257144288283155831e+00 -1.312415980135769189e+01
1.661602790735508204e+09 3.859795629978179932e-01 6.169221363961696625e-03 8.801435232162475586e-01 4.647655487060546875e-01 7.714354395866394043e-01 3.911267817020416260e-01 -1.894731521606445312e-01 4.713817182545162687e+00 2.236997015076648498e+00 -5.830381137808223535e+00 6.237555902637719640e+00 -9.131048900303886384e+00 7.255409581867884761e+00 -1.312102267698793234e+01
1.661602790737503052e+09 3.878284394741058350e-01 1.541456487029790878e-02 8.799885511398315430e-01 4.486520588397979736e-01 7.801332473754882812e-01 3.989148437976837158e-01 -1.759846210479736328e-01 4.727012803136620533e+00 2.236997015076648498e+00 -5.830381137808223535e+00 6.237555902637719640e+00 -9.131048900303886384e+00 7.255409581867884761e+00 -1.312102267698782043e+01
1.661602790739497423e+09 3.895636796951293945e-01 2.470807544887065887e-02 8.798500299453735352e-01 4.322491884231567383e-01 7.883948087692260742e-01 4.064736664295196533e-01 -1.623986661434173584e-01 4.740910014392063943e+00 2.237531861942177791e+00 -5.831775132102865911e+00 6.239047248938298651e+00 -9.133232056048131042e+00 7.257144288283155831e+00 -1.312415980135769189e+01
1.661602790740494490e+09 3.911810815334320068e-01 3.404802829027175903e-02 8.797269463539123535e-01 4.155696332454681396e-01 7.962114810943603516e-01 4.138009548187255859e-01 -1.487209796905517578e-01 9.507651121533008620e+00 4.475598762588790080e+00 -1.166494475849843937e+01 1.247958637909346358e+01 -1.826864805089493160e+01 1.451602390518617725e+01 -2.625145785230920481e+01
1.661602790742489338e+09 3.926764726638793945e-01 4.343257471919059753e-02 8.796182274818420410e-01 3.986260294914245605e-01 8.035745024681091309e-01 4.208944141864776611e-01 -1.349571049213409424e-01 4.764053534820933855e+00 2.236997015076648498e+00 -5.830381137808223535e+00 6.237555902637719640e+00 -9.131048900303886384e+00 7.255409581867884761e+00 -1.312102267698782043e+01
1.661602790744483948e+09 3.940457105636596680e-01 5.285975337028503418e-02 8.795226812362670898e-01 3.814311027526855469e-01 8.104754686355590820e-01 4.277517795562744141e-01 -1.211127489805221558e-01 4.776159849617444664e+00 2.237264406543906237e+00 -5.831078051642530014e+00 6.238301486656681938e+00 -9.132140347698136651e+00 7.256276831399545379e+00 -1.312259105168026529e+01
1.661602790746478796e+09 3.952848315238952637e-01 6.232747435569763184e-02 8.794391751289367676e-01 3.639981448650360107e-01 8.169067502021789551e-01 4.343711137771606445e-01 -1.071936562657356262e-01 4.786744536934859795e+00 2.236997015076648498e+00 -5.830381137808112513e+00 6.237555902637607730e+00 -9.131048900303886384e+00 7.255409581867871438e+00 -1.312102267698782043e+01
1.661602790747475863e+09 3.963897824287414551e-01 7.183353602886199951e-02 8.793663978576660156e-01 3.463406562805175781e-01 8.228607177734375000e-01 4.407506585121154785e-01 -9.320557862520217896e-02 9.598497938473522950e+00 4.475598762588790080e+00 -1.166494475849843937e+01 1.247958637909346358e+01 -1.826864805089493160e+01 1.451602390518615060e+01 -2.625145785230920481e+01
1.661602790749470711e+09 3.973566889762878418e-01 8.137561380863189697e-02 8.793029189109802246e-01 3.284721374511718750e-01 8.283303976058959961e-01 4.468885958194732666e-01 -7.915433496236801147e-02 4.807960428579593604e+00 2.236997015076648498e+00 -5.830381137808223535e+00 6.237555902637719640e+00 -9.131048900303886384e+00 7.255409581867871438e+00 -1.312102267698782043e+01
1.661602790751465321e+09 3.981817364692687988e-01 9.095127135515213013e-02 8.792472481727600098e-01 3.104065954685211182e-01 8.333091139793395996e-01 4.527833461761474609e-01 -6.504584848880767822e-02 4.818634864367053794e+00 2.237264406543906237e+00 -5.831078051642530014e+00 6.238301486656681938e+00 -9.132140347698136651e+00 7.256276831399531169e+00 -1.312259105168026529e+01
1.661602790753459930e+09 3.988611698150634766e-01 1.005579680204391479e-01 8.791978955268859863e-01 2.921580672264099121e-01 8.377905488014221191e-01 4.584335684776306152e-01 -5.088597908616065979e-02 4.828422803357896420e+00 2.237264406543906237e+00 -5.831078051642418991e+00 6.238301486656570027e+00 -9.132140347698136651e+00 7.256276831399531169e+00 -1.312259105168026529e+01
1.661602790755455017e+09 3.993913531303405762e-01 1.101930364966392517e-01 8.791531920433044434e-01 2.737407386302947998e-01 8.417689800262451172e-01 4.638379812240600586e-01 -3.668069094419479370e-02 4.836756311553398469e+00 2.236729687517485576e+00 -5.829684390540209371e+00 6.236810496817502880e+00 -9.129957713771823080e+00 7.254542539613823671e+00 -1.311945467714592439e+01
1.661602790757449865e+09 3.997686803340911865e-01 1.198537051677703857e-01 8.791115283966064453e-01 2.551691234111785889e-01 8.452389240264892578e-01 4.689953625202178955e-01 -2.243593521416187286e-02 4.846546331452508127e+00 2.236997015076648498e+00 -5.830381137808223535e+00 6.237555902637719640e+00 -9.131048900303886384e+00 7.255409581867871438e+00 -1.312102267698782043e+01
1.661602790758447170e+09 3.999897241592407227e-01 1.295370906591415405e-01 8.790709972381591797e-01 2.364577800035476685e-01 8.481954336166381836e-01 4.739047884941101074e-01 -8.157726377248764038e-03 9.712167966743985303e+00 4.474528813087812473e+00 -1.166215610328506003e+01 1.247660297331336388e+01 -1.826428069539627330e+01 1.451255366279906234e+01 -2.624518210336053059e+01
1.661602790760441542e+09 4.000511467456817627e-01 1.392402201890945435e-01 8.790298700332641602e-01 2.176215052604675293e-01 8.506339788436889648e-01 4.785654544830322266e-01 6.147937383502721786e-03 4.865398202577204678e+00 2.237531861942177791e+00 -5.831775132102865911e+00 6.239047248938298651e+00 -9.133232056048131042e+00 7.257144288283148725e+00 -1.312415980135769189e+01
1.661602790762436152e+09 3.999496400356292725e-01 1.489600092172622681e-01 8.789862394332885742e-01 1.986752152442932129e-01 8.525505661964416504e-01 4.829768240451812744e-01 2.047500945627689362e-02 4.873342548684838071e+00 2.237264406543906237e+00 -5.831078051642418991e+00 6.238301486656570027e+00 -9.132140347698136651e+00 7.256276831399531169e+00 -1.312259105168026529e+01
1.661602790764430761e+09 3.996821045875549316e-01 1.586932539939880371e-01 8.789381384849548340e-01 1.796338707208633423e-01 8.539413809776306152e-01 4.871380627155303955e-01 3.481742367148399353e-02 4.881676393574871042e+00 2.237264406543906237e+00 -5.831078051642530014e+00 6.238301486656681938e+00 -9.132140347698136651e+00 7.256276831399531169e+00 -1.312259105168026529e+01
1.661602790766425371e+09 3.992455005645751953e-01 1.684366911649703979e-01 8.788834214210510254e-01 1.605126410722732544e-01 8.548034429550170898e-01 4.910491108894348145e-01 4.916915297508239746e-02 4.889862526653550923e+00 2.237264406543906237e+00 -5.831078051642530014e+00 6.238301486656681938e+00 -9.132140347698136651e+00 7.256276831399531169e+00 -1.312259105168026529e+01
1.661602790768419981e+09 3.986369371414184570e-01 1.781869232654571533e-01 8.788201212882995605e-01 1.413267552852630615e-01 8.551338315010070801e-01 4.947095811367034912e-01 6.352410465478897095e-02 4.897905536538647020e+00 2.237264406543906237e+00 -5.831078051642418991e+00 6.238301486656570027e+00 -9.132140347698136651e+00 7.256276831399531169e+00 -1.312259105168026529e+01
1.661602790770414829e+09 3.978536427021026611e-01 1.879405081272125244e-01 8.787460327148437500e-01 1.220915168523788452e-01 8.549303412437438965e-01 4.981195330619812012e-01 7.787622511386871338e-02 4.905269027471637955e+00 2.236997015076648498e+00 -5.830381137808112513e+00 6.237555902637607730e+00 -9.131048900303886384e+00 7.255409581867871438e+00 -1.312102267698782043e+01
1.661602790772409439e+09 3.968929648399353027e-01 1.976938694715499878e-01 8.786590099334716797e-01 1.028223112225532532e-01 8.541912436485290527e-01 5.012789368629455566e-01 9.221944957971572876e-02 4.913715617797666191e+00 2.237264406543906237e+00 -5.831078051642530014e+00 6.238301486656681938e+00 -9.132140347698136651e+00 7.256276831399531169e+00 -1.312259105168032036e+01
1.661602790774403811e+09 3.957524001598358154e-01 2.074433714151382446e-01 8.785566687583923340e-01 8.353456854820251465e-02 8.529149889945983887e-01 5.041880011558532715e-01 1.065476983785629272e-01 4.922114429909810518e+00 2.237531861942177791e+00 -5.831775132102977821e+00 6.239047248938409673e+00 -9.133232056048102621e+00 7.257144288283141620e+00 -1.312415980135774873e+01
1.661602790775401115e+09 3.944295644760131836e-01 2.171852886676788330e-01 8.784368038177490234e-01 6.424378603696823120e-02 8.511008620262145996e-01 5.068473219871520996e-01 1.208549439907073975e-01 9.858620131244277829e+00 4.474528813087812473e+00 -1.166215610328483798e+01 1.247660297331314005e+01 -1.826428069539627330e+01 1.451255366279906411e+01 -2.624518210336064072e+01
1.661602790777395964e+09 3.929222524166107178e-01 2.269158363342285156e-01 8.782970309257507324e-01 4.496543854475021362e-02 8.487482666969299316e-01 5.092572569847106934e-01 1.351351290941238403e-01 4.936512236211981097e+00 2.236997015076648498e+00 -5.830381137808112513e+00 6.237555902637607730e+00 -9.131048900303886384e+00 7.255409581867874103e+00 -1.312102267698787728e+01
1.661602790779390574e+09 3.912283480167388916e-01 2.366311252117156982e-01 8.781349062919616699e-01 2.571506425738334656e-02 8.458573818206787109e-01 5.114186406135559082e-01 1.493822634220123291e-01 4.944919881703595976e+00 2.237264406543906237e+00 -5.831078051642530014e+00 6.238301486656681938e+00 -9.132140347698136651e+00 7.256276831399532945e+00 -1.312259105168032036e+01
1.661602790781385183e+09 3.893459439277648926e-01 2.463272213935852051e-01 8.779479861259460449e-01 6.508176214993000031e-03 8.424285650253295898e-01 5.133321881294250488e-01 1.635903418064117432e-01 4.952798211922767813e+00 2.237264406543906237e+00 -5.831078051642530014e+00 6.238301486656681938e+00 -9.132140347698136651e+00 7.256276831399532945e+00 -1.312259105168032036e+01
1.661602790782383204e+09 3.872732520103454590e-01 2.560001313686370850e-01 8.777338862419128418e-01 -1.263973023742437363e-02 8.384628891944885254e-01 5.149990916252136230e-01 1.777534037828445435e-01 9.914429414082869485e+00 4.471322031807529740e+00 -1.165379813187802327e+01 1.246766130849710130e+01 -1.825119114879183257e+01 1.450215288377651213e+01 -2.622637284719483119e+01
1.661602790784377098e+09 3.850086033344268799e-01 2.656457722187042236e-01 8.774899244308471680e-01 -3.171317279338836670e-02 8.339616656303405762e-01 5.164202451705932617e-01 1.918654441833496094e-01 4.970639051392147678e+00 2.238066964623498745e+00 -5.833169793141385284e+00 6.240539308545840491e+00 -9.135416255989790457e+00 7.258879824403740244e+00 -1.312729842620561627e+01
1.661602790786372185e+09 3.825505375862121582e-01 2.752600014209747314e-01 8.772137165069580078e-01 -5.069673433899879456e-02 8.289268612861633301e-01 5.175971388816833496e-01 2.059206813573837280e-01 4.975886574950744823e+00 2.236729687517485576e+00 -5.829684390540321282e+00 6.236810496817614791e+00 -9.129957713771823080e+00 7.254542539613823671e+00 -1.311945467714597946e+01
1.661602790788366795e+09 3.798977434635162354e-01 2.848386764526367188e-01 8.769025206565856934e-01 -6.957504153251647949e-02 8.233607411384582520e-01 5.185312032699584961e-01 2.199131548404693604e-01 4.985487564571952745e+00 2.237264406543906237e+00 -5.831078051642530014e+00 6.238301486656681938e+00 -9.132140347698136651e+00 7.256276831399531169e+00 -1.312259105168032036e+01
1.661602790790361643e+09 3.770490884780883789e-01 2.943775653839111328e-01 8.765538334846496582e-01 -8.833280950784683228e-02 8.172662258148193359e-01 5.192239880561828613e-01 2.338370680809020996e-01 4.993495609377865740e+00 2.236997015076648498e+00 -5.830381137808223535e+00 6.237555902637719640e+00 -9.131048900303886384e+00 7.255409581867871438e+00 -1.312102267698787728e+01
1.661602790791358948e+09 3.740035891532897949e-01 3.038723766803741455e-01 8.761650323867797852e-01 -1.069548130035400391e-01 8.106463551521301270e-01 5.196772813796997070e-01 2.476866394281387329e-01 1.000582790007347000e+01 4.474528813087812473e+00 -1.166215610328506003e+01 1.247660297331336388e+01 -1.826428069539627330e+01 1.451255366279906234e+01 -2.624518210336064072e+01
1.661602790793353558e+09 3.707603812217712402e-01 3.133187890052795410e-01 8.757333159446716309e-01 -1.254259496927261353e-01 8.035050630569458008e-01 5.198928713798522949e-01 2.614561319351196289e-01 5.011994580160086699e+00 2.237264406543906237e+00 -5.831078051642530014e+00 6.238301486656681938e+00 -9.132140347698136651e+00 7.256276831399531169e+00 -1.312259105168032036e+01
1.661602790795347929e+09 3.673188388347625732e-01 3.227125108242034912e-01 8.752561807632446289e-01 -1.437312215566635132e-01 7.958464622497558594e-01 5.198729038238525391e-01 2.751399278640747070e-01 5.021974198266848433e+00 2.237531861942177791e+00 -5.831775132102977821e+00 6.239047248938409673e+00 -9.133232056048131042e+00 7.257144288283141620e+00 -1.312415980135774873e+01
1.661602790797343016e+09 3.636784553527832031e-01 3.320491015911102295e-01 8.747308850288391113e-01 -1.618557721376419067e-01 7.876750230789184570e-01 5.196195244789123535e-01 2.887322902679443359e-01 5.029832439385689469e+00 2.236729687517485576e+00 -5.829684390540321282e+00 6.236810496817614791e+00 -9.129957713771823080e+00 7.254542539613823671e+00 -1.311945467714597946e+01
1.661602790798340082e+09 3.598389625549316406e-01 3.413242101669311523e-01 8.741546869277954102e-01 -1.797848641872406006e-01 7.789959311485290527e-01 5.191349983215332031e-01 3.022277951240539551e-01 1.008449952422349583e+01 4.475598762588790080e+00 -1.166494475849866319e+01 1.247958637909368740e+01 -1.826864805089490673e+01 1.451602390518615060e+01 -2.625145785230931850e+01
1.661602790800334692e+09 3.558002114295959473e-01 3.505333960056304932e-01 8.735249042510986328e-01 -1.975039243698120117e-01 7.698146104812622070e-01 5.184217691421508789e-01 3.156208693981170654e-01 5.051402173372273374e+00 2.237264406543906237e+00 -5.831078051642530014e+00 6.238301486656681938e+00 -9.132140347698136651e+00 7.256276831399531169e+00 -1.312259105168032036e+01
1.661602790802329302e+09 3.515622019767761230e-01 3.596721887588500977e-01 8.728387951850891113e-01 -2.149985134601593018e-01 7.601370215415954590e-01 5.174825191497802734e-01 3.289061188697814941e-01 5.062132812747385913e+00 2.237264406543892026e+00 -5.831078051642530014e+00 6.238301486656681938e+00 -9.132140347698136651e+00 7.256276831399531169e+00 -1.312259105168032036e+01
1.661602790803326607e+09 3.471252024173736572e-01 3.687362074851989746e-01 8.720937371253967285e-01 -2.322545051574707031e-01 7.499694228172302246e-01 5.163198709487915039e-01 3.420782089233398438e-01 1.014656082282947835e+01 4.474528813087812473e+00 -1.166215610328494812e+01 1.247660297331336388e+01 -1.826428069539627330e+01 1.451255366279906234e+01 -2.624518210336064072e+01
1.661602790805321217e+09 3.424895405769348145e-01 3.777209222316741943e-01 8.712869882583618164e-01 -2.492577582597732544e-01 7.393186688423156738e-01 5.149367451667785645e-01 3.551318049430847168e-01 5.084830731164372786e+00 2.237264406543906237e+00 -5.831078051642474058e+00 6.238301486656681938e+00 -9.132140347698136651e+00 7.256276831399531169e+00 -1.312259105168032036e+01
1.661602790807315826e+09 3.376558125019073486e-01 3.866219520568847656e-01 8.704158067703247070e-01 -2.659945189952850342e-01 7.281918525695800781e-01 5.133361816406250000e-01 3.680618107318878174e-01 5.096851041979428842e+00 2.237264406543906237e+00 -5.831078051642474058e+00 6.238301486656681938e+00 -9.132140347698136651e+00 7.256276831399531169e+00 -1.312259105168032036e+01
1.661602790808313131e+09 3.326247632503509521e-01 3.954347670078277588e-01 8.694775104522705078e-01 -2.824511528015136719e-01 7.165966629981994629e-01 5.115211606025695801e-01 3.808630704879760742e-01 1.021859309349172484e+01 4.474528813087812473e+00 -1.166215610328494812e+01 1.247660297331336388e+01 -1.826428069539627330e+01 1.451255366279909076e+01 -2.624518210336064072e+01
1.661602790810307741e+09 3.273972868919372559e-01 4.041549861431121826e-01 8.684694170951843262e-01 -2.986143231391906738e-01 7.045410871505737305e-01 5.094950199127197266e-01 3.935304284095764160e-01 5.122253370637710468e+00 2.237264406543906237e+00 -5.831078051642474058e+00 6.238301486656681938e+00 -9.132140347698136651e+00 7.256276831399545379e+00 -1.312259105168032036e+01
1.661602790812302351e+09 3.219744861125946045e-01 4.127781391143798828e-01 8.673889040946960449e-01 -3.144708573818206787e-01 6.920334100723266602e-01 5.072610378265380859e-01 4.060591459274291992e-01 5.135682652710683804e+00 2.237264406543906237e+00 -5.831078051642474058e+00 6.238301486656681938e+00 -9.132140347698136651e+00 7.256276831399545379e+00 -1.312259105168032036e+01
1.661602790814297199e+09 3.163576424121856689e-01 4.212998449802398682e-01 8.662332892417907715e-01 -3.300079107284545898e-01 6.790824532508850098e-01 5.048229098320007324e-01 4.184443056583404541e-01 5.149016565186528283e+00 2.236997015076648498e+00 -5.830381137808167580e+00 6.237555902637719640e+00 -9.131048900303886384e+00 7.255409581867884761e+00 -1.312102267698787728e+01
1.661602790815294504e+09 3.105481863021850586e-01 4.297156929969787598e-01 8.649999499320983887e-01 -3.452128469944000244e-01 6.656973958015441895e-01 5.021840333938598633e-01 4.306811392307281494e-01 1.032819475910863005e+01 4.474528813087812473e+00 -1.166215610328494812e+01 1.247660297331336388e+01 -1.826428069539625909e+01 1.451255366279909076e+01 -2.624518210336064072e+01
1.661602790817289114e+09 3.045477271080017090e-01 4.380213022232055664e-01 8.636863231658935547e-01 -3.600733578205108643e-01 6.518877148628234863e-01 4.993481934070587158e-01 4.427650570869445801e-01 5.179088045657787909e+00 2.237264406543906237e+00 -5.831078051642474058e+00 6.238301486656681938e+00 -9.132140347698136651e+00 7.256276831399545379e+00 -1.312259105168032036e+01
1.661602790819284439e+09 2.983580529689788818e-01 4.462124109268188477e-01 8.622897863388061523e-01 -3.745774626731872559e-01 6.376633644104003906e-01 4.963193535804748535e-01 4.546914398670196533e-01 5.192790455258176507e+00 2.236462423843507796e+00 -5.828987809779058615e+00 6.236065269132488709e+00 -9.128866788008432209e+00 7.253675704563101512e+00 -1.311788705202026151e+01
1.661602790820281267e+09 2.919811308383941650e-01 4.542846679687500000e-01 8.608078360557556152e-01 -3.887133300304412842e-01 6.230344772338867188e-01 4.931012988090515137e-01 4.664558172225952148e-01 1.042646628163131517e+01 4.476669223904883310e+00 -1.166773474767781416e+01 1.248257121199947406e+01 -1.827301749553757304e+01 1.451949580757919023e+01 -2.625773660329049619e+01
1.661602790822276115e+09 2.854191064834594727e-01 4.622338414192199707e-01 8.592379689216613770e-01 -4.024696350097656250e-01 6.080117225646972656e-01 4.896982610225677490e-01 4.780540168285369873e-01 5.226763905105054953e+00 2.236997015076648498e+00 -5.830381137808167580e+00 6.237555902637719640e+00 -9.131048900303882832e+00 7.255409581867884761e+00 -1.312102267698786306e+01
1.661602790823273182e+09 2.786742746829986572e-01 4.700557589530944824e-01 8.575776815414428711e-01 -4.158351421356201172e-01 5.926059484481811523e-01 4.861142039299011230e-01 4.894816875457763672e-01 1.049173849321546825e+01 4.475598762588790080e+00 -1.166494475849855128e+01 1.247958637909368740e+01 -1.826864805089492449e+01 1.451602390518617725e+01 -2.625145785230929008e+01
1.661602790825267792e+09 2.717491090297698975e-01 4.777462482452392578e-01 8.558246493339538574e-01 -4.287992715835571289e-01 5.768284797668457031e-01 4.823537170886993408e-01 5.007346868515014648e-01 5.262388623196032178e+00 2.237264406543906237e+00 -5.831078051642474058e+00 6.238301486656681938e+00 -9.132140347698133098e+00 7.256276831399545379e+00 -1.312259105168030615e+01
1.661602790827262402e+09 2.646462321281433105e-01 4.853012263774871826e-01 8.539764285087585449e-01 -4.413513243198394775e-01 5.606906414031982422e-01 4.784207046031951904e-01 5.118092298507690430e-01 5.280741202611017648e+00 2.237264406543906237e+00 -5.831078051642474058e+00 6.238301486656681938e+00 -9.132140347698133098e+00 7.256276831399545379e+00 -1.312259105168030615e+01
1.661602790828259468e+09 2.573684453964233398e-01 4.927166700363159180e-01 8.520306944847106934e-01 -4.534813463687896729e-01 5.442044734954833984e-01 4.743199944496154785e-01 5.227012634277343750e-01 1.060185575597690821e+01 4.475598762588790080e+00 -1.166494475849855128e+01 1.247958637909368740e+01 -1.826864805089493160e+01 1.451602390518617725e+01 -2.625145785230929008e+01
1.661602790830254555e+09 2.499187290668487549e-01 4.999886155128479004e-01 8.499851226806640625e-01 -4.651797413825988770e-01 5.273821353912353516e-01 4.700561463832855225e-01 5.334070920944213867e-01 5.317869319264385553e+00 2.236729687517485576e+00 -5.829684390540265326e+00 6.236810496817614791e+00 -9.129957713771823080e+00 7.254542539613837882e+00 -1.311945467714596703e+01
