1.661603755119785309e+09 1.378528122206244648e-16 -2.367949187755584717e-01 1.128897309303283691e+00 -6.125128269195556641e-01 6.125135421752929688e-01 3.533097505569458008e-01 3.533093035221099854e-01 0.000000000000000000e+00 0.000000000000000000e+00 0.000000000000000000e+00 0.000000000000000000e+00 0.000000000000000000e+00 0.000000000000000000e+00 0.000000000000000000e+00
1.661603760096067429e+09 1.378528122206244648e-16 -2.367949187755584717e-01 1.128897309303283691e+00 -6.125128269195556641e-01 6.125135421752929688e-01 3.533097505569458008e-01 3.533093035221099854e-01 0.000000000000000000e+00 0.000000000000000000e+00 0.000000000000000000e+00 0.000000000000000000e+00 0.000000000000000000e+00 0.000000000000000000e+00 0.000000000000000000e+00
1.661603760099058867e+09 -2.133933827280998230e-03 -2.367069423198699951e-01 1.121332883834838867e+00 -6.087551712989807129e-01 6.244327425956726074e-01 3.500154316425323486e-01 3.420382142066955566e-01 2.627548848772415013e+00 1.320419721282035219e+00 -1.581234233178933968e+00 -9.650779058937806187e-01 -2.866061634818461101e+00 -5.358641724104611370e+00 1.145442414856002422e+01
1.661603760101053715e+09 -4.220710135996341705e-03 -2.367501854896545410e-01 1.113823652267456055e+00 -6.046578288078308105e-01 6.362991333007812500e-01 3.463548123836517334e-01 3.309843838214874268e-01 3.907019986170597203e+00 1.980077237113146538e+00 -2.371189903632631157e+00 -1.447213157075105006e+00 -4.297893549906445898e+00 -8.035721012590059331e+00 1.717684472235958282e+01
1.661603760103047848e+09 -6.259617861360311508e-03 -2.369225323200225830e-01 1.106372833251953125e+00 -6.002219319343566895e-01 6.481027603149414062e-01 3.423359990119934082e-01 3.201602101325988770e-01 3.874705431938814115e+00 1.980787451330188631e+00 -2.372040402163345885e+00 -1.447732243573338629e+00 -4.299435118611577344e+00 -8.038603265464015379e+00 1.718300571401035626e+01
1.661603760104045630e+09 -8.250004611909389496e-03 -2.372217923402786255e-01 1.098983407020568848e+00 -5.954488515853881836e-01 6.598334908485412598e-01 3.379675447940826416e-01 3.095776438713073730e-01 7.675669749489132165e+00 3.958735064020477257e+00 -4.740680029557009512e+00 -2.893388885364221341e+00 -8.592706172536972886e+00 -1.606568165169439055e+01 3.434137629438055228e+01
1.661603760106040239e+09 -1.019128132611513138e-02 -2.376457154750823975e-01 1.091658234596252441e+00 -5.903404355049133301e-01 6.714814305305480957e-01 3.332583308219909668e-01 2.992485165596008301e-01 3.805199901715222488e+00 1.980313918590210109e+00 -2.371473335368884161e+00 -1.447386144543302278e+00 -4.298407283297541071e+00 -8.036681533868160088e+00 1.717889789528838307e+01
1.661603760108034849e+09 -1.208291947841644287e-02 -2.381919920444488525e-01 1.084400534629821777e+00 -5.848985910415649414e-01 6.830368041992187500e-01 3.282177448272705078e-01 2.891842126846313477e-01 3.770178292529176023e+00 1.980313918590210109e+00 -2.371473335368661672e+00 -1.447386144543079567e+00 -4.298407283297541071e+00 -8.036681533868160088e+00 1.717889789528838307e+01
1.661603760110030174e+09 -1.392445433884859085e-02 -2.388582378625869751e-01 1.077213048934936523e+00 -5.791257023811340332e-01 6.944895982742309570e-01 3.228554725646972656e-01 2.793958783149719238e-01 3.733477997290426842e+00 1.979604043843433692e+00 -2.370623243361718480e+00 -1.446867306159326461e+00 -4.296866451435922052e+00 -8.033800658661849781e+00 1.717273984848639046e+01
1.661603760111027241e+09 -1.571548543870449066e-02 -2.396420091390609741e-01 1.070098519325256348e+00 -5.730242729187011719e-01 7.058300971984863281e-01 3.171815872192382812e-01 2.698941528797149658e-01 7.399961076497803880e+00 3.961574902660377262e+00 -4.744080804327136747e+00 -2.895464487147122234e+00 -8.598870237223154689e+00 -1.607720653092803076e+01 3.436601142802071251e+01
1.661603760113021612e+09 -1.745567284524440765e-02 -2.405408173799514771e-01 1.063059687614440918e+00 -5.665972828865051270e-01 7.170487046241760254e-01 3.112065494060516357e-01 2.606897652149200439e-01 3.663433992709030473e+00 1.980550656655791553e+00 -2.371756834871020292e+00 -1.447559173371101737e+00 -4.298921139517899448e+00 -8.037642284798687697e+00 1.718095155911329641e+01
1.661603760115016222e+09 -1.914474926888942719e-02 -2.415520846843719482e-01 1.056099414825439453e+00 -5.598479509353637695e-01 7.281357049942016602e-01 3.049412071704864502e-01 2.517926394939422607e-01 3.626437693406305396e+00 1.980313918590210109e+00 -2.371473335368661672e+00 -1.447386144543079567e+00 -4.298407283297541071e+00 -8.036681533868160088e+00 1.717889789528839728e+01
1.661603760117010832e+09 -2.078250236809253693e-02 -2.426731884479522705e-01 1.049220323562622070e+00 -5.527796149253845215e-01 7.390817403793334961e-01 2.983966469764709473e-01 2.432125210762023926e-01 3.589513612024498812e+00 1.980313918590210109e+00 -2.371473335368884161e+00 -1.447386144543079567e+00 -4.298407283297541071e+00 -8.036681533868160088e+00 1.717889789528839728e+01
1.661603760121000051e+09 -2.236879244446754456e-02 -2.439015060663223267e-01 1.042424798011779785e+00 -5.453961491584777832e-01 7.498772740364074707e-01 2.915844321250915527e-01 2.349588125944137573e-01 1.776160801748323470e+00 9.901569592951050547e-01 -1.185736667684442081e+00 -7.236930722716511388e-01 -2.149203641648770535e+00 -4.018340766934080044e+00 8.589448947644198640e+00
1.661603760123991966e+09 -2.390354312956333160e-02 -2.452342808246612549e-01 1.035715460777282715e+00 -5.377014875411987305e-01 7.605131864547729492e-01 2.845163345336914062e-01 2.270404547452926636e-01 2.343144597559284836e+00 1.320209279060140073e+00 -1.580982223579256107e+00 -9.649240963622014444e-01 -2.865604855531694195e+00 -5.357787689245440355e+00 1.145259859685893211e+01
1.661603760125987291e+09 -2.538674511015415192e-02 -2.466687858104705811e-01 1.029094815254211426e+00 -5.296999216079711914e-01 7.709801793098449707e-01 2.772044837474822998e-01 2.194660454988479614e-01 3.475494569807390910e+00 1.979604043843433692e+00 -2.370623243361940968e+00 -1.446867306159326461e+00 -4.296866451435922052e+00 -8.033800658661849781e+00 1.717273984848640467e+01
1.661603760127981663e+09 -2.681845612823963165e-02 -2.482022047042846680e-01 1.022565126419067383e+00 -5.213959217071533203e-01 7.812693119049072266e-01 2.696612775325775146e-01 2.122437059879302979e-01 3.438891011208592197e+00 1.980550656655791553e+00 -2.371756834871020292e+00 -1.447559173370879027e+00 -4.298921139517899448e+00 -8.037642284798687697e+00 1.718095155911329641e+01
1.661603760129976511e+09 -2.819879725575447083e-02 -2.498316913843154907e-01 1.016128659248352051e+00 -5.127944350242614746e-01 7.913716435432434082e-01 2.618993818759918213e-01 2.053812146186828613e-01 3.399504331356330233e+00 1.980077237113146538e+00 -2.371189903632853646e+00 -1.447213157075327494e+00 -4.297893549906445898e+00 -8.035721012590059331e+00 1.717684472235959348e+01
1.661603760131971836e+09 -2.952795661985874176e-02 -2.515543699264526367e-01 1.009787678718566895e+00 -5.039005279541015625e-01 8.012785315513610840e-01 2.539317905902862549e-01 1.988858282566070557e-01 3.359805067977155613e+00 1.979604043843433692e+00 -2.370623243361940968e+00 -1.446867306159548949e+00 -4.296866451435922052e+00 -8.033800658661849781e+00 1.717273984848640467e+01
1.661603760135961533e+09 -3.080619312822818756e-02 -2.533673346042633057e-01 1.003544330596923828e+00 -4.947194457054138184e-01 8.109813332557678223e-01 2.457716315984725952e-01 1.927644163370132446e-01 1.660707013096476725e+00 9.900386185565732688e-01 -1.185594951816426823e+00 -7.236065785375525028e-01 -2.148946774953222949e+00 -4.017860506295029666e+00 8.588422361179796738e+00
1.661603760138952971e+09 -3.203382715582847595e-02 -2.552676498889923096e-01 9.974006414413452148e-01 -4.852568805217742920e-01 8.204716444015502930e-01 2.374324500560760498e-01 1.870235055685043335e-01 2.188579372109975552e+00 1.320419721282035219e+00 -1.581234233178933968e+00 -9.650779058936321819e-01 -2.866061634818461101e+00 -5.358641724104648674e+00 1.145442414856003310e+01
1.661603760140947819e+09 -3.321124613285064697e-02 -2.572523057460784912e-01 9.913586378097534180e-01 -4.755185842514038086e-01 8.297412395477294922e-01 2.289278507232666016e-01 1.816689223051071167e-01 3.242195260927642764e+00 1.980077237113146538e+00 -2.371189903632853646e+00 -1.447213157075327494e+00 -4.297893549906445898e+00 -8.035721012590059331e+00 1.717684472235959348e+01
1.661603760144937038e+09 -3.433890268206596375e-02 -2.593183219432830811e-01 9.854201674461364746e-01 -4.655106067657470703e-01 8.387819528579711914e-01 2.202716916799545288e-01 1.767062395811080933e-01 1.601294459199553488e+00 9.901569592951050547e-01 -1.185736667684442081e+00 -7.236930722716511388e-01 -2.149203641648770535e+00 -4.018340766934080044e+00 8.589448947644198640e+00
1.661603760147927999e+09 -3.541732206940650940e-02 -2.614626884460449219e-01 9.795870780944824219e-01 -4.552392661571502686e-01 8.475859165191650391e-01 2.114780247211456299e-01 1.721404492855072021e-01 2.108898216529444980e+00 1.320630230603881738e+00 -1.581486323132335947e+00 -9.652317644677085307e-01 -2.866518559750277362e+00 -5.359496031274693095e+00 1.145625028234218590e+01
1.661603760150921583e+09 -3.644708544015884399e-02 -2.636823356151580811e-01 9.738611578941345215e-01 -4.447110295295715332e-01 8.561455011367797852e-01 2.025610953569412231e-01 1.679761409759521484e-01 2.080058679490057738e+00 1.319473259232693207e+00 -1.580100822212102241e+00 -9.643861488728419085e-01 -2.864007273977957180e+00 -5.354800709807345349e+00 1.144621374577753592e+01
1.661603760152915716e+09 -3.742884099483489990e-02 -2.659742534160614014e-01 9.682439565658569336e-01 -4.339327812194824219e-01 8.644530773162841797e-01 1.935352832078933716e-01 1.642173528671264648e-01 3.081892913822052993e+00 1.980787451330188631e+00 -2.372040402163568373e+00 -1.447732243573561117e+00 -4.299435118611577344e+00 -8.038603265464015379e+00 1.718300571401037047e+01
1.661603760153912306e+09 -3.836330398917198181e-02 -2.683352828025817871e-01 9.627372026443481445e-01 -4.229113459587097168e-01 8.725013732910156250e-01 1.844151020050048828e-01 1.608676910400390625e-01 6.084744745314864645e+00 3.963470393044425055e+00 -4.746350699448824706e+00 -2.896849876853891281e+00 -8.602984529202686304e+00 -1.608489897424426474e+01 3.438245449568965029e+01
1.661603760155908346e+09 -3.925125300884246826e-02 -2.707624435424804688e-01 9.573422670364379883e-01 -4.116540253162384033e-01 8.802832365036010742e-01 1.752152740955352783e-01 1.579302251338958740e-01 2.996957236244096379e+00 1.978894677845878691e+00 -2.369773760594261258e+00 -1.446348839613879944e+00 -4.295326723849406392e+00 -8.030921848105712968e+00 1.716658621500032567e+01
1.661603760157902002e+09 -4.009352251887321472e-02 -2.732525467872619629e-01 9.520605802536010742e-01 -4.001681208610534668e-01 8.877919316291809082e-01 1.659505069255828857e-01 1.554075628519058228e-01 2.959227420872626357e+00 1.981261210586665600e+00 -2.372607740217071992e+00 -1.448078508161612543e+00 -4.300463445595219980e+00 -8.040525916328752132e+00 1.718711549772575253e+01
1.661603760160894156e+09 -4.089102149009704590e-02 -2.758025527000427246e-01 9.468934535980224609e-01 -3.884611129760742188e-01 8.950206041336059570e-01 1.566356420516967773e-01 1.533017158508300781e-01 1.944091968519048086e+00 1.320104083101649062e+00 -1.580856248900086580e+00 -9.648472099800211588e-01 -2.865376520483444711e+00 -5.357360773891715056e+00 1.145168603920181205e+01
1.661603760162888288e+09 -4.164470732212066650e-02 -2.784093618392944336e-01 9.418421387672424316e-01 -3.765409290790557861e-01 9.019628763198852539e-01 1.472856551408767700e-01 1.516143381595611572e-01 2.875457909718725169e+00 1.980787451330188631e+00 -2.372040402163568373e+00 -1.447732243573561117e+00 -4.299435118611577344e+00 -8.038603265464015379e+00 1.718300571401037047e+01
1.661603760164882660e+09 -4.235560819506645203e-02 -2.810698747634887695e-01 9.369077682495117188e-01 -3.644154071807861328e-01 9.086125493049621582e-01 1.379155516624450684e-01 1.503464877605438232e-01 2.833381967277684321e+00 1.980550656655791553e+00 -2.371756834870909270e+00 -1.447559173370879027e+00 -4.298921139517899448e+00 -8.037642284798687697e+00 1.718095155911329641e+01
1.661603760165880203e+09 -4.302480444312095642e-02 -2.837809920310974121e-01 9.320914149284362793e-01 -3.520927429199218750e-01 9.149635434150695801e-01 1.285403221845626831e-01 1.494986861944198608e-01 5.581047629789443576e+00 3.959681224408627465e+00 -4.741813079277044984e+00 -2.894080421904255296e+00 -8.594759878601127667e+00 -1.606952144176410613e+01 3.434958408030180266e+01
1.661603760168873310e+09 -4.365343973040580750e-02 -2.865396142005920410e-01 9.273939728736877441e-01 -3.395811021327972412e-01 9.210101962089538574e-01 1.191750243306159973e-01 1.490709781646728516e-01 1.832114997704714421e+00 1.319683466857232590e+00 -1.580352550875902873e+00 -9.645397869403589119e-01 -2.864463544055070088e+00 -5.355653792603235708e+00 1.144803726238511565e+01
1.661603760170866966e+09 -4.424270614981651306e-02 -2.893426716327667236e-01 9.228164553642272949e-01 -3.268890976905822754e-01 9.267470240592956543e-01 1.098347678780555725e-01 1.490629464387893677e-01 2.708500054881142649e+00 1.981261210586665600e+00 -2.372607740217183014e+00 -1.448078508161835254e+00 -4.300463445595234191e+00 -8.040525916328752132e+00 1.718711549772575253e+01
1.661603760172861814e+09 -4.479386657476425171e-02 -2.921871542930603027e-01 9.183595180511474609e-01 -3.140252232551574707e-01 9.321687221527099609e-01 1.005345657467842102e-01 1.494735479354858398e-01 2.664831050699110193e+00 1.980077237113146538e+00 -2.371189903632742180e+00 -1.447213157075105006e+00 -4.297893549906431687e+00 -8.035721012590059331e+00 1.717684472235959348e+01
1.661603760173859358e+09 -4.530822485685348511e-02 -2.950699329376220703e-01 9.140238761901855469e-01 -3.009983301162719727e-01 9.372703433036804199e-01 9.128949791193008423e-02 1.503013372421264648e-01 5.244783710822859213e+00 3.959681224408627465e+00 -4.741813079277044984e+00 -2.894080421904255296e+00 -8.594759878601127667e+00 -1.606952144176410613e+01 3.434958408030180266e+01
1.661603760176852226e+09 -4.578714817762374878e-02 -2.979880273342132568e-01 9.098101854324340820e-01 -2.878172695636749268e-01 9.420471191406250000e-01 8.211449533700942993e-02 1.515442728996276855e-01 1.720021748176102205e+00 1.319788595787914964e+00 -1.580478445287667233e+00 -9.646166243327702894e-01 -2.864691733614860958e+00 -5.356080435938901374e+00 1.144894923858701041e+01
1.661603760178845644e+09 -4.623204842209815979e-02 -3.009384572505950928e-01 9.057189822196960449e-01 -2.744910120964050293e-01 9.464945793151855469e-01 7.302451133728027344e-02 1.531998515129089355e-01 2.540203175596000840e+00 1.981498175209388535e+00 -2.372891511026920863e+00 -1.448251702577355138e+00 -4.300977793573418140e+00 -8.041487586693101264e+00 1.718917112689663185e+01
1.661603760180840254e+09 -4.664438962936401367e-02 -3.039181828498840332e-01 9.017506241798400879e-01 -2.610287666320800781e-01 9.506084918975830078e-01 6.403436511754989624e-02 1.552649885416030884e-01 2.496540398654647941e+00 1.980313918590210109e+00 -2.371473335368773139e+00 -1.447386144543079567e+00 -4.298407283297527748e+00 -8.036681533868160088e+00 1.717889789528839728e+01
1.661603760181837320e+09 -4.702569171786308289e-02 -3.069242835044860840e-01 8.979054689407348633e-01 -2.474397271871566772e-01 9.543848037719726562e-01 5.515882372856140137e-02 1.577361971139907837e-01 4.910039550184343682e+00 3.961574902660377262e+00 -4.744080804326913814e+00 -2.895464487146677257e+00 -8.598870237223126267e+00 -1.607720653092803076e+01 3.436601142802074094e+01
1.661603760184830904e+09 -4.737751185894012451e-02 -3.099538683891296387e-01 8.941837549209594727e-01 -2.337333410978317261e-01 9.578200578689575195e-01 4.641249775886535645e-02 1.606094092130661011e-01 1.607367595377817260e+00 1.319473259232693207e+00 -1.580100822212176404e+00 -9.643861488729902343e-01 -2.864007273977947854e+00 -5.354800709807345349e+00 1.144621374577753592e+01
1.661603760186824799e+09 -4.770146310329437256e-02 -3.130039870738983154e-01 8.905857205390930176e-01 -2.199190557003021240e-01 9.609106779098510742e-01 3.780990466475486755e-02 1.638800948858261108e-01 2.371240607103250131e+00 1.981024302633707546e+00 -2.372324037270846286e+00 -1.447905355165522767e+00 -4.299949220622637291e+00 -8.039564475946553657e+00 1.718506036015577365e+01
1.661603760188819885e+09 -4.799919575452804565e-02 -3.160718381404876709e-01 8.871113061904907227e-01 -2.060064226388931274e-01 9.636536836624145508e-01 2.936539612710475922e-02 1.675431877374649048e-01 2.327997623177655129e+00 1.979840612204313732e+00 -2.370906539638522492e+00 -1.447040210952127648e+00 -4.297379939300563834e+00 -8.034760720882053064e+00 1.717479204015090133e+01
1.661603760189816236e+09 -4.827240481972694397e-02 -3.191545605659484863e-01 8.837605118751525879e-01 -1.920050382614135742e-01 9.660460352897644043e-01 2.109314501285552979e-02 1.715931445360183716e-01 4.578024448000502566e+00 3.964418818599114047e+00 -4.747486461760026977e+00 -2.897543068975210190e+00 -8.605043151966286885e+00 -1.608874795700909743e+01 3.439068193155844000e+01
1.661603760192809105e+09 -4.852283000946044922e-02 -3.222494423389434814e-01 8.805333375930786133e-01 -1.779247224330902100e-01 9.680853486061096191e-01 1.300718542188405991e-02 1.760239750146865845e-01 1.496341954891594606e+00 1.319788595787914964e+00 -1.580478445287667233e+00 -9.646166243327702894e-01 -2.864691733614842306e+00 -5.356080435938901374e+00 1.144894923858701041e+01
1.661603760194802999e+09 -4.875224083662033081e-02 -3.253536820411682129e-01 8.774294257164001465e-01 -1.637751609086990356e-01 9.697692394256591797e-01 5.121306981891393661e-03 1.808291226625442505e-01 2.204638357378053470e+00 1.981024302633707546e+00 -2.372324037270846286e+00 -1.447905355165522767e+00 -4.299949220622637291e+00 -8.039564475946553657e+00 1.718506036015577365e+01
1.661603760196798801e+09 -4.896245524287223816e-02 -3.284646570682525635e-01 8.744485974311828613e-01 -1.495662629604339600e-01 9.710956811904907227e-01 -2.550885779783129692e-03 1.860016733407974243e-01 2.161368553971778184e+00 1.979131076684469859e+00 -2.370056853863953261e+00 -1.446521620505005767e+00 -4.295839843754284182e+00 -8.031881222355874428e+00 1.716863693608681629e+01
1.661603760198792219e+09 -4.915531724691390991e-02 -3.315797150135040283e-01 8.715904355049133301e-01 -1.353078633546829224e-01 9.720630645751953125e-01 -9.996025823056697845e-03 1.915341466665267944e-01 2.122989832905404217e+00 1.981498175209388535e+00 -2.372891511026809397e+00 -1.448251702577132427e+00 -4.300977793573390606e+00 -8.041487586693101264e+00 1.718917112689663185e+01
1.661603760200790167e+09 -4.933270812034606934e-02 -3.346962630748748779e-01 8.688545227050781250e-01 -1.210099235177040100e-01 9.726698398590087891e-01 -1.720099523663520813e-02 1.974186003208160400e-01 2.077557041123847537e+00 1.977005518248889926e+00 -2.367511446741776382e+00 -1.444968076998718987e+00 -4.291226173277698841e+00 -8.023255096938070707e+00 1.715019806586906270e+01
1.661603760202782631e+09 -4.949653893709182739e-02 -3.378117382526397705e-01 8.662402033805847168e-01 -1.066823899745941162e-01 9.729149341583251953e-01 -2.415293455123901367e-02 2.036467343568801880e-01 2.042868933244852858e+00 1.982446600804798065e+00 -2.374027273387111059e+00 -1.448944894728658950e+00 -4.303036416425405797e+00 -8.045336569623193768e+00 1.719739856311867143e+01
1.661603760204776764e+09 -4.964875429868698120e-02 -3.409237265586853027e-01 8.637469410896301270e-01 -9.233525395393371582e-02 9.727975130081176758e-01 -3.083925880491733551e-02 2.102096974849700928e-01 2.001114468316462336e+00 1.980787451330188631e+00 -2.372040402163456907e+00 -1.447732243573338629e+00 -4.299435118611563134e+00 -8.038603265464015379e+00 1.718300571401037047e+01
1.661603760207768679e+09 -4.979131743311882019e-02 -3.440297842025756836e-01 8.613740205764770508e-01 -7.797851413488388062e-02 9.723169803619384766e-01 -3.724767640233039856e-02 2.170982807874679565e-01 1.307307115709205103e+00 1.320209279060140073e+00 -1.580982223579181944e+00 -9.649240963620530076e-01 -2.865604855531684869e+00 -5.357787689245440355e+00 1.145259859685893211e+01
1.661603760209763527e+09 -4.992622509598731995e-02 -3.471275568008422852e-01 8.591205477714538574e-01 -6.362216919660568237e-02 9.714730381965637207e-01 -4.336620122194290161e-02 2.243027985095977783e-01 1.921491643613780553e+00 1.980077237113146538e+00 -2.371189903632853646e+00 -1.447213157075105006e+00 -4.297893549906431687e+00 -8.035721012590059331e+00 1.717684472235959348e+01
1.661603760211757898e+09 -5.005548521876335144e-02 -3.502147197723388672e-01 8.569856882095336914e-01 -4.927621409296989441e-02 9.702656865119934082e-01 -4.918317124247550964e-02 2.318131625652313232e-01 1.883124785782688271e+00 1.980550656655791553e+00 -2.371756834871020292e+00 -1.447559173370879027e+00 -4.298921139517886125e+00 -8.037642284798687697e+00 1.718095155911329641e+01
1.661603760212755203e+09 -5.018114298582077026e-02 -3.532890677452087402e-01 8.549685478210449219e-01 -3.495066612958908081e-02 9.686952829360961914e-01 -5.468725413084030151e-02 2.396189272403717041e-01 3.689108213757224419e+00 3.960627837180420219e+00 -4.742946670737546278e+00 -2.894772289086159134e+00 -8.596814566595055496e+00 -1.607336306773632018e+01 3.435779579057679456e+01
1.661603760214749336e+09 -5.030524730682373047e-02 -3.563484251499176025e-01 8.530679941177368164e-01 -2.065549045801162720e-02 9.667623639106750488e-01 -5.986747890710830688e-02 2.477092146873474121e-01 1.807187483034687236e+00 1.980787451330188631e+00 -2.372040402163456907e+00 -1.447732243573338629e+00 -4.299435118611563134e+00 -8.038603265464015379e+00 1.718300571401037047e+01
1.661603760217741251e+09 -5.042986571788787842e-02 -3.593907058238983154e-01 8.512828946113586426e-01 -6.400631275027990341e-03 9.644677639007568359e-01 -6.471320986747741699e-02 2.560727298259735107e-01 1.179689346057188004e+00 1.320209279060140073e+00 -1.580982223579256107e+00 -9.649240963620530076e-01 -2.865604855531684869e+00 -5.357787689245440355e+00 1.145259859685893211e+01
1.661603760219735861e+09 -5.055708438158035278e-02 -3.624138832092285156e-01 8.496121168136596680e-01 7.804001681506633759e-03 9.618126153945922852e-01 -6.921422481536865234e-02 2.646978795528411865e-01 1.732912553884514928e+00 1.980313918590210109e+00 -2.371473335368884161e+00 -1.447386144543079567e+00 -4.298407283297527748e+00 -8.036681533868160088e+00 1.717889789528839728e+01
1.661603760220733404e+09 -5.068899691104888916e-02 -3.654159605503082275e-01 8.480542898178100586e-01 2.194854058325290680e-02 9.587985277175903320e-01 -7.336064428091049194e-02 2.735726535320281982e-01 3.393109614875811086e+00 3.959681224408627465e+00 -4.741813079277044984e+00 -2.894080421904255296e+00 -8.594759878601127667e+00 -1.606952144176410613e+01 3.434958408030180266e+01
1.661603760224722385e+09 -5.082770809531211853e-02 -3.683950901031494141e-01 8.466081619262695312e-01 3.602316603064537048e-02 9.554269909858703613e-01 -7.714302092790603638e-02 2.826846837997436523e-01 8.309074538890756090e-01 9.902161402740838891e-01 -1.185807538323779387e+00 -7.237363268930371296e-01 -2.149332098025647841e+00 -4.018580940310861216e+00 8.589962332913916754e+00
1.661603760226717234e+09 -5.097532272338867188e-02 -3.713494539260864258e-01 8.452722430229187012e-01 5.001813173294067383e-02 9.517000317573547363e-01 -8.055231720209121704e-02 2.920213937759399414e-01 1.627053911244371376e+00 1.980077237113146538e+00 -2.371189903632853646e+00 -1.447213157075105006e+00 -4.297893549906460109e+00 -8.035721012590059331e+00 1.717684472235970716e+01
1.661603760228711843e+09 -5.113396048545837402e-02 -3.742772638797760010e-01 8.440451025962829590e-01 6.392374634742736816e-02 9.476200938224792480e-01 -8.357990533113479614e-02 3.015697598457336426e-01 1.593564329754711073e+00 1.980313918590210109e+00 -2.371473335368884161e+00 -1.447386144543079567e+00 -4.298407283297555281e+00 -8.036681533868160088e+00 1.717889789528850741e+01
1.661603760230706453e+09 -5.130573734641075134e-02 -3.771769404411315918e-01 8.429250717163085938e-01 7.773039489984512329e-02 9.431895613670349121e-01 -8.621759712696075439e-02 3.113165199756622314e-01 1.560813459566153805e+00 1.980313918590210109e+00 -2.371473335368773139e+00 -1.447386144543079567e+00 -4.298407283297555281e+00 -8.036681533868160088e+00 1.717889789528828715e+01
1.661603760234696865e+09 -5.149276182055473328e-02 -3.800468444824218750e-01 8.419106006622314453e-01 9.142855554819107056e-02 9.384112954139709473e-01 -8.845762163400650024e-02 3.212480843067169189e-01 7.642491139837800374e-01 9.898611604783232876e-01 -1.185382441518501251e+00 -7.234768766951904517e-01 -2.148561590014181011e+00 -4.017140330545559301e+00 8.586882941505754374e+00
1.661603760238195658e+09 -5.169714987277984619e-02 -3.828854858875274658e-01 8.409999012947082520e-01 1.050088256597518921e-01 9.332883358001708984e-01 -9.029272943735122681e-02 3.313506543636322021e-01 8.540513919252997743e-01 1.128947614509417274e+00 -1.351941800592578291e+00 -8.251333891139627230e-01 -2.450458284979035728e+00 -4.581593029801773298e+00 9.793435079521884745e+00
1.661603760242185116e+09 -5.192101001739501953e-02 -3.856914341449737549e-01 8.401913046836853027e-01 1.184618175029754639e-01 9.278240799903869629e-01 -9.171606600284576416e-02 3.416099846363067627e-01 7.341098923991836722e-01 9.900977853896978376e-01 -1.185665805515812243e+00 -7.236498228200205496e-01 -2.149075200625551130e+00 -4.018100622263851562e+00 8.588935623736547953e+00
1.661603760245178223e+09 -5.216643586754798889e-02 -3.884633481502532959e-01 8.394829034805297852e-01 1.317783743143081665e-01 9.220221638679504395e-01 -9.272128343582153320e-02 3.520119190216064453e-01 9.593745874140789942e-01 1.319683466857241694e+00 -1.580352550875828710e+00 -9.645397869402105862e-01 -2.864463544055070088e+00 -5.355653792603235708e+00 1.144803726238504105e+01
1.661603760247171879e+09 -5.243551731109619141e-02 -3.912000060081481934e-01 8.388727903366088867e-01 1.449492871761322021e-01 9.158863425254821777e-01 -9.330249577760696411e-02 3.625417351722717285e-01 1.412843873559335606e+00 1.981261210586651611e+00 -2.372607740217071992e+00 -1.448078508161612543e+00 -4.300463445595234191e+00 -8.040525916328752132e+00 1.718711549772563885e+01
1.661603760250164986e+09 -5.273032933473587036e-02 -3.939001560211181641e-01 8.383591175079345703e-01 1.579656749963760376e-01 9.094209074974060059e-01 -9.345433861017227173e-02 3.731847405433654785e-01 9.235692737370609917e-01 1.319683466857223264e+00 -1.580352550875902873e+00 -9.645397869402105862e-01 -2.864463544055070088e+00 -5.355653792603235708e+00 1.144803726238518848e+01
1.661603760253156185e+09 -5.305292829871177673e-02 -3.965627849102020264e-01 8.379397392272949219e-01 1.708186417818069458e-01 9.026300311088562012e-01 -9.317190200090408325e-02 3.839259147644042969e-01 9.075589337755347596e-01 1.320524967553449835e+00 -1.581360268109045508e+00 -9.651548290488923820e-01 -2.866290079074393926e+00 -5.359068843642677216e+00 1.145533714267350511e+01
1.661603760256148577e+09 -5.340536311268806458e-02 -3.991868197917938232e-01 8.376126885414123535e-01 1.834994107484817505e-01 8.955184221267700195e-01 -9.245079010725021362e-02 3.947499990463256836e-01 8.915010640135249131e-01 1.319998903906128174e+00 -1.580730294294889315e+00 -9.647703358495262060e-01 -2.865148221820360774e+00 -5.356933926566888715e+00 1.145077362696054557e+01
1.661603760259140253e+09 -5.378964915871620178e-02 -4.017713665962219238e-01 8.373758196830749512e-01 1.959994882345199585e-01 8.880909681320190430e-01 -9.128712862730026245e-02 4.056418240070343018e-01 8.769912329442798304e-01 1.320314491785608446e+00 -1.581108218337197613e+00 -9.650009949989961644e-01 -2.865833226973808490e+00 -5.358214672644328047e+00 1.145351129996682005e+01
1.661603760263129711e+09 -5.420778691768646240e-02 -4.043155610561370850e-01 8.372269272804260254e-01 2.083104103803634644e-01 8.803527355194091797e-01 -8.967756479978561401e-02 4.165858328342437744e-01 6.473614714452454733e-01 9.900977853896838488e-01 -1.185665805515812243e+00 -7.236498228200205496e-01 -2.149075200625551130e+00 -4.018100622263851562e+00 8.588935623736547953e+00
1.661603760266120911e+09 -5.466175079345703125e-02 -4.068186879158020020e-01 8.371638059616088867e-01 2.204239070415496826e-01 8.723090887069702148e-01 -8.761921525001525879e-02 4.275664389133453369e-01 8.507429720542186713e-01 1.320524967553449835e+00 -1.581360268109045508e+00 -9.651548290488923820e-01 -2.866290079074393926e+00 -5.359068843642677216e+00 1.145533714267350511e+01
1.661603760269113302e+09 -5.515349283814430237e-02 -4.092800319194793701e-01 8.371841907501220703e-01 2.323318868875503540e-01 8.639655113220214844e-01 -8.510979264974594116e-02 4.385679066181182861e-01 8.388166027812823389e-01 1.319998903906128174e+00 -1.580730294294889315e+00 -9.647703358495262060e-01 -2.865148221820360774e+00 -5.356933926566888715e+00 1.145077362696054557e+01
1.661603760271107674e+09 -5.568492412567138672e-02 -4.116990268230438232e-01 8.372858166694641113e-01 2.440264075994491577e-01 8.553278446197509766e-01 -8.214748650789260864e-02 4.495744407176971436e-01 1.242881083717901181e+00 1.980550656655805541e+00 -2.371756834870909270e+00 -1.447559173370879027e+00 -4.298921139517913659e+00 -8.037642284798687697e+00 1.718095155911341010e+01
1.661603760273101807e+09 -5.625792965292930603e-02 -4.140751957893371582e-01 8.374661803245544434e-01 2.554996907711029053e-01 8.464021086692810059e-01 -7.873101532459259033e-02 4.605701267719268799e-01 1.229069199500152809e+00 1.980787451330174642e+00 -2.372040402163568373e+00 -1.447732243573338629e+00 -4.299435118611591555e+00 -8.038603265464015379e+00 1.718300571401048060e+01
1.661603760277091503e+09 -5.687436461448669434e-02 -4.164080917835235596e-01 8.377230167388916016e-01 2.667441666126251221e-01 8.371944427490234375e-01 -7.485967874526977539e-02 4.715391099452972412e-01 6.082153038634688924e-01 9.900386185565802633e-01 -1.185594951816426823e+00 -7.236065785375525028e-01 -2.148946774953230054e+00 -4.017860506295029666e+00 8.588422361179741671e+00
1.661603760280083179e+09 -5.753604322671890259e-02 -4.186973869800567627e-01 8.380538225173950195e-01 2.777524888515472412e-01 8.277112245559692383e-01 -7.053326070308685303e-02 4.824652969837188721e-01 8.041818939633222918e-01 1.320314491785608446e+00 -1.581108218337197613e+00 -9.650009949989961644e-01 -2.865833226973808490e+00 -5.358214672644328047e+00 1.145351129996667261e+01
1.661603760282078266e+09 -5.824474245309829712e-02 -4.209428727626800537e-01 8.384560942649841309e-01 2.885173857212066650e-01 8.179591298103332520e-01 -6.575211137533187866e-02 4.933327734470367432e-01 1.197332875827961995e+00 1.979840612204327499e+00 -2.370906539638522492e+00 -1.447040210952127648e+00 -4.297379939300591367e+00 -8.034760720882053064e+00 1.717479204015101146e+01
1.661603760286068916e+09 -5.900219082832336426e-02 -4.231443703174591064e-01 8.389273881912231445e-01 2.990319132804870605e-01 8.079447746276855469e-01 -6.051711738109588623e-02 5.041255950927734375e-01 5.952367260424279438e-01 9.898020219217238402e-01 -1.185311621680970484e+00 -7.234336530796632303e-01 -2.148433225717968131e+00 -4.016900329330924890e+00 8.586369924243259177e+00
1.661603760290056705e+09 -5.981008708477020264e-02 -4.253018200397491455e-01 8.394651412963867188e-01 3.092894256114959717e-01 7.976757884025573730e-01 -5.482970550656318665e-02 5.148274302482604980e-01 5.932321398604337714e-01 9.905121513168607672e-01 -1.186162018635423143e+00 -7.239526775826499172e-01 -2.149974610311332412e+00 -4.019782237973276828e+00 8.592530180077831758e+00
1.661603760292051792e+09 -6.067007407546043396e-02 -4.274151921272277832e-01 8.400667309761047363e-01 3.192830085754394531e-01 7.871584296226501465e-01 -4.869179055094718933e-02 5.254227519035339355e-01 1.182717957777682516e+00 1.979840612204327499e+00 -2.370906539638522492e+00 -1.447040210952127648e+00 -4.297379939300591367e+00 -8.034760720882053064e+00 1.717479204015078764e+01
1.661603760295043230e+09 -6.158375367522239685e-02 -4.294846057891845703e-01 8.407295942306518555e-01 3.290065526962280273e-01 7.764006853103637695e-01 -4.210590198636054993e-02 5.358954071998596191e-01 7.880020528444123817e-01 1.320419721282044545e+00 -1.581234233178859805e+00 -9.650779058936321819e-01 -2.866061634818470427e+00 -5.358641724104648674e+00 1.145442414856010771e+01
1.661603760298035145e+09 -6.255267560482025146e-02 -4.315102696418762207e-01 8.414511084556579590e-01 3.384538292884826660e-01 7.654097080230712891e-01 -3.507508710026741028e-02 5.462295413017272949e-01 7.883042345515299809e-01 1.320209279060149399e+00 -1.580982223579256107e+00 -9.649240963620530076e-01 -2.865604855531703521e+00 -5.357787689245440355e+00 1.145259859685900494e+01
1.661603760301027775e+09 -6.357833743095397949e-02 -4.334923923015594482e-01 8.422285914421081543e-01 3.476189672946929932e-01 7.541934251785278320e-01 -2.760290354490280151e-02 5.564094185829162598e-01 7.897127436125440658e-01 1.319893741469551740e+00 -1.580604359759089084e+00 -9.646934739680850246e-01 -2.864919959533727578e+00 -5.356507147254702339e+00 1.144986136010052569e+01
1.661603760304019213e+09 -6.466218084096908569e-02 -4.354313313961029053e-01 8.430594205856323242e-01 3.564961850643157959e-01 7.427595257759094238e-01 -1.969343051314353943e-02 5.664194226264953613e-01 7.927954223647926124e-01 1.320419721282044545e+00 -1.581234233178859805e+00 -9.650779058936321819e-01 -2.866061634818470427e+00 -5.358641724104648674e+00 1.145442414855995850e+01
1.661603760306014061e+09 -6.580559909343719482e-02 -4.373275041580200195e-01 8.439409136772155762e-01 3.650800287723541260e-01 7.311159968376159668e-01 -1.135132554918527603e-02 5.762439966201782227e-01 1.194705132518919299e+00 1.980077237113160527e+00 -2.371189903632742180e+00 -1.447213157075105006e+00 -4.297893549906460109e+00 -8.035721012590059331e+00 1.717684472235970716e+01
1.661603760309007645e+09 -6.700992584228515625e-02 -4.391814172267913818e-01 8.448702692985534668e-01 3.733653426170349121e-01 7.192710638046264648e-01 -2.581739099696278572e-03 5.858675837516784668e-01 8.010949589214497735e-01 1.319473259232702533e+00 -1.580100822212176404e+00 -9.643861488728419085e-01 -2.864007273977966506e+00 -5.354800709807345349e+00 1.144621374577760875e+01
1.661603760311000586e+09 -6.827643513679504395e-02 -4.409936368465423584e-01 8.458448052406311035e-01 3.813471794128417969e-01 7.072328925132751465e-01 6.609702948480844498e-03 5.952751636505126953e-01 1.212367065356662277e+00 1.981972274545497514e+00 -2.373459256334021550e+00 -1.448598215725254601e+00 -4.302006858723213867e+00 -8.043411617698412286e+00 1.719328386074671755e+01
1.661603760312996149e+09 -6.960634142160415649e-02 -4.427648186683654785e-01 8.468618988990783691e-01 3.890205025672912598e-01 6.950095891952514648e-01 1.621671952307224274e-02 6.044515967369079590e-01 1.221337069985360291e+00 1.979367532010252395e+00 -2.370340014778393734e+00 -1.446694442681888182e+00 -4.296353086268500654e+00 -8.032840825847195276e+00 1.717068814719018022e+01
1.661603760315988064e+09 -7.100079208612442017e-02 -4.444956779479980469e-01 8.479186296463012695e-01 3.963811993598937988e-01 6.826101541519165039e-01 2.623269706964492798e-02 6.133818626403808594e-01 8.225858501784388821e-01 1.320209279060149399e+00 -1.580982223579181944e+00 -9.649240963620530076e-01 -2.865604855531703521e+00 -5.357787689245440355e+00 1.145259859685900494e+01
1.661603760318979025e+09 -7.246087491512298584e-02 -4.461870193481445312e-01 8.490124344825744629e-01 4.034247398376464844e-01 6.700428128242492676e-01 3.665037453174591064e-02 6.220514178276062012e-01 8.317551569103995845e-01 1.320630230603891064e+00 -1.581486323132410110e+00 -9.652317644677085307e-01 -2.866518559750286688e+00 -5.359496031274693095e+00 1.145625028234226050e+01
1.661603760320975065e+09 -7.398761808872222900e-02 -4.478397071361541748e-01 8.501403927803039551e-01 4.101471304893493652e-01 6.573162674903869629e-01 4.746209457516670227e-02 6.304458975791931152e-01 1.260929134821617614e+00 1.978894677845892680e+00 -2.369773760594372281e+00 -1.446348839613879944e+00 -4.295326723849420603e+00 -8.030921848105712968e+00 1.716658621500043935e+01
1.661603760322968245e+09 -7.558196783065795898e-02 -4.494546949863433838e-01 8.512998819351196289e-01 4.165448546409606934e-01 6.444396376609802246e-01 5.865965411067008972e-02 6.385508179664611816e-01 1.278580936630850484e+00 1.981735196522226516e+00 -2.373175349724300887e+00 -1.448424938426722930e+00 -4.301492264601357363e+00 -8.042449487122132368e+00 1.719122724784493528e+01
1.661603760325960875e+09 -7.724481076002120972e-02 -4.510329961776733398e-01 8.524881005287170410e-01 4.226141870021820068e-01 6.314213275909423828e-01 7.023435831069946289e-02 6.463524699211120605e-01 8.628652284043010212e-01 1.319893741469551740e+00 -1.580604359759014921e+00 -9.646934739680850246e-01 -2.864919959533727578e+00 -5.356507147254702339e+00 1.144986136010067490e+01
1.661603760328952312e+09 -7.897697389125823975e-02 -4.525756835937500000e-01 8.537023067474365234e-01 4.283519387245178223e-01 6.182706952095031738e-01 8.217709511518478394e-02 6.538370251655578613e-01 8.752056741856254485e-01 1.320419721282044545e+00 -1.581234233178933968e+00 -9.650779058936321819e-01 -2.866061634818470427e+00 -5.358641724104648674e+00 1.145442414856010771e+01
1.661603760331944466e+09 -8.077919483184814453e-02 -4.540839195251464844e-01 8.549396991729736328e-01 4.337551593780517578e-01 6.049966216087341309e-01 9.447821974754333496e-02 6.609911918640136719e-01 8.876286659866117201e-01 1.320104083101658388e+00 -1.580856248900086580e+00 -9.648472099798728330e-01 -2.865376520483454037e+00 -5.357360773891715056e+00 1.145168603920188488e+01
1.661603760334937572e+09 -8.265214413404464722e-02 -4.555588662624359131e-01 8.561976552009582520e-01 4.388213455677032471e-01 5.916083455085754395e-01 1.071277260780334473e-01 6.678017377853393555e-01 9.005779369276265545e-01 1.319683466857241694e+00 -1.580352550875828710e+00 -9.645397869402105862e-01 -2.864463544055070088e+00 -5.355653792603235708e+00 1.144803726238518848e+01
1.661603760337439299e+09 -8.265214413404464722e-02 -4.555588662624359131e-01 8.561976552009582520e-01 4.388213455677032471e-01 5.916083455085754395e-01 1.071277260780334473e-01 6.678017377853393555e-01 0.000000000000000000e+00 0.000000000000000000e+00 0.000000000000000000e+00 0.000000000000000000e+00 0.000000000000000000e+00 0.000000000000000000e+00 0.000000000000000000e+00
1.661603760340431452e+09 -8.416227251291275024e-02 -4.497800767421722412e-01 8.527578115463256836e-01 4.330332577228546143e-01 6.058571338653564453e-01 9.479969739913940430e-02 6.606303453445434570e-01 2.303546075910330782e+00 -4.413196565787051995e-01 -2.104546699920424313e+00 2.902930323318448469e+00 3.949735435803468864e+00 6.658719173986984430e+00 -1.007968323656524845e+01
1.661603760342426300e+09 -8.577600121498107910e-02 -4.439695179462432861e-01 8.492931127548217773e-01 4.269483089447021484e-01 6.199295520782470703e-01 8.275828510522842407e-02 6.531106829643249512e-01 3.486438447336427604e+00 -6.619531122340763796e-01 -3.156694285168191172e+00 4.354222009996972176e+00 5.924367123142584290e+00 9.987680845408723584e+00 -1.511892250733784238e+01
1.661603760345418453e+09 -8.749283105134963989e-02 -4.381256699562072754e-01 8.458073139190673828e-01 4.205714166164398193e-01 6.338186860084533691e-01 7.101401686668395996e-02 6.452524065971374512e-01 2.345385624708203220e+00 -4.413196565786866588e-01 -2.104546699920498476e+00 2.902930323318300143e+00 3.949735435803506167e+00 6.658719173986836104e+00 -1.007968323656539589e+01
1.661603760348409891e+09 -8.931216597557067871e-02 -4.322469830513000488e-01 8.423038721084594727e-01 4.139074683189392090e-01 6.475171446800231934e-01 5.957703292369842529e-02 6.370657682418823242e-01 2.367147679908168101e+00 -4.414251765412249839e-01 -2.105049899099491917e+00 2.903624416804537312e+00 3.950679821418150883e+00 6.660311280268971679e+00 -1.008209329870836513e+01
1.661603760350405455e+09 -9.123328328132629395e-02 -4.263319969177246094e-01 8.387865424156188965e-01 4.069616794586181641e-01 6.610181331634521484e-01 4.845723137259483337e-02 6.285610795021057129e-01 3.580383945090539033e+00 -6.617158530540919736e-01 -3.155562853524650713e+00 4.352661356947016280e+00 5.922243694066133379e+00 9.984101031485637989e+00 -1.511350353869699603e+01
1.661603760353396416e+09 -9.325531870126724243e-02 -4.203792214393615723e-01 8.352589011192321777e-01 3.997395336627960205e-01 6.743150353431701660e-01 3.766407445073127747e-02 6.197490692138671875e-01 2.410232730880783159e+00 -4.414955512206071853e-01 -2.105385498924054133e+00 2.904087330222771435e+00 3.951309662760781549e+00 6.661373107495872858e+00 -1.008370064718180359e+01
1.661603760355391264e+09 -9.537731856107711792e-02 -4.143872559070587158e-01 8.317245841026306152e-01 3.922464251518249512e-01 6.874010562896728516e-01 2.720673568546772003e-02 6.106408238410949707e-01 3.645939678140608819e+00 -6.619531122340763796e-01 -3.156694285168191172e+00 4.354222009996972176e+00 5.924367123142584290e+00 9.987680845408835495e+00 -1.511892250733784238e+01
1.661603760358383656e+09 -9.759818762540817261e-02 -4.083546698093414307e-01 8.281871080398559570e-01 3.844883441925048828e-01 7.002698183059692383e-01 1.709398627281188965e-02 6.012476086616516113e-01 2.452033517822842956e+00 -4.412844944675922143e-01 -2.104379020317211690e+00 2.902699032558881953e+00 3.949420740923714312e+00 6.658188641027391164e+00 -1.007888013854624099e+01
1.661603760360378265e+09 -9.991672635078430176e-02 -4.022801220417022705e-01 8.246500492095947266e-01 3.764709830284118652e-01 7.129150032997131348e-01 7.334297057241201401e-03 5.915809869766235352e-01 3.710897610330368579e+00 -6.620322364406825422e-01 -3.157071609371422838e+00 4.354742476410056184e+00 5.925075271256698528e+00 9.988874687250154594e+00 -1.512072969386730392e+01
1.661603760363369942e+09 -1.023316159844398499e-01 -3.961622714996337891e-01 8.211170434951782227e-01 3.682005405426025391e-01 7.253304123878479004e-01 -2.064300002530217171e-03 5.816527605056762695e-01 2.495607850192830934e+00 -4.413899976141629766e-01 -2.104882139305248145e+00 2.903393015432313096e+00 3.950364976038731601e+00 6.659780493587481587e+00 -1.008128981661585222e+01
1.661603760365364552e+09 -1.048414185643196106e-01 -3.899998068809509277e-01 8.175916075706481934e-01 3.596831858158111572e-01 7.375101447105407715e-01 -1.109419576823711395e-02 5.714750885963439941e-01 3.775270206335660461e+00 -6.620322364406546756e-01 -3.157071609371534304e+00 4.354742476409833252e+00 5.925075271256753595e+00 9.988874687250264728e+00 -1.512072969386752597e+01
1.661603760368356943e+09 -1.074445769190788269e-01 -3.837915658950805664e-01 8.140772581100463867e-01 3.509253561496734619e-01 7.494483590126037598e-01 -1.974805071949958801e-02 5.610603094100952148e-01 2.537780593301511622e+00 -4.412844944675922143e-01 -2.104379020317211690e+00 2.902699032558881953e+00 3.949420740923714312e+00 6.658188641027391164e+00 -1.007888013854624099e+01
1.661603760370351315e+09 -1.101394444704055786e-01 -3.775362670421600342e-01 8.105774521827697754e-01 3.419335782527923584e-01 7.611393928527832031e-01 -2.801901847124099731e-02 5.504209399223327637e-01 3.839634540957392872e+00 -6.621113795651822898e-01 -3.157449023789757891e+00 4.355263067261987864e+00 5.925783588683028569e+00 9.990068814528964225e+00 -1.512253731247984057e+01
1.661603760373343229e+09 -1.129242330789566040e-01 -3.712328076362609863e-01 8.070956468582153320e-01 3.327146768569946289e-01 7.725781202316284180e-01 -3.590063378214836121e-02 5.395696163177490234e-01 2.580573506928050431e+00 -4.413548242937698207e-01 -2.104714406247689684e+00 2.903161650939888982e+00 3.950050180837835878e+00 6.659249791500177373e+00 -1.008048646257835124e+01
1.661603760376338720e+09 -1.157970651984214783e-01 -3.648800551891326904e-01 8.036352992057800293e-01 3.232752680778503418e-01 7.837587594985961914e-01 -4.338685795664787292e-02 5.285195112228393555e-01 2.598443157936379144e+00 -4.408278963755585256e-01 -2.102201614454175083e+00 2.899695603123580323e+00 3.945334266104266518e+00 6.651299397766294419e+00 -1.006845149784270355e+01
1.661603760379328251e+09 -1.187559440732002258e-01 -3.584769964218139648e-01 8.001997470855712891e-01 3.136225938796997070e-01 7.946766614913940430e-01 -5.047205835580825806e-02 5.172836184501647949e-01 2.624437494791087122e+00 -4.417068099579511964e-01 -2.106392940744981512e+00 2.905476956507419217e+00 3.953200392322636425e+00 6.664560621543567542e+00 -1.008852576911188059e+01
1.661603760381321669e+09 -1.217987835407257080e-01 -3.520226180553436279e-01 7.967923283576965332e-01 3.037637472152709961e-01 8.053273558616638184e-01 -5.715107545256614685e-02 5.058751106262207031e-01 3.966799507301330685e+00 -6.624281413781545336e-01 -3.158959584260414566e+00 4.357346675953418291e+00 5.928618552724977064e+00 9.994848180066354004e+00 -1.512977211085921070e+01
1.661603760385312796e+09 -1.249233782291412354e-01 -3.455159962177276611e-01 7.934163808822631836e-01 2.937056720256805420e-01 8.157051205635070801e-01 -6.341902911663055420e-02 4.943078458309173584e-01 1.996542038555637610e+00 -3.308579265270321090e-01 -1.577781426762380868e+00 2.176330678473397118e+00 2.961121847033066690e+00 4.992050515742874950e+00 -7.556751769348609926e+00
1.661603760387306213e+09 -1.281274259090423584e-01 -3.389562368392944336e-01 7.900751233100891113e-01 2.834559977054595947e-01 8.258063793182373047e-01 -6.927166134119033813e-02 4.825950562953948975e-01 4.027616092311168572e+00 -6.624281413781266670e-01 -3.158959584260526032e+00 4.357346675953195358e+00 5.928618552724977064e+00 9.994848180066465915e+00 -1.512977211085943274e+01
1.661603760389300823e+09 -1.314085125923156738e-01 -3.323425054550170898e-01 7.867717742919921875e-01 2.730222046375274658e-01 8.356266617774963379e-01 -7.470507919788360596e-02 4.707505404949188232e-01 4.055031992875859359e+00 -6.620322364406825422e-01 -3.157071609371422838e+00 4.354742476410056184e+00 5.925075271256698528e+00 9.988874687250154594e+00 -1.512072969386730392e+01
1.661603760392293692e+09 -1.347641646862030029e-01 -3.256740868091583252e-01 7.835094928741455078e-01 2.624118626117706299e-01 8.451619744300842285e-01 -7.971578836441040039e-02 4.587882161140441895e-01 2.722077817297594571e+00 -4.412141870519198927e-01 -2.104043741257175526e+00 2.902236561590578301e+00 3.948791501579983709e+00 6.657127828689141325e+00 -1.007727432636771070e+01
1.661603760395284414e+09 -1.381917744874954224e-01 -3.189502358436584473e-01 7.802913784980773926e-01 2.516325712203979492e-01 8.544085025787353516e-01 -8.430082350969314575e-02 4.467220604419708252e-01 2.743339733298113092e+00 -4.415307469756470926e-01 -2.105553338967016686e+00 2.904318842286723878e+00 3.951624658747890262e+00 6.661904148081610799e+00 -1.008450451362370259e+01
1.661603760398277283e+09 -1.416886597871780396e-01 -3.121703267097473145e-01 7.771204113960266113e-01 2.406921535730361938e-01 8.633624911308288574e-01 -8.845762163400650024e-02 4.345659613609313965e-01 2.760355380288054938e+00 -4.412141870519012965e-01 -2.104043741257249689e+00 2.902236561590578301e+00 3.948791501579983709e+00 6.657127828689215043e+00 -1.007727432636785814e+01
1.661603760401269436e+09 -1.452520489692687988e-01 -3.053338229656219482e-01 7.739995718002319336e-01 2.295985221862792969e-01 8.720209598541259766e-01 -9.218405932188034058e-02 4.223341643810272217e-01 2.779657473723060157e+00 -4.413196565787051995e-01 -2.104546699920424313e+00 2.902930323318448469e+00 3.949735435803468864e+00 6.658719173986836104e+00 -1.007968323656524845e+01
1.661603760403263569e+09 -1.488790810108184814e-01 -2.984402179718017578e-01 7.709318399429321289e-01 2.183595746755599976e-01 8.803803324699401855e-01 -9.547848254442214966e-02 4.100407361984252930e-01 4.198248261955397354e+00 -6.621905416143890610e-01 -3.157826528455442983e+00 4.355783782597623777e+00 5.926492075482249433e+00 9.991263227347536358e+00 -1.512434536333020851e+01
1.661603760406255722e+09 -1.525668054819107056e-01 -2.914890646934509277e-01 7.679200172424316406e-01 2.069834023714065552e-01 8.884379267692565918e-01 -9.833969920873641968e-02 3.976998925209045410e-01 2.815862617188118033e+00 -4.413196565786866588e-01 -2.104546699920498476e+00 2.902930323318448469e+00 3.949735435803468864e+00 6.658719173986909823e+00 -1.007968323656539589e+01
1.661603760409248590e+09 -1.563122123479843140e-01 -2.844800055027008057e-01 7.649669051170349121e-01 1.954780519008636475e-01 8.961910009384155273e-01 -1.007669791579246521e-01 3.853258788585662842e-01 2.832721549440690989e+00 -4.412141870519012965e-01 -2.104043741257249689e+00 2.902236561590578301e+00 3.948791501579983709e+00 6.657127828689215043e+00 -1.007727432636785814e+01
1.661603760413236380e+09 -1.601121872663497925e-01 -2.774127721786499023e-01 7.620751857757568359e-01 1.838518232107162476e-01 9.036370515823364258e-01 -1.027601063251495361e-01 3.729330599308013916e-01 2.138834878584294330e+00 -3.311348612975457684e-01 -1.579102061700425885e+00 2.178152311230809879e+00 2.963600365857559371e+00 4.996228962904148752e+00 -7.563076923286731201e+00
1.661603760416228533e+09 -1.639635711908340454e-01 -2.702871263027191162e-01 7.592474818229675293e-01 1.721127778291702271e-01 9.107738137245178223e-01 -1.043191477656364441e-01 3.605354130268096924e-01 2.867256744850904315e+00 -4.413196565787051995e-01 -2.104546699920424313e+00 2.902930323318448469e+00 3.949735435803468864e+00 6.658719173986836104e+00 -1.007968323656524845e+01
1.661603760419221401e+09 -1.678631007671356201e-01 -2.631029784679412842e-01 7.564864158630371094e-01 1.602692753076553345e-01 9.175993800163269043e-01 -1.054448038339614868e-01 3.481473028659820557e-01 2.882841715479498745e+00 -4.412141870519012965e-01 -2.104043741257249689e+00 2.902236561590578301e+00 3.948791501580002361e+00 6.657127828689215043e+00 -1.007727432636785814e+01
1.661603760421215296e+09 -1.718074679374694824e-01 -2.558601796627044678e-01 7.537943720817565918e-01 1.483296304941177368e-01 9.241119027137756348e-01 -1.061381697654724121e-01 3.357829153537750244e-01 4.351002569757332239e+00 -6.622697225950636701e-01 -3.158204123400963237e+00 4.356304622461619758e+00 5.927200731715146276e+00 9.992457925808407637e+00 -1.512615384657368445e+01
1.661603760423209667e+09 -1.757932901382446289e-01 -2.485588192939758301e-01 7.511737942695617676e-01 1.363021731376647949e-01 9.303099513053894043e-01 -1.064007580280303955e-01 3.234563469886779785e-01 4.373042911089022766e+00 -6.621113795651822898e-01 -3.157449023789757891e+00 4.355263067261987864e+00 5.925783588683056990e+00 9.990068814528964225e+00 -1.512253731247984057e+01
1.661603760426202536e+09 -1.798171550035476685e-01 -2.411989420652389526e-01 7.486270070075988770e-01 1.241953372955322266e-01 9.361920952796936035e-01 -1.062346249818801880e-01 3.111818134784698486e-01 2.929013223006093458e+00 -4.412141870519198927e-01 -2.104043741257175526e+00 2.902236561590578301e+00 3.948791501580002361e+00 6.657127828689141325e+00 -1.007727432636771070e+01
1.661603760428196669e+09 -1.838755160570144653e-01 -2.337807267904281616e-01 7.461562156677246094e-01 1.120174974203109741e-01 9.417573213577270508e-01 -1.056422069668769836e-01 2.989732325077056885e-01 4.417644805067798330e+00 -6.621905416143611944e-01 -3.157826528455554449e+00 4.355783782597623777e+00 5.926492075482277855e+00 9.991263227347646492e+00 -1.512434536333020851e+01
1.661603760430191040e+09 -1.879648715257644653e-01 -2.263044118881225586e-01 7.437635660171508789e-01 9.977708756923675537e-02 9.470047950744628906e-01 -1.046263799071311951e-01 2.868444919586181641e-01 4.438065827702421196e+00 -6.621113795651545342e-01 -3.157449023789869358e+00 4.355263067261987864e+00 5.925783588683056990e+00 9.990068814529076135e+00 -1.512253731247984057e+01
1.661603760432185888e+09 -1.920815855264663696e-01 -2.187703251838684082e-01 7.414511442184448242e-01 8.748254925012588501e-02 9.519339799880981445e-01 -1.031905189156532288e-01 2.748094499111175537e-01 4.457183879802265380e+00 -6.619531122341042462e-01 -3.156694285168080150e+00 4.354222009997195109e+00 5.924367123142556757e+00 9.987680845408723584e+00 -1.511892250733761855e+01
1.661603760435178995e+09 -1.962220370769500732e-01 -2.111788541078567505e-01 7.392208576202392578e-01 7.514230906963348389e-02 9.565444588661193848e-01 -1.013384163379669189e-01 2.628818154335021973e-01 2.983579025915167993e+00 -4.411790417446829760e-01 -2.103876141787583531e+00 2.902005381364228587e+00 3.948476957092063699e+00 6.656597549269936742e+00 -1.007647161214703324e+01
1.661603760436679125e+09 -2.003825306892395020e-01 -2.035304903984069824e-01 7.370746731758117676e-01 6.276480853557586670e-02 9.608361721038818359e-01 -9.907430410385131836e-02 2.510751485824584961e-01 5.977713345691020308e+00 -8.802545597683594236e-01 -4.197721087730809764e+00 5.790174119142804443e+00 7.878127736702760231e+00 1.328145671225933278e+01 -2.010489901762458231e+01
1.661603760438675165e+09 -2.045593261718750000e-01 -1.958257853984832764e-01 7.350142598152160645e-01 5.035846680402755737e-02 9.648091793060302734e-01 -9.640283882617950439e-02 2.394028604030609131e-01 4.510413009680275920e+00 -6.615577747327421321e-01 -3.154809016244894515e+00 4.351621542958256761e+00 5.920828920130646544e+00 9.981715914182480276e+00 -1.510989305051288412e+01
1.661603760440670729e+09 -2.087486684322357178e-01 -1.880653649568557739e-01 7.330413460731506348e-01 3.793168812990188599e-02 9.684639573097229004e-01 -9.332912415266036987e-02 2.278782725334167480e-01 4.528538044854720113e+00 -6.617158530540919736e-01 -3.155562853524650713e+00 4.352661356947016280e+00 5.922243694066160913e+00 9.984101031485637989e+00 -1.511350353869699603e+01
1.661603760442666054e+09 -2.129467576742172241e-01 -1.802499741315841675e-01 7.311576008796691895e-01 2.549284510314464569e-02 9.718009829521179199e-01 -8.985867351293563843e-02 2.165144085884094238e-01 4.545290416958274626e+00 -6.617949205475863739e-01 -3.155939907277013567e+00 4.353181450310255052e+00 5.922951334607930107e+00 9.985294017628723040e+00 -1.511530942990725990e+01
1.661603760444659472e+09 -2.171497792005538940e-01 -1.723804026842117310e-01 7.293643355369567871e-01 1.305027958005666733e-02 9.748210906982421875e-01 -8.599742501974105835e-02 2.053242027759552002e-01 4.565061168858401963e+00 -6.624281413781266670e-01 -3.158959584260526032e+00 4.357346675953418291e+00 5.928618552725005486e+00 9.994848180066354004e+00 -1.512977211085921070e+01
1.661603760446654320e+09 -2.213538885116577148e-01 -1.644575148820877075e-01 7.276630997657775879e-01 6.123055936768651009e-04 9.775254130363464355e-01 -8.175172656774520874e-02 1.943203359842300415e-01 4.576349673521705519e+00 -6.619531122340763796e-01 -3.156694285168191172e+00 4.354222009997195109e+00 5.924367123142556757e+00 9.987680845408723584e+00 -1.511892250733761855e+01
1.661603760448649168e+09 -2.255552113056182861e-01 -1.564822793006896973e-01 7.260550856590270996e-01 -1.181282103061676025e-02 9.799152016639709473e-01 -7.712834328413009644e-02 1.835153698921203613e-01 4.590065593848634329e+00 -6.619531122341042462e-01 -3.156694285168080150e+00 4.354222009997195109e+00 5.924367123142556757e+00 9.987680845408723584e+00 -1.511892250733761855e+01
1.661603760450644016e+09 -2.297498881816864014e-01 -1.484557241201400757e-01 7.245415449142456055e-01 -2.421689778566360474e-02 9.819920063018798828e-01 -7.213441282510757446e-02 1.729214936494827271e-01 4.602926908879971357e+00 -6.619531122341042462e-01 -3.156694285168080150e+00 4.354222009997195109e+00 5.924367123142556757e+00 9.987680845408723584e+00 -1.511892250733761855e+01
1.661603760454632998e+09 -2.339340150356292725e-01 -1.403789520263671875e-01 7.231234908103942871e-01 -3.659177571535110474e-02 9.837576150894165039e-01 -6.677749752998352051e-02 1.625507771968841553e-01 2.307879300132996025e+00 -3.310359028188701869e-01 -1.578630152650903007e+00 2.177501378139118593e+00 2.962714704401038013e+00 4.994735857601744655e+00 -7.560816724576820747e+00
1.661603760456627607e+09 -2.381037026643753052e-01 -1.322531849145889282e-01 7.218019366264343262e-01 -4.892936721444129944e-02 9.852139949798583984e-01 -6.106550619006156921e-02 1.524150073528289795e-01 4.626602029777471259e+00 -6.620322364406546756e-01 -3.157071609371534304e+00 4.354742476409944274e+00 5.925075271256726062e+00 9.988874687250154594e+00 -1.512072969386741406e+01
1.661603760458623171e+09 -2.422550469636917114e-01 -1.240796819329261780e-01 7.205777168273925781e-01 -6.122168526053428650e-02 9.863632917404174805e-01 -5.500676110386848450e-02 1.425257027149200439e-01 4.634632728435370552e+00 -6.617158530540919736e-01 -3.155562853524650713e+00 4.352661356947016280e+00 5.922243694066160913e+00 9.984101031485637989e+00 -1.511350353869710794e+01
1.661603760460617542e+09 -2.463841587305068970e-01 -1.158597841858863831e-01 7.194517254829406738e-01 -7.346078008413314819e-02 9.872080683708190918e-01 -4.860991239547729492e-02 1.328940838575363159e-01 4.646762154074568052e+00 -6.621113795651822898e-01 -3.157449023789757891e+00 4.355263067261987864e+00 5.925783588683056990e+00 9.990068814528964225e+00 -1.512253731247995070e+01
1.661603760462612391e+09 -2.504871189594268799e-01 -1.075949147343635559e-01 7.184244990348815918e-01 -8.563882857561111450e-02 9.877508878707885742e-01 -4.188399761915206909e-02 1.235311180353164673e-01 4.654120047188339271e+00 -6.619531122340763796e-01 -3.156694285168191172e+00 4.354222009997083198e+00 5.924367123142556757e+00 9.987680845408723584e+00 -1.511892250733773047e+01
1.661603760464606524e+09 -2.545600831508636475e-01 -9.928657114505767822e-02 7.174966335296630859e-01 -9.774807840585708618e-02 9.879946112632751465e-01 -3.483839333057403564e-02 1.144474744796752930e-01 4.663372069177863288e+00 -6.621905416143611944e-01 -3.157826528455554449e+00 4.355783782597512754e+00 5.926492075482277855e+00 9.991263227347536358e+00 -1.512434536333032042e+01
1.661603760465603590e+09 -2.585991322994232178e-01 -9.093632549047470093e-02 7.166685461997985840e-01 -1.097809001803398132e-01 9.879423975944519043e-01 -2.748282253742218018e-02 1.056535169482231140e-01 9.340092085623973972e+00 -1.324381083228778122e+00 -6.315653056910885965e+00 8.711567565195247553e+00 1.185298415096455571e+01 1.998252645469507272e+01 -3.024869072666064085e+01
1.661603760468595743e+09 -2.626004517078399658e-01 -8.254583179950714111e-02 7.159406542778015137e-01 -1.217296943068504333e-01 9.875975251197814941e-01 -1.982730813324451447e-02 9.715922921895980835e-02 3.116218596867850188e+00 -4.413196565787051995e-01 -2.104546699920424313e+00 2.902930323318448469e+00 3.949735435803487515e+00 6.658719173986836104e+00 -1.007968323656532128e+01
1.661603760470590830e+09 -2.665601968765258789e-01 -7.411678880453109741e-02 7.153131365776062012e-01 -1.335870772600173950e-01 9.869634509086608887e-01 -1.188222318887710571e-02 8.897436410188674927e-02 4.678455098123021294e+00 -6.618740069386372937e-01 -3.156317051147497388e+00 4.353701667978680412e+00 5.923659144279834088e+00 9.986487288902340609e+00 -1.511711575273599273e+01
1.661603760472585201e+09 -2.704745531082153320e-01 -6.565100699663162231e-02 7.147861719131469727e-01 -1.453457325696945190e-01 9.860439300537109375e-01 -3.658239264041185379e-03 8.110827952623367310e-02 4.684085354566237314e+00 -6.621113795651545342e-01 -3.157449023789869358e+00 4.355263067261876841e+00 5.925783588683042780e+00 9.990068814529021068e+00 -1.512253731247995070e+01
1.661603760490537882e+09 -2.743397355079650879e-01 -5.715032294392585754e-02 7.143597006797790527e-01 -1.569984555244445801e-01 9.848429560661315918e-01 4.833679180592298508e-03 7.356998324394226074e-02 5.206963391730800028e-01 -7.355425291255859865e-02 -3.507624415198252743e-01 4.838281458936576351e-01 6.582979816376532956e-01 1.109801267394457502e+00 -1.679969516446364386e+00
1.661603760494526625e+09 -2.781520187854766846e-01 -4.861667379736900330e-02 7.140337228775024414e-01 -1.685381829738616943e-01 9.833644628524780273e-01 1.358228269964456558e-02 6.636814773082733154e-02 2.344638987479093384e+00 -3.310556897825911449e-01 -1.578724511894878946e+00 2.177631533630993932e+00 2.962891794341521390e+00 4.995034407264510534e+00 -7.561268656239975350e+00
1.661603760497519732e+09 -2.819076776504516602e-01 -4.005204886198043823e-02 7.138080000877380371e-01 -1.799580007791519165e-01 9.816129207611083984e-01 2.257603965699672699e-02 5.951105058193206787e-02 3.125384524165065070e+00 -4.411790417446644352e-01 -2.103876141787657694e+00 2.902005381364154424e+00 3.948476957092063699e+00 6.656597549269974046e+00 -1.007647161214710785e+01
1.661603760502505541e+09 -2.856030762195587158e-01 -3.145850822329521179e-02 7.136822342872619629e-01 -1.912511438131332397e-01 9.795927405357360840e-01 3.180316463112831116e-02 5.300662294030189514e-02 1.876375682489936469e+00 -2.648508841843208450e-01 -1.263009807000873064e+00 1.742146880147551480e+00 2.370370108996450398e+00 3.996123069698510832e+00 -6.049159555226415463e+00
1.661603760505496264e+09 -2.892345786094665527e-01 -2.283816598355770111e-02 7.136560678482055664e-01 -2.024109214544296265e-01 9.773085117340087891e-01 4.125161841511726379e-02 4.686238244175910950e-02 3.127698590482136609e+00 -4.415307469756656888e-01 -2.105553338966942523e+00 2.904318842286872648e+00 3.951624658747899588e+00 6.661904148081573496e+00 -1.008450451362362799e+01
1.661603760507492065e+09 -2.927985787391662598e-01 -1.419320795685052872e-02 7.137289047241210938e-01 -2.134309113025665283e-01 9.747653603553771973e-01 5.090912804007530212e-02 4.108548909425735474e-02 4.685374889730805847e+00 -6.616368044514095992e-01 -3.155185889858000969e+00 4.352141387844525866e+00 5.921536222593920762e+00 9.982908330370953820e+00 -1.511169807895051953e+01
1.661603760509486914e+09 -2.962915897369384766e-01 -5.525873973965644836e-03 7.139002084732055664e-01 -2.243047505617141724e-01 9.719680547714233398e-01 6.076318398118019104e-02 3.568268567323684692e-02 4.685213854088284613e+00 -6.619531122340763796e-01 -3.156694285168191172e+00 4.354222009997083198e+00 5.924367123142549652e+00 9.987680845408778652e+00 -1.511892250733773047e+01
1.661603760511480570e+09 -2.997101545333862305e-01 3.161534434184432030e-03 7.141692638397216797e-01 -2.350262105464935303e-01 9.689220190048217773e-01 7.080107182264328003e-02 3.066029585897922516e-02 4.684710730956002323e+00 -6.623489225140537506e-01 -3.158581808658485368e+00 4.356825586898541047e+00 5.927909557442442967e+00 9.993652910013782531e+00 -1.512796276236483983e+01
1.661603760512477875e+09 -3.030508458614349365e-01 1.186666265130043030e-02 7.145351767539978027e-01 -2.455894052982330322e-01 9.656324386596679688e-01 8.100988715887069702e-02 2.602425962686538696e-02 9.356527791300850438e+00 -1.324064472881365084e+00 -6.314143218742845676e+00 8.709484952820112369e+00 1.185015054251343791e+01 1.997774937450041932e+01 -3.024145938773482811e+01
1.661603760514473200e+09 -3.063103258609771729e-01 2.058709971606731415e-02 7.149971127510070801e-01 -2.559884488582611084e-01 9.621049165725708008e-01 9.137652069330215454e-02 2.178007550537586212e-02 4.671488497373650794e+00 -6.617949205475863739e-01 -3.155939907277013567e+00 4.353181450310255052e+00 5.922951334607923890e+00 9.985294017628779883e+00 -1.511530942990737181e+01
1.661603760516467810e+09 -3.094853162765502930e-01 2.932038530707359314e-02 7.155539393424987793e-01 -2.662176787853240967e-01 9.583451747894287109e-01 1.018876954913139343e-01 1.793283782899379730e-02 4.667170157641672645e+00 -6.620322364406546756e-01 -3.157071609371534304e+00 4.354742476409944274e+00 5.925075271256718956e+00 9.988874687250209661e+00 -1.512072969386741406e+01
1.661603760519459486e+09 -3.125726282596588135e-01 3.806400671601295471e-02 7.162046432495117188e-01 -2.762716710567474365e-01 9.543589949607849121e-01 1.125299930572509766e-01 1.448719389736652374e-02 3.107111999457277118e+00 -4.413899976141629766e-01 -2.104882139305248145e+00 2.903393015432387259e+00 3.950364976038708065e+00 6.659780493587444283e+00 -1.008128981661577939e+01
1.661603760520456791e+09 -3.155691325664520264e-01 4.681540653109550476e-02 7.169479131698608398e-01 -2.861450314521789551e-01 9.501523971557617188e-01 1.232898086309432983e-01 1.144736073911190033e-02 9.305082661111303111e+00 -1.324064472881365084e+00 -6.314143218742845676e+00 8.709484952820112369e+00 1.185015054251343791e+01 1.997774937450041932e+01 -3.024145938773482811e+01
1.661603760522451639e+09 -3.184717595577239990e-01 5.557197704911231995e-02 7.177825570106506348e-01 -2.958328723907470703e-01 9.457315206527709961e-01 1.341534703969955444e-01 8.817129768431186676e-03 4.643359014018319186e+00 -6.619531122341042462e-01 -3.156694285168080150e+00 4.354222009997195109e+00 5.924367123142549652e+00 9.987680845408778652e+00 -1.511892250733773047e+01
1.661603760524446249e+09 -3.212775588035583496e-01 6.433107703924179077e-02 7.187070250511169434e-01 -3.053300976753234863e-01 9.411025047302246094e-01 1.451071500778198242e-01 6.599826738238334656e-03 4.634421112604924176e+00 -6.620322364406546756e-01 -3.157071609371534304e+00 4.354742476409944274e+00 5.925075271256719844e+00 9.988874687250209661e+00 -1.512072969386741406e+01
1.661603760526441097e+09 -3.239835798740386963e-01 7.309000939130783081e-02 7.197198271751403809e-01 -3.146320283412933350e-01 9.362718462944030762e-01 1.561368554830551147e-01 4.798352252691984177e-03 4.623504032674500941e+00 -6.619531122340763796e-01 -3.156694285168191172e+00 4.354222009997083198e+00 5.924367123142549652e+00 9.987680845408778652e+00 -1.511892250733773047e+01
1.661603760529433012e+09 -3.265870809555053711e-01 8.184604346752166748e-02 7.208194136619567871e-01 -3.237341940402984619e-01 9.312459826469421387e-01 1.672286093235015869e-01 3.415148938074707985e-03 3.075234397230634187e+00 -4.413548242937883614e-01 -2.104714406247615521e+00 2.903161650940037308e+00 3.950050180837812785e+00 6.659249791500140070e+00 -1.008048646257827663e+01
1.661603760530430317e+09 -3.290853500366210938e-01 9.059643745422363281e-02 7.220041155815124512e-01 -3.326323926448822021e-01 9.260315895080566406e-01 1.783683300018310547e-01 2.452203305438160896e-03 9.201632061719154265e+00 -1.324064472881365084e+00 -6.314143218742845676e+00 8.709484952820112369e+00 1.185015054251343614e+01 1.997774937450041932e+01 -3.024145938773482811e+01
1.661603760532424688e+09 -3.314757049083709717e-01 9.933837503194808960e-02 7.232720851898193359e-01 -3.413223326206207275e-01 9.206352829933166504e-01 1.895418465137481689e-01 1.911058090627193451e-03 4.588473820166204753e+00 -6.621113795651545342e-01 -3.157449023789869358e+00 4.355263067261876841e+00 5.925783588683049885e+00 9.990068814529021068e+00 -1.512253731247995070e+01
1.661603760534420252e+09 -3.337556421756744385e-01 1.080690398812294006e-01 7.246214747428894043e-01 -3.498002588748931885e-01 9.150639772415161133e-01 2.007349580526351929e-01 1.792785711586475372e-03 4.572035005835435761e+00 -6.617158530540642181e-01 -3.155562853524761735e+00 4.352661356946905258e+00 5.922243694066154696e+00 9.984101031485693056e+00 -1.511350353869710794e+01
1.661603760536917686e+09 -3.359227776527404785e-01 1.167855709791183472e-01 7.260503172874450684e-01 -3.580624759197235107e-01 9.093245863914489746e-01 2.119334042072296143e-01 2.098019700497388840e-03 3.641669986756470134e+00 -5.287409727983531926e-01 -2.521437812315162397e+00 3.477973800252651682e+00 4.732141261988898506e+00 7.977749463821981024e+00 -1.207637466528828618e+01
1.661603760538913727e+09 -3.379746973514556885e-01 1.254850924015045166e-01 7.275566458702087402e-01 -3.661055266857147217e-01 9.034239649772644043e-01 2.231229692697525024e-01 2.826923038810491562e-03 4.541127929719821488e+00 -6.615577747327699987e-01 -3.154809016244783049e+00 4.351621542958256761e+00 5.920828920130639439e+00 9.981715914182423433e+00 -1.510989305051299425e+01
1.661603760539911270e+09 -3.399092555046081543e-01 1.341647058725357056e-01 7.291382551193237305e-01 -3.739261925220489502e-01 8.973693847656250000e-01 2.342893928289413452e-01 3.979197703301906586e-03 9.054391361884176703e+00 -1.323748013877274587e+00 -6.312634102294994776e+00 8.707403335957360824e+00 1.184731828855968239e+01 1.997297457780479490e+01 -3.023423150547198546e+01
1.661603760542904377e+09 -3.417242467403411865e-01 1.428214758634567261e-01 7.307929992675781250e-01 -3.815214633941650391e-01 8.911679983139038086e-01 2.454183995723724365e-01 5.554100498557090759e-03 3.006389981900967179e+00 -4.411790417446644352e-01 -2.103876141787657694e+00 2.902005381364154424e+00 3.948476957092059259e+00 6.656597549269974046e+00 -1.007647161214707054e+01
1.661603760545896053e+09 -3.434177339076995850e-01 1.514524668455123901e-01 7.325186133384704590e-01 -3.888884484767913818e-01 8.848268985748291016e-01 2.564958035945892334e-01 7.550413254648447037e-03 2.996058969024454122e+00 -4.413899976141815729e-01 -2.104882139305173983e+00 2.903393015432461421e+00 3.950364976038708065e+00 6.659780493587444283e+00 -1.008128981661577939e+01
1.661603760547889948e+09 -3.449877500534057617e-01 1.600547134876251221e-01 7.343127727508544922e-01 -3.960247635841369629e-01 8.783535361289978027e-01 2.675074636936187744e-01 9.966493584215641022e-03 4.476922458558755480e+00 -6.622697225950915367e-01 -3.158204123400851770e+00 4.356304622461619758e+00 5.927200731715139170e+00 9.992457925808324148e+00 -1.512615384657357254e+01
1.661603760571826696e+09 -3.464325070381164551e-01 1.686252802610397339e-01 7.361729741096496582e-01 -4.029278159141540527e-01 8.717551231384277344e-01 2.784391641616821289e-01 1.280018966645002365e-02 3.713254141099184280e-01 -5.516605599775411400e-02 -2.630735779995841961e-01 3.628735189709608733e-01 4.937267646699506907e-01 8.323564775546848926e-01 -1.259985503883491731e+00
1.661603760573820829e+09 -3.477503359317779541e-01 1.771611571311950684e-01 7.380968928337097168e-01 -4.095956683158874512e-01 8.650390505790710449e-01 2.892769277095794678e-01 1.604895479977130890e-02 4.437362449739345571e+00 -6.621905416143611944e-01 -3.157826528455554449e+00 4.355783782597623777e+00 5.926492075482263644e+00 9.991263227347591425e+00 -1.512434536333032042e+01
1.661603760575816393e+09 -3.489396572113037109e-01 1.856593787670135498e-01 7.400817871093750000e-01 -4.160264134407043457e-01 8.582129478454589844e-01 3.000067770481109619e-01 1.970975100994110107e-02 4.413597361284891107e+00 -6.617158530540919736e-01 -3.155562853524650713e+00 4.352661356947016280e+00 5.922243694066147590e+00 9.984101031485693056e+00 -1.511350353869710794e+01
1.661603760577810287e+09 -3.499990105628967285e-01 1.941169500350952148e-01 7.421252131462097168e-01 -4.222184121608734131e-01 8.512840867042541504e-01 3.106148838996887207e-01 2.377912588417530060e-02 4.396008342276930492e+00 -6.622697225950915367e-01 -3.158204123400851770e+00 4.356304622461619758e+00 5.927200731715146276e+00 9.992457925808352570e+00 -1.512615384657357254e+01
1.661603760579805136e+09 -3.509270846843719482e-01 2.025308758020401001e-01 7.442243695259094238e-01 -4.281701445579528809e-01 8.442599773406982422e-01 3.210873901844024658e-01 2.825314551591873169e-02 4.371935986390100837e+00 -6.619531122340763796e-01 -3.156694285168080150e+00 4.354222009997195109e+00 5.924367123142556757e+00 9.987680845408778652e+00 -1.511892250733773047e+01
1.661603760582797289e+09 -3.517226576805114746e-01 2.108982056379318237e-01 7.463766336441040039e-01 -4.338804781436920166e-01 8.371482491493225098e-01 3.314107656478881836e-01 3.312745690345764160e-02 2.899669117293536491e+00 -4.413196565786866588e-01 -2.104546699920424313e+00 2.902930323318448469e+00 3.949735435803478190e+00 6.658719173986872519e+00 -1.007968323656532128e+01
1.661603760584792376e+09 -3.523845970630645752e-01 2.192159146070480347e-01 7.485791444778442383e-01 -4.393483698368072510e-01 8.299563527107238770e-01 3.415714502334594727e-01 3.839726746082305908e-02 4.325527884573152626e+00 -6.618740069386651603e-01 -3.156317051147385921e+00 4.353701667978791434e+00 5.923659144279834088e+00 9.986487288902397452e+00 -1.511711575273599273e+01
1.661603760586786270e+09 -3.529119789600372314e-01 2.274810671806335449e-01 7.508291006088256836e-01 -4.445732831954956055e-01 8.226919174194335938e-01 3.515561521053314209e-01 4.405735433101654053e-02 4.304211097645545436e+00 -6.622697225950915367e-01 -3.158204123400851770e+00 4.356304622461619758e+00 5.927200731715146276e+00 9.992457925808352570e+00 -1.512615384657357254e+01
1.661603760588780880e+09 -3.533039093017578125e-01 2.356906831264495850e-01 7.531236410140991211e-01 -4.495545029640197754e-01 8.153622150421142578e-01 3.613517582416534424e-01 5.010207369923591614e-02 4.278153912578392948e+00 -6.620322364406546756e-01 -3.157071609371422838e+00 4.354742476410056184e+00 5.925075271256726062e+00 9.988874687250209661e+00 -1.512072969386741406e+01
1.661603760591773748e+09 -3.535596728324890137e-01 2.438418120145797729e-01 7.554597854614257812e-01 -4.542918205261230469e-01 8.079749941825866699e-01 3.709452152252197266e-01 5.652535706758499146e-02 2.834455775480015927e+00 -4.412141870519012965e-01 -2.104043741257175526e+00 2.902236561590578301e+00 3.948791501579993035e+00 6.657127828689178628e+00 -1.007727432636778353e+01
1.661603760593767643e+09 -3.536787033081054688e-01 2.519315183162689209e-01 7.578345537185668945e-01 -4.587851762771606445e-01 8.005377054214477539e-01 3.803236782550811768e-01 6.332068145275115967e-02 4.228862550177529656e+00 -6.622697225950636701e-01 -3.158204123400851770e+00 4.356304622461619758e+00 5.927200731715132953e+00 9.992457925808352570e+00 -1.512615384657357254e+01
1.661603760595762014e+09 -3.536604642868041992e-01 2.599569261074066162e-01 7.602450251579284668e-01 -4.630347192287445068e-01 7.930577993392944336e-01 3.894746601581573486e-01 7.048118859529495239e-02 4.201629965993277871e+00 -6.621113795651545342e-01 -3.157449023789757891e+00 4.355263067261987864e+00 5.925783588683056990e+00 9.990068814529006858e+00 -1.512253731247995070e+01
1.661603760597756624e+09 -3.535046279430389404e-01 2.679150998592376709e-01 7.626880407333374023e-01 -4.670409858226776123e-01 7.855427861213684082e-01 3.983857631683349609e-01 7.799954712390899658e-02 4.174336165754808370e+00 -6.620322364406546756e-01 -3.157071609371422838e+00 4.354742476410056184e+00 5.925075271256726062e+00 9.988874687250195450e+00 -1.512072969386741406e+01
1.661603760599751472e+09 -3.532109856605529785e-01 2.758032083511352539e-01 7.651606202125549316e-01 -4.708045423030853271e-01 7.780001163482666016e-01 4.070449173450469971e-01 8.586810529232025146e-02 4.146564569992012395e+00 -6.619531122340763796e-01 -3.156694285168080150e+00 4.354222009997195109e+00 5.924367123142556757e+00 9.987680845408764441e+00 -1.511892250733773047e+01
1.661603760601746082e+09 -3.527794182300567627e-01 2.836183905601501465e-01 7.676595449447631836e-01 -4.743262529373168945e-01 7.704370617866516113e-01 4.154401421546936035e-01 9.407876431941986084e-02 4.119262788596627978e+00 -6.620322364406546756e-01 -3.157071609371422838e+00 4.354742476410056184e+00 5.925075271256726062e+00 9.988874687250195450e+00 -1.512072969386738741e+01
1.661603760603741169e+09 -3.522099256515502930e-01 2.913578152656555176e-01 7.701817750930786133e-01 -4.776071906089782715e-01 7.628610134124755859e-01 4.235598742961883545e-01 1.026230454444885254e-01 4.090019053353167067e+00 -6.618740069386372937e-01 -3.156317051147385921e+00 4.353701667978791434e+00 5.923659144279848299e+00 9.986487288902383241e+00 -1.511711575273596608e+01
1.661603760605735779e+09 -3.515027165412902832e-01 2.990187704563140869e-01 7.727240920066833496e-01 -4.806486964225769043e-01 7.552791833877563477e-01 4.313926994800567627e-01 1.114920899271965027e-01 4.062298454873641163e+00 -6.620322364406546756e-01 -3.157071609371422838e+00 4.354742476410056184e+00 5.925075271256726062e+00 9.988874687250195450e+00 -1.512072969386738741e+01
1.661603760607729912e+09 -3.506580293178558350e-01 3.065984845161437988e-01 7.752832770347595215e-01 -4.834522604942321777e-01 7.476988434791564941e-01 4.389276802539825439e-01 1.206767782568931580e-01 4.034115458561403855e+00 -6.621905416143611944e-01 -3.157826528455442983e+00 4.355783782597623777e+00 5.926492075482277855e+00 9.991263227347577214e+00 -1.512434536333029200e+01
1.661603760610723019e+09 -3.496762514114379883e-01 3.140942156314849854e-01 7.778562307357788086e-01 -4.860196709632873535e-01 7.401270270347595215e-01 4.461538493633270264e-01 1.301674842834472656e-01 2.668000242372213560e+00 -4.411790417446644352e-01 -2.103876141787583531e+00 2.902005381364228587e+00 3.948476957092063699e+00 6.656597549269969605e+00 -1.007647161214709008e+01
1.661603760613714457e+09 -3.485579490661621094e-01 3.215033710002899170e-01 7.804396748542785645e-01 -4.883528947830200195e-01 7.325708866119384766e-01 4.530608952045440674e-01 1.399543881416320801e-01 2.649538539228495360e+00 -4.414251765412064432e-01 -2.105049899099491917e+00 2.903624416804537312e+00 3.950679821418169091e+00 6.660311280269004541e+00 -1.008209329870842197e+01
1.661603760614711285e+09 -3.473037481307983398e-01 3.288232982158660889e-01 7.830303907394409180e-01 -4.904540777206420898e-01 7.250373363494873047e-01 4.596385657787322998e-01 1.500272154808044434e-01 7.890532783816517792e+00 -1.324697845028107501e+00 -6.317163617316859714e+00 8.713651173797304139e+00 1.185581911488490015e+01 1.998730582002755085e+01 -3.025592552472962282e+01
1.661603760617704391e+09 -3.459144532680511475e-01 3.360514342784881592e-01 7.856251597404479980e-01 -4.923255443572998047e-01 7.175332307815551758e-01 4.658769071102142334e-01 1.603754162788391113e-01 2.607463394622081765e+00 -4.411790417446644352e-01 -2.103876141787620835e+00 2.902005381364228587e+00 3.948476957092063699e+00 6.656597549269966940e+00 -1.007647161214709008e+01
1.661603760619698524e+09 -3.443909585475921631e-01 3.431852459907531738e-01 7.882207036018371582e-01 -4.939700365066528320e-01 7.100654244422912598e-01 4.717666506767272949e-01 1.709881275892257690e-01 3.882731942040795747e+00 -6.621905416143611944e-01 -3.157826528455498494e+00 4.355783782597623777e+00 5.926492075482277855e+00 9.991263227347582543e+00 -1.512434536333029200e+01
1.661603760622690201e+09 -3.427342474460601807e-01 3.502222597599029541e-01 7.908138632774353027e-01 -4.953902363777160645e-01 7.026405334472656250e-01 4.772984981536865234e-01 1.818542033433914185e-01 2.567260409049992198e+00 -4.413899976141723025e-01 -2.104882139305211286e+00 2.903393015432461421e+00 3.950364976038712950e+00 6.659780493587438954e+00 -1.008128981661576873e+01
1.661603760627677679e+09 -3.409455120563507080e-01 3.571600615978240967e-01 7.934014201164245605e-01 -4.965891540050506592e-01 6.952651143074035645e-01 4.824636578559875488e-01 1.929621249437332153e-01 1.527348811501684445e+00 -2.647622587151696183e-01 -1.262587173574348132e+00 1.741563915944668750e+00 2.369576926207455969e+00 3.994785870908512226e+00 -6.047135361102093043e+00
1.661603760631668806e+09 -3.390260040760040283e-01 3.639962971210479736e-01 7.959800362586975098e-01 -4.975699484348297119e-01 6.879457235336303711e-01 4.872537851333618164e-01 2.043001800775527954e-01 1.892780930818544816e+00 -3.308579265270390479e-01 -1.577781426762353112e+00 2.176330678473508140e+00 2.961121847033080456e+00 4.992050515742841199e+00 -7.556751769348546866e+00
1.661603760636654854e+09 -3.369770944118499756e-01 3.707286417484283447e-01 7.985465526580810547e-01 -4.983361065387725830e-01 6.806885600090026855e-01 4.916607141494750977e-01 2.158564031124114990e-01 1.502317658281073776e+00 -2.648382197706036223e-01 -1.262949413474957705e+00 1.742063575653733487e+00 2.370256764659961046e+00 3.995931986493338695e+00 -6.048870301673343164e+00
1.661603760638647556e+09 -3.348003029823303223e-01 3.773548603057861328e-01 8.010978102684020996e-01 -4.988911151885986328e-01 6.734999418258666992e-01 4.956766664981842041e-01 2.276184409856796265e-01 3.726889128786707417e+00 -6.626659117088578022e-01 -3.160093453457979429e+00 4.358910691271419502e+00 5.930746556512774603e+00 9.998435706333475892e+00 -1.513520275411518057e+01
1.661603760640642881e+09 -3.324972093105316162e-01 3.838727772235870361e-01 8.036305904388427734e-01 -4.992387294769287109e-01 6.663858294486999512e-01 4.992945194244384766e-01 2.395738214254379272e-01 3.689740495739389559e+00 -6.617949205475723851e-01 -3.155939907277069079e+00 4.353181450310255052e+00 5.922951334607930107e+00 9.985294017628765673e+00 -1.511530942990735404e+01
1.661603760643635035e+09 -3.300696015357971191e-01 3.902802467346191406e-01 8.061417341232299805e-01 -4.993829131126403809e-01 6.593522429466247559e-01 5.025072097778320312e-01 2.517097890377044678e-01 2.438908500785457623e+00 -4.413196565786959291e-01 -2.104546699920461617e+00 2.902930323318448469e+00 3.949735435803487515e+00 6.658719173986863638e+00 -1.007968323656531062e+01
1.661603760645628452e+09 -3.275192677974700928e-01 3.965752422809600830e-01 8.086280822753906250e-01 -4.993277490139007568e-01 6.524049043655395508e-01 5.053083896636962891e-01 2.640133798122406006e-01 3.628331022798172878e+00 -6.624281413781406558e-01 -3.158959584260470077e+00 4.357346675953418291e+00 5.928618552725005486e+00 9.994848180066396637e+00 -1.512977211085930485e+01
1.661603760646625996e+09 -3.248482048511505127e-01 4.027557373046875000e-01 8.110865354537963867e-01 -4.990775287151336670e-01 6.455495357513427734e-01 5.076918601989746094e-01 2.764714360237121582e-01 7.185433452041800173e+00 -1.323748013877302565e+00 -6.312634102294882865e+00 8.707403335957582868e+00 1.184731828855969660e+01 1.997297457780476648e+01 -3.023423150547195348e+01
1.661603760648620367e+09 -3.220584392547607422e-01 4.088198542594909668e-01 8.135139942169189453e-01 -4.986366331577301025e-01 6.387915611267089844e-01 5.096519589424133301e-01 2.890705466270446777e-01 3.561390934000772557e+00 -6.621113795651684120e-01 -3.157449023789813403e+00 4.355263067261987864e+00 5.925783588683056990e+00 9.990068814529006858e+00 -1.512253731247993116e+01
1.661603760651613712e+09 -3.191521465778350830e-01 4.147657454013824463e-01 8.159074187278747559e-01 -4.980097413063049316e-01 6.321363449096679688e-01 5.111833810806274414e-01 3.017970919609069824e-01 2.351101544338952465e+00 -4.411439020360520824e-01 -2.103708569016470964e+00 2.901774237964677816e+00 3.948162462710755438e+00 6.656067354323786489e+00 -1.007566902579806190e+01
1.661603760654604435e+09 -3.161316215991973877e-01 4.205916225910186768e-01 8.182637691497802734e-01 -4.972015917301177979e-01 6.255889534950256348e-01 5.122814178466796875e-01 3.146375119686126709e-01 2.331401436582587472e+00 -4.415307469756563630e-01 -2.105553338966979382e+00 2.904318842286872648e+00 3.951624658747890262e+00 6.661904148081563726e+00 -1.008450451362361910e+01
1.661603760655601978e+09 -3.129992187023162842e-01 4.262957870960235596e-01 8.205800652503967285e-01 -4.962170720100402832e-01 6.191545128822326660e-01 5.129415988922119141e-01 3.275777697563171387e-01 6.924591893425936284e+00 -1.323748013877302565e+00 -6.312634102294882865e+00 8.707403335957582868e+00 1.184731828855964153e+01 1.997297457780476648e+01 -3.023423150547196059e+01
1.661603760657597065e+09 -3.097574412822723389e-01 4.318766295909881592e-01 8.228533864021301270e-01 -4.950612187385559082e-01 6.128378510475158691e-01 5.131599307060241699e-01 3.406039774417877197e-01 3.429789345662957345e+00 -6.618740069386512825e-01 -3.156317051147441433e+00 4.353701667978791434e+00 5.923659144279820765e+00 9.986487288902383241e+00 -1.511711575273598029e+01
1.661603760660588980e+09 -3.064087927341461182e-01 4.373326301574707031e-01 8.250808119773864746e-01 -4.937393069267272949e-01 6.066433787345886230e-01 5.129330158233642578e-01 3.537018895149230957e-01 2.265476602969055175e+00 -4.413548242937790911e-01 -2.104714406247652381e+00 2.903161650940037308e+00 3.950050180837798575e+00 6.659249791500140070e+00 -1.008048646257826775e+01
1.661603760661585808e+09 -3.029560148715972900e-01 4.426622986793518066e-01 8.272594809532165527e-01 -4.922565519809722900e-01 6.005758047103881836e-01 5.122576355934143066e-01 3.668572902679443359e-01 6.735053548661573686e+00 -1.324697845028135257e+00 -6.317163617316859714e+00 8.713651173797304139e+00 1.185581911488484508e+01 1.998730582002756506e+01 -3.025592552472965124e+01
1.661603760663580418e+09 -2.994018197059631348e-01 4.478642642498016357e-01 8.293866515159606934e-01 -4.906184375286102295e-01 5.946393609046936035e-01 5.111312866210937500e-01 3.800558447837829590e-01 3.333800794427199232e+00 -6.620322364406686644e-01 -3.157071609371478793e+00 4.354742476410056184e+00 5.925075271256698528e+00 9.988874687250209661e+00 -1.512072969386738741e+01
1.661603760665575266e+09 -2.957490682601928711e-01 4.529372453689575195e-01 8.314595818519592285e-01 -4.888305068016052246e-01 5.888380408287048340e-01 5.095517039299011230e-01 3.932830095291137695e-01 3.301480464168029982e+00 -6.619531122340903684e-01 -3.156694285168135661e+00 4.354222009997195109e+00 5.924367123142528335e+00 9.987680845408778652e+00 -1.511892250733770204e+01
1.661603760667571306e+09 -2.920006513595581055e-01 4.578800201416015625e-01 8.334754705429077148e-01 -4.868985712528228760e-01 5.831758379936218262e-01 5.075172185897827148e-01 4.065243303775787354e-01 3.267813715717839518e+00 -6.615577747327560099e-01 -3.154809016244839004e+00 4.351621542958256761e+00 5.920828920130618123e+00 9.981715914182423433e+00 -1.510989305051296760e+01
1.661603760670562267e+09 -2.881596386432647705e-01 4.626914262771606445e-01 8.354318737983703613e-01 -4.848282039165496826e-01 5.776563882827758789e-01 5.050265789031982422e-01 4.197652637958526611e-01 2.159812967734632050e+00 -4.414955512206164556e-01 -2.105385498924016829e+00 2.904087330222919761e+00 3.951309662760744246e+00 6.661373107495835555e+00 -1.008370064718171122e+01
1.661603760672556877e+09 -2.842290997505187988e-01 4.673704802989959717e-01 8.373260498046875000e-01 -4.826254546642303467e-01 5.722832083702087402e-01 5.020789504051208496e-01 4.329911470413208008e-01 3.207495248631563545e+00 -6.620322364406686644e-01 -3.157071609371478793e+00 4.354742476410056184e+00 5.925075271256698528e+00 9.988874687250209661e+00 -1.512072969386738741e+01
1.661603760673553944e+09 -2.802121937274932861e-01 4.719161689281463623e-01 8.391556143760681152e-01 -4.802963137626647949e-01 5.670596361160278320e-01 4.986740052700042725e-01 4.461873769760131836e-01 6.354738674463800585e+00 -1.324381083228750366e+00 -6.315653056910996987e+00 8.711567565195247553e+00 1.185298415096449887e+01 1.998252645469518285e+01 -3.024869072666058401e+01
1.661603760677543640e+09 -2.761121690273284912e-01 4.763276576995849609e-01 8.409180641174316406e-01 -4.778467714786529541e-01 5.619886517524719238e-01 4.948118925094604492e-01 4.593392610549926758e-01 1.572842076733713901e+00 -3.309765561170451842e-01 -1.578347142584067830e+00 2.177111004998597554e+00 2.962183561571264168e+00 4.993840422704389326e+00 -7.559461253668851022e+00
1.661603760680535078e+09 -2.719323337078094482e-01 4.806041717529296875e-01 8.426110148429870605e-01 -4.752829372882843018e-01 5.570732951164245605e-01 4.904930293560028076e-01 4.724320471286773682e-01 2.077581473756854091e+00 -4.414251765412157136e-01 -2.105049899099529220e+00 2.903624416804537312e+00 3.950679821418150883e+00 6.660311280269008982e+00 -1.008209329870842197e+01
1.661603760682529688e+09 -2.676760554313659668e-01 4.847449958324432373e-01 8.442322611808776855e-01 -4.726111292839050293e-01 5.523161292076110840e-01 4.857186079025268555e-01 4.854512214660644531e-01 3.086091165379278412e+00 -6.620322364406686644e-01 -3.157071609371478793e+00 4.354742476410056184e+00 5.925075271256698528e+00 9.988874687250209661e+00 -1.512072969386741406e+01
1.661603760684525013e+09 -2.633467912673950195e-01 4.887495338916778564e-01 8.457795381546020508e-01 -4.698377847671508789e-01 5.477196574211120605e-01 4.804901778697967529e-01 4.983822405338287354e-01 3.055622302417174030e+00 -6.617949205475723851e-01 -3.155939907277069079e+00 4.353181450310255052e+00 5.922951334607902574e+00 9.985294017628779883e+00 -1.511530942990737181e+01
1.661603760686519623e+09 -2.589480578899383545e-01 4.926172792911529541e-01 8.472506403923034668e-01 -4.669690132141113281e-01 5.432861447334289551e-01 4.748094975948333740e-01 5.112103223800659180e-01 3.027781441267672236e+00 -6.620322364406686644e-01 -3.157071609371478793e+00 4.354742476410056184e+00 5.925075271256698528e+00 9.988874687250209661e+00 -1.512072969386741406e+01
1.661603760688513756e+09 -2.544833719730377197e-01 4.963478147983551025e-01 8.486435413360595703e-01 -4.640114009380340576e-01 5.390175580978393555e-01 4.686791300773620605e-01 5.239211320877075195e-01 3.000058295485198201e+00 -6.621905416143751832e-01 -3.157826528455498494e+00 4.355783782597623777e+00 5.926492075482249433e+00 9.991263227347591425e+00 -1.512434536333032042e+01
