1.661603271913942337e+09 1.378528122206244648e-16 -2.367949187755584717e-01 1.128897309303283691e+00 -6.125128269195556641e-01 6.125135421752929688e-01 3.533097505569458008e-01 3.533093035221099854e-01 0.000000000000000000e+00 0.000000000000000000e+00 0.000000000000000000e+00 0.000000000000000000e+00 0.000000000000000000e+00 0.000000000000000000e+00 0.000000000000000000e+00
1.661603297625052452e+09 1.378528122206244648e-16 -2.367949187755584717e-01 1.128897309303283691e+00 -6.125128269195556641e-01 6.125135421752929688e-01 3.533097505569458008e-01 3.533093035221099854e-01 0.000000000000000000e+00 0.000000000000000000e+00 0.000000000000000000e+00 0.000000000000000000e+00 0.000000000000000000e+00 0.000000000000000000e+00 0.000000000000000000e+00
1.661603297627047062e+09 1.665166928432881832e-03 -2.325396835803985596e-01 1.124291777610778809e+00 6.174825429916381836e-01 -6.128787994384765625e-01 -3.410237729549407959e-01 -3.560865223407745361e-01 3.252634554869070715e+00 1.175425590104902662e+00 -5.207861715951988657e+00 1.106349049248478211e+00 -1.715352858870117103e+01 -3.704922780282842165e+00 7.284102303003065160e+00
1.661603297629041910e+09 3.393481252714991570e-03 -2.283195406198501587e-01 1.119771480560302734e+00 6.222608089447021484e-01 -6.130995750427246094e-01 -3.286962807178497314e-01 -3.589695692062377930e-01 3.218811555950921388e+00 1.175285106587500294e+00 -5.207239287158177632e+00 1.106216821562197472e+00 -1.715147844783960807e+01 -3.704479978468537826e+00 7.283231727850321136e+00
1.661603297630038977e+09 5.180327687412500381e-03 -2.241311520338058472e-01 1.115341067314147949e+00 6.268465518951416016e-01 -6.131716966629028320e-01 -3.163348138332366943e-01 -3.619615435600280762e-01 6.371957505521546494e+00 2.351413315833957629e+00 -1.041821404008906526e+01 2.213227198950479480e+00 -3.431526068222716219e+01 -7.411617403119621805e+00 1.457168815564888220e+01
1.661603297632033825e+09 7.020860910415649414e-03 -2.199711352586746216e-01 1.111005067825317383e+00 6.312391757965087891e-01 -6.130909323692321777e-01 -3.039470911026000977e-01 -3.650654554367065430e-01 3.150335168543842101e+00 1.175285106587499850e+00 -5.207239287158400565e+00 1.106216821562419961e+00 -1.715147844783960807e+01 -3.704479978468537826e+00 7.283231727850322912e+00
1.661603297633031130e+09 8.910012431442737579e-03 -2.158359736204147339e-01 1.106767773628234863e+00 6.354383230209350586e-01 -6.128530502319335938e-01 -2.915408909320831299e-01 -3.682841956615447998e-01 6.231544516975263015e+00 2.350851180209804436e+00 -1.041572343190397731e+01 2.212698098496956423e+00 -3.430705717740234206e+01 -7.409845560565684330e+00 1.456820460600613387e+01
1.661603297635025740e+09 1.084249839186668396e-02 -2.117221206426620483e-01 1.102633118629455566e+00 6.394435763359069824e-01 -6.124540567398071289e-01 -2.791240513324737549e-01 -3.716203272342681885e-01 3.080502574497810730e+00 1.175425590104902218e+00 -5.207861715951988657e+00 1.106349049248255501e+00 -1.715352858870117103e+01 -3.704922780282842165e+00 7.284102303003066936e+00
1.661603297637020350e+09 1.281282491981983185e-02 -2.076259702444076538e-01 1.098605036735534668e+00 6.432548165321350098e-01 -6.118900775909423828e-01 -2.667047679424285889e-01 -3.750764131546020508e-01 3.044901773827232816e+00 1.175425590104902218e+00 -5.207861715951988657e+00 1.106349049248255501e+00 -1.715352858870117103e+01 -3.704922780282842165e+00 7.284102303003066936e+00
1.661603297638017654e+09 1.481530070304870605e-02 -2.035438567399978638e-01 1.094686985015869141e+00 6.468722224235534668e-01 -6.111570596694946289e-01 -2.542911469936370850e-01 -3.786546289920806885e-01 6.018276840296420183e+00 2.350851180209802660e+00 -1.041572343190397731e+01 2.212698098496956423e+00 -3.430705717740234206e+01 -7.409845560565684330e+00 1.456820460600613387e+01
1.661603297640012264e+09 1.684403978288173676e-02 -1.994720846414566040e-01 1.090881824493408203e+00 6.502959728240966797e-01 -6.102514266967773438e-01 -2.418915480375289917e-01 -3.823570311069488525e-01 2.973412255810481408e+00 1.175425590104901330e+00 -5.207861715951988657e+00 1.106349049248478211e+00 -1.715352858870118524e+01 -3.704922780282842165e+00 7.284102303003066936e+00
1.661603297642007113e+09 1.889297924935817719e-02 -1.954069286584854126e-01 1.087192654609680176e+00 6.535263657569885254e-01 -6.091693639755249023e-01 -2.295141816139221191e-01 -3.861855566501617432e-01 2.937311036323019930e+00 1.175285106587500739e+00 -5.207239287158288654e+00 1.106216821562197472e+00 -1.715147844783962228e+01 -3.704479978468537826e+00 7.283231727850316695e+00
1.661603297643004417e+09 2.095587737858295441e-02 -1.913446784019470215e-01 1.083621978759765625e+00 6.565641164779663086e-01 -6.079072952270507812e-01 -2.171676307916641235e-01 -3.901416957378387451e-01 5.804178993048394908e+00 2.350851180209806213e+00 -1.041572343190375349e+01 2.212698098496511001e+00 -3.430705717740237048e+01 -7.409845560565684330e+00 1.456820460600611966e+01
1.661603297644999027e+09 2.302633598446846008e-02 -1.872816234827041626e-01 1.080171823501586914e+00 6.594097614288330078e-01 -6.064618825912475586e-01 -2.048604637384414673e-01 -3.942269980907440186e-01 2.866869042719284888e+00 1.175425590104903106e+00 -5.207861715951988657e+00 1.106349049248478211e+00 -1.715352858870118524e+01 -3.704922780282842165e+00 7.284102303003059831e+00
1.661603297645996571e+09 2.509780228137969971e-02 -1.832140684127807617e-01 1.076844334602355957e+00 6.620644330978393555e-01 -6.048296689987182617e-01 -1.926011741161346436e-01 -3.984425663948059082e-01 5.662641978261958364e+00 2.350289313292929894e+00 -1.041323401425772843e+01 2.212169250959074684e+00 -3.429885759394696976e+01 -7.408074564972815246e+00 1.456472272154005587e+01
1.661603297647991180e+09 2.716358378529548645e-02 -1.791383624076843262e-01 1.073640823364257812e+00 6.645289659500122070e-01 -6.030076742172241211e-01 -1.803987026214599609e-01 -4.027895331382751465e-01 2.797760481614580463e+00 1.175425590104901330e+00 -5.207861715951876747e+00 1.106349049248255501e+00 -1.715352858870118524e+01 -3.704922780282842165e+00 7.284102303003059831e+00
1.661603297649985790e+09 2.921685948967933655e-02 -1.750508695840835571e-01 1.070562601089477539e+00 6.668047308921813965e-01 -6.009925007820129395e-01 -1.682615876197814941e-01 -4.072683751583099365e-01 2.764213790358267087e+00 1.175425590104901330e+00 -5.207861715951876747e+00 1.106349049248255501e+00 -1.715352858870118524e+01 -3.704922780282842165e+00 7.284102303003059831e+00
1.661603297650982857e+09 3.125069290399551392e-02 -1.709480732679367065e-01 1.067610621452331543e+00 6.688929796218872070e-01 -5.987814068794250488e-01 -1.561987102031707764e-01 -4.118798673152923584e-01 5.464295278122240695e+00 2.351413315833956297e+00 -1.041821404008951113e+01 2.213227198950924901e+00 -3.431526068222719061e+01 -7.411617403119621805e+00 1.457168815564887510e+01
1.661603297652977943e+09 3.325803950428962708e-02 -1.668264716863632202e-01 1.064785361289978027e+00 6.707954406738281250e-01 -5.963713526725769043e-01 -1.442189663648605347e-01 -4.166240692138671875e-01 2.699173209061755063e+00 1.175144656646463170e+00 -5.206617007128864216e+00 1.106084625479537342e+00 -1.714942879697348488e+01 -3.704037282486407623e+00 7.282361360770027936e+00
1.661603297654972315e+09 3.523176163434982300e-02 -1.626826822757720947e-01 1.062086939811706543e+00 6.725135445594787598e-01 -5.937598943710327148e-01 -1.323311924934387207e-01 -4.215011596679687500e-01 2.669657455988252437e+00 1.175566107210711753e+00 -5.208484293562869460e+00 1.106481308548823206e+00 -1.715557921973390521e+01 -3.705365687967275168e+00 7.284973086302880318e+00
1.661603297655969858e+09 3.716465085744857788e-02 -1.585134267807006836e-01 1.059515118598937988e+00 6.740491390228271484e-01 -5.909443497657775879e-01 -1.205443516373634338e-01 -4.265109002590179443e-01 5.279183811859563313e+00 2.350289313292926341e+00 -1.041323401425750639e+01 2.212169250958629263e+00 -3.429885759394696976e+01 -7.408074564972815246e+00 1.456472272154005587e+01
1.661603297657964468e+09 3.904942423105239868e-02 -1.543155163526535034e-01 1.057069540023803711e+00 6.754043102264404297e-01 -5.879223942756652832e-01 -1.088673546910285950e-01 -4.316528141498565674e-01 2.612596634948713081e+00 1.175425590104901330e+00 -5.207861715951988657e+00 1.106349049248478211e+00 -1.715352858870118524e+01 -3.704922780282842165e+00 7.284102303003059831e+00
1.661603297659958839e+09 4.087875038385391235e-02 -1.500858962535858154e-01 1.054749250411987305e+00 6.765810847282409668e-01 -5.846917033195495605e-01 -9.730915725231170654e-02 -4.369262456893920898e-01 2.587002672883417453e+00 1.175566107210711753e+00 -5.208484293562980483e+00 1.106481308549045695e+00 -1.715557921973390521e+01 -3.705365687967275168e+00 7.284973086302880318e+00
1.661603297660956383e+09 4.264525696635246277e-02 -1.458216756582260132e-01 1.052553057670593262e+00 6.775817275047302246e-01 -5.812502503395080566e-01 -8.587870001792907715e-02 -4.423302114009857178e-01 5.124083569192153576e+00 2.350289313292926341e+00 -1.041323401425750639e+01 2.212169250958629263e+00 -3.429885759394696976e+01 -7.408074564972815246e+00 1.456472272154005587e+01
1.661603297662950993e+09 4.434155300259590149e-02 -1.415200829505920410e-01 1.050479412078857422e+00 6.784085631370544434e-01 -5.775960087776184082e-01 -7.458490878343582153e-02 -4.478635489940643311e-01 2.540674777003089968e+00 1.175425590104901330e+00 -5.207861715951876747e+00 1.106349049248478211e+00 -1.715352858870118524e+01 -3.704922780282842165e+00 7.284102303003059831e+00
1.661603297664945602e+09 4.596022889018058777e-02 -1.371785253286361694e-01 1.048526287078857422e+00 6.790640950202941895e-01 -5.737273097038269043e-01 -6.343670189380645752e-02 -4.535247683525085449e-01 2.520950665555552472e+00 1.175425590104901330e+00 -5.207861715951988657e+00 1.106349049248478211e+00 -1.715352858870118524e+01 -3.704922780282842165e+00 7.284102303003059831e+00
1.661603297666940451e+09 4.749388992786407471e-02 -1.327945888042449951e-01 1.046691417694091797e+00 6.795509457588195801e-01 -5.696424245834350586e-01 -5.244296789169311523e-02 -4.593122303485870361e-01 2.503334399950909006e+00 1.175285106587498962e+00 -5.207239287158400565e+00 1.106216821562419961e+00 -1.715147844783962228e+01 -3.704479978468537826e+00 7.283231727850316695e+00
1.661603297667937517e+09 4.893514886498451233e-02 -1.283660382032394409e-01 1.044972419738769531e+00 6.798719167709350586e-01 -5.653399229049682617e-01 -4.161253571510314941e-02 -4.652239382266998291e-01 4.978902320319247288e+00 2.351413315833956297e+00 -1.041821404008928731e+01 2.213227198950924901e+00 -3.431526068222719061e+01 -7.411617403119621805e+00 1.457168815564887510e+01
1.661603297669932365e+09 5.027666315436363220e-02 -1.238908469676971436e-01 1.043366074562072754e+00 6.800298094749450684e-01 -5.608185529708862305e-01 -3.095422685146331787e-02 -4.712577462196350098e-01 2.476568695441346613e+00 1.175285106587498962e+00 -5.207239287158288654e+00 1.106216821562419961e+00 -1.715147844783962228e+01 -3.704479978468537826e+00 7.283231727850316695e+00
1.661603297671926737e+09 5.151113122701644897e-02 -1.193671897053718567e-01 1.041869401931762695e+00 6.800275444984436035e-01 -5.560772418975830078e-01 -2.047678455710411072e-02 -4.774111807346343994e-01 2.468013337045298794e+00 1.175566107210711753e+00 -5.208484293562980483e+00 1.106481308549045695e+00 -1.715557921973390521e+01 -3.705365687967275168e+00 7.284973086302880318e+00
1.661603297672924519e+09 5.263132229447364807e-02 -1.147934496402740479e-01 1.040478587150573730e+00 6.798682808876037598e-01 -5.511147975921630859e-01 -1.018888968974351883e-02 -4.836814105510711670e-01 4.920935395982462879e+00 2.349727714890705865e+00 -1.041074578629733161e+01 2.211640656155978046e+00 -3.429066192904996768e+01 -7.406304415733872659e+00 1.456124250105701279e+01
1.661603297674918890e+09 5.363008007407188416e-02 -1.101682558655738831e-01 1.039189815521240234e+00 6.795551776885986328e-01 -5.459308028221130371e-01 -9.911372762871906161e-05 -4.900656044483184814e-01 2.459004516806000407e+00 1.175566107210711753e+00 -5.208484293562869460e+00 1.106481308549045695e+00 -1.715557921973390521e+01 -3.705365687967275168e+00 7.284973086302880318e+00
1.661603297676913738e+09 5.450034141540527344e-02 -1.054904684424400330e-01 1.037998914718627930e+00 6.790915131568908691e-01 -5.405244231224060059e-01 9.783982299268245697e-03 -4.965605735778808594e-01 2.458745226497495828e+00 1.175285106587498962e+00 -5.207239287158288654e+00 1.106216821562419961e+00 -1.715147844783962228e+01 -3.704479978468537826e+00 7.283231727850316695e+00
1.661603297677910805e+09 5.523515865206718445e-02 -1.007591933012008667e-01 1.036901354789733887e+00 -6.784805655479431152e-01 5.348953604698181152e-01 -1.945201866328716278e-02 5.031626820564270020e-01 4.926637011083363937e+00 2.351413315833956297e+00 -1.041821404008951113e+01 2.213227198950924901e+00 -3.431526068222719061e+01 -7.411617403119621805e+00 1.457168815564887510e+01
1.661603297679905653e+09 5.582769587635993958e-02 -9.597377479076385498e-02 1.035892248153686523e+00 -6.777260303497314453e-01 5.290433764457702637e-01 -2.889660559594631195e-02 5.098683238029479980e-01 2.469571960060754634e+00 1.175285106587498962e+00 -5.207239287158400565e+00 1.106216821562419961e+00 -1.715147844783962228e+01 -3.704479978468537826e+00 7.283231727850316695e+00
1.661603297681900263e+09 5.627126991748809814e-02 -9.113384783267974854e-02 1.034966588020324707e+00 -6.768311858177185059e-01 5.229682922363281250e-01 -3.810964524745941162e-02 5.166735649108886719e-01 2.480472540050730146e+00 1.175425590104901330e+00 -5.207861715951876747e+00 1.106349049248478211e+00 -1.715352858870118524e+01 -3.704922780282842165e+00 7.284102303003059831e+00
1.661603297683895111e+09 5.655934289097785950e-02 -8.623929321765899658e-02 1.034119129180908203e+00 -6.757996082305908203e-01 5.166702270507812500e-01 -4.708293452858924866e-02 5.235741734504699707e-01 2.494287376682550406e+00 1.175285106587498962e+00 -5.207239287158288654e+00 1.106216821562419961e+00 -1.715147844783962228e+01 -3.704479978468537826e+00 7.283231727850316695e+00
1.661603297684892416e+09 5.668554827570915222e-02 -8.129025995731353760e-02 1.033344030380249023e+00 -6.746352314949035645e-01 5.101496577262878418e-01 -5.580865591764450073e-02 5.305656790733337402e-01 5.024493051301253566e+00 2.350851180209802660e+00 -1.041572343190397731e+01 2.212698098496956423e+00 -3.430705717740237048e+01 -7.409845560565684330e+00 1.456820460600611966e+01
1.661603297686887264e+09 5.664370208978652954e-02 -7.628720253705978394e-02 1.032635688781738281e+00 -6.733416914939880371e-01 5.034069418907165527e-01 -6.427884846925735474e-02 5.376434326171875000e-01 2.533087921191590208e+00 1.175285106587498962e+00 -5.207239287158400565e+00 1.106216821562419961e+00 -1.715147844783962228e+01 -3.704479978468537826e+00 7.283231727850316695e+00
1.661603297688881636e+09 5.642781779170036316e-02 -7.123083621263504028e-02 1.031987905502319336e+00 -6.719231605529785156e-01 4.964430928230285645e-01 -7.248596847057342529e-02 5.448022484779357910e-01 2.558330504182255716e+00 1.175566107210711753e+00 -5.208484293562869460e+00 1.106481308549045695e+00 -1.715557921973390521e+01 -3.705365687967275168e+00 7.284973086302880318e+00
1.661603297689878702e+09 5.603212118148803711e-02 -6.612216681241989136e-02 1.031394243240356445e+00 -6.703828573226928711e-01 4.892583787441253662e-01 -8.042249083518981934e-02 5.520373582839965820e-01 5.173423405598959413e+00 2.351413315833956297e+00 -1.041821404008928731e+01 2.213227198950924901e+00 -3.431526068222719061e+01 -7.411617403119621805e+00 1.457168815564887510e+01
1.661603297691873789e+09 5.545105785131454468e-02 -6.096249818801879883e-02 1.030848383903503418e+00 -6.687251925468444824e-01 4.818543195724487305e-01 -8.808105438947677612e-02 5.593430995941162109e-01 2.616877859220215097e+00 1.175144656646463170e+00 -5.206617007128864216e+00 1.106084625479537342e+00 -1.714942879697348488e+01 -3.704037282486407623e+00 7.282361360770027936e+00
1.661603297693868399e+09 5.467931926250457764e-02 -5.575341731309890747e-02 1.030343532562255859e+00 -6.669540405273437500e-01 4.742320477962493896e-01 -9.545453637838363647e-02 5.667139291763305664e-01 2.652189407231894336e+00 1.175425590104901330e+00 -5.207861715951988657e+00 1.106349049248478211e+00 -1.715352858870118524e+01 -3.704922780282842165e+00 7.284102303003059831e+00
1.661603297694865465e+09 5.371184647083282471e-02 -5.049680918455123901e-02 1.029872775077819824e+00 -6.650734543800354004e-01 4.663930237293243408e-01 -1.025360226631164551e-01 5.741439461708068848e-01 5.381375267969708887e+00 2.351413315833956297e+00 -1.041821404008928731e+01 2.213227198950924901e+00 -3.431526068222719061e+01 -7.411617403119621805e+00 1.457168815564887510e+01
1.661603297696860313e+09 5.254384502768516541e-02 -4.519485309720039368e-02 1.029429197311401367e+00 -6.630873680114746094e-01 4.583386480808258057e-01 -1.093186140060424805e-01 5.816271901130676270e-01 2.730621765276000090e+00 1.175285106587498962e+00 -5.207239287158288654e+00 1.106216821562419961e+00 -1.715147844783962228e+01 -3.704479978468537826e+00 7.283231727850316695e+00
1.661603297698854923e+09 5.117079243063926697e-02 -3.985003009438514709e-02 1.029005408287048340e+00 -6.610001921653747559e-01 4.500711262226104736e-01 -1.157958582043647766e-01 5.891571640968322754e-01 2.774787605187957862e+00 1.175425590104901330e+00 -5.207861715951988657e+00 1.106349049248478211e+00 -1.715352858870118524e+01 -3.704922780282842165e+00 7.284102303003059831e+00
1.661603297699852228e+09 4.958846792578697205e-02 -3.446510806679725647e-02 1.028594136238098145e+00 -6.588157415390014648e-01 4.415920078754425049e-01 -1.219613254070281982e-01 5.967276096343994141e-01 5.642843386726812405e+00 2.350851180209802660e+00 -1.041572343190397731e+01 2.212698098496956423e+00 -3.430705717740237048e+01 -7.409845560565684330e+00 1.456820460600611966e+01
1.661603297701846838e+09 4.779294133186340332e-02 -2.904314361512660980e-02 1.028187870979309082e+00 -6.565383672714233398e-01 4.329037368297576904e-01 -1.278089731931686401e-01 6.043316721916198730e-01 2.870718914660471466e+00 1.175425590104901330e+00 -5.207861715951876747e+00 1.106349049248366745e+00 -1.715352858870118524e+01 -3.704922780282842165e+00 7.284102303003059831e+00
1.661603297703841448e+09 4.578059539198875427e-02 -2.358749322593212128e-02 1.027779221534729004e+00 -6.541720032691955566e-01 4.240085780620574951e-01 -1.333327889442443848e-01 6.119625568389892578e-01 2.922522721795979717e+00 1.175425590104901330e+00 -5.207861715951876747e+00 1.106349049248366745e+00 -1.715352858870118524e+01 -3.704922780282842165e+00 7.284102303003059831e+00
1.661603297704838991e+09 4.354813694953918457e-02 -1.810179464519023895e-02 1.027360320091247559e+00 -6.517208814620971680e-01 4.149090051651000977e-01 -1.385271847248077393e-01 6.196132302284240723e-01 5.951981542073515818e+00 2.350289313292926341e+00 -1.041323401425772843e+01 2.212169250959074684e+00 -3.429885759394696976e+01 -7.408074564972815246e+00 1.456472272154005587e+01
1.661603297706834078e+09 4.109261184930801392e-02 -1.258997153490781784e-02 1.026923656463623047e+00 -6.491895914077758789e-01 4.056080281734466553e-01 -1.433867514133453369e-01 6.272761821746826172e-01 3.032365730533910675e+00 1.175144656646463170e+00 -5.206617007128864216e+00 1.106084625479537342e+00 -1.714942879697348488e+01 -3.704037282486407623e+00 7.282361360770027936e+00
1.661603297708828449e+09 3.841139748692512512e-02 -7.056223228573799133e-03 1.026461482048034668e+00 -6.465816497802734375e-01 3.961080312728881836e-01 -1.479062139987945557e-01 6.349443197250366211e-01 3.091917657399034791e+00 1.175566107210711753e+00 -5.208484293562869460e+00 1.106481308548934450e+00 -1.715557921973390521e+01 -3.705365687967275168e+00 7.284973086302880318e+00
1.661603297710823059e+09 3.550222888588905334e-02 -1.505023101344704628e-03 1.025965809822082520e+00 -6.439018249511718750e-01 3.864125907421112061e-01 -1.520807594060897827e-01 6.426096558570861816e-01 3.151931363299175448e+00 1.175425590104901330e+00 -5.207861715951876747e+00 1.106349049248366745e+00 -1.715352858870118524e+01 -3.704922780282842165e+00 7.284102303003059831e+00
1.661603297711820364e+09 3.236320614814758301e-02 4.058889579027891159e-03 1.025428891181945801e+00 -6.411539912223815918e-01 3.765246570110321045e-01 -1.559056937694549561e-01 6.502646207809448242e-01 6.428164455021113888e+00 2.350851180209802660e+00 -1.041572343190397731e+01 2.212698098496956423e+00 -3.430705717740237048e+01 -7.409845560565684330e+00 1.456820460600611966e+01
1.661603297713814735e+09 2.899277955293655396e-02 9.630516171455383301e-03 1.024843096733093262e+00 -6.383424997329711914e-01 3.664478957653045654e-01 -1.593767106533050537e-01 6.579011678695678711e-01 3.278245423340966802e+00 1.175566107210711753e+00 -5.208484293562980483e+00 1.106481308549045695e+00 -1.715557921973390521e+01 -3.705365687967275168e+00 7.284973086302880318e+00
1.661603297715809822e+09 2.538979426026344299e-02 1.520460657775402069e-02 1.024200439453125000e+00 -6.354712247848510742e-01 3.561857342720031738e-01 -1.624896526336669922e-01 6.655112504959106445e-01 3.342314847748242279e+00 1.175144656646463170e+00 -5.206617007128753194e+00 1.106084625479426098e+00 -1.714942879697348488e+01 -3.704037282486407623e+00 7.282361360770027936e+00
1.661603297716806889e+09 2.155346423387527466e-02 2.077566832304000854e-02 1.023493289947509766e+00 -6.325444579124450684e-01 3.457419872283935547e-01 -1.652407497167587280e-01 6.730865836143493652e-01 6.821054900992033154e+00 2.351413315833942086e+00 -1.041821404008928731e+01 2.213227198950702412e+00 -3.431526068222719061e+01 -7.411617403119621805e+00 1.457168815564887510e+01
1.661603297718801498e+09 1.748339459300041199e-02 2.633797563612461090e-02 1.022713899612426758e+00 -6.295661330223083496e-01 3.351205289363861084e-01 -1.676264554262161255e-01 6.806188821792602539e-01 3.477519362854411433e+00 1.175425590104894447e+00 -5.207861715951988657e+00 1.106349049248478211e+00 -1.715352858870118524e+01 -3.704922780282842165e+00 7.284102303003059831e+00
1.661603297720796108e+09 1.317957974970340729e-02 3.188557922840118408e-02 1.021854519844055176e+00 -6.265405416488647461e-01 3.243255913257598877e-01 -1.696435809135437012e-01 6.880995631217956543e-01 3.546408918904580876e+00 1.175425590104894447e+00 -5.207861715951988657e+00 1.106349049248478211e+00 -1.715352858870118524e+01 -3.704922780282842165e+00 7.284102303003059831e+00
1.661603297721793652e+09 8.642415516078472137e-03 3.741231933236122131e-02 1.020907878875732422e+00 -6.234714984893798828e-01 3.133613169193267822e-01 -1.712892353534698486e-01 6.955199837684631348e-01 7.230727122191411560e+00 2.350289313292940552e+00 -1.041323401425750639e+01 2.212169250958852196e+00 -3.429885759394696976e+01 -7.408074564972815246e+00 1.456472272154005587e+01
1.661603297723788023e+09 3.872692352160811424e-03 4.291183128952980042e-02 1.019866347312927246e+00 -6.203628778457641602e-01 3.022321164608001709e-01 -1.725607663393020630e-01 7.028715610504150391e-01 3.687321546478218082e+00 1.175566107210718858e+00 -5.208484293562869460e+00 1.106481308548934450e+00 -1.715557921973390521e+01 -3.705365687967275168e+00 7.284973086302880318e+00
1.661603297725783110e+09 -1.128392759710550308e-03 4.837756603956222534e-02 1.018722534179687500e+00 -6.172189116477966309e-01 2.909427285194396973e-01 -1.734559684991836548e-01 7.101452350616455078e-01 3.757343965596019242e+00 1.175144656646456287e+00 -5.206617007128864216e+00 1.106084625479537342e+00 -1.714942879697359501e+01 -3.704037282486407623e+00 7.282361360770027936e+00
1.661603297727777481e+09 -6.359239108860492706e-03 5.380279570817947388e-02 1.017469525337219238e+00 -6.140431761741638184e-01 2.794976532459259033e-01 -1.739728450775146484e-01 7.173321843147277832e-01 3.830626760646499651e+00 1.175566107210718858e+00 -5.208484293562980483e+00 1.106481308549045695e+00 -1.715557921973401534e+01 -3.705365687967275168e+00 7.284973086302880318e+00
1.661603297728775024e+09 -1.181783899664878845e-02 5.918062850832939148e-02 1.016100049018859863e+00 -6.108396053314208984e-01 2.679019272327423096e-01 -1.741097122430801392e-01 7.244234681129455566e-01 7.803311935527848853e+00 2.350289313292940552e+00 -1.041323401425750639e+01 2.212169250958852196e+00 -3.429885759394674949e+01 -7.408074564972815246e+00 1.456472272154005587e+01
1.661603297730769396e+09 -1.750177890062332153e-02 6.450403481721878052e-02 1.014607429504394531e+00 -6.076119542121887207e-01 2.561605274677276611e-01 -1.738653630018234253e-01 7.314098477363586426e-01 3.975837344907389603e+00 1.175566107210704869e+00 -5.208484293562869460e+00 1.106481308548934450e+00 -1.715557921973379507e+01 -3.705365687967275168e+00 7.284973086302880318e+00
1.661603297732764244e+09 -2.340823598206043243e-02 6.976582854986190796e-02 1.012984991073608398e+00 -6.043637394905090332e-01 2.442785352468490601e-01 -1.732387095689773560e-01 7.382823228836059570e-01 4.047908016896587746e+00 1.175285106587492079e+00 -5.207239287158400565e+00 1.106216821562419961e+00 -1.715147844783973241e+01 -3.704479978468537826e+00 7.283231727850316695e+00
1.661603297734758854e+09 -2.953398227691650391e-02 7.495871931314468384e-02 1.011226058006286621e+00 -6.010987758636474609e-01 2.322613745927810669e-01 -1.722291558980941772e-01 7.450315952301025391e-01 4.121604623157132608e+00 1.175425590104894447e+00 -5.207861715951988657e+00 1.106349049248478211e+00 -1.715352858870129538e+01 -3.704922780282842165e+00 7.284102303003059831e+00
1.661603297735756636e+09 -3.587539121508598328e-02 8.007531613111495972e-02 1.009324550628662109e+00 -5.978204011917114258e-01 2.201143205165863037e-01 -1.708364337682723999e-01 7.516484260559082031e-01 8.385725402185402189e+00 2.349727714890692098e+00 -1.041074578629710956e+01 2.211640656155755558e+00 -3.429066192904974741e+01 -7.406304415733983681e+00 1.456124250105701279e+01
1.661603297737750769e+09 -4.242842271924018860e-02 8.510813862085342407e-02 1.007274389266967773e+00 -5.945321321487426758e-01 2.078430503606796265e-01 -1.690605133771896362e-01 7.581235766410827637e-01 4.269126766389259586e+00 1.175706657916971043e+00 -5.209107020044643654e+00 1.106613599475351206e+00 -1.715763034111348517e+01 -3.705808701559754947e+00 7.285844077824437548e+00
1.661603297739745617e+09 -4.918864741921424866e-02 9.004961699247360229e-02 1.005069851875305176e+00 -5.912373065948486328e-01 1.954531818628311157e-01 -1.669018715620040894e-01 7.644476890563964844e-01 4.340696986736199747e+00 1.175285106587492079e+00 -5.207239287158400565e+00 1.106216821562419961e+00 -1.715147844783973241e+01 -3.704479978468482315e+00 7.283231727850316695e+00
1.661603297741739988e+09 -5.615124478936195374e-02 9.489215165376663208e-02 1.002705454826354980e+00 -5.879392623901367188e-01 1.829505115747451782e-01 -1.643611937761306763e-01 7.706114053726196289e-01 4.414647341347091469e+00 1.175566107210704869e+00 -5.208484293562980483e+00 1.106481308549045695e+00 -1.715557921973379507e+01 -3.705365687967331123e+00 7.284973086302880318e+00
1.661603297742738247e+09 -6.331099569797515869e-02 9.962808340787887573e-02 1.000175714492797852e+00 -5.846409797668457031e-01 1.703409254550933838e-01 -1.614395231008529663e-01 7.766055464744567871e-01 8.964950663633052486e+00 2.348605322860651157e+00 -1.040577289602421907e+01 2.210584224029576550e+00 -3.427428234370030680e+01 -7.402766653892219217e+00 1.455428704727087030e+01
1.661603297744732380e+09 -7.066230475902557373e-02 1.042497530579566956e-01 9.974759221076965332e-01 -5.813458561897277832e-01 1.576305031776428223e-01 -1.581383794546127319e-01 7.824205160140991211e-01 4.560091627062172748e+00 1.175706657916971043e+00 -5.209107020044643654e+00 1.106613599475351206e+00 -1.715763034111348517e+01 -3.705808701559754947e+00 7.285844077824381593e+00
1.661603297746726990e+09 -7.819920033216476440e-02 1.087494716048240662e-01 9.946011900901794434e-01 -5.780566334724426270e-01 1.448252946138381958e-01 -1.544594913721084595e-01 7.880471944808959961e-01 4.630822853713166154e+00 1.175425590104894447e+00 -5.207861715951988657e+00 1.106349049248478211e+00 -1.715352858870107511e+01 -3.704922780282786654e+00 7.284102303003114898e+00
1.661603297748721361e+09 -8.591532707214355469e-02 1.131195798516273499e-01 9.915472269058227539e-01 -5.747762918472290039e-01 1.319315582513809204e-01 -1.504050046205520630e-01 7.934762835502624512e-01 4.702668262811947386e+00 1.175566107210704869e+00 -5.208484293562869460e+00 1.106481308549045695e+00 -1.715557921973379507e+01 -3.705365687967331123e+00 7.284973086302825251e+00
1.661603297749719143e+09 -9.380399435758590698e-02 1.173524633049964905e-01 9.883099198341369629e-01 -5.715075135231018066e-01 1.189555674791336060e-01 -1.459774523973464966e-01 7.986984848976135254e-01 9.541066271405437504e+00 2.349727714890692098e+00 -1.041074578629710956e+01 2.211640656155755558e+00 -3.429066192904974741e+01 -7.406304415733761637e+00 1.456124250105690088e+01
1.661603297751713514e+09 -1.018581390380859375e-01 1.214405298233032227e-01 9.848855733871459961e-01 -5.682530999183654785e-01 1.059037670493125916e-01 -1.411796659231185913e-01 8.037046194076538086e-01 4.843425923096499552e+00 1.175566107210704869e+00 -5.208484293562980483e+00 1.106481308548934450e+00 -1.715557921973379507e+01 -3.705365687967331123e+00 7.284973086302825251e+00
1.661603297753708124e+09 -1.100703626871109009e-01 1.253762692213058472e-01 9.812707901000976562e-01 -5.650154352188110352e-01 9.278256446123123169e-02 -1.360148042440414429e-01 8.084855675697326660e-01 4.912149759964247409e+00 1.175425590104894447e+00 -5.207861715951988657e+00 1.106349049248478211e+00 -1.715352858870107511e+01 -3.704922780282786654e+00 7.284102303003003875e+00
1.661603297755703211e+09 -1.184329241514205933e-01 1.291522681713104248e-01 9.774623513221740723e-01 -5.617970824241638184e-01 7.959859818220138550e-02 -1.304864734411239624e-01 8.130322098731994629e-01 4.979495988820514363e+00 1.175144656646456287e+00 -5.206617007128864216e+00 1.106084625479537342e+00 -1.714942879697337474e+01 -3.704037282486463134e+00 7.282361360769972869e+00
1.661603297756700516e+09 -1.269377768039703369e-01 1.327611804008483887e-01 9.734576940536499023e-01 -5.586003661155700684e-01 6.635846942663192749e-02 -1.245986074209213257e-01 8.173355460166931152e-01 1.009667243257696789e+01 2.350851180209788893e+00 -1.041572343190375349e+01 2.212698098496733490e+00 -3.430705717740215022e+01 -7.409845560565795353e+00 1.456820460600600775e+01
1.661603297758695364e+09 -1.355765610933303833e-01 1.361958384513854980e-01 9.692543148994445801e-01 -5.554274320602416992e-01 5.306885764002799988e-02 -1.183554306626319885e-01 8.213866949081420898e-01 5.114494374807430077e+00 1.175285106587492079e+00 -5.207239287158288654e+00 1.106216821562308716e+00 -1.715147844783951214e+01 -3.704479978468482315e+00 7.283231727850260739e+00
1.661603297760689497e+09 -1.443406045436859131e-01 1.394491642713546753e-01 9.648501873016357422e-01 -5.522804260253906250e-01 3.973652794957160950e-02 -1.117615550756454468e-01 8.251768350601196289e-01 5.182138197866597906e+00 1.175706657916971043e+00 -5.209107020044755565e+00 1.106613599475462451e+00 -1.715763034111348517e+01 -3.705808701559754947e+00 7.285844077824381593e+00
1.661603297762684107e+09 -1.532209664583206177e-01 1.425142735242843628e-01 9.602437615394592285e-01 -5.491611957550048828e-01 2.636830136179924011e-02 -1.048219427466392517e-01 8.286972045898437500e-01 5.245649692622005311e+00 1.175425590104894447e+00 -5.207861715951876747e+00 1.106349049248478211e+00 -1.715352858870107511e+01 -3.704922780282897676e+00 7.284102303003003875e+00
1.661603297763681173e+09 -1.622084379196166992e-01 1.453844159841537476e-01 9.554336071014404297e-01 -5.460716485977172852e-01 1.297101657837629318e-02 -9.754192829132080078e-02 8.319393396377563477e-01 1.062124463605197100e+01 2.351413315833942086e+00 -1.041821404008928731e+01 2.213227198950924901e+00 -3.431526068222697035e+01 -7.411617403119732828e+00 1.457168815564876319e+01
1.661603297765676022e+09 -1.712935417890548706e-01 1.480530798435211182e-01 9.504188895225524902e-01 -5.430135130882263184e-01 -4.484119126573204994e-04 -8.992712944746017456e-02 8.348947763442993164e-01 5.371266797611840005e+00 1.175285106587492079e+00 -5.207239287158400565e+00 1.106216821562419961e+00 -1.715147844783951214e+01 -3.704479978468482315e+00 7.283231727850260739e+00
1.661603297766673565e+09 -1.804665476083755493e-01 1.505139470100402832e-01 9.451989531517028809e-01 -5.399883389472961426e-01 -1.388305425643920898e-02 -8.198356628417968750e-02 8.375551104545593262e-01 1.086401542487339889e+01 2.350289313292912574e+00 -1.041323401425772843e+01 2.212169250959074684e+00 -3.429885759394674949e+01 -7.408074564972703335e+00 1.456472272153994574e+01
1.661603297768668413e+09 -1.897175610065460205e-01 1.527608931064605713e-01 9.397737383842468262e-01 -5.369974970817565918e-01 -2.732594124972820282e-02 -7.371757179498672485e-02 8.399122953414916992e-01 5.492811286353829203e+00 1.175285106587492079e+00 -5.207239287158400565e+00 1.106216821562419961e+00 -1.715147844783951214e+01 -3.704479978468593782e+00 7.283231727850260739e+00
1.661603297770662546e+09 -1.990363895893096924e-01 1.547880917787551880e-01 9.341433048248291016e-01 -5.340424180030822754e-01 -4.077008366584777832e-02 -6.513576209545135498e-02 8.419583439826965332e-01 5.553707335252374477e+00 1.175706657916971043e+00 -5.209107020044643654e+00 1.106613599475462451e+00 -1.715763034111348517e+01 -3.705808701559866414e+00 7.285844077824381593e+00
1.661603297771660089e+09 -2.084127068519592285e-01 1.565899401903152466e-01 9.283083081245422363e-01 -5.311241745948791504e-01 -5.420846492052078247e-02 -5.624516308307647705e-02 8.436853885650634766e-01 1.121724734577682447e+01 2.350289313292912574e+00 -1.041323401425750639e+01 2.212169250959074684e+00 -3.429885759394674949e+01 -7.408074564972926268e+00 1.456472272153994574e+01
1.661603297773654699e+09 -2.178360074758529663e-01 1.581611186265945435e-01 9.222696423530578613e-01 -5.282439589500427246e-01 -6.763408333063125610e-02 -4.705310612916946411e-02 8.450857996940612793e-01 5.666215106268255752e+00 1.175425590104894447e+00 -5.207861715951876747e+00 1.106349049248478211e+00 -1.715352858870107511e+01 -3.704922780282897676e+00 7.284102303003003875e+00
1.661603297775649548e+09 -2.272956073284149170e-01 1.594965904951095581e-01 9.160286188125610352e-01 -5.254024863243103027e-01 -8.103988319635391235e-02 -3.756719082593917847e-02 8.461521863937377930e-01 5.720387664312140075e+00 1.175285106587492079e+00 -5.207239287158288654e+00 1.106216821562419961e+00 -1.715147844783951214e+01 -3.704479978468593782e+00 7.283231727850260739e+00
1.661603297777644396e+09 -2.367806732654571533e-01 1.605916470289230347e-01 9.095869064331054688e-01 -5.226005315780639648e-01 -9.441885352134704590e-02 -2.779538370668888092e-02 8.468773365020751953e-01 5.773806594900777078e+00 1.175285106587492079e+00 -5.207239287158288654e+00 1.106216821562419961e+00 -1.715147844783951214e+01 -3.704479978468593782e+00 7.283231727850260739e+00
1.661603297778641462e+09 -2.462802976369857788e-01 1.614418476819992065e-01 9.029465913772583008e-01 -5.198388695716857910e-01 -1.077639684081077576e-01 -1.774595677852630615e-02 8.472541570663452148e-01 1.165570175615552984e+01 2.351413315833942086e+00 -1.041821404008928731e+01 2.213227198950924901e+00 -3.431526068222697035e+01 -7.411617403119732828e+00 1.457168815564876319e+01
1.661603297780636072e+09 -2.557834088802337646e-01 1.620431542396545410e-01 8.961099982261657715e-01 -5.171179175376892090e-01 -1.210682317614555359e-01 -7.427461445331573486e-03 8.472758531570434570e-01 5.876932981149967539e+00 1.175425590104894447e+00 -5.207861715951876747e+00 1.106349049248478211e+00 -1.715352858870107511e+01 -3.704922780282897676e+00 7.284102303003003875e+00
1.661603297781633377e+09 -2.557834088802337646e-01 1.620431542396545410e-01 8.961099982261657715e-01 -5.171179175376892090e-01 -1.210682317614555359e-01 -7.427461445331573486e-03 8.472758531570434570e-01 0.000000000000000000e+00 0.000000000000000000e+00 0.000000000000000000e+00 0.000000000000000000e+00 0.000000000000000000e+00 0.000000000000000000e+00 0.000000000000000000e+00
1.661603297783627987e+09 -2.507879734039306641e-01 1.672681272029876709e-01 8.943574428558349609e-01 -5.245772600173950195e-01 -1.111290827393531799e-01 -1.731443591415882111e-02 8.439012169837951660e-01 3.729128437697991405e+00 -1.750973317700458415e-02 -1.431170521032941512e+00 2.773163592284792589e+00 1.607368369813640641e+01 7.287425114638068635e+00 -8.245144358862608769e+00
1.661603297785622835e+09 -2.458317130804061890e-01 1.723210364580154419e-01 8.924525976181030273e-01 -5.320910811424255371e-01 -1.012388169765472412e-01 -2.686796523630619049e-02 8.401832580566406250e-01 3.674326254694800564e+00 -1.750764046359946924e-02 -1.430999471609974538e+00 2.772832151673675583e+00 1.607176261725915012e+01 7.286554142352457575e+00 -8.244158922701746661e+00
1.661603297786620378e+09 -2.409248948097229004e-01 1.772032976150512695e-01 8.903975486755371094e-01 -5.396541357040405273e-01 -9.140285104513168335e-02 -3.607998415827751160e-02 8.361322879791259766e-01 7.238347665428449318e+00 -3.501109650070190205e-02 -2.861656926137824186e+00 5.545001580557753940e+00 3.213968399106293106e+01 1.457136675646821544e+01 -1.648634744413134001e+01
1.661603297788614988e+09 -2.360776364803314209e-01 1.819165498018264771e-01 8.881947398185729980e-01 -5.472608208656311035e-01 -8.162647485733032227e-02 -4.494283720850944519e-02 8.317589163780212402e-01 3.564992120568143630e+00 -1.750973317700458415e-02 -1.431170521032941512e+00 2.773163592284792589e+00 1.607368369813640641e+01 7.287425114638068635e+00 -8.245144358862608769e+00
1.661603297790609598e+09 -2.312998473644256592e-01 1.864628195762634277e-01 8.858469128608703613e-01 -5.549056529998779297e-01 -7.191483676433563232e-02 -5.344926938414573669e-02 8.270738720893859863e-01 3.509749381784621924e+00 -1.750973317700458415e-02 -1.431170521032941512e+00 2.773163592284792589e+00 1.607368369813640641e+01 7.287425114638068635e+00 -8.245144358862608769e+00
1.661603297791606903e+09 -2.266013026237487793e-01 1.908443570137023926e-01 8.833572268486022949e-01 -5.625830292701721191e-01 -6.227296590805053711e-02 -6.159245222806930542e-02 8.220880627632141113e-01 6.908665107470812750e+00 -3.501946635403700020e-02 -2.862341042065660535e+00 5.546327184569362245e+00 3.214736739627236517e+01 1.457485022927635931e+01 -1.649028871772544136e+01
1.661603297793601274e+09 -2.219915390014648438e-01 1.950637251138687134e-01 8.807290196418762207e-01 -5.702871084213256836e-01 -5.270570889115333557e-02 -6.936591863632202148e-02 8.168127536773681641e-01 3.399273801291508690e+00 -1.751182639078742095e-02 -1.431341611352140664e+00 2.773495112140303753e+00 1.607560523832723476e+01 7.288296295165930694e+00 -8.246130030633056052e+00
1.661603297795596123e+09 -2.174798846244812012e-01 1.991237550973892212e-01 8.779661059379577637e-01 -5.780120491981506348e-01 -4.321780055761337280e-02 -7.676369696855545044e-02 8.112592697143554688e-01 3.342998675175133272e+00 -1.750764046358555676e-02 -1.430999471610085783e+00 2.772832151673786605e+00 1.607176261725937394e+01 7.286554142352457575e+00 -8.244158922701636527e+00
1.661603297796593666e+09 -2.130754142999649048e-01 2.030275464057922363e-01 8.750726580619812012e-01 -5.857519507408142090e-01 -3.381380811333656311e-02 -8.378018438816070557e-02 8.054391145706176758e-01 6.574427313479399793e+00 -3.501109650067408402e-02 -2.861656926138047119e+00 5.545001580557976872e+00 3.213968399106337870e+01 1.457136675646821544e+01 -1.648634744413111619e+01
1.661603297798587799e+09 -2.087869197130203247e-01 2.067784518003463745e-01 8.720529675483703613e-01 -5.935006141662597656e-01 -2.449811995029449463e-02 -9.041019529104232788e-02 7.993640303611755371e-01 3.233575024315709090e+00 -1.751392010508569588e-02 -1.431512742582574882e+00 2.773826711268967404e+00 1.607752723799704953e+01 7.289167684010402937e+00 -8.247115938097264731e+00
1.661603297799585342e+09 -2.046229392290115356e-01 2.103800624608993530e-01 8.689117431640625000e-01 -6.012520194053649902e-01 -1.527500152587890625e-02 -9.664905816316604614e-02 7.930458188056945801e-01 6.354192254742712542e+00 -3.501109650070190205e-02 -2.861656926137824186e+00 5.545001580557753940e+00 3.213968399106293106e+01 1.457136675646821544e+01 -1.648634744413111619e+01
1.661603297801579952e+09 -2.005916982889175415e-01 2.138362228870391846e-01 8.656540513038635254e-01 -6.090000271797180176e-01 -6.148514803498983383e-03 -1.024924516677856445e-01 7.864963412284851074e-01 3.123241012858998022e+00 -1.750973317700458415e-02 -1.431170521032941512e+00 2.773163592284792589e+00 1.607368369813640641e+01 7.287425114638179657e+00 -8.245144358862608769e+00
1.661603297802577496e+09 -1.967010796070098877e-01 2.171509712934494019e-01 8.622851371765136719e-01 -6.167380809783935547e-01 2.877424703910946846e-03 -1.079365089535713196e-01 7.797278761863708496e-01 6.136681206928418675e+00 -3.501109650067408402e-02 -2.861656926138047119e+00 5.545001580557976872e+00 3.213968399106337870e+01 1.457136675646821544e+01 -1.648634744413111619e+01
1.661603297804572344e+09 -1.929586678743362427e-01 2.203285992145538330e-01 8.588106036186218262e-01 -6.244602203369140625e-01 1.179908774793148041e-02 -1.129778549075126648e-01 7.727524042129516602e-01 3.015063726265955424e+00 -1.750764046359946924e-02 -1.430999471609974538e+00 2.772832151673675583e+00 1.607176261725915012e+01 7.286554142352401620e+00 -8.244158922701636527e+00
1.661603297805569649e+09 -1.893716603517532349e-01 2.233735620975494385e-01 8.552362322807312012e-01 -6.321597099304199219e-01 2.061291038990020752e-02 -1.176134794950485229e-01 7.655823230743408203e-01 5.924821618371534981e+00 -3.501946635403700020e-02 -2.862341042065660535e+00 5.546327184569362245e+00 3.214736739627236517e+01 1.457485022927624918e+01 -1.649028871772521754e+01
1.661603297807564259e+09 -1.859469264745712280e-01 2.262905240058898926e-01 8.515681028366088867e-01 -6.398302912712097168e-01 2.931551262736320496e-02 -1.218408942222595215e-01 7.582299113273620605e-01 2.910111180226218508e+00 -1.750973317700458415e-02 -1.431170521032941512e+00 2.773163592284792589e+00 1.607368369813640641e+01 7.287425114638179657e+00 -8.245144358862608769e+00
1.661603297809558868e+09 -1.826908886432647705e-01 2.290843427181243896e-01 8.478125333786010742e-01 -6.474654078483581543e-01 3.790372610092163086e-02 -1.256580203771591187e-01 7.507076263427734375e-01 2.858647440885692781e+00 -1.750973317700458415e-02 -1.431170521032941512e+00 2.773163592284792589e+00 1.607368369813640641e+01 7.287425114638179657e+00 -8.245144358862608769e+00
1.661603297810555935e+09 -1.796096563339233398e-01 2.317599803209304810e-01 8.439761400222778320e-01 -6.550585031509399414e-01 4.637452214956283569e-02 -1.290632188320159912e-01 7.430278658866882324e-01 5.617455797105476378e+00 -3.502784021017139177e-02 -2.863025485165149764e+00 5.547653422537934809e+00 3.215505447599409905e+01 1.457833536802080587e+01 -1.649423187619430564e+01
1.661603297812550545e+09 -1.767088621854782104e-01 2.343226224184036255e-01 8.400655984878540039e-01 -6.626031994819641113e-01 5.472510308027267456e-02 -1.320553421974182129e-01 7.352031469345092773e-01 2.758528625085269859e+00 -1.750973317701850010e-02 -1.431170521032830267e+00 2.773163592284681123e+00 1.607368369813618258e+01 7.287425114638179657e+00 -8.245144358862608769e+00
1.661603297813548088e+09 -1.739937663078308105e-01 2.367775440216064453e-01 8.360878825187683105e-01 -6.700925230979919434e-01 6.295280903577804565e-02 -1.346335709095001221e-01 7.272459864616394043e-01 5.418921602203623955e+00 -3.501109650067408402e-02 -2.861656926137824186e+00 5.545001580557976872e+00 3.213968399106337870e+01 1.457136675646821544e+01 -1.648634744413111619e+01
1.661603297815542698e+09 -1.714691519737243652e-01 2.391301542520523071e-01 8.320500850677490234e-01 -6.775202155113220215e-01 7.105524092912673950e-02 -1.367976814508438110e-01 7.191689014434814453e-01 2.662937591496813639e+00 -1.750973317700458415e-02 -1.431170521032830267e+00 2.773163592284792589e+00 1.607368369813640641e+01 7.287425114638179657e+00 -8.245144358862608769e+00
1.661603297816540480e+09 -1.691394001245498657e-01 2.413859814405441284e-01 8.279595971107482910e-01 -6.848795413970947266e-01 7.903014123439788818e-02 -1.385478228330612183e-01 7.109843492507934570e-01 5.231623393012178269e+00 -3.500273064729671896e-02 -2.860973137147110545e+00 5.543676610048660081e+00 3.213200425773173663e+01 1.456788494840215442e+01 -1.648240805406094367e+01
1.661603297818534851e+09 -1.670084446668624878e-01 2.435506582260131836e-01 8.238238692283630371e-01 -6.921638846397399902e-01 8.687548339366912842e-02 -1.398845762014389038e-01 7.027048468589782715e-01 2.572930060986333700e+00 -1.751182639078742095e-02 -1.431341611352140664e+00 2.773495112140303753e+00 1.607560523832723476e+01 7.288296295165930694e+00 -8.246130030633000985e+00
1.661603297819532394e+09 -1.650797128677368164e-01 2.456298619508743286e-01 8.196504116058349609e-01 -6.993666291236877441e-01 9.458941966295242310e-02 -1.408089995384216309e-01 6.943428516387939453e-01 5.058300409618944116e+00 -3.501109650067408402e-02 -2.861656926137824186e+00 5.545001580557976872e+00 3.213968399106337870e+01 1.457136675646821544e+01 -1.648634744413111619e+01
1.661603297821526766e+09 -1.633562296628952026e-01 2.476293891668319702e-01 8.154469728469848633e-01 -7.064810991287231445e-01 1.021702960133552551e-01 -1.413225382566452026e-01 6.859107613563537598e-01 2.488808056891098186e+00 -1.751182639077350500e-02 -1.431341611352140664e+00 2.773495112140415220e+00 1.607560523832745858e+01 7.288296295165930694e+00 -8.246130030633000985e+00
1.661603297822524071e+09 -1.618405282497406006e-01 2.495550513267517090e-01 8.112214207649230957e-01 -7.135009765625000000e-01 1.096166968345642090e-01 -1.414271593093872070e-01 6.774207949638366699e-01 4.897953810163094168e+00 -3.501946635403700020e-02 -2.862341042065660535e+00 5.546327184569362245e+00 3.214736739627236517e+01 1.457485022927635931e+01 -1.649028871772533122e+01
1.661603297824518919e+09 -1.605346351861953735e-01 2.514127194881439209e-01 8.069816231727600098e-01 -7.204193472862243652e-01 1.169273704290390015e-01 -1.411251723766326904e-01 6.688854098320007324e-01 2.411006246757407823e+00 -1.750764046359946924e-02 -1.430999471609974538e+00 2.772832151673675583e+00 1.607176261725915012e+01 7.286554142352457575e+00 -8.244158922701636527e+00
1.661603297826513767e+09 -1.594401597976684570e-01 2.532082796096801758e-01 8.027355074882507324e-01 -7.272297739982604980e-01 1.241012439131736755e-01 -1.404193043708801270e-01 6.603167057037353516e-01 2.375264374882514851e+00 -1.750764046358555676e-02 -1.430999471609974538e+00 2.772832151673786605e+00 1.607176261725915012e+01 7.286554142352457575e+00 -8.244158922701691594e+00
1.661603297827510834e+09 -1.585581600666046143e-01 2.549476623535156250e-01 7.984911799430847168e-01 -7.339259982109069824e-01 1.311375349760055542e-01 -1.393128186464309692e-01 6.517266035079956055e-01 4.684683780683580601e+00 -3.502784021014355986e-02 -2.863025485165149764e+00 5.547653422538156853e+00 3.215505447599409905e+01 1.457833536802080587e+01 -1.649423187619441578e+01
1.661603297829505205e+09 -1.578892767429351807e-01 2.566367685794830322e-01 7.942565679550170898e-01 -7.405012249946594238e-01 1.380355358123779297e-01 -1.378093510866165161e-01 6.431273221969604492e-01 2.310434934587350497e+00 -1.751182639078742095e-02 -1.431341611352140664e+00 2.773495112140303753e+00 1.607560523832723476e+01 7.288296295165930694e+00 -8.246130030633000985e+00
1.661603297830502748e+09 -1.574336290359497070e-01 2.582814693450927734e-01 7.900398969650268555e-01 -7.469491958618164062e-01 1.447949111461639404e-01 -1.359128355979919434e-01 6.345304846763610840e-01 4.560155365692436291e+00 -3.501109650070190205e-02 -2.861656926137824186e+00 5.545001580557753940e+00 3.213968399106293106e+01 1.457136675646821544e+01 -1.648634744413122633e+01
1.661603297832497358e+09 -1.571908593177795410e-01 2.598876357078552246e-01 7.858490943908691406e-01 -7.532636523246765137e-01 1.514153480529785156e-01 -1.336278170347213745e-01 6.259478330612182617e-01 2.253378861232423258e+00 -1.750973317700458415e-02 -1.431170521032830267e+00 2.773163592284792589e+00 1.607368369813618258e+01 7.287425114638179657e+00 -8.245144358862665612e+00
1.661603297834492445e+09 -1.571601480245590210e-01 2.614610791206359863e-01 7.816922068595886230e-01 -7.594386339187622070e-01 1.578969210386276245e-01 -1.309591233730316162e-01 6.173907518386840820e-01 2.227880708407003585e+00 -1.750554825033704201e-02 -1.430828463068912093e+00 2.772500790278988436e+00 1.606984199553146553e+01 7.285683378234107721e+00 -8.243173722065613163e+00
1.661603297835489273e+09 -1.573401689529418945e-01 2.630075812339782715e-01 7.775773406028747559e-01 -7.654673457145690918e-01 1.642396897077560425e-01 -1.279119104146957397e-01 6.088708043098449707e-01 4.413567719584831295e+00 -3.503621807197722371e-02 -2.863710255671049421e+00 5.548980294918354872e+00 3.216274523286470099e+01 1.458182217389691715e+01 -1.649817692089094834e+01
1.661603297837484360e+09 -1.577291488647460938e-01 2.645328342914581299e-01 7.735123038291931152e-01 -7.713439464569091797e-01 1.704440414905548096e-01 -1.244918778538703918e-01 6.003991961479187012e-01 2.184944828795576388e+00 -1.750554825035095102e-02 -1.430828463068912093e+00 2.772500790278876970e+00 1.606984199553146553e+01 7.285683378234107721e+00 -8.243173722065613163e+00
1.661603297838481426e+09 -1.583248376846313477e-01 2.660424709320068359e-01 7.695050835609436035e-01 -7.770624160766601562e-01 1.765106022357940674e-01 -1.207049936056137085e-01 5.919867753982543945e-01 4.336105481118610605e+00 -3.502784021014355986e-02 -2.863025485165149764e+00 5.547653422538156853e+00 3.215505447599431932e+01 1.457833536802080587e+01 -1.649423187619441578e+01
1.661603297840475798e+09 -1.591244935989379883e-01 2.675419747829437256e-01 7.655634284019470215e-01 -7.826169729232788086e-01 1.824400871992111206e-01 -1.165577024221420288e-01 5.836443305015563965e-01 2.152251767553210460e+00 -1.751182639077350500e-02 -1.431341611352140664e+00 2.773495112140415220e+00 1.607560523832734489e+01 7.288296295165930694e+00 -8.246130030633000985e+00
1.661603297842470646e+09 -1.601249575614929199e-01 2.690367698669433594e-01 7.616949081420898438e-01 -7.880014777183532715e-01 1.882334798574447632e-01 -1.120566800236701965e-01 5.753825902938842773e-01 2.138628001738705375e+00 -1.750764046359946924e-02 -1.430999471609974538e+00 2.772832151673675583e+00 1.607176261725926381e+01 7.286554142352457575e+00 -8.244158922701691594e+00
1.661603297843467951e+09 -1.613225936889648438e-01 2.705321907997131348e-01 7.579071521759033203e-01 -7.932106852531433105e-01 1.938919275999069214e-01 -1.072091162204742432e-01 5.672116875648498535e-01 4.256198283190069986e+00 -3.501946635403700020e-02 -2.862341042065660535e+00 5.546327184569362245e+00 3.214736739627259254e+01 1.457485022927635931e+01 -1.649028871772533122e+01
1.661603297845462799e+09 -1.627133637666702271e-01 2.720333933830261230e-01 7.542074918746948242e-01 -7.982383966445922852e-01 1.994167417287826538e-01 -1.020223945379257202e-01 5.591420531272888184e-01 2.119421102218861375e+00 -1.750764046358555676e-02 -1.430999471609974538e+00 2.772832151673786605e+00 1.607176261725926381e+01 7.286554142352457575e+00 -8.244158922701691594e+00
1.661603297847457170e+09 -1.642927527427673340e-01 2.735453844070434570e-01 7.506031990051269531e-01 -8.030796647071838379e-01 2.048094868659973145e-01 -9.650437533855438232e-02 5.511832833290100098e-01 2.113762393645044035e+00 -1.751182639077350500e-02 -1.431341611352140664e+00 2.773495112140415220e+00 1.607560523832734489e+01 7.288296295165930694e+00 -8.246130030633000985e+00
1.661603297848454714e+09 -1.660558581352233887e-01 2.750730514526367188e-01 7.471013069152832031e-01 -8.077290058135986328e-01 2.100718617439270020e-01 -9.066317975521087646e-02 5.433450937271118164e-01 4.218159586505804803e+00 -3.501109650070190205e-02 -2.861656926137824186e+00 5.545001580557753940e+00 3.213968399106315843e+01 1.457136675646821544e+01 -1.648634744413122633e+01
1.661603297850450039e+09 -1.679973602294921875e-01 2.766211330890655518e-01 7.437085509300231934e-01 -8.121811151504516602e-01 2.152057737112045288e-01 -8.450722694396972656e-02 5.356368422508239746e-01 2.107113448633826547e+00 -1.750345653709365137e-02 -1.430657495394988210e+00 2.772169508071889332e+00 1.606792183278865593e+01 7.284812822208508898e+00 -8.242188756870003630e+00
1.661603297852444172e+09 -1.701115220785140991e-01 2.781941592693328857e-01 7.404317259788513184e-01 -8.164312243461608887e-01 2.202133387327194214e-01 -7.804536819458007812e-02 5.280675888061523438e-01 2.108664872116587485e+00 -1.751392010507177993e-02 -1.431512742582574882e+00 2.773826711269078427e+00 1.607752723799715966e+01 7.289167684010402937e+00 -8.247115938097207888e+00
1.661603297854438543e+09 -1.723922789096832275e-01 2.797965109348297119e-01 7.372770905494689941e-01 -8.204739093780517578e-01 2.250966578722000122e-01 -7.128656655550003052e-02 5.206462144851684570e-01 2.110762581408439420e+00 -1.751182639077350500e-02 -1.431341611352140664e+00 2.773495112140415220e+00 1.607560523832734489e+01 7.288296295165930694e+00 -8.246130030633000985e+00
1.661603297855436087e+09 -1.748331636190414429e-01 2.814323604106903076e-01 7.342509031295776367e-01 -8.243047595024108887e-01 2.298582792282104492e-01 -6.424026191234588623e-02 5.133811831474304199e-01 4.228412445913415141e+00 -3.501109650070190205e-02 -2.861656926137824186e+00 5.545001580557753940e+00 3.213968399106315843e+01 1.457136675646821544e+01 -1.648634744413122633e+01
1.661603297857430696e+09 -1.774273365736007690e-01 2.831057012081146240e-01 7.313590049743652344e-01 -8.279190659523010254e-01 2.345007359981536865e-01 -5.691608041524887085e-02 5.062806010246276855e-01 2.120714183058631797e+00 -1.750973317701850010e-02 -1.431170521032830267e+00 2.773163592284681123e+00 1.607368369813629627e+01 7.287425114638179657e+00 -8.245144358862665612e+00
1.661603297859425306e+09 -1.801676750183105469e-01 2.848202884197235107e-01 7.286069989204406738e-01 8.313124775886535645e-01 -2.390268296003341675e-01 4.932391270995140076e-02 -4.993526339530944824e-01 2.128399720028086417e+00 -1.750973317700458415e-02 -1.431170521032830267e+00 2.773163592284792589e+00 1.607368369813629627e+01 7.287425114638179657e+00 -8.245144358862665612e+00
1.661603297860422611e+09 -1.830466985702514648e-01 2.865796983242034912e-01 7.260002493858337402e-01 8.344806432723999023e-01 -2.434394359588623047e-01 4.147396609187126160e-02 -4.926045238971710205e-01 4.275257976396948933e+00 -3.501946635400916830e-02 -2.862341042065660535e+00 5.546327184569585178e+00 3.214736739627259254e+01 1.457485022927630425e+01 -1.649028871772533122e+01
1.661603297862417459e+09 -1.860566437244415283e-01 2.883872985839843750e-01 7.235438227653503418e-01 8.374196290969848633e-01 -2.477416098117828369e-01 3.337664529681205750e-02 -4.860436320304870605e-01 2.148032786678581552e+00 -1.750764046359946924e-02 -1.430999471609974538e+00 2.772832151673675583e+00 1.607176261725926381e+01 7.286554142352457575e+00 -8.244158922701691594e+00
1.661603297864411831e+09 -1.891894340515136719e-01 2.902461886405944824e-01 7.212424278259277344e-01 8.401255011558532715e-01 -2.519365847110748291e-01 2.504259161651134491e-02 -4.796769618988037109e-01 2.160509822630324983e+00 -1.751182639078742095e-02 -1.431341611352140664e+00 2.773495112140303753e+00 1.607560523832734489e+01 7.288296295165930694e+00 -8.246130030633000985e+00
1.661603297866406918e+09 -1.924367696046829224e-01 2.921592295169830322e-01 7.191004157066345215e-01 8.425944447517395020e-01 -2.560277581214904785e-01 1.648269779980182648e-02 -4.735110700130462646e-01 2.172890225961980004e+00 -1.750554825033704201e-02 -1.430828463068912093e+00 2.772500790278988436e+00 1.606984199553157922e+01 7.285683378234107721e+00 -8.243173722065613163e+00
1.661603297867404222e+09 -1.957900822162628174e-01 2.941291332244873047e-01 7.171218991279602051e-01 8.448230028152465820e-01 -2.600185871124267578e-01 7.708045653998851776e-03 -4.675520956516265869e-01 4.375248310445620348e+00 -3.501946635400916830e-02 -2.862341042065660535e+00 5.546327184569585178e+00 3.214736739627259254e+01 1.457485022927635931e+01 -1.649028871772527438e+01
1.661603297869398832e+09 -1.992405802011489868e-01 2.961582839488983154e-01 7.153106331825256348e-01 8.468078970909118652e-01 -2.639127075672149658e-01 -1.270071021281182766e-03 -4.618060290813446045e-01 2.202756663560601513e+00 -1.750973317701850010e-02 -1.431170521032830267e+00 2.773163592284681123e+00 1.607368369813629627e+01 7.287425114638179657e+00 -8.245144358862637191e+00
1.661603297871393204e+09 -2.027792781591415405e-01 2.982488870620727539e-01 7.136698961257934570e-01 8.485459685325622559e-01 -2.677139341831207275e-01 -1.044020056724548340e-02 -4.562784433364868164e-01 2.218993341129098074e+00 -1.751182639078742095e-02 -1.431341611352140664e+00 2.773495112140303753e+00 1.607560523832734489e+01 7.288296295165930694e+00 -8.246130030633000985e+00
1.661603297873388052e+09 -2.063969671726226807e-01 3.004028201103210449e-01 7.122027873992919922e-01 8.500343561172485352e-01 -2.714261114597320557e-01 -1.979067362844944000e-02 -4.509744048118591309e-01 2.235079456000128140e+00 -1.750764046358555676e-02 -1.430999471609974538e+00 2.772832151673786605e+00 1.607176261725926381e+01 7.286554142352457575e+00 -8.244158922701663172e+00
1.661603297874385357e+09 -2.100843191146850586e-01 3.026217818260192871e-01 7.109118700027465820e-01 8.512702584266662598e-01 -2.750532329082489014e-01 -2.930968813598155975e-02 -4.458986520767211914e-01 4.505116533833873227e+00 -3.501946635400916830e-02 -2.862341042065660535e+00 5.546327184569585178e+00 3.214736739627259254e+01 1.457485022927635931e+01 -1.649028871772527438e+01
1.661603297876380205e+09 -2.138318568468093872e-01 3.049072027206420898e-01 7.097994089126586914e-01 8.522513508796691895e-01 -2.785995006561279297e-01 -3.898530080914497375e-02 -4.410558044910430908e-01 2.269956074137579716e+00 -1.750764046359946924e-02 -1.430999471609974538e+00 2.772832151673675583e+00 1.607176261725926381e+01 7.286554142352457575e+00 -8.244158922701691594e+00
1.661603297878374577e+09 -2.176299542188644409e-01 3.072602450847625732e-01 7.088673114776611328e-01 8.529751896858215332e-01 -2.820690572261810303e-01 -4.880541190505027771e-02 -4.364497959613800049e-01 2.288498657917371393e+00 -1.751182639078742095e-02 -1.431341611352140664e+00 2.773495112140303753e+00 1.607560523832734489e+01 7.288296295165930694e+00 -8.246130030633000985e+00
1.661603297880369186e+09 -2.214689254760742188e-01 3.096818327903747559e-01 7.081170082092285156e-01 8.534399271011352539e-01 -2.854663133621215820e-01 -5.875781551003456116e-02 -4.320842921733856201e-01 2.306473860493006622e+00 -1.750973317700458415e-02 -1.431170521032830267e+00 2.773163592284792589e+00 1.607368369813629627e+01 7.287425114638179657e+00 -8.245144358862637191e+00
1.661603297882364273e+09 -2.253389656543731689e-01 3.121726214885711670e-01 7.075496315956115723e-01 8.536435961723327637e-01 -2.887956202030181885e-01 -6.883021444082260132e-02 -4.279626607894897461e-01 2.324284742142029181e+00 -1.750554825033704201e-02 -1.430828463068912093e+00 2.772500790278988436e+00 1.606984199553157922e+01 7.285683378234107721e+00 -8.243173722065586517e+00
1.661603297883361578e+09 -2.292302548885345459e-01 3.147329986095428467e-01 7.071658968925476074e-01 8.535847663879394531e-01 -2.920615971088409424e-01 -7.901018857955932617e-02 -4.240877926349639893e-01 4.686484898140908406e+00 -3.501946635403700020e-02 -2.862341042065660535e+00 5.546327184569362245e+00 3.214736739627259254e+01 1.457485022927635931e+01 -1.649028871772527438e+01
1.661603297885355949e+09 -2.331329137086868286e-01 3.173631727695465088e-01 7.069659829139709473e-01 8.532620072364807129e-01 -2.952687740325927734e-01 -8.928520977497100830e-02 -4.204623103141784668e-01 2.361882025518949657e+00 -1.751182639078742095e-02 -1.431341611352140664e+00 2.773495112140303753e+00 1.607560523832734489e+01 7.288296295165930694e+00 -8.246130030632972563e+00
1.661603297887350559e+09 -2.370370924472808838e-01 3.200630247592926025e-01 7.069498300552368164e-01 8.526741266250610352e-01 -2.984218299388885498e-01 -9.964277595281600952e-02 -4.170880913734436035e-01 2.379811846625107474e+00 -1.750973317700458415e-02 -1.431170521032830267e+00 2.773163592284792589e+00 1.607368369813629627e+01 7.287425114638179657e+00 -8.245144358862665612e+00
1.661603297889345169e+09 -2.409329116344451904e-01 3.228321969509124756e-01 7.071169614791870117e-01 8.518204689025878906e-01 -3.015255033969879150e-01 -1.100702583789825439e-01 -4.139671921730041504e-01 2.397782711519247378e+00 -1.750973317700458415e-02 -1.431170521032830267e+00 2.773163592284792589e+00 1.607368369813629627e+01 7.287425114638179657e+00 -8.245144358862665612e+00
1.661603297891339779e+09 -2.448105514049530029e-01 3.256700932979583740e-01 7.074663639068603516e-01 8.507001996040344238e-01 -3.045846223831176758e-01 -1.205549985170364380e-01 -4.111008346080780029e-01 2.415442566930849022e+00 -1.750973317701850010e-02 -1.431170521032830267e+00 2.773163592284681123e+00 1.607368369813629627e+01 7.287425114638179657e+00 -8.245144358862637191e+00
1.661603297892337322e+09 -2.486602663993835449e-01 3.285759091377258301e-01 7.079967856407165527e-01 8.493131399154663086e-01 -3.076039552688598633e-01 -1.310842931270599365e-01 -4.084899723529815674e-01 4.864312137006730374e+00 -3.501109650070190205e-02 -2.861656926137824186e+00 5.545001580557753940e+00 3.213968399106304474e+01 1.457136675646821544e+01 -1.648634744413117303e+01
1.661603297894331932e+09 -2.524723410606384277e-01 3.315485715866088867e-01 7.087064981460571289e-01 8.476588129997253418e-01 -3.105885088443756104e-01 -1.416455060243606567e-01 -4.061352312564849854e-01 2.449567563743995091e+00 -1.750973317700458415e-02 -1.431170521032830267e+00 2.773163592284792589e+00 1.607368369813629627e+01 7.287425114638166335e+00 -8.245144358862651401e+00
1.661603297896327019e+09 -2.562372386455535889e-01 3.345867693424224854e-01 7.095933556556701660e-01 8.457376360893249512e-01 -3.135431408882141113e-01 -1.522259265184402466e-01 -4.040368199348449707e-01 2.465305077808212619e+00 -1.750554825033704201e-02 -1.430828463068912093e+00 2.772500790278988436e+00 1.606984199553157922e+01 7.285683378234093510e+00 -8.243173722065598952e+00
1.661603297898321152e+09 -2.599454820156097412e-01 3.376889228820800781e-01 7.106547951698303223e-01 8.435499072074890137e-01 -3.164730072021484375e-01 -1.628128737211227417e-01 -4.021945893764495850e-01 2.482209815260388197e+00 -1.751392010508569588e-02 -1.431512742582574882e+00 2.773826711268967404e+00 1.607752723799715966e+01 7.289167684010389614e+00 -8.247115938097195453e+00
1.661603297899318457e+09 -2.635877430438995361e-01 3.408533334732055664e-01 7.118879556655883789e-01 8.410960435867309570e-01 -3.193828761577606201e-01 -1.733937114477157593e-01 -4.006078243255615234e-01 4.993442141249738953e+00 -3.501946635403700020e-02 -2.862341042065660535e+00 5.546327184569362245e+00 3.214736739627259254e+01 1.457485022927633267e+01 -1.649028871772530280e+01
1.661603297901313305e+09 -2.671549618244171143e-01 3.440779745578765869e-01 7.132895588874816895e-01 8.383770585060119629e-01 -3.222779035568237305e-01 -1.839558482170104980e-01 -3.992756903171539307e-01 2.510856375531417939e+00 -1.750764046358555676e-02 -1.430999471609974538e+00 2.772832151673675583e+00 1.607176261725926381e+01 7.286554142352443364e+00 -8.244158922701677383e+00
1.661603297903307676e+09 -2.706381082534790039e-01 3.473606705665588379e-01 7.148558497428894043e-01 8.353940248489379883e-01 -3.251631259918212891e-01 -1.944867372512817383e-01 -3.981968164443969727e-01 2.525124966605603483e+00 -1.751182639077350500e-02 -1.431341611352140664e+00 2.773495112140303753e+00 1.607560523832734489e+01 7.288296295165917371e+00 -8.246130030632986774e+00
1.661603297905302525e+09 -2.740285098552703857e-01 3.506989777088165283e-01 7.165828347206115723e-01 8.321482539176940918e-01 -3.280434608459472656e-01 -2.049738317728042603e-01 -3.973693251609802246e-01 2.537424998492869843e+00 -1.750764046359946924e-02 -1.430999471609974538e+00 2.772832151673675583e+00 1.607176261725926381e+01 7.286554142352457575e+00 -8.244158922701684489e+00
1.661603297906300068e+09 -2.773176431655883789e-01 3.540903627872467041e-01 7.184661626815795898e-01 8.286414146423339844e-01 -3.309240937232971191e-01 -2.154048085212707520e-01 -3.967913985252380371e-01 5.098468099798604491e+00 -3.501109650070190205e-02 -2.861656926137824186e+00 5.545001580557753940e+00 3.213968399106315843e+01 1.457136675646818702e+01 -1.648634744413119790e+01
1.661603297908294439e+09 -2.804972529411315918e-01 3.575319945812225342e-01 7.205009460449218750e-01 8.248752951622009277e-01 -3.338100016117095947e-01 -2.257673889398574829e-01 -3.964603543281555176e-01 2.561376187645230118e+00 -1.751182639077350500e-02 -1.431341611352140664e+00 2.773495112140303753e+00 1.607560523832734489e+01 7.288296295165924477e+00 -8.246130030632986774e+00
1.661603297910289049e+09 -2.835593521595001221e-01 3.610208630561828613e-01 7.226821184158325195e-01 8.208519220352172852e-01 -3.367061913013458252e-01 -2.360493242740631104e-01 -3.963733911514282227e-01 2.571407090650740024e+00 -1.750973317700458415e-02 -1.431170521032830267e+00 2.773163592284681123e+00 1.607368369813629627e+01 7.287425114638172552e+00 -8.245144358862651401e+00
1.661603297912284136e+09 -2.864962518215179443e-01 3.645538985729217529e-01 7.250043153762817383e-01 8.165737390518188477e-01 -3.396175503730773926e-01 -2.462384998798370361e-01 -3.965272307395935059e-01 2.580261832756954199e+00 -1.750554825035095102e-02 -1.430828463068912093e+00 2.772500790278876970e+00 1.606984199553157922e+01 7.285683378234100616e+00 -8.243173722065598952e+00
1.661603297913281202e+09 -2.893005609512329102e-01 3.681277036666870117e-01 7.274616360664367676e-01 8.120433092117309570e-01 -3.425491154193878174e-01 -2.563230693340301514e-01 -3.969183862209320068e-01 5.179946833210845369e+00 -3.502784021017139177e-02 -2.863025485165149764e+00 5.547653422537934809e+00 3.215505447599431932e+01 1.457833536802079344e+01 -1.649423187619439091e+01
1.661603297915275812e+09 -2.919651865959167480e-01 3.717388510704040527e-01 7.300481200218200684e-01 8.072634935379028320e-01 -3.455058038234710693e-01 -2.662912309169769287e-01 -3.975429534912109375e-01 2.596907890477943681e+00 -1.750973317700458415e-02 -1.431170521032830267e+00 2.773163592284681123e+00 1.607368369813629627e+01 7.287425114638172552e+00 -8.245144358862647849e+00
1.661603297917270899e+09 -2.944834232330322266e-01 3.753836750984191895e-01 7.327573299407958984e-01 8.022373318672180176e-01 -3.484924435615539551e-01 -2.761313021183013916e-01 -3.983964920043945312e-01 2.602837846283109879e+00 -1.750554825033704201e-02 -1.430828463068912093e+00 2.772500790278876970e+00 1.606984199553157922e+01 7.285683378234097063e+00 -8.243173722065597175e+00
1.661603297919265270e+09 -2.968488633632659912e-01 3.790584504604339600e-01 7.355826497077941895e-01 7.969682216644287109e-01 -3.515137732028961182e-01 -2.858318090438842773e-01 -3.994745016098022461e-01 2.609348118091202817e+00 -1.751182639078742095e-02 -1.431341611352140664e+00 2.773495112140303753e+00 1.607560523832734489e+01 7.288296295165923588e+00 -8.246130030632986774e+00
1.661603297920262337e+09 -2.990555465221405029e-01 3.827592730522155762e-01 7.385171055793762207e-01 7.914596199989318848e-01 -3.545746803283691406e-01 -2.953815758228302002e-01 -4.007720053195953369e-01 5.228452838883087317e+00 -3.502784021017139177e-02 -2.863025485165149764e+00 5.547653422537934809e+00 3.215505447599431932e+01 1.457833536802079166e+01 -1.649423187619439091e+01
1.661603297922257185e+09 -3.010977804660797119e-01 3.864820897579193115e-01 7.415534853935241699e-01 7.857153415679931641e-01 -3.576797246932983398e-01 -3.047694265842437744e-01 -4.022836685180664062e-01 2.616802146702374543e+00 -1.750764046358555676e-02 -1.430999471609974538e+00 2.772832151673675583e+00 1.607176261725926381e+01 7.286554142352448693e+00 -8.244158922701675607e+00
1.661603297924251795e+09 -3.029703795909881592e-01 3.902228176593780518e-01 7.446843981742858887e-01 7.797395586967468262e-01 -3.608334958553314209e-01 -3.139844834804534912e-01 -4.040039479732513428e-01 2.619639694954926323e+00 -1.750973317700458415e-02 -1.431170521032830267e+00 2.773163592284681123e+00 1.607368369813629627e+01 7.287425114638172552e+00 -8.245144358862651401e+00
1.661603297926246881e+09 -3.046685159206390381e-01 3.939772248268127441e-01 7.479022741317749023e-01 7.735364437103271484e-01 -3.640405237674713135e-01 -3.230160772800445557e-01 -4.059267342090606689e-01 2.620532539937507899e+00 -1.750554825035095102e-02 -1.430828463068912093e+00 2.772500790278876970e+00 1.606984199553157922e+01 7.285683378234100616e+00 -8.243173722065598952e+00
1.661603297927243948e+09 -3.061877489089965820e-01 3.977409899234771729e-01 7.511991262435913086e-01 7.671104669570922852e-01 -3.673051893711090088e-01 -3.318538069725036621e-01 -4.080458581447601318e-01 5.244460119820591792e+00 -3.502784021017139177e-02 -2.863025485165149764e+00 5.547653422537934809e+00 3.215505447599431932e+01 1.457833536802079344e+01 -1.649423187619439091e+01
1.661603297929238796e+09 -3.075241446495056152e-01 4.015097320079803467e-01 7.545669674873352051e-01 7.604663968086242676e-01 -3.706319630146026611e-01 -3.404875099658966064e-01 -4.103548228740692139e-01 2.620738312913585943e+00 -1.750764046358555676e-02 -1.430999471609974538e+00 2.772832151673675583e+00 1.607176261725923538e+01 7.286554142352450469e+00 -8.244158922701677383e+00
1.661603297931233168e+09 -3.086741566658020020e-01 4.052790105342864990e-01 7.579975724220275879e-01 7.536091804504394531e-01 -3.740247786045074463e-01 -3.489071726799011230e-01 -4.128466546535491943e-01 2.619796964120275629e+00 -1.751182639077350500e-02 -1.431341611352140664e+00 2.773495112140303753e+00 1.607560523832734489e+01 7.288296295165924477e+00 -8.246130030632986774e+00
1.661603297933227777e+09 -3.096346557140350342e-01 4.090442657470703125e-01 7.614825367927551270e-01 7.465440034866333008e-01 -3.774880766868591309e-01 -3.571031689643859863e-01 -4.155143797397613525e-01 2.616874620126805162e+00 -1.750973317701850010e-02 -1.431170521032830267e+00 2.773163592284681123e+00 1.607368369813629627e+01 7.287425114638172552e+00 -8.245144358862651401e+00
1.661603297935222626e+09 -3.104030489921569824e-01 4.128009974956512451e-01 7.650133967399597168e-01 7.392762899398803711e-01 -3.810254931449890137e-01 -3.650659620761871338e-01 -4.183503985404968262e-01 2.612994047728392832e+00 -1.750764046359946924e-02 -1.430999471609974538e+00 2.772832151673675583e+00 1.607176261725926381e+01 7.286554142352450469e+00 -8.244158922701677383e+00
1.661603297936220169e+09 -3.109771311283111572e-01 4.165445864200592041e-01 7.685815691947937012e-01 7.318114638328552246e-01 -3.846410214900970459e-01 -3.727865517139434814e-01 -4.213471114635467529e-01 5.216263757503561749e+00 -3.501109650067408402e-02 -2.861656926137824186e+00 5.545001580557753940e+00 3.213968399106313001e+01 1.457136675646820123e+01 -1.648634744413119790e+01
1.661603297938214302e+09 -3.113552033901214600e-01 4.202704131603240967e-01 7.721782326698303223e-01 7.241554856300354004e-01 -3.883384764194488525e-01 -3.802560269832611084e-01 -4.244966208934783936e-01 2.603823585547118125e+00 -1.751392010507177993e-02 -1.431512742582574882e+00 2.773826711268967404e+00 1.607752723799714545e+01 7.289167684010402937e+00 -8.247115938097195453e+00
1.661603297940209150e+09 -3.115360438823699951e-01 4.239738285541534424e-01 7.757946252822875977e-01 7.163142561912536621e-01 -3.921213448047637939e-01 -3.874658644199371338e-01 -4.277907013893127441e-01 2.596392809859030759e+00 -1.750764046359946924e-02 -1.430999471609974538e+00 2.772832151673675583e+00 1.607176261725924959e+01 7.286554142352457575e+00 -8.244158922701677383e+00
1.661603297941206455e+09 -3.115188181400299072e-01 4.276502430438995361e-01 7.794219255447387695e-01 7.082940340042114258e-01 -3.959931135177612305e-01 -3.944078087806701660e-01 -4.312208890914916992e-01 5.178608506017770452e+00 -3.501946635403700020e-02 -2.862341042065660535e+00 5.546327184569362245e+00 3.214736739627256412e+01 1.457485022927635931e+01 -1.649028871772530280e+01
1.661603297943201303e+09 -3.113033175468444824e-01 4.312950372695922852e-01 7.830511331558227539e-01 7.001011967658996582e-01 -3.999570608139038086e-01 -4.010739326477050781e-01 -4.347786009311676025e-01 2.580657615653130676e+00 -1.750764046358555676e-02 -1.430999471609974538e+00 2.772832151673675583e+00 1.607176261725924959e+01 7.286554142352457575e+00 -8.244158922701677383e+00
1.661603297945195913e+09 -3.108896613121032715e-01 4.349035620689392090e-01 7.866734862327575684e-01 6.917422413825988770e-01 -4.040162265300750732e-01 -4.074566364288330078e-01 -4.384548366069793701e-01 2.571790080268591794e+00 -1.750973317701850010e-02 -1.431170521032830267e+00 2.773163592284681123e+00 1.607368369813628561e+01 7.287425114638166335e+00 -8.245144358862651401e+00
1.661603297947190523e+09 -3.102785348892211914e-01 4.384712576866149902e-01 7.902799248695373535e-01 6.832240223884582520e-01 -4.081737101078033447e-01 -4.135486185550689697e-01 -4.422406852245330811e-01 2.561719460564208184e+00 -1.750973317701850010e-02 -1.431170521032830267e+00 2.773163592284681123e+00 1.607368369813628206e+01 7.287425114638166335e+00 -8.245144358862637191e+00
1.661603297948187828e+09 -3.094710409641265869e-01 4.419935941696166992e-01 7.938616275787353516e-01 6.745533347129821777e-01 -4.124322235584259033e-01 -4.193429648876190186e-01 -4.461267292499542236e-01 5.101725109870508312e+00 -3.501946635403700020e-02 -2.862341042065660535e+00 5.546327184569362245e+00 3.214736739627257123e+01 1.457485022927635931e+01 -1.649028871772533122e+01
1.661603297950182438e+09 -3.084688484668731689e-01 4.454661011695861816e-01 7.974097132682800293e-01 6.657373309135437012e-01 -4.167943596839904785e-01 -4.248329997062683105e-01 -4.501035213470458984e-01 2.539214157555598206e+00 -1.750973317701850010e-02 -1.431170521032830267e+00 2.773163592284681123e+00 1.607368369813628561e+01 7.287425114638179657e+00 -8.245144358862665612e+00
1.661603297952177048e+09 -3.072739839553833008e-01 4.488843381404876709e-01 8.009154200553894043e-01 6.567832231521606445e-01 -4.212626814842224121e-01 -4.300126135349273682e-01 -4.541614651679992676e-01 2.526831115662580896e+00 -1.750973317701850010e-02 -1.431170521032830267e+00 2.773163592284681123e+00 1.607368369813628561e+01 7.287425114638179657e+00 -8.245144358862665612e+00
1.661603297953174591e+09 -3.058889806270599365e-01 4.522439539432525635e-01 8.043699860572814941e-01 6.476985216140747070e-01 -4.258393943309783936e-01 -4.348759055137634277e-01 -4.582907557487487793e-01 5.026256365857953767e+00 -3.501109650070190205e-02 -2.861656926137824186e+00 5.545001580557753940e+00 3.213968399106313001e+01 1.457136675646821544e+01 -1.648634744413117303e+01
1.661603297955168962e+09 -3.043168783187866211e-01 4.555406570434570312e-01 8.077648878097534180e-01 6.384905576705932617e-01 -4.305265545845031738e-01 -4.394172430038452148e-01 -4.624814987182617188e-01 2.500283152902005313e+00 -1.751182639078742095e-02 -1.431341611352140664e+00 2.773495112140303753e+00 1.607560523832733068e+01 7.288296295165930694e+00 -8.246130030632972563e+00
1.661603297956671000e+09 -3.025611340999603271e-01 4.587703049182891846e-01 8.110915422439575195e-01 6.291671991348266602e-01 -4.353261291980743408e-01 -4.436315596103668213e-01 -4.667235910892486572e-01 3.300725042056137148e+00 -2.325181392998996316e-02 -1.900503583962009024e+00 3.682585176675181149e+00 2.134483139977906774e+01 9.677237858581429819e+00 -1.094902820734048454e+01
1.661603297958665609e+09 -3.006255924701690674e-01 4.619287252426147461e-01 8.143417239189147949e-01 6.197362542152404785e-01 -4.402396082878112793e-01 -4.475139677524566650e-01 -4.710066318511962891e-01 2.470680874180986475e+00 -1.750973317701850010e-02 -1.431170521032830267e+00 2.773163592284681123e+00 1.607368369813628206e+01 7.287425114638179657e+00 -8.245144358862637191e+00
1.661603297959662914e+09 -2.985146641731262207e-01 4.650120139122009277e-01 8.175071477890014648e-01 6.102054715156555176e-01 -4.452687501907348633e-01 -4.510602653026580811e-01 -4.753206074237823486e-01 4.910436869436011875e+00 -3.501946635403700020e-02 -2.862341042065660535e+00 5.546327184569362245e+00 3.214736739627256412e+01 1.457485022927635931e+01 -1.649028871772527438e+01
1.661603297961657047e+09 -2.962330579757690430e-01 4.680162668228149414e-01 8.205798268318176270e-01 6.005831360816955566e-01 -4.504145979881286621e-01 -4.542661905288696289e-01 -4.796548783779144287e-01 2.439883183100377106e+00 -1.751392010508569588e-02 -1.431512742582574882e+00 2.773826711268967404e+00 1.607752723799715966e+01 7.289167684010402937e+00 -8.247115938097181242e+00
1.661603297963652134e+09 -2.937859892845153809e-01 4.709376990795135498e-01 8.235520124435424805e-01 5.908772945404052734e-01 -4.556783437728881836e-01 -4.571282565593719482e-01 -4.839990437030792236e-01 2.422394624227338422e+00 -1.750554825035095102e-02 -1.430828463068912093e+00 2.772500790278876970e+00 1.606984199553157922e+01 7.285683378234107721e+00 -8.243173722065586517e+00
1.661603297964649200e+09 -2.911790311336517334e-01 4.737727344036102295e-01 8.264160156250000000e-01 5.810962319374084473e-01 -4.610607624053955078e-01 -4.596432149410247803e-01 -4.883424043655395508e-01 4.813722122075694720e+00 -3.502784021017139177e-02 -2.863025485165149764e+00 5.547653422537934809e+00 3.215505447599431932e+01 1.457833536802080587e+01 -1.649423187619436248e+01
1.661603297966644049e+09 -2.884182035923004150e-01 4.765178859233856201e-01 8.291646242141723633e-01 5.712483525276184082e-01 -4.665625393390655518e-01 -4.618080854415893555e-01 -4.926743507385253906e-01 2.389055223536115768e+00 -1.750764046359946924e-02 -1.430999471609974538e+00 2.772832151673675583e+00 1.607176261725926381e+01 7.286554142352457575e+00 -8.244158922701663172e+00
1.661603297968638659e+09 -2.855098545551300049e-01 4.791697859764099121e-01 8.317905664443969727e-01 5.613420605659484863e-01 -4.721840918064117432e-01 -4.636205434799194336e-01 -4.969842135906219482e-01 2.372119195981883255e+00 -1.750973317701850010e-02 -1.431170521032830267e+00 2.773163592284681123e+00 1.607368369813629627e+01 7.287425114638179657e+00 -8.245144358862637191e+00
1.661603297969636202e+09 -2.824607491493225098e-01 4.817252755165100098e-01 8.342871665954589844e-01 -5.513858199119567871e-01 4.779254794120788574e-01 4.650783836841583252e-01 5.012612342834472656e-01 4.708436527937805316e+00 -3.501109650070190205e-02 -2.861656926137824186e+00 5.545001580557753940e+00 3.213968399106315843e+01 1.457136675646821544e+01 -1.648634744413117303e+01
1.661603297971630573e+09 -2.792779207229614258e-01 4.841813147068023682e-01 8.366477489471435547e-01 -5.413884520530700684e-01 4.837870001792907715e-01 4.661801159381866455e-01 5.054945945739746094e-01 2.337612527860643219e+00 -1.751182639078742095e-02 -1.431341611352140664e+00 2.773495112140303753e+00 1.607560523832734489e+01 7.288296295165930694e+00 -8.246130030633000985e+00
1.661603297973625183e+09 -2.759688198566436768e-01 4.865350127220153809e-01 8.388660550117492676e-01 -5.313584804534912109e-01 4.897680580615997314e-01 4.669243693351745605e-01 5.096735358238220215e-01 2.319849207744306252e+00 -1.750973317701850010e-02 -1.431170521032830267e+00 2.773163592284681123e+00 1.607368369813629627e+01 7.287425114638179657e+00 -8.245144358862665612e+00
1.661603297974622726e+09 -2.725411951541900635e-01 4.887836575508117676e-01 8.409362435340881348e-01 -5.213046073913574219e-01 4.958684146404266357e-01 4.673103690147399902e-01 5.137872099876403809e-01 4.603770611849594019e+00 -3.501109650070190205e-02 -2.861656926137824186e+00 5.545001580557753940e+00 3.213968399106315843e+01 1.457136675646821544e+01 -1.648634744413122633e+01
1.661603297976617575e+09 -2.690031230449676514e-01 4.909247756004333496e-01 8.428526520729064941e-01 -5.112354159355163574e-01 5.020869970321655273e-01 4.673373103141784668e-01 5.178250670433044434e-01 2.284863496113688885e+00 -1.750764046359946924e-02 -1.430999471609974538e+00 2.772832151673675583e+00 1.607176261725926381e+01 7.286554142352457575e+00 -8.244158922701691594e+00
1.661603297978611708e+09 -2.653628885746002197e-01 4.929559528827667236e-01 8.446100354194641113e-01 -5.011600255966186523e-01 5.084232091903686523e-01 4.670054614543914795e-01 5.217761397361755371e-01 2.268589060026935833e+00 -1.751392010508569588e-02 -1.431512742582574882e+00 2.773826711268967404e+00 1.607752723799715966e+01 7.289167684010402937e+00 -8.247115938097207888e+00
1.661603297979609013e+09 -2.616291344165802002e-01 4.948750436305999756e-01 8.462034463882446289e-01 -4.910870194435119629e-01 5.148757100105285645e-01 4.663151204586029053e-01 5.256298184394836426e-01 4.502433749113087025e+00 -3.501946635403700020e-02 -2.862341042065660535e+00 5.546327184569362245e+00 3.214736739627259254e+01 1.457485022927635931e+01 -1.649028871772533122e+01
1.661603297981603861e+09 -2.578107118606567383e-01 4.966800510883331299e-01 8.476282954216003418e-01 -4.810253977775573730e-01 5.214431285858154297e-01 4.652668535709381104e-01 5.293754339218139648e-01 2.234465953043064168e+00 -1.750764046359946924e-02 -1.430999471609974538e+00 2.772832151673675583e+00 1.607176261725926381e+01 7.286554142352457575e+00 -8.244158922701691594e+00
