1.661969996368040085e+09 1.378528122206244648e-16 -2.367949187755584717e-01 1.128897309303283691e+00 -6.125128269195556641e-01 6.125135421752929688e-01 3.533097505569458008e-01 3.533093035221099854e-01 0.000000000000000000e+00 0.000000000000000000e+00 0.000000000000000000e+00 0.000000000000000000e+00 0.000000000000000000e+00 0.000000000000000000e+00 0.000000000000000000e+00
1.661970018785100460e+09 1.378528122206244648e-16 -2.367949187755584717e-01 1.128897309303283691e+00 -6.125128269195556641e-01 6.125135421752929688e-01 3.533097505569458008e-01 3.533093035221099854e-01 0.000000000000000000e+00 0.000000000000000000e+00 0.000000000000000000e+00 0.000000000000000000e+00 0.000000000000000000e+00 0.000000000000000000e+00 0.000000000000000000e+00
1.661970018821005106e+09 -2.385931089520454407e-02 -2.384177893400192261e-01 1.110177993774414062e+00 6.234591603279113770e-01 -6.127740740776062012e-01 -3.492128849029541016e-01 -3.374270498752593994e-01 8.458406709638882637e-01 9.163823276457668809e-01 -1.426096062963776723e-01 -4.776202864633865008e-01 -3.304121056469809248e-01 -2.806642064938645875e-01 6.260281035542214489e-01
1.661970018855912209e+09 -4.753955826163291931e-02 -2.412789165973663330e-01 1.091593146324157715e+00 6.342821717262268066e-01 -6.127109527587890625e-01 -3.444361090660095215e-01 -3.219241797924041748e-01 8.662420827133916479e-01 9.425698658694651177e-01 -1.466849735347831307e-01 -4.912692833185727803e-01 -3.398543213959802634e-01 -2.886847721615420914e-01 6.439181636266912978e-01
1.661970018882839203e+09 -7.097001373767852783e-02 -2.453598976135253906e-01 1.073156476020812988e+00 6.449755430221557617e-01 -6.123244762420654297e-01 -3.389986157417297363e-01 -3.068310320377349854e-01 1.117554442195249909e+00 1.221910719247510047e+00 -1.901566642482999392e-01 -6.368622900651115248e-01 -4.405738538153629591e-01 -3.742396509380515046e-01 8.347503298631837598e-01
1.661970018914755106e+09 -9.408152848482131958e-02 -2.506382167339324951e-01 1.054881334304809570e+00 6.555324792861938477e-01 -6.116153597831726074e-01 -3.329209983348846436e-01 -2.921772301197052002e-01 9.378705213641668204e-01 1.030908726192909297e+00 -1.604324779457139416e-01 -5.373116725055507858e-01 -3.717059055758178965e-01 -3.157406803641211179e-01 7.042670022391775975e-01
1.661970018946669102e+09 -1.168067306280136108e-01 -2.570872604846954346e-01 1.036781191825866699e+00 6.659467220306396484e-01 -6.105841994285583496e-01 -3.262250423431396484e-01 -2.779911756515502930e-01 9.324970403618365600e-01 1.030970338733228742e+00 -1.604420662363651717e-01 -5.373437850837363694e-01 -3.717281206803294547e-01 -3.157595506917347250e-01 7.043090929480527729e-01
1.661970018976588964e+09 -1.390803158283233643e-01 -2.646766006946563721e-01 1.018869042396545410e+00 6.762118339538574219e-01 -6.092320680618286133e-01 -3.189342319965362549e-01 -2.643005549907684326e-01 9.884032396203142889e-01 1.099683620853866506e+00 -1.711353912983432923e-01 -5.731572839915816120e-01 -3.965034786793454336e-01 -3.368046518685786084e-01 7.512506853350205960e-01
1.661970019008503914e+09 -1.608392298221588135e-01 -2.733719944953918457e-01 1.001157522201538086e+00 6.863214969635009766e-01 -6.075600385665893555e-01 -3.110730051994323730e-01 -2.511316835880279541e-01 9.203444063737808989e-01 1.030939531542523824e+00 -1.604372719477890896e-01 -5.373277283148466532e-01 -3.717170127961606507e-01 -3.157501152459905036e-01 7.042880469647451180e-01
1.661970019040418625e+09 -1.820229142904281616e-01 -2.831355929374694824e-01 9.836594462394714355e-01 6.962695121765136719e-01 -6.055694818496704102e-01 -3.026671111583709717e-01 -2.385098189115524292e-01 9.136601935346670977e-01 1.030947233167594845e+00 -1.604384704930608974e-01 -5.373317424171051293e-01 -3.717197897049686062e-01 -3.157524740545610276e-01 7.042933083426562435e-01
1.661970019072333097e+09 -2.025735378265380859e-01 -2.939262092113494873e-01 9.663869738578796387e-01 7.060497999191284180e-01 -6.032617092132568359e-01 -2.937436103820800781e-01 -2.264590859413146973e-01 9.065713553787764223e-01 1.030954934907733156e+00 -1.604396690562681360e-01 -5.373357565793526192e-01 -3.717225666552639862e-01 -3.157548328983711960e-01 7.042985697991748228e-01
1.661970019103250742e+09 -2.224361002445220947e-01 -3.056993186473846436e-01 9.493521451950073242e-01 7.156561613082885742e-01 -6.006383895874023438e-01 -2.843304574489593506e-01 -2.150022238492965698e-01 9.280600013986134433e-01 1.064194363205893001e+00 -1.656124682691060279e-01 -5.546602125260544636e-01 -3.837074218441590689e-01 -3.259352101123089707e-01 7.270061402454348620e-01
1.661970019134168148e+09 -2.415587157011032104e-01 -3.184075057506561279e-01 9.325667619705200195e-01 7.250827550888061523e-01 -5.977012515068054199e-01 -2.744567990303039551e-01 -2.041607052087783813e-01 9.199201832176144844e-01 1.064202569706376611e+00 -1.656137453843240792e-01 -5.546644897703952859e-01 -3.837103807915588916e-01 -3.259377235511545789e-01 7.270117465298220338e-01
1.661970019165085793e+09 -2.598927617073059082e-01 -3.320004045963287354e-01 9.160422682762145996e-01 7.343237996101379395e-01 -5.944522619247436523e-01 -2.641528248786926270e-01 -1.939546465873718262e-01 9.113679296924744877e-01 1.064194363205893001e+00 -1.656124682691204053e-01 -5.546602125260544636e-01 -3.837074218441600126e-01 -3.259352101123053624e-01 7.270061402454366384e-01
1.661970019196002245e+09 -2.773929238319396973e-01 -3.464251458644866943e-01 8.997898101806640625e-01 7.433732151985168457e-01 -5.908936262130737305e-01 -2.534494996070861816e-01 -1.844027489423751831e-01 9.024676216942363327e-01 1.064235396974034797e+00 -1.656188540420992228e-01 -5.546815994073982514e-01 -3.837222170375241270e-01 -3.259477776942272809e-01 7.270341725320421666e-01
1.661970019226919889e+09 -2.940174937248229980e-01 -3.616264164447784424e-01 8.838202357292175293e-01 7.522256970405578613e-01 -5.870273709297180176e-01 -2.423786967992782593e-01 -1.755221337080001831e-01 8.931172396160181881e-01 1.064194363205894778e+00 -1.656124682691204053e-01 -5.546602125260544636e-01 -3.837074218441600126e-01 -3.259352101123018097e-01 7.270061402454366384e-01
1.661970019257837534e+09 -3.097284138202667236e-01 -3.775468170642852783e-01 8.681440353393554688e-01 7.608753442764282227e-01 -5.828561186790466309e-01 -2.309731692075729370e-01 -1.673285365104675293e-01 8.834324055987318181e-01 1.064194363205896554e+00 -1.656124682691204053e-01 -5.546602125260544636e-01 -3.837074218441600126e-01 -3.259352101123089707e-01 7.270061402454366384e-01
1.661970019288754463e+09 -3.244913816452026367e-01 -3.941270112991333008e-01 8.527714014053344727e-01 7.693169713020324707e-01 -5.783823132514953613e-01 -2.192663699388504028e-01 -1.598361879587173462e-01 8.734073316862824843e-01 1.064218983087054538e+00 -1.656162996738086146e-01 -5.546730444569543117e-01 -3.837162988232656891e-01 -3.259427505451557572e-01 7.270229593579929928e-01
1.661970019319672108e+09 -3.382759392261505127e-01 -4.113060235977172852e-01 8.377122282981872559e-01 7.775450348854064941e-01 -5.736087560653686523e-01 -2.072923034429550171e-01 -1.530575901269912720e-01 8.629914821516093681e-01 1.064194363205896554e+00 -1.656124682691204053e-01 -5.546602125260544636e-01 -3.837074218441600126e-01 -3.259352101123053624e-01 7.270061402454348620e-01
1.661970019351586819e+09 -3.510555922985076904e-01 -4.290214776992797852e-01 8.229759931564331055e-01 7.855544090270996094e-01 -5.685383081436157227e-01 -1.950855851173400879e-01 -1.470037400722503662e-01 8.256326904246696907e-01 1.030947233167591515e+00 -1.604384704930748029e-01 -5.373317424171190071e-01 -3.717197897049677180e-01 -3.157524740545610276e-01 7.042933083426562435e-01
1.661970019383501530e+09 -3.628078103065490723e-01 -4.472098648548126221e-01 8.085718154907226562e-01 7.933399081230163574e-01 -5.631739497184753418e-01 -1.826813966035842896e-01 -1.416839957237243652e-01 8.149197829904195611e-01 1.030947233167591515e+00 -1.604384704930608974e-01 -5.373317424171051293e-01 -3.717197897049668298e-01 -3.157524740545610276e-01 7.042933083426528018e-01
1.661970019415417433e+09 -3.735141456127166748e-01 -4.658067524433135986e-01 7.945084571838378906e-01 8.008967041969299316e-01 -5.575188994407653809e-01 -1.701152324676513672e-01 -1.371060758829116821e-01 8.038732928178009551e-01 1.030908726192909297e+00 -1.604324779457139416e-01 -5.373116725055507858e-01 -3.717059055758196173e-01 -3.157406803641245596e-01 7.042670022391810392e-01
1.661970019446333885e+09 -3.831601440906524658e-01 -4.847471117973327637e-01 7.807944416999816895e-01 8.082196712493896484e-01 -5.515763163566589355e-01 -1.574230194091796875e-01 -1.332759112119674683e-01 8.181853779760395184e-01 1.064235396974036796e+00 -1.656188540421064115e-01 -5.546815994073839295e-01 -3.837222170375241270e-01 -3.259477776942237282e-01 7.270341725320421666e-01
1.661970019476253748e+09 -3.917355239391326904e-01 -5.039654970169067383e-01 7.674376964569091797e-01 8.153042793273925781e-01 -5.453498959541320801e-01 -1.446408480405807495e-01 -1.301978528499603271e-01 8.330790755144358295e-01 1.099683620853866506e+00 -1.711353912983358816e-01 -5.731572839915668460e-01 -3.965034786793454336e-01 -3.368046518685786084e-01 7.512506853350205960e-01
1.661970019507172346e+09 -3.992340266704559326e-01 -5.233963727951049805e-01 7.544459700584411621e-01 8.221458196640014648e-01 -5.388430356979370117e-01 -1.318050622940063477e-01 -1.278745234012603760e-01 7.939341330088844906e-01 1.064161538469593271e+00 -1.656073600052666850e-01 -5.546431042084141172e-01 -3.836955865109025199e-01 -3.259251567445253794e-01 7.269837159725154319e-01
1.661970019539085865e+09 -4.056534171104431152e-01 -5.429742932319641113e-01 7.418264746665954590e-01 8.287397623062133789e-01 -5.320596098899841309e-01 -1.189520806074142456e-01 -1.263067871332168579e-01 7.570781106263857474e-01 1.030985743019041445e+00 -1.604444634881182219e-01 -5.373518138280504175e-01 -3.717336748713672701e-01 -3.157642686260769826e-01 7.043196164113967317e-01
1.661970019570003510e+09 -4.109955728054046631e-01 -5.626342296600341797e-01 7.295860648155212402e-01 8.350819349288940430e-01 -5.250032544136047363e-01 -1.061183288693428040e-01 -1.254938393831253052e-01 7.687257952212845913e-01 1.064194363205896554e+00 -1.656124682691132166e-01 -5.546602125260688965e-01 -3.837074218441609008e-01 -3.259352101123053624e-01 7.270061402454385258e-01
1.661970019600921631e+09 -4.152662158012390137e-01 -5.823117494583129883e-01 7.177312970161437988e-01 8.411679267883300781e-01 -5.176782011985778809e-01 -9.334014356136322021e-02 -1.254331171512603760e-01 7.557440757906204176e-01 1.064177950584622057e+00 -1.656099140977950746e-01 -5.546516582352999380e-01 -3.837015040862651327e-01 -3.259301833508873592e-01 7.269949279360541361e-01
1.661970019632835865e+09 -4.184750318527221680e-01 -6.019433736801147461e-01 7.062682509422302246e-01 8.469937443733215332e-01 -5.100885033607482910e-01 -8.065374940633773804e-02 -1.261204183101654053e-01 7.193852056738128109e-01 1.030962636762944751e+00 -1.604408676373694220e-01 -5.373397708015624774e-01 -3.717253436470520644e-01 -3.157571917774323333e-01 7.043038313343092938e-01
1.661970019664750099e+09 -4.206355214118957520e-01 -6.214666962623596191e-01 6.952026486396789551e-01 8.525555133819580078e-01 -5.022382736206054688e-01 -6.809513270854949951e-02 -1.275497525930404663e-01 7.064234634669587232e-01 1.030962636762941198e+00 -1.604408676373624554e-01 -5.373397708015485996e-01 -3.717253436470503436e-01 -3.157571917774323333e-01 7.043038313343058521e-01
1.661970019696173668e+09 -4.206355214118957520e-01 -6.214666962623596191e-01 6.952026486396789551e-01 8.525555133819580078e-01 -5.022382736206054688e-01 -6.809513270854949951e-02 -1.275497525930404663e-01 0.000000000000000000e+00 0.000000000000000000e+00 0.000000000000000000e+00 0.000000000000000000e+00 0.000000000000000000e+00 0.000000000000000000e+00 0.000000000000000000e+00
1.661970019727091312e+09 -4.280057549476623535e-01 -6.076668500900268555e-01 7.005423903465270996e-01 8.524326682090759277e-01 -5.024345517158508301e-01 -7.661133259534835815e-02 -1.226738840341567993e-01 5.346735932524636636e-01 -5.269504991869213839e-01 -5.132383121177754859e-01 6.001605711090133299e-01 4.860247121711709362e-01 6.219738860234378386e-01 -7.576666029859853158e-01
1.661970019759006023e+09 -4.350610375404357910e-01 -5.934404730796813965e-01 7.058607935905456543e-01 8.521174788475036621e-01 -5.026201009750366211e-01 -8.535235375165939331e-02 -1.182538494467735291e-01 5.247331861105877238e-01 -5.104877247389894013e-01 -4.972039282743898614e-01 5.814105971931468053e-01 4.708405246147699397e-01 6.025424293422035893e-01 -7.339958893023731390e-01
1.661970019789923429e+09 -4.417816102504730225e-01 -5.787947177886962891e-01 7.111559510231018066e-01 8.516101837158203125e-01 -5.027961134910583496e-01 -9.429883211851119995e-02 -1.142980754375457764e-01 5.486167942808815035e-01 -5.269545627486877937e-01 -5.132422699384611153e-01 6.001651992278864700e-01 4.860284601350517431e-01 6.219786823549848798e-01 -7.576724457075395547e-01
1.661970019820840120e+09 -4.481478035449981689e-01 -5.637374520301818848e-01 7.164260149002075195e-01 8.509110212326049805e-01 -5.029638409614562988e-01 -1.034310981631278992e-01 -1.108143553137779236e-01 5.555653007768374119e-01 -5.269667538100245574e-01 -5.132541437667450523e-01 6.001790840127908533e-01 4.860397043735298350e-01 6.219930717934737396e-01 -7.576899744128789971e-01
1.661970019850760460e+09 -4.541401863098144531e-01 -5.482774376869201660e-01 7.216691374778747559e-01 8.500206470489501953e-01 -5.031243562698364258e-01 -1.127292290329933167e-01 -1.078096330165863037e-01 5.812089518257688159e-01 -5.445148159971440194e-01 -5.303455742364946435e-01 6.201651264215676251e-01 5.022248904333487252e-01 6.427055228634397377e-01 -7.829211501814143936e-01
1.661970019881678104e+09 -4.597395360469818115e-01 -5.324242115020751953e-01 7.268831729888916016e-01 8.489394783973693848e-01 -5.032787919044494629e-01 -1.221730411052703857e-01 -1.052900850772857666e-01 5.693494781122360182e-01 -5.269504991869141675e-01 -5.132383121177754859e-01 6.001605711090133299e-01 4.860247121711709362e-01 6.219738860234342859e-01 -7.576666029859709939e-01
1.661970019912595272e+09 -4.649269580841064453e-01 -5.161882638931274414e-01 7.320660352706909180e-01 8.476679921150207520e-01 -5.034284591674804688e-01 -1.317421346902847290e-01 -1.032610610127449036e-01 5.762199631129575339e-01 -5.269586263731267373e-01 -5.132462278201740391e-01 6.001698274181392900e-01 4.860322081567375885e-01 6.219834787605059701e-01 -7.576782885192063777e-01
1.661970019943512678e+09 -4.696838557720184326e-01 -4.995808601379394531e-01 7.372155189514160156e-01 8.462067842483520508e-01 -5.035744309425354004e-01 -1.414158940315246582e-01 -1.017271578311920166e-01 5.830502247082005596e-01 -5.269545627486841299e-01 -5.132422699384611153e-01 6.001651992278864700e-01 4.860284601350517431e-01 6.219786823549848798e-01 -7.576724457075360020e-01
1.661970019974430561e+09 -4.739919900894165039e-01 -4.826140701770782471e-01 7.423291802406311035e-01 8.445566296577453613e-01 -5.037178993225097656e-01 -1.511735916137695312e-01 -1.006921678781509399e-01 5.898469052962498349e-01 -5.269464356878259537e-01 -5.132343543581445733e-01 6.001559430615183155e-01 4.860209642650938355e-01 6.219690897658631812e-01 -7.576607603545381098e-01
1.661970020006345034e+09 -4.778335094451904297e-01 -4.653007984161376953e-01 7.474047541618347168e-01 8.427181839942932129e-01 -5.038601160049438477e-01 -1.609944105148315430e-01 -1.001590564846992493e-01 5.779934898070490101e-01 -5.104915383617173452e-01 -4.972076426598801557e-01 5.814149406485528138e-01 4.708440420512113866e-01 6.025469306639625877e-01 -7.340013726534349026e-01
1.661970020038259268e+09 -4.811910390853881836e-01 -4.476546645164489746e-01 7.524396777153015137e-01 8.406923413276672363e-01 -5.040022730827331543e-01 -1.708572953939437866e-01 -1.001299545168876648e-01 5.845358122203456741e-01 -5.104953520414253765e-01 -4.972113571008747734e-01 5.814192841688553548e-01 4.708475595402075720e-01 6.025514320529699042e-01 -7.340068560864174696e-01
1.661970020070174217e+09 -4.840475916862487793e-01 -4.296901822090148926e-01 7.574314475059509277e-01 8.384798169136047363e-01 -5.041453838348388672e-01 -1.807412803173065186e-01 -1.006061881780624390e-01 5.910292629518575369e-01 -5.104839111732437651e-01 -4.972002139443817970e-01 5.814062538026358862e-01 4.708370072308820653e-01 6.025379280876982380e-01 -7.339904060332445024e-01
1.661970020102088690e+09 -4.863867759704589844e-01 -4.114225506782531738e-01 7.623773813247680664e-01 8.360816836357116699e-01 -5.042908191680908203e-01 -1.906252652406692505e-01 -1.015883088111877441e-01 5.975144265266062460e-01 -5.104915383617173452e-01 -4.972076426598870946e-01 5.814149406485528138e-01 4.708440420512113866e-01 6.025469306639625877e-01 -7.340013726534349026e-01
1.661970020134003401e+09 -4.881926476955413818e-01 -3.928676843643188477e-01 7.672747373580932617e-01 8.334988355636596680e-01 -5.044397711753845215e-01 -2.004882097244262695e-01 -1.030759662389755249e-01 6.039556566955218697e-01 -5.104877247389928430e-01 -4.972039282743898614e-01 5.814105971931468053e-01 4.708405246147699397e-01 6.025424293422035893e-01 -7.339958893023766917e-01
1.661970020163923740e+09 -4.894498586654663086e-01 -3.740422725677490234e-01 7.721207737922668457e-01 8.307324647903442383e-01 -5.045932531356811523e-01 -2.103091031312942505e-01 -1.050680726766586304e-01 6.510538748577608947e-01 -5.445148159971365809e-01 -5.303455742364946435e-01 6.201651264215676251e-01 5.022248904333450614e-01 6.427055228634360740e-01 -7.829211501814070662e-01
1.661970020194350481e+09 -4.901437461376190186e-01 -3.549636900424957275e-01 7.769125699996948242e-01 8.277835845947265625e-01 -5.047526955604553223e-01 -2.200669646263122559e-01 -1.075626537203788757e-01 6.469102764290629581e-01 -5.354522981183177377e-01 -5.215188791544276281e-01 6.098435385034722822e-01 4.938662160409743596e-01 6.320087885953296070e-01 -7.698907665944423329e-01
1.661970020226265669e+09 -4.902601540088653564e-01 -3.356499075889587402e-01 7.816472649574279785e-01 8.246533274650573730e-01 -5.049189925193786621e-01 -2.297408431768417358e-01 -1.105569526553153992e-01 6.230889885195981526e-01 -5.104800976644687793e-01 -4.971964996698756689e-01 5.814019104770183910e-01 4.708334898995483186e-01 6.025334269004450904e-01 -7.339849228460365582e-01
1.661970020256186485e+09 -4.897856414318084717e-01 -3.161196410655975342e-01 7.863218188285827637e-01 8.213431239128112793e-01 -5.050935149192810059e-01 -2.393100708723068237e-01 -1.140474826097488403e-01 6.713555688177702541e-01 -5.445061382627599533e-01 -5.303371223121654543e-01 6.201552430757280021e-01 5.022168866581121494e-01 6.426952802995044012e-01 -7.829086730520741222e-01
1.661970020286612749e+09 -4.887075126171112061e-01 -2.963922023773193359e-01 7.909331321716308594e-01 8.178540468215942383e-01 -5.052773356437683105e-01 -2.487539798021316528e-01 -1.180297285318374634e-01 6.667886789619790200e-01 -5.354606896695704998e-01 -5.215270523426259741e-01 6.098530959063027668e-01 4.938739558595884871e-01 6.320186933695931542e-01 -7.699028322403452806e-01
1.661970020318527460e+09 -4.870136976242065430e-01 -2.764874100685119629e-01 7.954781651496887207e-01 8.141876459121704102e-01 -5.054717063903808594e-01 -2.580521702766418457e-01 -1.224986463785171509e-01 6.419372605197209980e-01 -5.104877247389858486e-01 -4.972039282743898614e-01 5.814105971931468053e-01 4.708405246147682188e-01 6.025424293422001476e-01 -7.339958893023731390e-01
1.661970020350442410e+09 -4.846929609775543213e-01 -2.564257979393005371e-01 7.999537587165832520e-01 8.103452920913696289e-01 -5.056777000427246094e-01 -2.671844959259033203e-01 -1.274482309818267822e-01 6.481408430112182151e-01 -5.104839111732437651e-01 -4.972002139443817970e-01 5.814062538026358862e-01 4.708370072308820653e-01 6.025379280876982380e-01 -7.339904060332445024e-01
1.661970020380362034e+09 -4.817347824573516846e-01 -2.362282723188400269e-01 8.043566346168518066e-01 8.063285350799560547e-01 -5.058964490890502930e-01 -2.761308848857879639e-01 -1.328717619180679321e-01 6.979511784654052198e-01 -5.445278331173390995e-01 -5.303582526281268583e-01 6.201799520310030678e-01 5.022368965745473979e-01 6.427208873214815821e-01 -7.829398666211084823e-01
1.661970020411784649e+09 -4.781294763088226318e-01 -2.159163504838943481e-01 8.086835145950317383e-01 8.021387457847595215e-01 -5.061292052268981934e-01 -2.848716378211975098e-01 -1.387616842985153198e-01 6.707999808548329446e-01 -5.184822516128075875e-01 -5.049904233725592828e-01 5.905158164153284650e-01 4.782141538812491044e-01 6.119785850234218394e-01 -7.454906806125841667e-01
1.661970020443699598e+09 -4.738681912422180176e-01 -1.955119669437408447e-01 8.129311203956604004e-01 7.977777719497680664e-01 -5.063769221305847168e-01 -2.933874428272247314e-01 -1.451097577810287476e-01 6.665521306253652245e-01 -5.104839111732367707e-01 -4.972002139443817970e-01 5.814062538026358862e-01 4.708370072308803445e-01 6.025379280876947963e-01 -7.339904060332375080e-01
1.661970020475614309e+09 -4.689428508281707764e-01 -1.750375032424926758e-01 8.170961141586303711e-01 7.932471632957458496e-01 -5.066408514976501465e-01 -3.016591966152191162e-01 -1.519069522619247437e-01 6.726202596853633198e-01 -5.104877247389928430e-01 -4.972039282743828670e-01 5.814105971931468053e-01 4.708405246147699397e-01 6.025424293422035893e-01 -7.339958893023801334e-01
1.661970020506039858e+09 -4.633463025093078613e-01 -1.545157283544540405e-01 8.211750984191894531e-01 7.885486483573913574e-01 -5.069220066070556641e-01 -3.096681833267211914e-01 -1.591435372829437256e-01 7.118615797150810165e-01 -5.354732774896276970e-01 -5.215393126052770834e-01 6.098674325722462930e-01 4.938855660423864813e-01 6.320335511131017769e-01 -7.699209314183094177e-01
1.661970020537954569e+09 -4.570722877979278564e-01 -1.339697986841201782e-01 8.251646161079406738e-01 7.836841344833374023e-01 -5.072215795516967773e-01 -3.173961043357849121e-01 -1.668090224266052246e-01 6.846316853778129374e-01 -5.104877247389910666e-01 -4.972039282743828670e-01 5.814105971931468053e-01 4.708405246147699397e-01 6.025424293422035893e-01 -7.339958893023766917e-01
1.661970020567874670e+09 -4.501154124736785889e-01 -1.134231686592102051e-01 8.290612101554870605e-01 7.786552906036376953e-01 -5.075404047966003418e-01 -3.248249888420104980e-01 -1.748921871185302734e-01 7.366163670567950073e-01 -5.445191549680551413e-01 -5.303498002996868133e-01 6.201700682126207731e-01 5.022288924166342650e-01 6.427106442678287568e-01 -7.829273888952115179e-01
1.661970020598792076e+09 -4.424711763858795166e-01 -9.289959818124771118e-02 8.328614830970764160e-01 7.734642624855041504e-01 -5.078799128532409668e-01 -3.319374620914459229e-01 -1.833812296390533447e-01 7.189545900674951806e-01 -5.269545627486860173e-01 -5.132422699384611153e-01 6.001651992278864700e-01 4.860284601350517431e-01 6.219786823549857679e-01 -7.576724457075360020e-01
1.661970020629709244e+09 -4.341360628604888916e-01 -7.242308557033538818e-02 8.365619182586669922e-01 7.681127190589904785e-01 -5.082408189773559570e-01 -3.387164473533630371e-01 -1.922635138034820557e-01 7.250180930048824024e-01 -5.269586263731231845e-01 -5.132462278201740391e-01 6.001698274181392900e-01 4.860322081567375885e-01 6.219834787605024173e-01 -7.576782885192009376e-01
1.661970020661626101e+09 -4.251074790954589844e-01 -5.201786383986473083e-02 8.401589393615722656e-01 7.626029253005981445e-01 -5.086243152618408203e-01 -3.451454043388366699e-01 -2.015258818864822388e-01 7.081361902866657454e-01 -5.104534046983345563e-01 -4.971705013020925601e-01 5.813715090146005515e-01 4.708088700515661307e-01 6.025019204726066446e-01 -7.339465428293042715e-01
1.661970020691544294e+09 -4.153837859630584717e-01 -3.170831128954887390e-02 8.436490893363952637e-01 7.569369077682495117e-01 -5.090314149856567383e-01 -3.512083888053894043e-01 -2.111544907093048096e-01 7.616156362032686644e-01 -5.445538692249424217e-01 -5.303836112300088779e-01 6.202096053764932782e-01 5.022609105791313588e-01 6.427516184414766576e-01 -7.829773021852310944e-01
1.661970020721463919e+09 -4.049642384052276611e-01 -1.151895709335803986e-02 8.470288515090942383e-01 7.511168122291564941e-01 -5.094630122184753418e-01 -3.568898439407348633e-01 -2.211349010467529297e-01 7.677081822557507707e-01 -5.445278331173409869e-01 -5.303582526281268583e-01 6.201799520310030678e-01 5.022368965745483971e-01 6.427208873214815821e-01 -7.829398666211084823e-01
1.661970020753378868e+09 -3.938491642475128174e-01 8.525580167770385742e-03 8.502946496009826660e-01 7.451446652412414551e-01 -5.099202394485473633e-01 -3.621750175952911377e-01 -2.314520478248596191e-01 7.254136383872714644e-01 -5.104839111732437651e-01 -4.972002139443887914e-01 5.814062538026358862e-01 4.708370072308820653e-01 6.025379280876964616e-01 -7.339904060332445024e-01
1.661970020785293341e+09 -3.820397853851318359e-01 2.840062789618968964e-02 8.534429669380187988e-01 7.390229105949401855e-01 -5.104038715362548828e-01 -3.670494258403778076e-01 -2.420902997255325317e-01 7.310847724836596617e-01 -5.104915383617173452e-01 -4.972076426598801557e-01 5.814149406485528138e-01 4.708440420512104985e-01 6.025469306639609224e-01 -7.340013726534331262e-01
1.661970020817208052e+09 -3.695383369922637939e-01 4.808150231838226318e-02 8.564702868461608887e-01 7.327537536621093750e-01 -5.109150409698486328e-01 -3.714994490146636963e-01 -2.530334889888763428e-01 7.366959253747591418e-01 -5.104877247389910666e-01 -4.972039282743828670e-01 5.814105971931468053e-01 4.708405246147699397e-01 6.025424293422027011e-01 -7.339958893023766917e-01
1.661970020849123478e+09 -3.563480079174041748e-01 6.754355132579803467e-02 8.593730926513671875e-01 7.263395786285400391e-01 -5.114545226097106934e-01 -3.755118548870086670e-01 -2.642648816108703613e-01 7.422520015867833942e-01 -5.104762842126735478e-01 -4.971927854508700895e-01 5.813975672162929875e-01 4.708299726207614277e-01 6.025289257804407050e-01 -7.339794397407491955e-01
1.661970020881037235e+09 -3.424729704856872559e-01 8.676218241453170776e-02 8.621479272842407227e-01 7.197827696800231934e-01 -5.120232701301574707e-01 -3.790743052959442139e-01 -2.757673263549804688e-01 7.478188968974576190e-01 -5.105029795717886953e-01 -4.972187861493612138e-01 5.814279714041554747e-01 4.708545946758688761e-01 6.025604350327758985e-01 -7.340178231981842050e-01
1.661970020911954641e+09 -3.279183804988861084e-01 1.057129129767417908e-01 8.647912740707397461e-01 7.130857706069946289e-01 -5.126221179962158203e-01 -3.821749687194824219e-01 -2.875230908393859863e-01 7.775770279102459659e-01 -5.269545627486860173e-01 -5.132422699384540099e-01 6.001651992278864700e-01 4.860284601350526312e-01 6.219786823549839916e-01 -7.576724457075341146e-01
1.661970020942872286e+09 -3.126903474330902100e-01 1.243714243173599243e-01 8.672996759414672852e-01 7.062510848045349121e-01 -5.132519602775573730e-01 -3.848027884960174561e-01 -2.995140254497528076e-01 7.831822751047694542e-01 -5.269504991869177202e-01 -5.132383121177827023e-01 6.001605711090133299e-01 4.860247121711709362e-01 6.219738860234360622e-01 -7.576666029859799867e-01
1.661970020974786997e+09 -2.967959344387054443e-01 1.427135765552520752e-01 8.696697950363159180e-01 6.992812752723693848e-01 -5.139135718345642090e-01 -3.869472146034240723e-01 -3.117215633392333984e-01 7.641037812117578154e-01 -5.104877247389910666e-01 -4.972039282743828670e-01 5.814105971931468053e-01 4.708405246147682188e-01 6.025424293422027011e-01 -7.339958893023766917e-01
1.661970021005704403e+09 -2.802431881427764893e-01 1.607154458761215210e-01 8.718981146812438965e-01 6.921789646148681641e-01 -5.146077871322631836e-01 -3.885986804962158203e-01 -3.241267204284667969e-01 7.942642418465130083e-01 -5.269545627486851291e-01 -5.132422699384540099e-01 6.001651992278864700e-01 4.860284601350517431e-01 6.219786823549831034e-01 -7.576724457075360020e-01
1.661970021036621809e+09 -2.630410790443420410e-01 1.783534139394760132e-01 8.739813566207885742e-01 6.849467754364013672e-01 -5.153353810310363770e-01 -3.897481858730316162e-01 -3.367102444171905518e-01 7.997275182280514372e-01 -5.269545627486851291e-01 -5.132422699384611153e-01 6.001651992278864700e-01 4.860284601350517431e-01 6.219786823549835475e-01 -7.576724457075341146e-01
1.661970021068536520e+09 -2.451995462179183960e-01 1.956041306257247925e-01 8.759161829948425293e-01 6.775874495506286621e-01 -5.160970091819763184e-01 -3.903872966766357422e-01 -3.494521975517272949e-01 7.799785993964618580e-01 -5.104877247389910666e-01 -4.972039282743828670e-01 5.814105971931468053e-01 4.708405246147699397e-01 6.025424293422027011e-01 -7.339958893023749154e-01
1.661970021098457575e+09 -2.267293930053710938e-01 2.124446183443069458e-01 8.776994347572326660e-01 6.701036691665649414e-01 -5.168935656547546387e-01 -3.905087411403656006e-01 -3.623327612876892090e-01 8.374872859507791478e-01 -5.445017994992846777e-01 -5.303328964510177768e-01 6.201503015209376413e-01 5.022128848661581157e-01 6.426901591399639679e-01 -7.829024346365371922e-01
1.661970021130371571e+09 -2.076424062252044678e-01 2.288522869348526001e-01 8.793277740478515625e-01 6.624981760978698730e-01 -5.177256464958190918e-01 -3.901057839393615723e-01 -3.753315508365631104e-01 7.903282504978447198e-01 -5.104991657781157155e-01 -4.972150715973680524e-01 5.814236277540557607e-01 4.708510770817579405e-01 6.025559335092459667e-01 -7.340123396013368273e-01
1.661970021162285805e+09 -1.879511922597885132e-01 2.448049485683441162e-01 8.807981014251708984e-01 6.547738909721374512e-01 -5.185939669609069824e-01 -3.891724646091461182e-01 -3.884280622005462646e-01 7.954099905760098066e-01 -5.104953520414271528e-01 -4.972113571008747734e-01 5.814192841688553548e-01 4.708475595402075720e-01 6.025514320529760104e-01 -7.340068560864192460e-01
1.661970021192206144e+09 -1.676692664623260498e-01 2.602809071540832520e-01 8.821073174476623535e-01 6.469336748123168945e-01 -5.194990634918212891e-01 -3.877034187316894531e-01 -4.016012847423553467e-01 8.537859076108232914e-01 -5.445148159971412438e-01 -5.303455742365020820e-01 6.201651264215676251e-01 5.022248904333487252e-01 6.427055228634384054e-01 -7.829211501814088425e-01
1.661970021224121332e+09 -1.468110233545303345e-01 2.752588987350463867e-01 8.832524418830871582e-01 6.389803886413574219e-01 -5.204416513442993164e-01 -3.856945037841796875e-01 -4.148304164409637451e-01 8.053981250952125803e-01 -5.104800976644701116e-01 -4.971964996698756689e-01 5.814019104770183910e-01 4.708334898995465978e-01 6.025334269004437582e-01 -7.339849228460365582e-01
1.661970021256035328e+09 -1.468110233545303345e-01 2.752588987350463867e-01 8.832524418830871582e-01 6.389803886413574219e-01 -5.204416513442993164e-01 -3.856945037841796875e-01 -4.148304164409637451e-01 0.000000000000000000e+00 0.000000000000000000e+00 0.000000000000000000e+00 0.000000000000000000e+00 0.000000000000000000e+00 8.696991702110073382e-16 0.000000000000000000e+00
1.661970021287950039e+09 -1.531399935483932495e-01 2.914998531341552734e-01 8.841177225112915039e-01 6.296098828315734863e-01 -5.204027295112609863e-01 -3.926991522312164307e-01 -4.225633740425109863e-01 5.468332434036913270e-01 1.631445743059482256e-01 -7.007025901104207977e-01 8.169946732134212297e-01 6.035721741347264135e-01 7.719603784505159050e-01 -2.484775491834441685e-01
1.661970021319864750e+09 -1.594410836696624756e-01 3.073984086513519287e-01 8.846504688262939453e-01 6.200652122497558594e-01 -5.204665660858154297e-01 -3.994026482105255127e-01 -4.302456378936767578e-01 5.361159641466971548e-01 1.631445743059495301e-01 -7.007025901104277921e-01 8.169946732134282241e-01 6.035721741347247482e-01 7.719603784505159050e-01 -2.484775491834406713e-01
1.661970021351779222e+09 -1.657127737998962402e-01 3.229464888572692871e-01 8.848454356193542480e-01 6.103534698486328125e-01 -5.206352472305297852e-01 -4.058015644550323486e-01 -4.378727376461029053e-01 5.253566894216036287e-01 1.631457930852186766e-01 -7.007078247423174089e-01 8.170007766108260405e-01 6.035766831492427320e-01 7.719661454170886339e-01 -2.484794054467449609e-01
1.661970021382697582e+09 -1.719537228345870972e-01 3.381362259387969971e-01 8.846978545188903809e-01 6.004816889762878418e-01 -5.209110975265502930e-01 -4.118934273719787598e-01 -4.454404413700103760e-01 5.311577147651163067e-01 1.684019456712570750e-01 -7.232828919593535799e-01 8.433225141412278303e-01 6.230224260275173398e-01 7.968369788896296768e-01 -2.564847952567868017e-01
1.661970021414119720e+09 -1.781627386808395386e-01 3.529600501060485840e-01 8.842029571533203125e-01 5.904570221900939941e-01 -5.212958455085754395e-01 -4.176753461360931396e-01 -4.529442489147186279e-01 5.117175256510472225e-01 1.657020252560389983e-01 -7.116867893241037857e-01 8.298018647005824810e-01 6.130337589698638956e-01 7.840616132706046404e-01 -2.523726780710490170e-01
1.661970021446034193e+09 -1.843388080596923828e-01 3.674107491970062256e-01 8.833565711975097656e-01 5.802866816520690918e-01 -5.217913985252380371e-01 -4.231446385383605957e-01 -4.603799283504486084e-01 4.931287758476086136e-01 1.631457930852178162e-01 -7.007078247423174089e-01 8.170007766108260405e-01 6.035766831492427320e-01 7.719661454170868575e-01 -2.484794054467414914e-01
1.661970021476951838e+09 -1.904810369014739990e-01 3.814812898635864258e-01 8.821546435356140137e-01 5.699781179428100586e-01 -5.223994255065917969e-01 -4.282990396022796631e-01 -4.677432477474212646e-01 4.980887584384013356e-01 1.684058415197211833e-01 -7.232996245483499509e-01 8.433420237538253872e-01 6.230368391683591689e-01 7.968554130954060843e-01 -2.564907288336945035e-01
1.661970021507869482e+09 -1.965887099504470825e-01 3.951649367809295654e-01 8.805935382843017578e-01 5.595388412475585938e-01 -5.231213569641113281e-01 -4.331361651420593262e-01 -4.750298857688903809e-01 4.872930115437527077e-01 1.684058415197202951e-01 -7.232996245483571673e-01 8.433420237538253872e-01 6.230368391683556162e-01 7.968554130954078607e-01 -2.564907288336908953e-01
1.661970021539783716e+09 -2.026612758636474609e-01 4.084553122520446777e-01 8.786699771881103516e-01 5.489762425422668457e-01 -5.239585638046264648e-01 -4.376539885997772217e-01 -4.822358489036560059e-01 4.618018886467532003e-01 1.631470118826987281e-01 -7.007130594524116907e-01 8.170068800994300107e-01 6.035811922311291600e-01 7.719719124698249946e-01 -2.484812617377805954e-01
1.661970021571698427e+09 -2.086983174085617065e-01 4.213462471961975098e-01 8.763809204101562500e-01 5.382981300354003906e-01 -5.249122381210327148e-01 -4.418506324291229248e-01 -4.893570542335510254e-01 4.517482549241120804e-01 1.631445743059486697e-01 -7.007025901104277921e-01 8.169946732134212297e-01 6.035721741347264135e-01 7.719603784505176813e-01 -2.484775491834406713e-01
1.661970021603613377e+09 -2.146995663642883301e-01 4.338318705558776855e-01 8.737238645553588867e-01 5.275121331214904785e-01 -5.259834527969360352e-01 -4.457241296768188477e-01 -4.963893592357635498e-01 4.419722217448804336e-01 1.631433555448882633e-01 -7.006973555567411749e-01 8.169885699072064744e-01 6.035676651875787613e-01 7.719546115701050315e-01 -2.484756929478775245e-01
1.661970021635527849e+09 -2.206648588180541992e-01 4.459066092967987061e-01 8.706965446472167969e-01 -5.166260600090026855e-01 5.271730422973632812e-01 4.492729306221008301e-01 5.033288598060607910e-01 4.325290868609550365e-01 1.631457930852186766e-01 -7.007078247423138562e-01 8.170007766108260405e-01 6.035766831492427320e-01 7.719661454170886339e-01 -2.484794054467414914e-01
1.661970021665448904e+09 -2.265942096710205078e-01 4.575651586055755615e-01 8.672971129417419434e-01 -5.056478977203369141e-01 5.284817814826965332e-01 4.524957239627838135e-01 5.101715922355651855e-01 4.516637484201765917e-01 1.740149860284170846e-01 -7.473907848107650409e-01 8.714314726636963604e-01 6.437885163881056361e-01 8.233965183459980297e-01 -2.650337434357187827e-01
1.661970021696365356e+09 -2.324877381324768066e-01 4.688024520874023438e-01 8.635241985321044922e-01 -4.945852160453796387e-01 5.299100875854492188e-01 4.553910493850708008e-01 5.169138312339782715e-01 4.281870886049718994e-01 1.684123350010750531e-01 -7.233275139171716495e-01 8.433745417808603539e-01 6.230608625517608523e-01 7.968861386671555191e-01 -2.565006187386377201e-01
1.661970021726285934e+09 -2.383456826210021973e-01 4.796137511730194092e-01 8.593767881393432617e-01 -4.834462404251098633e-01 5.314583778381347656e-01 4.579577147960662842e-01 5.235518217086791992e-01 4.337125468290757291e-01 1.740177592639947646e-01 -7.474026958005146604e-01 8.714453604604813775e-01 6.437987762930612590e-01 8.234096406211039998e-01 -2.650379672156549793e-01
1.661970021757203817e+09 -2.441684007644653320e-01 4.899946153163909912e-01 8.548542261123657227e-01 -4.722389578819274902e-01 5.331269502639770508e-01 4.601950049400329590e-01 5.300817489624023438e-01 4.118209991856779384e-01 1.684045428835377056e-01 -7.232940469326675226e-01 8.433355204493292456e-01 6.230320347139820525e-01 7.968492682653806058e-01 -2.564887509442189684e-01
1.661970021789117098e+09 -2.499563395977020264e-01 4.999407827854156494e-01 8.499562740325927734e-01 -4.609713852405548096e-01 5.349157452583312988e-01 4.621018767356872559e-01 5.365000963211059570e-01 3.918949964087173887e-01 1.631518872547274568e-01 -7.007339990749726910e-01 8.170312949657728696e-01 6.035992292324060537e-01 7.719949815424703710e-01 -2.484886871792836571e-01
