1.661970127456172466e+09 1.378528122206244648e-16 -2.367949187755584717e-01 1.128897309303283691e+00 -6.125128269195556641e-01 6.125135421752929688e-01 3.533097505569458008e-01 3.533093035221099854e-01 0.000000000000000000e+00 0.000000000000000000e+00 0.000000000000000000e+00 0.000000000000000000e+00 0.000000000000000000e+00 0.000000000000000000e+00 0.000000000000000000e+00
1.661970152423901796e+09 1.378528122206244648e-16 -2.367949187755584717e-01 1.128897309303283691e+00 -6.125128269195556641e-01 6.125135421752929688e-01 3.533097505569458008e-01 3.533093035221099854e-01 0.000000000000000000e+00 0.000000000000000000e+00 0.000000000000000000e+00 0.000000000000000000e+00 0.000000000000000000e+00 0.000000000000000000e+00 0.000000000000000000e+00
1.661970152452823639e+09 -9.067861363291740417e-03 -2.300144135951995850e-01 1.121714472770690918e+00 6.235389113426208496e-01 -6.011800765991210938e-01 -3.460392951965332031e-01 -3.606085777282714844e-01 4.636200872150205154e-01 5.486802050239669715e-01 -4.403773664399420751e-01 -1.542046839127320379e-01 -1.123488800601368798e+00 5.944441552533502593e-01 -4.639123876043729083e-02
1.661970152484246016e+09 -1.854669116437435150e-02 -2.234764099121093750e-01 1.114545106887817383e+00 6.345800161361694336e-01 -5.892027616500854492e-01 -3.390051126480102539e-01 -3.677279651165008545e-01 4.316802969829268144e-01 5.050172588553614172e-01 -4.053329579326088727e-01 -1.419333631124229667e-01 -1.034083659733292748e+00 5.471393993802320388e-01 -4.269951060595900127e-02
1.661970152514166355e+09 -2.843433804810047150e-02 -2.171920984983444214e-01 1.107381701469421387e+00 6.456146836280822754e-01 -5.765864253044128418e-01 -3.322128653526306152e-01 -3.746523261070251465e-01 4.589577104192190671e-01 5.303697329044373410e-01 -4.256811601317039284e-01 -1.490585887198983828e-01 -1.085995903697758891e+00 5.746064555665019169e-01 -4.484307741593183960e-02
1.661970152546080828e+09 -3.872786462306976318e-02 -2.111734151840209961e-01 1.100216627120971680e+00 6.566212773323059082e-01 -5.633369684219360352e-01 -3.256677091121673584e-01 -3.813666403293609619e-01 4.358878133407420030e-01 4.972302918058730259e-01 -3.990830440293756110e-01 -1.397448628138697191e-01 -1.018138906868789606e+00 5.387029422102188603e-01 -4.204111789504176577e-02
1.661970152577995300e+09 -4.942346364259719849e-02 -2.054330110549926758e-01 1.093041896820068359e+00 6.675781011581420898e-01 -5.494611263275146484e-01 -3.193740844726562500e-01 -3.878557980060577393e-01 4.418223093664009338e-01 4.972302918058730259e-01 -3.990830440293894887e-01 -1.397448628138697191e-01 -1.018138906868796489e+00 5.387029422102223020e-01 -4.204111789504154373e-02
1.661970152609910011e+09 -6.051641330122947693e-02 -1.999842226505279541e-01 1.085849046707153320e+00 6.784633994102478027e-01 -5.349667072296142578e-01 -3.133359253406524658e-01 -3.941049575805664062e-01 4.480581869313342569e-01 4.972265772511755277e-01 -3.990800626828641118e-01 -1.397438188510517487e-01 -1.018131300870687594e+00 5.386989178344401275e-01 -4.204080382722520659e-02
1.661970152641824961e+09 -7.200097292661666870e-02 -1.948410272598266602e-01 1.078629851341247559e+00 6.892555356025695801e-01 -5.198619365692138672e-01 -3.075565099716186523e-01 -4.000991284847259521e-01 4.545640765006247475e-01 4.972228627519767463e-01 -3.990770813809104145e-01 -1.397427749038454015e-01 -1.018123694986211802e+00 5.386948935187820808e-01 -4.204048976410131727e-02
1.661970152672742128e+09 -8.387037366628646851e-02 -1.900179982185363770e-01 1.071375370025634766e+00 6.999328136444091797e-01 -5.041565299034118652e-01 -3.020384609699249268e-01 -4.058238863945007324e-01 4.762134671783875284e-01 5.132696075668771174e-01 -4.119563927845413809e-01 -1.442526573259645950e-01 -1.050981337599480536e+00 5.560800544535469125e-01 -4.339725161411800425e-02
1.661970152703659773e+09 -9.611669927835464478e-02 -1.855302602052688599e-01 1.064077258110046387e+00 7.104735374450683594e-01 -4.878606796264648438e-01 -2.967839241027832031e-01 -4.112646281719207764e-01 4.834044147081867915e-01 5.132616915038969996e-01 -4.119500392566905478e-01 -1.442504325436989032e-01 -1.050965128507150403e+00 5.560714781328995882e-01 -4.339658230626933927e-02
1.661970152735574245e+09 -1.087308898568153381e-01 -1.813933551311492920e-01 1.056726694107055664e+00 7.208562493324279785e-01 -4.709856808185577393e-01 -2.917943298816680908e-01 -4.164071083068847656e-01 4.754709746246665869e-01 4.972302918058730259e-01 -3.990830440293825498e-01 -1.397448628138697191e-01 -1.018138906868796489e+00 5.387029422102223020e-01 -4.204111789504154373e-02
1.661970152767488956e+09 -1.217026412487030029e-01 -1.776232719421386719e-01 1.049315094947814941e+00 7.310596108436584473e-01 -4.535433351993560791e-01 -2.870704233646392822e-01 -4.212372601032257080e-01 4.827920493401989810e-01 4.972265772511755277e-01 -3.990800626828641118e-01 -1.397438188510656543e-01 -1.018131300870684042e+00 5.386989178344366858e-01 -4.204080382722542170e-02
1.661970152797408819e+09 -1.350204050540924072e-01 -1.742362678050994873e-01 1.041833996772766113e+00 7.410623431205749512e-01 -4.355468451976776123e-01 -2.826124727725982666e-01 -4.257413446903228760e-01 5.229346321617167614e-01 5.303781854831912668e-01 -4.256879442736177799e-01 -1.490609642880621755e-01 -1.086013211370748133e+00 5.746156131522708321e-01 -4.484379208650950133e-02
1.661970152828326464e+09 -1.486713290214538574e-01 -1.712488681077957153e-01 1.034275054931640625e+00 7.508435249328613281e-01 -4.170098602771759033e-01 -2.784202098846435547e-01 -4.299058318138122559e-01 5.138623270308311231e-01 5.132616915038969996e-01 -4.119500392566905478e-01 -1.442504325436989032e-01 -1.050965128507150403e+00 5.560714781328978118e-01 -4.339658230626911722e-02
1.661970152859243870e+09 -1.626412272453308105e-01 -1.686776876449584961e-01 1.026630282402038574e+00 7.603822946548461914e-01 -3.979469835758209229e-01 -2.744925022125244141e-01 -4.337175786495208740e-01 5.217473516649989707e-01 5.132656495048666390e-01 -4.119532159961148410e-01 -1.442515449262535832e-01 -1.050973232990813910e+00 5.560757662601553131e-01 -4.339691695761310752e-02
1.661970152891158819e+09 -1.769145578145980835e-01 -1.665394455194473267e-01 1.018891811370849609e+00 7.696582078933715820e-01 -3.783735036849975586e-01 -2.708278000354766846e-01 -4.371636211872100830e-01 5.131239129805693633e-01 4.972228627519767463e-01 -3.990770813809034756e-01 -1.397427749038454015e-01 -1.018123694986218908e+00 5.386948935187855225e-01 -4.204048976410131727e-02
1.661970152923073292e+09 -1.914744228124618530e-01 -1.648507565259933472e-01 1.011052250862121582e+00 7.786511778831481934e-01 -3.583057224750518799e-01 -2.674239277839660645e-01 -4.402316212654113770e-01 5.208381752865951508e-01 4.972302918058730259e-01 -3.990830440293825498e-01 -1.397448628138697191e-01 -1.018138906868793159e+00 5.387029422102206366e-01 -4.204111789504176577e-02
1.661970152954987764e+09 -2.063025087118148804e-01 -1.636280864477157593e-01 1.003104686737060547e+00 7.873411774635314941e-01 -3.377606570720672607e-01 -2.642781138420104980e-01 -4.429092705249786377e-01 5.285389444237581502e-01 4.972302918058713050e-01 -3.990830440293825498e-01 -1.397448628138697191e-01 -1.018138906868789606e+00 5.387029422102188603e-01 -4.204111789504132862e-02
1.661970152986410856e+09 -2.213791757822036743e-01 -1.628876626491546631e-01 9.950424432754516602e-01 7.957089543342590332e-01 -3.167560696601867676e-01 -2.613869905471801758e-01 -4.451850354671478271e-01 5.445986757281101598e-01 5.050057635991620497e-01 -4.053237317010054963e-01 -1.419301324102170414e-01 -1.034060121811789523e+00 5.471269453354236090e-01 -4.269853867518764307e-02
1.661970153018325567e+09 -2.366833835840225220e-01 -1.626452952623367310e-01 9.868596792221069336e-01 8.037353754043579102e-01 -2.953103184700012207e-01 -2.587465643882751465e-01 -4.470475912094116211e-01 5.438284258355042811e-01 4.972265772511773041e-01 -3.990800626828641118e-01 -1.397438188510656543e-01 -1.018131300870687594e+00 5.386989178344401275e-01 -4.204080382722531761e-02
1.661970153050240517e+09 -2.521927356719970703e-01 -1.629163473844528198e-01 9.785507917404174805e-01 8.114017248153686523e-01 -2.734427452087402344e-01 -2.563524246215820312e-01 -4.484860002994537354e-01 5.513687411614910383e-01 4.972228627519767463e-01 -3.990770813809034756e-01 -1.397427749038314682e-01 -1.018123694986215355e+00 5.386948935187838572e-01 -4.204048976410142829e-02
1.661970153082155943e+09 -2.678835391998291016e-01 -1.637155264616012573e-01 9.701110124588012695e-01 8.186899423599243164e-01 -2.511732578277587891e-01 -2.541995346546173096e-01 -4.494901597499847412e-01 5.588054347302313651e-01 4.972154339200702267e-01 -3.990711189105960455e-01 -1.397406870561826997e-01 -1.018108483558191946e+00 5.386868450678541365e-01 -4.203986165193045188e-02
1.661970153113580704e+09 -2.837307453155517578e-01 -1.650568991899490356e-01 9.615361690521240234e-01 8.255823850631713867e-01 -2.285224497318267822e-01 -2.522822916507720947e-01 -4.500500261783599854e-01 5.749681397631963842e-01 5.049789433696927343e-01 -4.053022054605600610e-01 -1.419225946769984981e-01 -1.034005204161828173e+00 5.470978881022565687e-01 -4.269627100878090054e-02
1.661970153145495653e+09 -2.997081875801086426e-01 -1.669536381959915161e-01 9.528228044509887695e-01 8.320617675781250000e-01 -2.055115103721618652e-01 -2.505944967269897461e-01 -4.501562416553497314e-01 5.733210894656842749e-01 4.972228627519767463e-01 -3.990770813808964812e-01 -1.397427749038454015e-01 -1.018123694986215355e+00 5.386948935187838572e-01 -4.204048976410142829e-02
1.661970153175416470e+09 -3.157883286476135254e-01 -1.694180518388748169e-01 9.439680576324462891e-01 8.381116390228271484e-01 -1.821624487638473511e-01 -2.491296082735061646e-01 -4.498001337051391602e-01 6.190215760257569144e-01 5.303612805950927989e-01 -4.256743762060377634e-01 -1.490562132274220464e-01 -1.085978596576410382e+00 5.745972982726114120e-01 -4.484236276813283184e-02
1.661970153206840277e+09 -3.319426476955413818e-01 -1.724613457918167114e-01 9.349699616432189941e-01 8.437159657478332520e-01 -1.584976315498352051e-01 -2.478805035352706909e-01 -4.489734470844268799e-01 5.963646532055604244e-01 5.049942688662631962e-01 -4.053145058894023212e-01 -1.419269018550829431e-01 -1.034036584961800287e+00 5.471144918575591154e-01 -4.269756678866144101e-02
1.661970153237757683e+09 -3.481414616107940674e-01 -1.760936081409454346e-01 9.258273839950561523e-01 8.488593101501464844e-01 -1.345401406288146973e-01 -2.468395382165908813e-01 -4.476685523986816406e-01 6.129908714512406487e-01 5.132656495048648626e-01 -4.119532159961220574e-01 -1.442515449262535832e-01 -1.050973232990813910e+00 5.560757662601534257e-01 -4.339691695761310752e-02
1.661970153268674850e+09 -3.643541932106018066e-01 -1.803236305713653564e-01 9.165398478507995605e-01 8.535268902778625488e-01 -1.103135868906974792e-01 -2.459986805915832520e-01 -4.458783268928527832e-01 6.196347234203543053e-01 5.132696075668771174e-01 -4.119563927845413809e-01 -1.442526573259789724e-01 -1.050981337599480536e+00 5.560800544535451362e-01 -4.339725161411778220e-02
1.661970153300098658e+09 -3.805493116378784180e-01 -1.851589232683181763e-01 9.071078896522521973e-01 8.577045798301696777e-01 -8.584206551313400269e-02 -2.453493475914001465e-01 -4.435963332653045654e-01 6.159406311735263762e-01 5.049942688662631962e-01 -4.053145058894023212e-01 -1.419269018550829431e-01 -1.034036584961796734e+00 5.471144918575591154e-01 -4.269756678866165611e-02
1.661970153332012653e+09 -3.966944515705108643e-01 -1.906054764986038208e-01 8.975327610969543457e-01 8.613790273666381836e-01 -6.115015968680381775e-02 -2.448825985193252563e-01 -4.408167898654937744e-01 6.124324779618069980e-01 4.972377210817690574e-01 -3.990890068560412618e-01 -1.397469507863002003e-01 -1.018154119205942010e+00 5.387109911421726904e-01 -4.204174604475198473e-02
1.661970153361932278e+09 -4.127566516399383545e-01 -1.966677755117416382e-01 8.878166675567626953e-01 8.645373582839965820e-01 -3.626290708780288696e-02 -2.445890605449676514e-01 -4.375344514846801758e-01 6.593277951894019884e-01 5.303824118736043536e-01 -4.256913364256615373e-01 -1.490621521005465466e-01 -1.086021865414131815e+00 5.746201920546182285e-01 -4.484414943034110979e-02
1.661970153392358303e+09 -4.287022352218627930e-01 -2.033486813306808472e-01 8.779626488685607910e-01 8.671675324440002441e-01 -1.120577752590179443e-02 -2.444589585065841675e-01 -4.337449073791503906e-01 6.540352799379322013e-01 5.215548961794943539e-01 -4.186062655993693649e-01 -1.465812091853971877e-01 -1.067946463880314667e+00 5.650563968571185036e-01 -4.409777771057230705e-02
1.661970153423275471e+09 -4.444971978664398193e-01 -2.106493562459945679e-01 8.679746985435485840e-01 8.692584633827209473e-01 1.399540156126022339e-02 -2.444821745157241821e-01 -4.294442236423492432e-01 6.489402914939322864e-01 5.132696075668771174e-01 -4.119563927845413809e-01 -1.442526573259645950e-01 -1.050981337599473431e+00 5.560800544535451362e-01 -4.339725161411800425e-02
1.661970153454193354e+09 -4.601070880889892578e-01 -2.185692191123962402e-01 8.578575253486633301e-01 8.707994222640991211e-01 3.931443393230438232e-02 -2.446481436491012573e-01 -4.246292114257812500e-01 6.539118152937084538e-01 5.132577335639723071e-01 -4.119468625662529582e-01 -1.442493201783001666e-01 -1.050957024148476249e+00 5.560671900717775173e-01 -4.339624766008656764e-02
1.661970153486107349e+09 -4.754972457885742188e-01 -2.271058112382888794e-01 8.476169109344482422e-01 8.717808127403259277e-01 6.472482532262802124e-02 -2.449461221694946289e-01 -4.192975461483001709e-01 6.380192031696849675e-01 4.972377210817690574e-01 -3.990890068560412618e-01 -1.397469507863002003e-01 -1.018154119205938457e+00 5.387109911421734676e-01 -4.204174604475198473e-02
1.661970153517024755e+09 -4.906329214572906494e-01 -2.362548410892486572e-01 8.372594714164733887e-01 8.721934556961059570e-01 9.019979089498519897e-02 -2.453648746013641357e-01 -4.134472608566284180e-01 6.629148870924806980e-01 5.132656495048648626e-01 -4.119532159961148410e-01 -1.442515449262679328e-01 -1.050973232990817463e+00 5.560757662601538698e-01 -4.339691695761288548e-02
1.661970153547942400e+09 -5.054795145988464355e-01 -2.460100948810577393e-01 8.267925381660461426e-01 8.720293641090393066e-01 1.157122999429702759e-01 -2.458930164575576782e-01 -4.070774316787719727e-01 6.669006107924951854e-01 5.132616915038969996e-01 -4.119500392566905478e-01 -1.442504325436989032e-01 -1.050965128507150403e+00 5.560714781328991441e-01 -4.339658230626933927e-02
1.661970153579856634e+09 -5.200024247169494629e-01 -2.563633620738983154e-01 8.162243962287902832e-01 8.712811470031738281e-01 1.412351280450820923e-01 -2.465188801288604736e-01 -4.001876711845397949e-01 6.495970911945228021e-01 4.972340064160704620e-01 -3.990860254204389723e-01 -1.397459067922857401e-01 -1.018146512980541374e+00 5.387069666461322681e-01 -4.204143196755043277e-02
1.661970153611771822e+09 -5.341675877571105957e-01 -2.673045396804809570e-01 8.055641651153564453e-01 8.699423670768737793e-01 1.667408645153045654e-01 -2.472304850816726685e-01 -3.927784264087677002e-01 6.527521785208892924e-01 4.972191483082753494e-01 -3.990741001234788254e-01 -1.397417309722085721e-01 -1.018116089215387765e+00 5.386908692632560447e-01 -4.204017570566976475e-02
1.661970153643686771e+09 -5.479413270950317383e-01 -2.788214385509490967e-01 7.948217391967773438e-01 8.680072426795959473e-01 1.922019571065902710e-01 -2.480156123638153076e-01 -3.848507404327392578e-01 6.555731886427466071e-01 4.972228627519767463e-01 -3.990770813808964812e-01 -1.397427749038454015e-01 -1.018123694986218908e+00 5.386948935187846343e-01 -4.204048976410153238e-02
1.661970153675601721e+09 -5.612905621528625488e-01 -2.908999323844909668e-01 7.840077280998229980e-01 8.654709458351135254e-01 2.175908535718917847e-01 -2.488620281219482422e-01 -3.764066100120544434e-01 6.580249048374324783e-01 4.972228627519767463e-01 -3.990770813809034756e-01 -1.397427749038314682e-01 -1.018123694986211802e+00 5.386948935187838572e-01 -4.204048976410131727e-02
1.661970153706518412e+09 -5.741831064224243164e-01 -3.035238683223724365e-01 7.731335759162902832e-01 8.623296618461608887e-01 2.428797781467437744e-01 -2.497571259737014771e-01 -3.674485385417938232e-01 6.814196605515367988e-01 5.132775238740406865e-01 -4.119627465083912088e-01 -1.442548821768572520e-01 -1.050997547191805825e+00 5.560886310387436193e-01 -4.339792094261275129e-02
1.661970153737435818e+09 -5.741831064224243164e-01 -3.035238683223724365e-01 7.731335759162902832e-01 8.623296618461608887e-01 2.428797781467437744e-01 -2.497571259737014771e-01 -3.674485385417938232e-01 0.000000000000000000e+00 0.000000000000000000e+00 0.000000000000000000e+00 0.000000000000000000e+00 0.000000000000000000e+00 0.000000000000000000e+00 0.000000000000000000e+00
1.661970153768353224e+09 -5.710825920104980469e-01 -2.897522449493408203e-01 7.768682241439819336e-01 8.653186559677124023e-01 2.239397913217544556e-01 -2.529895305633544922e-01 -3.702308237552642822e-01 4.722905839146985252e-01 -3.473975964973534669e-01 -2.504518234236048357e-01 4.009384815414344105e-01 1.191312522912023386e+00 -1.173691238944424703e-01 -2.199951408488848570e-01
1.661970153799271584e+09 -5.676881670951843262e-01 -2.760005891323089600e-01 7.805348038673400879e-01 8.679508566856384277e-01 2.049448639154434204e-01 -2.561727166175842285e-01 -3.728733956813812256e-01 4.732226033228957296e-01 -3.473868810464774137e-01 -2.504440982572764818e-01 4.009261146262787512e-01 1.191275776973192535e+00 -1.173655036532684076e-01 -2.199883551164846240e-01
1.661970153831185341e+09 -5.640027523040771484e-01 -2.622765004634857178e-01 7.841318845748901367e-01 8.702258467674255371e-01 1.859037131071090698e-01 -2.593095004558563232e-01 -3.753738105297088623e-01 4.593162972664609489e-01 -3.365518028402709194e-01 -2.426326881581909178e-01 3.884211351814531032e-01 1.154119606395398456e+00 -1.137048460977439779e-01 -2.131268667811740958e-01
1.661970153863099813e+09 -5.600295662879943848e-01 -2.485873997211456299e-01 7.876582145690917969e-01 8.721433877944946289e-01 1.668253242969512939e-01 -2.624029517173767090e-01 -3.777300715446472168e-01 4.600970903218715158e-01 -3.365442601617171792e-01 -2.426272503612219023e-01 3.884124300259869655e-01 1.154093740679838165e+00 -1.137022977854272032e-01 -2.131220902581136833e-01
1.661970153893019915e+09 -5.557721853256225586e-01 -2.349404096603393555e-01 7.911126613616943359e-01 8.737035393714904785e-01 1.477185487747192383e-01 -2.654560506343841553e-01 -3.799400627613067627e-01 4.915458462919101157e-01 -3.589771472818443221e-01 -2.587999514407212098e-01 4.143026716085915773e-01 1.231021674611221250e+00 -1.212813033233430815e-01 -2.273280784727623738e-01
1.661970153923937798e+09 -5.512341856956481934e-01 -2.213425040245056152e-01 7.944942116737365723e-01 8.749064207077026367e-01 1.285923421382904053e-01 -2.684719264507293701e-01 -3.820020854473114014e-01 4.763776986860844831e-01 -3.473922386892812630e-01 -2.504479607808727804e-01 4.009322979884837879e-01 1.191294149659239965e+00 -1.173673137459380483e-01 -2.199917479303557799e-01
1.661970153954854965e+09 -5.464195609092712402e-01 -2.078003883361816406e-01 7.978020310401916504e-01 8.757523298263549805e-01 1.094556003808975220e-01 -2.714535892009735107e-01 -3.839144706726074219e-01 4.770249439667400559e-01 -3.474002754633684908e-01 -2.504537547896511507e-01 4.009415733894510225e-01 1.191321709750936542e+00 -1.173700289896318499e-01 -2.199968373473953631e-01
1.661970153986769438e+09 -5.413324832916259766e-01 -1.943205446004867554e-01 8.010352253913879395e-01 8.762416839599609375e-01 9.031719714403152466e-02 -2.744041383266448975e-01 -3.856756091117858887e-01 4.626776428526233609e-01 -3.365442601617171792e-01 -2.426272503612149356e-01 3.884124300259869655e-01 1.154093740679824176e+00 -1.137022977854280775e-01 -2.131220902581136833e-01
1.661970154017686844e+09 -5.359772443771362305e-01 -1.809091866016387939e-01 8.041932582855224609e-01 8.763751387596130371e-01 7.118607312440872192e-02 -2.773267328739166260e-01 -3.872841596603393555e-01 4.781221326835508045e-01 -3.473975964973534669e-01 -2.504518234236048357e-01 4.009384815414344105e-01 1.191312522912023386e+00 -1.173691238944424703e-01 -2.199951408488848570e-01
1.661970154048604012e+09 -5.303582549095153809e-01 -1.675722897052764893e-01 8.072756528854370117e-01 8.761534690856933594e-01 5.207109078764915466e-02 -2.802244722843170166e-01 -3.887389302253723145e-01 4.785968281913679512e-01 -3.474002754633648826e-01 -2.504537547896511507e-01 4.009415733894367007e-01 1.191321709750932989e+00 -1.173700289896318499e-01 -2.199968373473953631e-01
1.661970154080518961e+09 -5.244802832603454590e-01 -1.543155610561370850e-01 8.102819919586181641e-01 8.755775094032287598e-01 3.298110887408256531e-02 -2.831005752086639404e-01 -3.900388777256011963e-01 4.640388521581958470e-01 -3.365392318971717200e-01 -2.426236252986446462e-01 3.884066268057944638e-01 1.154076497513544686e+00 -1.137005989740066253e-01 -2.131189060283473768e-01
1.661970154112433910e+09 -5.183480978012084961e-01 -1.411444544792175293e-01 8.132120370864868164e-01 8.746485114097595215e-01 1.392498053610324860e-02 -2.859580218791961670e-01 -3.911829590797424316e-01 4.643956696707906007e-01 -3.365392318971752172e-01 -2.426236252986516129e-01 3.884066268057805305e-01 1.154076497513551569e+00 -1.137005989740074996e-01 -2.131189060283491254e-01
1.661970154144348145e+09 -5.119665265083312988e-01 -1.280641406774520874e-01 8.160657286643981934e-01 8.733675479888916016e-01 -5.088473204523324966e-03 -2.888001799583435059e-01 -3.921704888343811035e-01 4.647185535765067654e-01 -3.365467743503396947e-01 -2.426290629331221971e-01 3.884153317011205253e-01 1.154102362456196351e+00 -1.137031472101742158e-01 -2.131236824086781556e-01
1.661970154176262856e+09 -5.053405761718750000e-01 -1.150795593857765198e-01 8.188431262969970703e-01 8.717361688613891602e-01 -2.405047975480556488e-02 -2.916299998760223389e-01 -3.930008709430694580e-01 4.649797274538440273e-01 -3.365417460106626679e-01 -2.426254378163962555e-01 3.884095283942072818e-01 1.154085119032283835e+00 -1.137014483733723019e-01 -2.131204981313366553e-01
1.661970154207181215e+09 -4.984753727912902832e-01 -1.021953523159027100e-01 8.215442895889282227e-01 8.697556853294372559e-01 -4.295227676630020142e-02 -2.944507598876953125e-01 -3.936735987663269043e-01 4.801965053813199158e-01 -3.473868810464701973e-01 -2.504440982572764818e-01 4.009261146262643738e-01 1.191275776973199862e+00 -1.173655036532684076e-01 -2.199883551164837081e-01
1.661970154237100601e+09 -4.913760423660278320e-01 -8.941590040922164917e-02 8.241696357727050781e-01 8.674280047416687012e-01 -6.178514659404754639e-02 -2.972654104232788086e-01 -3.941882848739624023e-01 4.964291669599634194e-01 -3.589857290242928767e-01 -2.588061383374329893e-01 4.143125759683997655e-01 1.231051103534608337e+00 -1.212842026859261568e-01 -2.273335129998234061e-01
1.661970154267021418e+09 -4.840478301048278809e-01 -7.674532383680343628e-02 8.267195224761962891e-01 8.647550940513610840e-01 -8.054041862487792969e-02 -3.000771403312683105e-01 -3.945448100566864014e-01 4.965638218190182029e-01 -3.589685659496843484e-01 -2.587937648398193069e-01 4.142927677223247618e-01 1.230992247094843117e+00 -1.212784040993773460e-01 -2.273226442055255592e-01
1.661970154297937870e+09 -4.764958918094635010e-01 -6.418747454881668091e-02 8.291945457458496094e-01 8.617386817932128906e-01 -9.920947998762130737e-02 -3.028890192508697510e-01 -3.947432041168212891e-01 4.806910321476933756e-01 -3.474083126093137075e-01 -2.504595490665124657e-01 4.009508492195645313e-01 1.191349271117823516e+00 -1.173727443589610703e-01 -2.200019269999216598e-01
1.661970154327857971e+09 -4.687255322933197021e-01 -5.174595117568969727e-02 8.315954208374023438e-01 8.583810329437255859e-01 -1.177837550640106201e-01 -3.057040274143218994e-01 -3.947835266590118408e-01 4.967849252784490854e-01 -3.589771472818424347e-01 -2.587999514407286483e-01 4.143026716085915773e-01 1.231021674611228578e+00 -1.212813033233426235e-01 -2.273280784727614301e-01
1.661970154358776331e+09 -4.607419967651367188e-01 -3.942408040165901184e-02 8.339229226112365723e-01 8.546844720840454102e-01 -1.362547129392623901e-01 -3.085252940654754639e-01 -3.946660757064819336e-01 4.807979382546263003e-01 -3.473868810464701973e-01 -2.504440982572836427e-01 4.009261146262787512e-01 1.191275776973199862e+00 -1.173655036532684076e-01 -2.199883551164837081e-01
1.661970154389693022e+09 -4.525505006313323975e-01 -2.722494862973690033e-02 8.361780047416687012e-01 8.506513833999633789e-01 -1.546138972043991089e-01 -3.113556504249572754e-01 -3.943912088871002197e-01 4.808480621228545804e-01 -3.474056335193449474e-01 -2.504576176111006913e-01 4.009477572285006231e-01 1.191340083853829723e+00 -1.173718392218914969e-01 -2.200002304229131678e-01
1.661970154419612646e+09 -4.441562592983245850e-01 -1.515138801187276840e-02 8.383617401123046875e-01 8.462844491004943848e-01 -1.728529930114746094e-01 -3.141980767250061035e-01 -3.939595818519592285e-01 4.968700330153432709e-01 -3.589828683978862345e-01 -2.588040760056641298e-01 4.143092744625043178e-01 1.231041293737142883e+00 -1.212832362163289990e-01 -2.273317014619325727e-01
1.661970154449534416e+09 -4.355643987655639648e-01 -3.205989720299839973e-03 8.404753208160400391e-01 8.415862917900085449e-01 -1.909635514020919800e-01 -3.170554339885711670e-01 -3.933717608451843262e-01 4.968085221027219722e-01 -3.589571248116552038e-01 -2.587855164986956336e-01 4.142795632771738013e-01 1.230953012594812268e+00 -1.212745386830353378e-01 -2.273153989200153158e-01
1.661970154480449677e+09 -4.267800748348236084e-01 8.608886972069740295e-03 8.425200581550598145e-01 8.365598320960998535e-01 -2.089373767375946045e-01 -3.199305236339569092e-01 -3.926286399364471436e-01 4.807960978377919248e-01 -3.474217086789901932e-01 -2.504692067904330521e-01 4.009663098902545020e-01 1.191395209563354429e+00 -1.173772702537205920e-01 -2.200104102774825543e-01
1.661970154511367083e+09 -4.178082644939422607e-01 2.029111050069332123e-02 8.444973826408386230e-01 8.312081098556518555e-01 -2.267663329839706421e-01 -3.228261172771453857e-01 -3.917312026023864746e-01 4.806984565373716434e-01 -3.473975964973534669e-01 -2.504518234236048357e-01 4.009384815414344105e-01 1.191312522912016281e+00 -1.173691238944424703e-01 -2.199951408488848570e-01
1.661970154543282270e+09 -4.086538851261138916e-01 3.183877095580101013e-02 8.464087247848510742e-01 8.255343437194824219e-01 -2.444422692060470581e-01 -3.257450163364410400e-01 -3.906805515289306641e-01 4.655929655034066750e-01 -3.365367178212452792e-01 -2.426218128079873360e-01 3.884037252607127066e-01 1.154067876123631153e+00 -1.136997495873329211e-01 -2.131173139491479296e-01
1.661970154573202133e+09 -3.993218243122100830e-01 4.325016215443611145e-02 8.482558727264404297e-01 8.195415735244750977e-01 -2.619571685791015625e-01 -3.286897838115692139e-01 -3.894778192043304443e-01 4.965470704622583775e-01 -3.589800078170716224e-01 -2.588020137067555404e-01 4.143059730092402693e-01 1.231031484096021256e+00 -1.212822697621346174e-01 -2.273298899529124506e-01
1.661970154605116606e+09 -3.898167610168457031e-01 5.452378466725349426e-02 8.500404357910156250e-01 8.132335543632507324e-01 -2.793031334877014160e-01 -3.316630125045776367e-01 -3.881246149539947510e-01 4.654147475681891799e-01 -3.365442601617171792e-01 -2.426272503612219023e-01 3.884124300259939044e-01 1.154093740679827729e+00 -1.137022977854272032e-01 -2.131220902581128229e-01
1.661970154637031794e+09 -3.801432847976684570e-01 6.565832346677780151e-02 8.517642617225646973e-01 8.066135048866271973e-01 -2.964723110198974609e-01 -3.346671462059020996e-01 -3.866220712661743164e-01 4.652990572061128649e-01 -3.365367178212435584e-01 -2.426218128079803971e-01 3.884037252607057122e-01 1.154067876123634706e+00 -1.136997495873333514e-01 -2.131173139491470692e-01
1.661970154668946505e+09 -3.703058660030364990e-01 7.665264606475830078e-02 8.534293770790100098e-01 7.996853590011596680e-01 -3.134570121765136719e-01 -3.377047777175903320e-01 -3.849721252918243408e-01 4.651972001581141658e-01 -3.365417460106643888e-01 -2.426254378163962555e-01 3.884095283942142762e-01 1.154085119032280504e+00 -1.137014483733714415e-01 -2.131204981313375157e-01
1.661970154700861216e+09 -3.603088259696960449e-01 8.750578761100769043e-02 8.550376892089843750e-01 7.924528121948242188e-01 -3.302495777606964111e-01 -3.407781422138214111e-01 -3.831764161586761475e-01 4.650870324230825803e-01 -3.365417460106643888e-01 -2.426254378163962555e-01 3.884095283942072818e-01 1.154085119032283835e+00 -1.137014483733718717e-01 -2.131204981313375157e-01
1.661970154731778383e+09 -3.501563370227813721e-01 9.821693599224090576e-02 8.565912842750549316e-01 7.849197387695312500e-01 -3.468424081802368164e-01 -3.438894748687744141e-01 -3.812366724014282227e-01 4.799810941344752058e-01 -3.474002754633648826e-01 -2.504537547896439897e-01 4.009415733894367007e-01 1.191321709750929436e+00 -1.173700289896323079e-01 -2.199968373473953631e-01
1.661970154762695789e+09 -3.398523628711700439e-01 1.087854281067848206e-01 8.580924868583679199e-01 7.770903110504150391e-01 -3.632280826568603516e-01 -3.470410406589508057e-01 -3.791549801826477051e-01 4.798718120394686593e-01 -3.473975964973570196e-01 -2.504518234236048357e-01 4.009384815414415715e-01 1.191312522912016281e+00 -1.173691238944422482e-01 -2.199951408488848570e-01
1.661970154792616129e+09 -3.294007480144500732e-01 1.192107275128364563e-01 8.595433831214904785e-01 7.689686417579650879e-01 -3.793993592262268066e-01 -3.502349555492401123e-01 -3.769334554672241211e-01 4.957613607408549172e-01 -3.589742867922013358e-01 -2.587978892075604720e-01 4.142993702605569095e-01 1.231011865282772400e+00 -1.212803368999526565e-01 -2.273262670214798165e-01
1.661970154823042154e+09 -3.188051581382751465e-01 1.294924318790435791e-01 8.609463572502136230e-01 7.605590820312500000e-01 -3.953489363193511963e-01 -3.534730970859527588e-01 -3.745742142200469971e-01 4.874331784644958532e-01 -3.530080720363241165e-01 -2.544966235119567322e-01 4.074136430451473223e-01 1.210552235093260487e+00 -1.192646367168656713e-01 -2.235480651318082490e-01
1.661970154854956388e+09 -3.080690503120422363e-01 1.396302133798599243e-01 8.623037934303283691e-01 7.518659234046936035e-01 -4.110698103904724121e-01 -3.567575216293334961e-01 -3.720796406269073486e-01 4.646326014554022499e-01 -3.365467743503379183e-01 -2.426290629331291637e-01 3.884153317011205253e-01 1.154102362456196351e+00 -1.137031472101748680e-01 -2.131236824086781556e-01
1.661970154884876251e+09 -2.971957027912139893e-01 1.496238708496093750e-01 8.636181354522705078e-01 7.428938150405883789e-01 -4.265549480915069580e-01 -3.600900173187255859e-01 -3.694520592689514160e-01 4.955463131767011697e-01 -3.589800078170679032e-01 -2.588020137067555404e-01 4.143059730092477078e-01 1.231031484096015705e+00 -1.212822697621343815e-01 -2.273298899529105910e-01
1.661970154916298389e+09 -2.861882150173187256e-01 1.594732701778411865e-01 8.648918271064758301e-01 7.336472868919372559e-01 -4.417975842952728271e-01 -3.634722530841827393e-01 -3.666940033435821533e-01 4.718194948716130099e-01 -3.418173674142034879e-01 -2.464288291280543886e-01 3.944982280744843695e-01 1.172176533329755133e+00 -1.154838299107664862e-01 -2.164613706227964951e-01
1.661970154948212385e+09 -2.750494480133056641e-01 1.691783517599105835e-01 8.661274909973144531e-01 7.241311669349670410e-01 -4.567908644676208496e-01 -3.669057786464691162e-01 -3.638080358505249023e-01 4.645371109780724317e-01 -3.365492885765222209e-01 -2.426308755321186228e-01 3.884182334196158437e-01 1.154110984361382153e+00 -1.137039966476131869e-01 -2.131252745830314599e-01
1.661970154980127335e+09 -2.637821435928344727e-01 1.787390857934951782e-01 8.673275113105773926e-01 7.143502831459045410e-01 -4.715283513069152832e-01 -3.703922331333160400e-01 -3.607969284057617188e-01 4.645361524436323331e-01 -3.365392318971726082e-01 -2.426236252986446462e-01 3.884066268057805305e-01 1.154076497513549793e+00 -1.137005989740068473e-01 -2.131189060283491254e-01
1.661970155012042046e+09 -2.523887753486633301e-01 1.881555169820785522e-01 8.684946894645690918e-01 7.043094635009765625e-01 -4.860033988952636719e-01 -3.739329278469085693e-01 -3.576633632183074951e-01 4.645824060208716411e-01 -3.365417460106635561e-01 -2.426254378163962555e-01 3.884095283942072818e-01 1.154085119032283835e+00 -1.137014483733718717e-01 -2.131204981313375157e-01
1.661970155043956995e+09 -2.408716380596160889e-01 1.974276751279830933e-01 8.696314692497253418e-01 6.940139532089233398e-01 -5.002097487449645996e-01 -3.775291740894317627e-01 -3.544102311134338379e-01 4.646521699822115936e-01 -3.365392318971734409e-01 -2.426236252986516129e-01 3.884066268057875249e-01 1.154076497513551569e+00 -1.137005989740069445e-01 -2.131189060283491254e-01
1.661970155074875593e+09 -2.292328327894210815e-01 2.065556496381759644e-01 8.707405924797058105e-01 6.834686994552612305e-01 -5.141413211822509766e-01 -3.811820745468139648e-01 -3.510405123233795166e-01 4.797370412121484962e-01 -3.473842022870361479e-01 -2.504421670401587585e-01 4.009230230166760944e-01 1.191266590842686712e+00 -1.173645986278709363e-01 -2.199866587487901703e-01
1.661970155105791807e+09 -2.174742668867111206e-01 2.155395001173019409e-01 8.718246817588806152e-01 6.726790666580200195e-01 -5.277920365333557129e-01 -3.848928511142730713e-01 -3.475572168827056885e-01 4.799232049614839957e-01 -3.474109917406034698e-01 -2.504614805517212939e-01 4.009539412583250084e-01 1.191358458523519070e+00 -1.173736495099910460e-01 -2.200036236030973591e-01
1.661970155135711908e+09 -2.055976390838623047e-01 2.243792712688446045e-01 8.728863596916198730e-01 6.616504192352294922e-01 -5.411558747291564941e-01 -3.886622488498687744e-01 -3.439633250236511230e-01 4.960972990673745975e-01 -3.589771472818415465e-01 -2.587999514407212098e-01 4.143026716085915773e-01 1.231021674611226802e+00 -1.212813033233424986e-01 -2.273280784727623738e-01
1.661970155167627096e+09 -1.936044543981552124e-01 2.330750077962875366e-01 8.739283084869384766e-01 6.503880620002746582e-01 -5.542272329330444336e-01 -3.924912512302398682e-01 -3.402621448040008545e-01 4.653120307839739844e-01 -3.365367178212452792e-01 -2.426218128079873360e-01 3.884037252607127066e-01 1.154067876123631153e+00 -1.136997495873328101e-01 -2.131173139491479296e-01
1.661970155198543787e+09 -1.814960241317749023e-01 2.416267096996307373e-01 8.749531507492065430e-01 6.388975381851196289e-01 -5.670003294944763184e-01 -3.963804244995117188e-01 -3.364566862583160400e-01 4.806208293308412705e-01 -3.474056335193440592e-01 -2.504576176111078523e-01 4.009477572285006231e-01 1.191340083853829723e+00 -1.173718392218914969e-01 -2.200002304229113637e-01
1.661970155229460955e+09 -1.692735105752944946e-01 2.500343024730682373e-01 8.759635090827941895e-01 6.271845102310180664e-01 -5.794698596000671387e-01 -4.003303945064544678e-01 -3.325504362583160400e-01 4.809423031028124407e-01 -3.474002754633666590e-01 -2.504537547896439897e-01 4.009415733894438616e-01 1.191321709750929436e+00 -1.173700289896322246e-01 -2.199968373473953631e-01
1.661970155259382010e+09 -1.569378226995468140e-01 2.582976520061492920e-01 8.769620060920715332e-01 6.152545213699340820e-01 -5.916305780410766602e-01 -4.043417572975158691e-01 -3.285466730594635010e-01 4.973476796436636649e-01 -3.589657055968016874e-01 -2.587917027052447083e-01 4.142894665321247283e-01 1.230982438235362464e+00 -1.212774377221911976e-01 -2.273208328408487799e-01
1.661970155291296482e+09 -1.569378226995468140e-01 2.582976520061492920e-01 8.769620060920715332e-01 6.152545213699340820e-01 -5.916305780410766602e-01 -4.043417572975158691e-01 -3.285466730594635010e-01 0.000000000000000000e+00 0.000000000000000000e+00 0.000000000000000000e+00 0.000000000000000000e+00 0.000000000000000000e+00 -1.549128500916842606e-15 0.000000000000000000e+00
1.661970155322213411e+09 -1.618786305189132690e-01 2.735550105571746826e-01 8.780341148376464844e-01 6.091856360435485840e-01 -5.877383947372436523e-01 -4.103997051715850830e-01 -3.391586244106292725e-01 5.198836874066515845e-01 1.409226913793101832e-01 -6.460111300079021124e-01 7.241482563287232610e-01 4.189464992465473103e-01 8.924800804859996939e-01 -4.285546823106569647e-01
1.661970155353130579e+09 -1.667931526899337769e-01 2.885130643844604492e-01 8.788743019104003906e-01 6.029081940650939941e-01 -5.839377045631408691e-01 -4.161356985569000244e-01 -3.497850298881530762e-01 5.099791819111343383e-01 1.409216046501447217e-01 -6.460061482755073969e-01 7.241426720397615702e-01 4.189432685292286962e-01 8.924731981015916471e-01 -4.285513774995715619e-01
1.661970155385045767e+09 -1.716801375150680542e-01 3.031649589538574219e-01 8.794780373573303223e-01 5.964277386665344238e-01 -5.802323818206787109e-01 -4.215471446514129639e-01 -3.604198098182678223e-01 4.843212362705013874e-01 1.365148436794015319e-01 -6.258048832661599059e-01 7.014979989797491822e-01 4.058424892037789666e-01 8.645646594031298759e-01 -4.151501428981670960e-01
1.661970155416960955e+09 -1.765384525060653687e-01 3.175041973590850830e-01 8.798407316207885742e-01 5.897496342658996582e-01 -5.766263008117675781e-01 -4.266313314437866211e-01 -3.710567355155944824e-01 4.745156881498489576e-01 1.365148436794024200e-01 -6.258048832661599059e-01 7.014979989797561766e-01 4.058424892037771903e-01 8.645646594031333176e-01 -4.151501428981670960e-01
1.661970155448874474e+09 -1.813670843839645386e-01 3.315244019031524658e-01 8.799582123756408691e-01 5.828797221183776855e-01 -5.731231570243835449e-01 -4.313861727714538574e-01 -3.816897571086883545e-01 4.646581924282853771e-01 1.365219827769754424e-01 -6.258376099792664071e-01 7.015346840941854012e-01 4.058637128967615970e-01 8.646098721528668873e-01 -4.151718533385711507e-01
1.661970155480789185e+09 -1.861651986837387085e-01 3.452194929122924805e-01 8.798263072967529297e-01 5.758237838745117188e-01 -5.697264075279235840e-01 -4.358092248439788818e-01 -3.923125863075256348e-01 4.547083440384714348e-01 1.365168833453761221e-01 -6.258142334063552248e-01 7.015084800495082762e-01 4.058485528895598993e-01 8.645775768491092972e-01 -4.151563456494430371e-01
1.661970155512704372e+09 -1.909320652484893799e-01 3.585835695266723633e-01 8.794410228729248047e-01 5.685876011848449707e-01 -5.664394497871398926e-01 -4.398985803127288818e-01 -4.029189944267272949e-01 4.447416402667458413e-01 1.365148436794024200e-01 -6.258048832661669003e-01 7.014979989797561766e-01 4.058424892037771903e-01 8.645646594031333176e-01 -4.151501428981670960e-01
1.661970155542624474e+09 -1.956670880317687988e-01 3.716109991073608398e-01 8.787986636161804199e-01 -5.611773133277893066e-01 5.632653832435607910e-01 4.436524510383605957e-01 4.135029315948486328e-01 4.637728349505468861e-01 1.456177188121507704e-01 -6.675338524851761601e-01 7.482742213924744590e-01 4.329042606801601911e-01 9.222142448007216720e-01 -4.428325531789124581e-01
1.661970155574539423e+09 -2.003697901964187622e-01 3.842963576316833496e-01 8.778956532478332520e-01 -5.535989403724670410e-01 5.602073073387145996e-01 4.470690786838531494e-01 4.240580499172210693e-01 4.248510149642538147e-01 1.365158635047711011e-01 -6.258095583013327801e-01 7.015032394754866507e-01 4.058455210240211053e-01 8.645711180778735683e-01 -4.151532442506364329e-01
1.661970155604459047e+09 -2.050398290157318115e-01 3.966344296932220459e-01 8.767285346984863281e-01 -5.458587408065795898e-01 5.572680234909057617e-01 4.501470327377319336e-01 4.345782101154327393e-01 4.426474615172233396e-01 1.456200395611835785e-01 -6.675444911530193925e-01 7.482861468414495620e-01 4.329111599926371845e-01 9.222289423789723495e-01 -4.428396107212803079e-01
1.661970155636373997e+09 -2.096770256757736206e-01 4.086203277111053467e-01 8.752942681312561035e-01 -5.379629135131835938e-01 5.544503331184387207e-01 4.528850615024566650e-01 4.450571537017822266e-01 4.051848044338630106e-01 1.365158635047711011e-01 -6.258095583013327801e-01 7.015032394754796563e-01 4.058455210240176081e-01 8.645711180778719029e-01 -4.151532442506364329e-01
1.661970155668288231e+09 -2.142812609672546387e-01 4.202492535114288330e-01 8.735898733139038086e-01 -5.299178957939147949e-01 5.517566204071044922e-01 4.552819430828094482e-01 4.554888010025024414e-01 3.955235404488745554e-01 1.365189230723008740e-01 -6.258235838259551542e-01 7.015189614324740530e-01 4.058546167565332263e-01 8.645904946810949454e-01 -4.151625485860720999e-01
1.661970155700204849e+09 -2.188525646924972534e-01 4.315167665481567383e-01 8.716126084327697754e-01 -5.217300653457641602e-01 5.491892695426940918e-01 4.573368132114410400e-01 4.658668935298919678e-01 3.859814474758163638e-01 1.365087250471521685e-01 -6.257768345218776007e-01 7.014665576495292543e-01 4.058242992335471255e-01 8.645259093810470086e-01 -4.151315357563752362e-01
1.661970155730123520e+09 -2.233911007642745972e-01 4.424185752868652344e-01 8.693600296974182129e-01 -5.134059786796569824e-01 5.467505455017089844e-01 4.590488672256469727e-01 4.761852025985717773e-01 4.018134498118230424e-01 1.456246812811747005e-01 -6.675657695060497332e-01 7.483099988797982105e-01 4.329249592773494193e-01 9.222583389409505505e-01 -4.428537264808941054e-01
1.661970155762037754e+09 -2.278971374034881592e-01 4.529506862163543701e-01 8.668299317359924316e-01 -5.049521327018737793e-01 5.444422364234924316e-01 4.604175090789794922e-01 4.864377677440643311e-01 3.675986423783736967e-01 1.365189230723017344e-01 -6.258235838259551542e-01 7.015189614324671696e-01 4.058546167565367235e-01 8.645904946810949454e-01 -4.151625485860720999e-01
1.661970155792955399e+09 -2.323710322380065918e-01 4.631092846393585205e-01 8.640202879905700684e-01 -4.963752627372741699e-01 5.422663092613220215e-01 4.614423811435699463e-01 4.966183900833129883e-01 3.703449832538021069e-01 1.409194312420923301e-01 -6.459961850412151430e-01 7.241315037201929705e-01 4.189368072440662338e-01 8.924594336512130521e-01 -4.285447680303092199e-01
1.661970155822875500e+09 -2.368132621049880981e-01 4.728908240795135498e-01 8.609294295310974121e-01 -4.876819849014282227e-01 5.402243137359619141e-01 4.621232151985168457e-01 5.067209005355834961e-01 3.736213674811741936e-01 1.456177188121517141e-01 -6.675338524851761601e-01 7.482742213924818975e-01 4.329042606801601911e-01 9.222142448007235593e-01 -4.428325531789124581e-01
1.661970155853792906e+09 -2.412244230508804321e-01 4.822919368743896484e-01 8.575559258460998535e-01 -4.788790345191955566e-01 5.383177995681762695e-01 4.624599516391754150e-01 5.167393684387207031e-01 3.531596889654681770e-01 1.409205179377379935e-01 -6.460011666199493297e-01 7.241370878369115527e-01 4.189400378617335607e-01 8.924663158233303584e-01 -4.285480727394560541e-01
1.661970155885707378e+09 -2.456052005290985107e-01 4.913095533847808838e-01 8.538984656333923340e-01 -4.699732661247253418e-01 5.365478992462158203e-01 4.624527096748352051e-01 5.266677737236022949e-01 3.343850099695078737e-01 1.365179032012204252e-01 -6.258189085812287944e-01 7.015137207018438126e-01 4.058515848003981241e-01 8.645840357168513846e-01 -4.151594470945879078e-01
1.661970155917622328e+09 -2.499563395977020264e-01 4.999407827854156494e-01 8.499562740325927734e-01 -4.609713852405548096e-01 5.349157452583312988e-01 4.621018767356872559e-01 5.365000963211059570e-01 3.270861224214315910e-01 1.365158635047702407e-01 -6.258095583013327801e-01 7.015032394754796563e-01 4.058455210240176081e-01 8.645711180778719029e-01 -4.151532442506364329e-01
