1.661970220846290588e+09 1.378528122206244648e-16 -2.367949187755584717e-01 1.128897309303283691e+00 -6.125128269195556641e-01 6.125135421752929688e-01 3.533097505569458008e-01 3.533093035221099854e-01 0.000000000000000000e+00 0.000000000000000000e+00 0.000000000000000000e+00 0.000000000000000000e+00 0.000000000000000000e+00 0.000000000000000000e+00 0.000000000000000000e+00
1.661970232041068792e+09 1.378528122206244648e-16 -2.367949187755584717e-01 1.128897309303283691e+00 -6.125128269195556641e-01 6.125135421752929688e-01 3.533097505569458008e-01 3.533093035221099854e-01 0.000000000000000000e+00 0.000000000000000000e+00 0.000000000000000000e+00 0.000000000000000000e+00 0.000000000000000000e+00 0.000000000000000000e+00 0.000000000000000000e+00
1.661970232066001654e+09 -2.997634932398796082e-03 -2.243224382400512695e-01 1.125713467597961426e+00 6.138281822204589844e-01 -6.133561134338378906e-01 -3.529431819915771484e-01 -3.499148190021514893e-01 5.300980722870323181e-01 1.455262038463938923e-01 -9.255304156612440547e-01 3.378386750776938285e-01 7.456730394855655419e-02 3.420189216271725674e-01 7.085433888847555983e-02
1.661970232096919060e+09 -6.080415099859237671e-03 -2.118382155895233154e-01 1.122225761413574219e+00 6.151263713836669922e-01 -6.142035126686096191e-01 -3.525494635105133057e-01 -3.465292155742645264e-01 4.309479371197801334e-01 1.173573439657022432e-01 -7.463796104798094966e-01 2.724447456752154273e-01 6.013364264845969670e-02 2.758158404966395971e-01 5.713937971730744664e-02
1.661970232126839638e+09 -9.248431771993637085e-03 -1.993498653173446655e-01 1.118432402610778809e+00 6.164073348045349121e-01 -6.150558590888977051e-01 -3.521284759044647217e-01 -3.431529104709625244e-01 4.488797175751731983e-01 1.212671981054405657e-01 -7.712458464667419911e-01 2.815214611216684815e-01 6.213704323424006776e-02 2.850048666737006187e-01 5.904302402946039197e-02
1.661970232157756567e+09 -1.250167191028594971e-02 -1.868650615215301514e-01 1.114331603050231934e+00 6.176714897155761719e-01 -6.159127354621887207e-01 -3.516799807548522949e-01 -3.397862315177917480e-01 4.378747235018535799e-01 1.173591539883592494e-01 -7.463911220219028309e-01 2.724489476377475183e-01 6.013457010005249931e-02 2.758200944521513875e-01 5.714026098786410823e-02
1.661970232189670801e+09 -1.584001258015632629e-02 -1.743915230035781860e-01 1.109921932220458984e+00 6.189187765121459961e-01 -6.167741417884826660e-01 -3.512039780616760254e-01 -3.364296555519104004e-01 4.275439621347389418e-01 1.136917352227023170e-01 -7.230667479582043589e-01 2.639350452339412345e-01 5.825539286201982664e-02 2.672008452844280568e-01 5.535465451150636818e-02
1.661970232220588446e+09 -1.926322281360626221e-02 -1.619370430707931519e-01 1.105202198028564453e+00 6.201493740081787109e-01 -6.176401972770690918e-01 -3.507002592086791992e-01 -3.330835700035095215e-01 4.447837682927325842e-01 1.173564389753100207e-01 -7.463738548419108776e-01 2.724426447425682962e-01 6.013317893339078374e-02 2.758137135680897023e-01 5.713893909222242384e-02
1.661970232251505613e+09 -2.277096733450889587e-02 -1.495094299316406250e-01 1.100171327590942383e+00 6.213635206222534180e-01 -6.185106039047241211e-01 -3.501687645912170410e-01 -3.297483623027801514e-01 4.482478268928454801e-01 1.173582489700521758e-01 -7.463853662064703354e-01 2.724468466402796829e-01 6.013410637067961861e-02 2.758179674579950835e-01 5.713982034918736047e-02
1.661970232283420563e+09 -2.636279724538326263e-02 -1.371165513992309570e-01 1.094828248023986816e+00 6.225612759590148926e-01 -6.193851232528686523e-01 -3.496093153953552246e-01 -3.264244794845581055e-01 4.375826461156834823e-01 1.136891872422922806e-01 -7.230505430871594363e-01 2.639291301045480487e-01 5.825408728251176699e-02 2.671948569641864890e-01 5.535341394133631160e-02
1.661970232318328381e+09 -3.003815189003944397e-02 -1.247662901878356934e-01 1.089172244071960449e+00 6.237428188323974609e-01 -6.202637553215026855e-01 -3.490217924118041992e-01 -3.231122195720672607e-01 4.031253620622601286e-01 1.039418928069745368e-01 -6.610588382817916830e-01 2.413008133438394598e-01 5.325959524174048859e-02 2.442865487459020546e-01 5.060761500676998204e-02
1.661970232344259262e+09 -3.379636630415916443e-02 -1.124665737152099609e-01 1.083202719688415527e+00 6.249083876609802246e-01 -6.211464405059814453e-01 -3.484061658382415771e-01 -3.198120892047882080e-01 5.467975671123275205e-01 1.399252339368563525e-01 -8.899088721078157738e-01 3.248360391030406524e-01 7.169737939468112664e-02 3.288553975477002123e-01 6.812731784631782805e-02
1.661970232375175953e+09 -3.763665631413459778e-02 -1.002253368496894836e-01 1.076919317245483398e+00 6.260581016540527344e-01 -6.220329403877258301e-01 -3.477622568607330322e-01 -3.165244162082672119e-01 4.620658497614456572e-01 1.173600590206246852e-01 -7.463968779261089814e-01 2.724510486676196552e-01 6.013503383657672202e-02 2.758222214791166138e-01 5.714070163333650337e-02
1.661970232406092644e+09 -4.155813530087471008e-02 -8.805055171251296997e-02 1.070321679115295410e+00 6.271920800209045410e-01 -6.229231953620910645e-01 -3.470900058746337891e-01 -3.132496774196624756e-01 4.655119418079606275e-01 1.173600590206237970e-01 -7.463968779261089814e-01 2.724510486676196552e-01 6.013503383657672202e-02 2.758222214791148375e-01 5.714070163333605928e-02
1.661970232437009811e+09 -4.555979743599891663e-02 -7.595019042491912842e-02 1.063409924507141113e+00 6.283105015754699707e-01 -6.238170266151428223e-01 -3.463893830776214600e-01 -3.099882006645202637e-01 4.689442280978387556e-01 1.173582489700521758e-01 -7.463853662064703354e-01 2.724468466402796829e-01 6.013410637067961861e-02 2.758179674579950835e-01 5.713982034918736047e-02
1.661970232468431711e+09 -4.964052885770797729e-02 -6.393222510814666748e-02 1.056184053421020508e+00 6.294136643409729004e-01 -6.247141957283020020e-01 -3.456601798534393311e-01 -3.067403733730316162e-01 4.647934591978213348e-01 1.154731153660697313e-01 -7.343961268670585740e-01 2.680705142528427842e-01 5.916816809484803930e-02 2.713874845256042945e-01 5.622197949512659776e-02
1.661970232499348879e+09 -5.379910022020339966e-02 -5.200465396046638489e-02 1.048644304275512695e+00 6.305015683174133301e-01 -6.256147027015686035e-01 -3.449024260044097900e-01 -3.035066127777099609e-01 4.758142480414620512e-01 1.173582489700508297e-01 -7.463853662064632299e-01 2.724468466402796829e-01 6.013410637067916759e-02 2.758179674579932517e-01 5.713982034918736047e-02
1.661970232530266523e+09 -5.803418159484863281e-02 -4.017545282840728760e-02 1.040791273117065430e+00 6.315745115280151367e-01 -6.265184283256530762e-01 -3.441160023212432861e-01 -3.002873659133911133e-01 4.792327464529345105e-01 1.173564389753118248e-01 -7.463738548419180940e-01 2.724426447425611353e-01 6.013317893339100578e-02 2.758137135680897023e-01 5.713893909222242384e-02
1.661970232561183929e+09 -6.234431639313697815e-02 -2.845259942114353180e-02 1.032625675201416016e+00 6.326326131820678711e-01 -6.274250745773315430e-01 -3.433008491992950439e-01 -2.970829308032989502e-01 4.826553347413337636e-01 1.173573439657026873e-01 -7.463796104798094966e-01 2.724447456752154273e-01 6.013364264845947466e-02 2.758158404966414290e-01 5.713937971730722459e-02
1.661970232592101097e+09 -6.672795116901397705e-02 -1.684404909610748291e-02 1.024148225784301758e+00 6.336761116981506348e-01 -6.283345818519592285e-01 -3.424569368362426758e-01 -2.938937842845916748e-01 4.860741255992631626e-01 1.173582489700512876e-01 -7.463853662064632299e-01 2.724468466402796829e-01 6.013410637067938963e-02 2.758179674579932517e-01 5.713982034918713149e-02
1.661970232624015808e+09 -7.118340581655502319e-02 -5.357748363167047501e-03 1.015360116958618164e+00 6.347051262855529785e-01 -6.292467117309570312e-01 -3.415842056274414062e-01 -2.907202243804931641e-01 4.741797245599713162e-01 1.136900365564054161e-01 -7.230559446301378923e-01 2.639311017848865459e-01 5.825452246917883770e-02 2.671968530411098497e-01 5.535382745854810355e-02
1.661970232655930996e+09 -7.570890337228775024e-02 5.998385604470968246e-03 1.006262421607971191e+00 6.357198357582092285e-01 -6.301614046096801758e-01 -3.406825661659240723e-01 -2.875626683235168457e-01 4.774666297632036982e-01 1.136883379408681061e-01 -7.230451416248842023e-01 2.639271584536749815e-01 5.825365210234628721e-02 2.671928609170842739e-01 5.535300043030321610e-02
1.661970232687845469e+09 -8.030255883932113647e-02 1.721646264195442200e-02 9.968565106391906738e-01 6.367205977439880371e-01 -6.310783624649047852e-01 -3.397519588470458984e-01 -2.844215035438537598e-01 4.807643309505136853e-01 1.136908858832082203e-01 -7.230613462538212355e-01 2.639330734946840340e-01 5.825495766234784628e-02 2.671988491478550776e-01 5.535424098193764131e-02
1.661970232719760656e+09 -8.496236801147460938e-02 2.828862704336643219e-02 9.871440529823303223e-01 6.377073526382446289e-01 -6.319975256919860840e-01 -3.387924730777740479e-01 -2.812972068786621094e-01 4.840306154269514161e-01 1.136883379408676759e-01 -7.230451416248842023e-01 2.639271584536680426e-01 5.825365210234628721e-02 2.671928609170877711e-01 5.535300043030321610e-02
1.661970232751675129e+09 -8.968621492385864258e-02 3.920706361532211304e-02 9.771267771720886230e-01 6.386804580688476562e-01 -6.329186558723449707e-01 -3.378039300441741943e-01 -2.781899869441986084e-01 4.873105859636527870e-01 1.136908858832086644e-01 -7.230613462538212355e-01 2.639330734946840340e-01 5.825495766234828343e-02 2.671988491478550776e-01 5.535424098193807846e-02
1.661970232783589602e+09 -9.447190165519714355e-02 4.996399953961372375e-02 9.668066501617431641e-01 6.396400928497314453e-01 -6.338416337966918945e-01 -3.367865085601806641e-01 -2.751003503799438477e-01 4.905702981431046550e-01 1.136908858832082203e-01 -7.230613462538212355e-01 2.639330734946840340e-01 5.825495766234784628e-02 2.671988491478550776e-01 5.535424098193764131e-02
1.661970232814507008e+09 -9.931708872318267822e-02 6.055171415209770203e-02 9.561857581138610840e-01 6.405863761901855469e-01 -6.347662806510925293e-01 -3.357399404048919678e-01 -2.720285952091217041e-01 5.097465410938243346e-01 1.173573439657026873e-01 -7.463796104798094966e-01 2.724447456752154273e-01 6.013364264845947466e-02 2.758158404966414290e-01 5.713937971730722459e-02
1.661970232845424414e+09 -1.042193621397018433e-01 7.096254080533981323e-02 9.452663660049438477e-01 6.415196061134338379e-01 -6.356922984123229980e-01 -3.346643745899200439e-01 -2.689751386642456055e-01 5.130929397030622452e-01 1.173573439657026873e-01 -7.463796104798094966e-01 2.724447456752154273e-01 6.013364264845924567e-02 2.758158404966395971e-01 5.713937971730700255e-02
1.661970232877339125e+09 -1.091761887073516846e-01 8.118887245655059814e-02 9.340510368347167969e-01 6.424399018287658691e-01 -6.366196274757385254e-01 -3.335598409175872803e-01 -2.659403085708618164e-01 5.002889576718198006e-01 1.136900365564049720e-01 -7.230559446301308979e-01 2.639311017848865459e-01 5.825452246917861565e-02 2.671968530411098497e-01 5.535382745854788150e-02
1.661970232907259226e+09 -1.141849309206008911e-01 9.122317284345626831e-02 9.225423932075500488e-01 6.433475613594055176e-01 -6.375479698181152344e-01 -3.324261903762817383e-01 -2.629245519638061523e-01 5.370749235337576311e-01 1.212691307428282322e-01 -7.712581378248383190e-01 2.815259477339621119e-01 6.213803351334947628e-02 2.850094088010799998e-01 5.904396499913318330e-02
1.661970232939173698e+09 -1.192428544163703918e-01 1.010579615831375122e-01 9.107432961463928223e-01 6.442427039146423340e-01 -6.384772062301635742e-01 -3.312635421752929688e-01 -2.599281370639801025e-01 5.067204071001216725e-01 1.136908858832082203e-01 -7.230613462538212355e-01 2.639330734946840340e-01 5.825495766234806833e-02 2.671988491478550776e-01 5.535424098193785641e-02
1.661970232970595837e+09 -1.243471354246139526e-01 1.106858551502227783e-01 8.986567258834838867e-01 6.451256275177001953e-01 -6.394070982933044434e-01 -3.300718665122985840e-01 -2.569514513015747070e-01 5.179074034445824148e-01 1.154722392023948552e-01 -7.343905545638597099e-01 2.680684802413229040e-01 5.916771915052468356e-02 2.713854253462446575e-01 5.622155290530106431e-02
1.661970233002510786e+09 -1.294948309659957886e-01 1.200995370745658875e-01 8.862859606742858887e-01 6.459963917732238770e-01 -6.403375267982482910e-01 -3.288511931896209717e-01 -2.539949119091033936e-01 5.130933273231981229e-01 1.136891872422918365e-01 -7.230505430871594363e-01 2.639291301045480487e-01 5.825408728251155188e-02 2.671948569641864890e-01 5.535341394133631160e-02
1.661970233034425020e+09 -1.346829086542129517e-01 1.292917728424072266e-01 8.736342191696166992e-01 6.468553543090820312e-01 -6.412681341171264648e-01 -3.276015818119049072e-01 -2.510587871074676514e-01 5.162789550088477952e-01 1.136917352227018729e-01 -7.230667479582113533e-01 2.639350452339412345e-01 5.825539286201982664e-02 2.672008452844262805e-01 5.535465451150636818e-02
1.661970233065847874e+09 -1.399082392454147339e-01 1.382554322481155396e-01 8.607051968574523926e-01 6.477026343345642090e-01 -6.421989202499389648e-01 -3.263230025768280029e-01 -2.481435388326644897e-01 5.275593776356760634e-01 1.154696107911441644e-01 -7.343738381616444766e-01 2.680623783919652281e-01 5.916637235843190401e-02 2.713792479956512738e-01 5.622027317466421481e-02
1.661970233097762346e+09 -1.451676338911056519e-01 1.469834595918655396e-01 8.475025296211242676e-01 6.485385298728942871e-01 -6.431294083595275879e-01 -3.250155746936798096e-01 -2.452493458986282349e-01 5.225789966000120579e-01 1.136908858832086644e-01 -7.230613462538212355e-01 2.639330734946840340e-01 5.825495766234806833e-02 2.671988491478559657e-01 5.535424098193807846e-02
1.661970233128679752e+09 -1.504577547311782837e-01 1.554689407348632812e-01 8.340301513671875000e-01 6.493631005287170410e-01 -6.440597772598266602e-01 -3.236792385578155518e-01 -2.423767894506454468e-01 5.426643901248016100e-01 1.173573439657026873e-01 -7.463796104798094966e-01 2.724447456752154273e-01 6.013364264845924567e-02 2.758158404966414290e-01 5.713937971730700255e-02
1.661970233159597397e+09 -1.557752192020416260e-01 1.637050062417984009e-01 8.202921152114868164e-01 6.501767635345458984e-01 -6.449892520904541016e-01 -3.223140537738800049e-01 -2.395259290933609009e-01 5.458778755247475356e-01 1.173564389753109227e-01 -7.463738548419180940e-01 2.724426447425539188e-01 6.013317893339078374e-02 2.758137135680897023e-01 5.713893909222220180e-02
1.661970233191020012e+09 -1.611165404319763184e-01 1.716849505901336670e-01 8.062925934791564941e-01 6.509796380996704102e-01 -6.459180712699890137e-01 -3.209201693534851074e-01 -2.366973608732223511e-01 5.402583943412899714e-01 1.154704869149328211e-01 -7.343794102111615985e-01 2.680644123108812948e-01 5.916682128231742777e-02 2.713813070812683970e-01 5.622069974507024753e-02
1.661970233220939875e+09 -1.664781421422958374e-01 1.794021576642990112e-01 7.920360565185546875e-01 6.517718434333801270e-01 -6.468458771705627441e-01 -3.194975852966308594e-01 -2.338912636041641235e-01 5.706865001916503477e-01 1.212700970846212062e-01 -7.712642836507958011e-01 2.815281910937256216e-01 6.213852866474026126e-02 2.850116799190620109e-01 5.904443549521662393e-02
1.661970233251857519e+09 -1.718563884496688843e-01 1.868501156568527222e-01 7.775270938873291016e-01 6.525537967681884766e-01 -6.477724909782409668e-01 -3.180463612079620361e-01 -2.311079949140548706e-01 5.554392799246685719e-01 1.173564389753109227e-01 -7.463738548419180940e-01 2.724426447425539188e-01 6.013317893339078374e-02 2.758137135680905905e-01 5.713893909222242384e-02
1.661970233283280611e+09 -1.772475242614746094e-01 1.940224915742874146e-01 7.627703547477722168e-01 6.533255577087402344e-01 -6.486975550651550293e-01 -3.165665566921234131e-01 -2.283479720354080200e-01 5.496103526628532965e-01 1.154687346806513443e-01 -7.343682661966817182e-01 2.680603445039063115e-01 5.916592344135912507e-02 2.713771889412802119e-01 5.621984661073172601e-02
1.661970233315195322e+09 -1.826477795839309692e-01 2.009129971265792847e-01 7.477707266807556152e-01 6.540874242782592773e-01 -6.496209502220153809e-01 -3.150583207607269287e-01 -2.256113737821578979e-01 5.441853309732170851e-01 1.136900365564049720e-01 -7.230559446301378923e-01 2.639311017848865459e-01 5.825452246917861565e-02 2.671968530411090170e-01 5.535382745854788150e-02
1.661970233346112967e+09 -1.880532354116439819e-01 2.075155675411224365e-01 7.325333356857299805e-01 6.548396348953247070e-01 -6.505423188209533691e-01 -3.135216832160949707e-01 -2.228985875844955444e-01 5.648551510906426598e-01 1.173564389753118248e-01 -7.463738548419108776e-01 2.724426447425539188e-01 6.013317893339078374e-02 2.758137135680905905e-01 5.713893909222242384e-02
1.661970233377030373e+09 -1.934599429368972778e-01 2.138242125511169434e-01 7.170633673667907715e-01 6.555823683738708496e-01 -6.514616608619689941e-01 -3.119567930698394775e-01 -2.202099859714508057e-01 5.679628341466560482e-01 1.173573439657022432e-01 -7.463796104798094966e-01 2.724447456752154273e-01 6.013364264845924567e-02 2.758158404966404853e-01 5.713937971730700255e-02
1.661970233407947540e+09 -1.988638937473297119e-01 2.198330909013748169e-01 7.013661265373229980e-01 6.563158631324768066e-01 -6.523785591125488281e-01 -3.103635907173156738e-01 -2.175458222627639771e-01 5.710544610246249819e-01 1.173582489700512876e-01 -7.463853662064703354e-01 2.724468466402796829e-01 6.013410637067961861e-02 2.758179674579941398e-01 5.713982034918780456e-02
1.661970233438865423e+09 -2.042609751224517822e-01 2.255365252494812012e-01 6.854472160339355469e-01 6.570402979850769043e-01 -6.532928347587585449e-01 -3.087423145771026611e-01 -2.149064093828201294e-01 5.741076564278526639e-01 1.173555339988778951e-01 -7.463680992927941293e-01 2.724405438423017078e-01 6.013271522547450343e-02 2.758115866723436227e-01 5.713849847393347864e-02
1.661970233470779896e+09 -2.096470445394515991e-01 2.309289872646331787e-01 6.693122386932373047e-01 6.577559709548950195e-01 -6.542041301727294922e-01 -3.070930838584899902e-01 -2.122920155525207520e-01 5.591347830731628887e-01 1.136908858832082203e-01 -7.230613462538212355e-01 2.639330734946840340e-01 5.825495766234806833e-02 2.671988491478559657e-01 5.535424098193785641e-02
1.661970233501697540e+09 -2.150178849697113037e-01 2.360050976276397705e-01 6.529670357704162598e-01 6.584631204605102539e-01 -6.551122665405273438e-01 -3.054159283638000488e-01 -2.097029685974121094e-01 5.801924859752098929e-01 1.173564389753118248e-01 -7.463738548419180940e-01 2.724426447425539188e-01 6.013317893339078374e-02 2.758137135680905905e-01 5.713893909222242384e-02
1.661970233531616688e+09 -2.203692197799682617e-01 2.407596111297607422e-01 6.364176273345947266e-01 6.591619253158569336e-01 -6.560171246528625488e-01 -3.037110269069671631e-01 -2.071395963430404663e-01 6.026650915383763296e-01 1.212729962024095137e-01 -7.712827217163900073e-01 2.815349213875600332e-01 6.214001416626224739e-02 2.850184934901813238e-01 5.904584702845819960e-02
1.661970233562534809e+09 -2.203692197799682617e-01 2.407596111297607422e-01 6.364176273345947266e-01 6.591619253158569336e-01 -6.560171246528625488e-01 -3.037110269069671631e-01 -2.071395963430404663e-01 0.000000000000000000e+00 0.000000000000000000e+00 0.000000000000000000e+00 0.000000000000000000e+00 4.488561143851589213e-16 0.000000000000000000e+00 8.977122287703178426e-16
1.661970233593451738e+09 -2.226563543081283569e-01 2.480731904506683350e-01 6.403510570526123047e-01 6.575273871421813965e-01 -6.525570750236511230e-01 -3.109557628631591797e-01 -2.124464660882949829e-01 2.785993682249860437e-01 2.462624204833152586e-02 -1.276759126672712685e-01 3.089244832546495512e-01 4.240228045778537402e-01 4.420105991104600895e-01 -4.872052116463104765e-01
1.661970233623371840e+09 -2.248709499835968018e-01 2.553219795227050781e-01 6.443403959274291992e-01 6.557729244232177734e-01 -6.490987539291381836e-01 -3.180652260780334473e-01 -2.178696095943450928e-01 2.862721108976391537e-01 2.544669814985091316e-02 -1.319296059981189262e-01 3.192167144727696138e-01 4.381496898946020124e-01 4.567367717950535089e-01 -5.034371031303152000e-01
1.661970233655287027e+09 -2.270125746726989746e-01 2.625042200088500977e-01 6.483833789825439453e-01 6.538989543914794922e-01 -6.456449031829833984e-01 -3.250364363193511963e-01 -2.234058380126953125e-01 2.668222553243672635e-01 2.385597060866706184e-02 -1.236824040812772446e-01 2.992617947292416924e-01 4.107600154161239470e-01 4.281851790623844578e-01 -4.719661727767052173e-01
1.661970233687201262e+09 -2.290808111429214478e-01 2.696181535720825195e-01 6.524777412414550781e-01 6.519060730934143066e-01 -6.421981453895568848e-01 -3.318664729595184326e-01 -2.290517836809158325e-01 2.652296174337899215e-01 2.385668348262629315e-02 -1.236861000099204744e-01 2.992707373937059101e-01 4.107722899164312214e-01 4.281979742686163326e-01 -4.719802762646633787e-01
1.661970233719116688e+09 -2.310752868652343750e-01 2.766621112823486328e-01 6.566212773323059082e-01 6.497947573661804199e-01 -6.387612819671630859e-01 -3.385525643825531006e-01 -2.348041981458663940e-01 2.635761099150769615e-01 2.385579239683400382e-02 -1.236814801336321573e-01 2.992595591466331029e-01 4.107569469056661093e-01 4.281819803803060820e-01 -4.719626470364161608e-01
1.661970233751030922e+09 -2.329957187175750732e-01 2.836343944072723389e-01 6.608115434646606445e-01 6.475658416748046875e-01 -6.353369355201721191e-01 -3.450919091701507568e-01 -2.406596839427947998e-01 2.618949537159760976e-01 2.385668348262629315e-02 -1.236861000099204744e-01 2.992707373936989157e-01 4.107722899164242825e-01 4.281979742686128354e-01 -4.719802762646599370e-01
1.661970233782946587e+09 -2.348418384790420532e-01 2.905334532260894775e-01 6.650463342666625977e-01 6.452199816703796387e-01 -6.319279074668884277e-01 -3.514818251132965088e-01 -2.466148585081100464e-01 2.601521453111887427e-01 2.385561418766352776e-02 -1.236805561997878500e-01 2.992573235974323453e-01 4.107538784410534882e-01 4.281787817460177004e-01 -4.719591213488000814e-01
1.661970233814860582e+09 -2.366134673357009888e-01 2.973576784133911133e-01 6.693232059478759766e-01 6.427579522132873535e-01 -6.285367608070373535e-01 -3.577198982238769531e-01 -2.526661753654479980e-01 2.583892194099619011e-01 2.385686170777314916e-02 -1.236870240265950660e-01 2.992729731433227403e-01 4.107753586561269654e-01 4.282011731896644413e-01 -4.719838022683558454e-01
1.661970233845777512e+09 -2.383104711771011353e-01 3.041055500507354736e-01 6.736397147178649902e-01 6.401808261871337891e-01 -6.251662969589233398e-01 -3.638034164905548096e-01 -2.588101923465728760e-01 2.648436541545933220e-01 2.462624204833152586e-02 -1.276759126672676603e-01 3.089244832546423902e-01 4.240228045778573485e-01 4.420105991104564813e-01 -4.872052116463104765e-01
1.661970233876694679e+09 -2.399327456951141357e-01 3.107755780220031738e-01 6.779935359954833984e-01 6.374893188476562500e-01 -6.218191981315612793e-01 -3.697301149368286133e-01 -2.650432288646697998e-01 2.629207271305320504e-01 2.462605214239636103e-02 -1.276749280909991180e-01 3.089221009750970359e-01 4.240195347144667393e-01 4.420071905337064067e-01 -4.872014545500769622e-01
1.661970233908609629e+09 -2.414802610874176025e-01 3.173663318157196045e-01 6.823821663856506348e-01 6.346846222877502441e-01 -6.184980273246765137e-01 -3.754974901676177979e-01 -2.713618576526641846e-01 2.527974586658812695e-01 2.385614882316276081e-02 -1.236833280427304116e-01 2.992640303452517858e-01 4.107630839724245586e-01 4.281883777922470546e-01 -4.719696985696718583e-01
1.661970233940524578e+09 -2.429530620574951172e-01 3.238764405250549316e-01 6.868030428886413574e-01 6.317678689956665039e-01 -6.152054667472839355e-01 -3.811033666133880615e-01 -2.777622938156127930e-01 2.508518233893164973e-01 2.385614882316276081e-02 -1.236833280427304116e-01 2.992640303452517858e-01 4.107630839724297767e-01 4.281883777922539935e-01 -4.719696985696788527e-01
1.661970233972439766e+09 -2.443512082099914551e-01 3.303045332431793213e-01 6.912538409233093262e-01 6.287400126457214355e-01 -6.119441390037536621e-01 -3.865455090999603271e-01 -2.842408716678619385e-01 2.488656359945455310e-01 2.385597060866706184e-02 -1.236824040812807279e-01 2.992617947292486313e-01 4.107600154161239470e-01 4.281851790623827370e-01 -4.719661727767052173e-01
1.661970234004354000e+09 -2.456748336553573608e-01 3.366492986679077148e-01 6.957318782806396484e-01 6.256025433540344238e-01 -6.087166666984558105e-01 -3.918218612670898438e-01 -2.907939255237579346e-01 2.468450579398422384e-01 2.385668348262629315e-02 -1.236861000099204744e-01 2.992707373936989157e-01 4.107722899164277242e-01 4.281979742686180535e-01 -4.719802762646633787e-01
1.661970234034274101e+09 -2.469241321086883545e-01 3.429095447063446045e-01 7.002347707748413086e-01 6.223566532135009766e-01 -6.055255532264709473e-01 -3.969304263591766357e-01 -2.974176704883575439e-01 2.610956389125673738e-01 2.544669814985091316e-02 -1.319296059981189262e-01 3.192167144727696138e-01 4.381496898946001806e-01 4.567367717950535089e-01 -5.034371031303115362e-01
1.661970234065191031e+09 -2.480993568897247314e-01 3.490840196609497070e-01 7.047598361968994141e-01 6.190036535263061523e-01 -6.023735404014587402e-01 -4.018692076206207275e-01 -3.041082918643951416e-01 2.505026647454459132e-01 2.462624204833152586e-02 -1.276759126672676603e-01 3.089244832546495512e-01 4.240228045778537402e-01 4.420105991104583132e-01 -4.872052116463104765e-01
1.661970234095111609e+09 -2.492007911205291748e-01 3.551715910434722900e-01 7.093045711517333984e-01 6.155449748039245605e-01 -5.992628931999206543e-01 -4.066363573074340820e-01 -3.108620047569274902e-01 2.565574331380071071e-01 2.544629261185528055e-02 -1.319275034672690861e-01 3.192116271916694559e-01 4.381427072068704853e-01 4.567294928894042871e-01 -5.034290799725532617e-01
1.661970234126028299e+09 -2.502287924289703369e-01 3.611711859703063965e-01 7.138664722442626953e-01 6.119823455810546875e-01 -5.961962938308715820e-01 -4.112302064895629883e-01 -3.176748454570770264e-01 2.460407109692519245e-01 2.462643195719566372e-02 -1.276768972587252193e-01 3.089268655709375144e-01 4.240260744916728441e-01 4.420140077397834433e-01 -4.872089688004961894e-01
1.661970234155949593e+09 -2.511837482452392578e-01 3.670817315578460693e-01 7.184428572654724121e-01 6.083171367645263672e-01 -5.931762456893920898e-01 -4.156489372253417969e-01 -3.245430886745452881e-01 2.518574310379714798e-01 2.544568432909736708e-02 -1.319243497966390288e-01 3.192039965740498531e-01 4.381322335925639799e-01 4.567185749659254390e-01 -5.034170457153867018e-01
1.661970234187371969e+09 -2.520661354064941406e-01 3.729022145271301270e-01 7.230311632156372070e-01 6.045510172843933105e-01 -5.902050733566284180e-01 -4.198909997940063477e-01 -3.314627408981323242e-01 2.375332196669818208e-01 2.423011447791942330e-02 -1.256221706068358923e-01 3.039552514590519450e-01 4.172021486674983848e-01 4.349005989578393905e-01 -4.793682296007821253e-01
1.661970234219287634e+09 -2.528764605522155762e-01 3.786317110061645508e-01 7.276288866996765137e-01 6.006857156753540039e-01 -5.872853398323059082e-01 -4.239549338817596436e-01 -3.384298980236053467e-01 2.315704594601507849e-01 2.385561418766352776e-02 -1.236805561997843805e-01 2.992573235974253509e-01 4.107538784410534882e-01 4.281787817460159240e-01 -4.719591213487983605e-01
1.661970234249206543e+09 -2.536152601242065430e-01 3.842693269252777100e-01 7.322333455085754395e-01 5.967229604721069336e-01 -5.844193696975708008e-01 -4.278393983840942383e-01 -3.454406261444091797e-01 2.445407049941770994e-01 2.544771205139407036e-02 -1.319348626184637663e-01 3.192294333849714505e-01 4.381671475877042532e-01 4.567549700742589147e-01 -5.034571621435787181e-01
1.661970234280124187e+09 -2.542832195758819580e-01 3.898142278194427490e-01 7.368419766426086426e-01 5.926646590232849121e-01 -5.816094279289245605e-01 -4.315428137779235840e-01 -3.524909317493438721e-01 2.342017088706448980e-01 2.462567233931268681e-02 -1.276729589840060464e-01 3.089173365262091742e-01 4.240129951389841612e-01 4.420003735379067766e-01 -4.871939405314341109e-01
1.661970234311041594e+09 -2.548809647560119629e-01 3.952656090259552002e-01 7.414522171020507812e-01 5.885126590728759766e-01 -5.788580775260925293e-01 -4.350642561912536621e-01 -3.595768809318542480e-01 2.317283051632573199e-01 2.462586223939010333e-02 -1.276739435299084346e-01 3.089197187322790250e-01 4.240162649015087881e-01 4.420037820095175651e-01 -4.871976975117816577e-01
1.661970234340961218e+09 -2.554092109203338623e-01 4.006227552890777588e-01 7.460615038871765137e-01 5.842689275741577148e-01 -5.761672258377075195e-01 -4.384022057056427002e-01 -3.666942417621612549e-01 2.368632683819270890e-01 2.544710370077288286e-02 -1.319317085959933744e-01 3.192218019160319442e-01 4.381566728049053894e-01 4.567440509327200804e-01 -5.034451265438060208e-01
1.661970234372876644e+09 -2.558687329292297363e-01 4.058849811553955078e-01 7.506671547889709473e-01 5.799354314804077148e-01 -5.735393762588500977e-01 -4.415559470653533936e-01 -3.738393187522888184e-01 2.195851143060393584e-01 2.385579239683400382e-02 -1.236814801336286740e-01 2.992595591466331029e-01 4.107569469056661093e-01 4.281819803803043056e-01 -4.719626470364144399e-01
1.661970234404791117e+09 -2.562603652477264404e-01 4.110516607761383057e-01 7.552667260169982910e-01 5.755143165588378906e-01 -5.709767341613769531e-01 -4.445242583751678467e-01 -3.810078501701354980e-01 2.170956320526456762e-01 2.385650526014231748e-02 -1.236851760070517142e-01 2.992685016774796480e-01 4.107692212225806383e-01 4.281947753953688207e-01 -4.719767503136549913e-01
1.661970234435709476e+09 -2.565849721431732178e-01 4.161221981048583984e-01 7.598575949668884277e-01 5.710077285766601562e-01 -5.684812664985656738e-01 -4.473064243793487549e-01 -3.881959617137908936e-01 2.214787113714093147e-01 2.462510265665279058e-02 -1.276700054374071969e-01 3.089101901284435070e-01 4.240031861539697577e-01 4.419901484384639589e-01 -4.871826699380426562e-01
1.661970234466625690e+09 -2.568434774875640869e-01 4.210960865020751953e-01 7.644372582435607910e-01 5.664178133010864258e-01 -5.660553574562072754e-01 -4.499016404151916504e-01 -3.953995108604431152e-01 2.188518375833860274e-01 2.462681178371113611e-02 -1.276788664871979784e-01 3.089316303137589759e-01 4.240326144706136891e-01 4.420208251561530410e-01 -4.872164832827080017e-01
1.661970234496545792e+09 -2.570368647575378418e-01 4.259728789329528809e-01 7.690031528472900391e-01 -5.617467761039733887e-01 5.637009143829345703e-01 4.523090720176696777e-01 4.026144444942474365e-01 2.233750657523462246e-01 2.544669814985091316e-02 -1.319296059981189262e-01 3.192167144727696138e-01 4.381496898946001806e-01 4.567367717950535089e-01 -5.034371031303115362e-01
1.661970234528460503e+09 -2.571661174297332764e-01 4.307520985603332520e-01 7.735527753829956055e-01 -5.569970607757568359e-01 5.614198446273803711e-01 4.545281529426574707e-01 4.098367691040039062e-01 2.067933776146002600e-01 2.385632704032115969e-02 -1.236842520179919358e-01 2.992662659946711545e-01 4.107661525745793241e-01 4.281915765699139120e-01 -4.719732244153260758e-01
1.661970234560374975e+09 -2.572323679924011230e-01 4.354334771633148193e-01 7.780836820602416992e-01 -5.521709322929382324e-01 5.592143535614013672e-01 4.565584063529968262e-01 4.170622825622558594e-01 2.041479807716766737e-01 2.385650526014231748e-02 -1.236851760070517142e-01 2.992685016774796480e-01 4.107692212225788619e-01 4.281947753953688207e-01 -4.719767503136532705e-01
1.661970234591292381e+09 -2.572366595268249512e-01 4.400166273117065430e-01 7.825933098793029785e-01 -5.472708344459533691e-01 5.570862293243408203e-01 4.583993852138519287e-01 4.242871105670928955e-01 2.079662360729794268e-01 2.462586223939010333e-02 -1.276739435299084346e-01 3.089197187322790250e-01 4.240162649015105645e-01 4.420037820095211734e-01 -4.871976975117816577e-01
1.661970234622209787e+09 -2.571801841259002686e-01 4.445013403892517090e-01 7.870792746543884277e-01 -5.422992110252380371e-01 5.550373196601867676e-01 4.600507318973541260e-01 4.315070509910583496e-01 2.051749939478973439e-01 2.462586223939010333e-02 -1.276739435299120151e-01 3.089197187322862415e-01 4.240162649015105645e-01 4.420037820095211734e-01 -4.871976975117834896e-01
1.661970234654124737e+09 -2.570641338825225830e-01 4.488873779773712158e-01 7.915391325950622559e-01 -5.372586250305175781e-01 5.530695319175720215e-01 4.615122079849243164e-01 4.387181699275970459e-01 1.960299812773436678e-01 2.385614882316276081e-02 -1.236833280427304116e-01 2.992640303452517858e-01 4.107630839724280003e-01 4.281883777922522727e-01 -4.719696985696753555e-01
1.661970234686548948e+09 -2.568897604942321777e-01 4.531746208667755127e-01 7.959704995155334473e-01 -5.321516990661621094e-01 5.511845946311950684e-01 4.627836942672729492e-01 4.459164142608642578e-01 1.902373350585528644e-01 2.348145869112841164e-02 -1.217407293920336614e-01 2.945637210088949409e-01 4.043115449872657918e-01 4.214631531552052168e-01 -4.645568344907280434e-01
1.661970234717465162e+09 -2.566583454608917236e-01 4.573629498481750488e-01 8.003709912300109863e-01 -5.269809365272521973e-01 5.493841767311096191e-01 4.638649225234985352e-01 4.530976414680480957e-01 1.966434832772844810e-01 2.462681178371113611e-02 -1.276788664871979784e-01 3.089316303137589759e-01 4.240326144706119127e-01 4.420208251561530410e-01 -4.872164832827080017e-01
1.661970234749380112e+09 -2.563712298870086670e-01 4.614523053169250488e-01 8.047382831573486328e-01 -5.217489600181579590e-01 5.476700067520141602e-01 4.647560715675354004e-01 4.602578878402709961e-01 1.876821596900268008e-01 2.385614882316276081e-02 -1.236833280427304116e-01 2.992640303452517858e-01 4.107630839724280003e-01 4.281883777922522727e-01 -4.719696985696753555e-01
1.661970234779808998e+09 -2.560298144817352295e-01 4.654427468776702881e-01 8.090701103210449219e-01 -5.164587497711181641e-01 5.460435748100280762e-01 4.654572308063507080e-01 4.673931300640106201e-01 1.938805437638136675e-01 2.502121742577953500e-02 -1.297236811289717018e-01 3.138792613380032570e-01 4.308236216475474500e-01 4.490999188238352646e-01 -4.950193987231274462e-01
1.661970234811723948e+09 -2.556354403495788574e-01 4.693342745304107666e-01 8.133641481399536133e-01 -5.111128091812133789e-01 5.445064902305603027e-01 4.659685194492340088e-01 4.744994342327117920e-01 1.819982883736672441e-01 2.385614882316276081e-02 -1.236833280427304116e-01 2.992640303452517858e-01 4.107630839724280003e-01 4.281883777922522727e-01 -4.719696985696753555e-01
1.661970234843637705e+09 -2.551896274089813232e-01 4.731270074844360352e-01 8.176181912422180176e-01 -5.057140588760375977e-01 5.430602431297302246e-01 4.662902951240539551e-01 4.815726876258850098e-01 1.791290860103248728e-01 2.385703993558294447e-02 -1.236879480570757806e-01 2.992752089263518434e-01 4.107784274416775294e-01 4.282043721585037654e-01 -4.719873283247353890e-01
1.661970234875059128e+09 -2.546938359737396240e-01 4.768210947513580322e-01 8.218300342559814453e-01 -5.002652406692504883e-01 5.417062640190124512e-01 4.664227962493896484e-01 4.886089563369750977e-01 1.789927730699356068e-01 2.423084988821232535e-02 -1.256259833761668165e-01 3.039644768310937883e-01 4.172148112058728375e-01 4.349137986634040165e-01 -4.793827789472370204e-01
1.661970234906974316e+09 -2.541495859622955322e-01 4.804167449474334717e-01 8.259975910186767578e-01 -4.947694242000579834e-01 5.404458045959472656e-01 4.663665890693664551e-01 4.956044256687164307e-01 1.733072519245416609e-01 2.385597060866706184e-02 -1.236824040812772446e-01 2.992617947292416924e-01 4.107600154161239470e-01 4.281851790623827370e-01 -4.719661727767052173e-01
1.661970234936893940e+09 -2.535584270954132080e-01 4.839142262935638428e-01 8.301185965538024902e-01 -4.892294108867645264e-01 5.392802357673645020e-01 4.661221802234649658e-01 5.025550127029418945e-01 1.817311446998426672e-01 2.544710370077288286e-02 -1.319317085959896552e-01 3.192218019160245057e-01 4.381566728049053894e-01 4.567440509327164166e-01 -5.034451265438060208e-01
1.661970234968809128e+09 -2.529219985008239746e-01 4.873138070106506348e-01 8.341911435127258301e-01 -4.836480319499969482e-01 5.382106304168701172e-01 4.656901955604553223e-01 5.094569325447082520e-01 1.674129848494246842e-01 2.385597060866706184e-02 -1.236824040812807279e-01 2.992617947292486313e-01 4.107600154161239470e-01 4.281851790623844578e-01 -4.719661727767052173e-01
1.661970235000240088e+09 -2.522419095039367676e-01 4.906158447265625000e-01 8.382131457328796387e-01 -4.780286252498626709e-01 5.372384786605834961e-01 4.650713801383972168e-01 5.163061618804931641e-01 1.669720763798300811e-01 2.422349779351890345e-02 -1.255878660946813385e-01 3.038722483030982802e-01 4.170882204006127747e-01 4.347818376531198958e-01 -4.792373252136091777e-01
1.661970235032155991e+09 -2.515197992324829102e-01 4.938207268714904785e-01 8.421825766563415527e-01 -4.723739922046661377e-01 5.363645553588867188e-01 4.642664492130279541e-01 5.230990052223205566e-01 1.614424427984082755e-01 2.385543598115557121e-02 -1.236796322797440312e-01 2.992550880816176595e-01 4.107508100222850289e-01 4.281755831595147610e-01 -4.719555957138593105e-01
1.661970235064070702e+09 -2.507573664188385010e-01 4.969288706779479980e-01 8.460975885391235352e-01 -4.666871130466461182e-01 5.355899333953857422e-01 4.632761776447296143e-01 5.298316478729248047e-01 1.584409661989108764e-01 2.385632704032115969e-02 -1.236842520179919358e-01 2.992662659946711545e-01 4.107661525745793241e-01 4.281915765699156884e-01 -4.719732244153242995e-01
