1.661970235223641634e+09 1.378528122206244648e-16 -2.367949187755584717e-01 1.128897309303283691e+00 -6.125128269195556641e-01 6.125135421752929688e-01 3.533097505569458008e-01 3.533093035221099854e-01 0.000000000000000000e+00 0.000000000000000000e+00 0.000000000000000000e+00 0.000000000000000000e+00 0.000000000000000000e+00 0.000000000000000000e+00 0.000000000000000000e+00
1.661970262413961887e+09 1.378528122206244648e-16 -2.367949187755584717e-01 1.128897309303283691e+00 -6.125128269195556641e-01 6.125135421752929688e-01 3.533097505569458008e-01 3.533093035221099854e-01 0.000000000000000000e+00 0.000000000000000000e+00 0.000000000000000000e+00 0.000000000000000000e+00 0.000000000000000000e+00 0.000000000000000000e+00 0.000000000000000000e+00
1.661970262443882465e+09 -1.611108426004648209e-03 -2.300870865583419800e-01 1.111599087715148926e+00 6.311591863632202148e-01 -6.036808490753173828e-01 -3.361994326114654541e-01 -3.523883521556854248e-01 6.224171605933525031e-01 1.013118527302586114e-01 -6.156722278846674667e-01 -3.069322239513472828e-01 -2.409629264769722612e-01 -4.741321521257763766e-02 -1.245510223664272553e+00
1.661970262475796938e+09 -3.256110241636633873e-03 -2.239229083061218262e-01 1.094233393669128418e+00 6.496068835258483887e-01 -5.941514968872070312e-01 -3.191890716552734375e-01 -3.508750200271606445e-01 5.796916355602713677e-01 9.498227440991335868e-02 -5.772073742565860810e-01 -2.877562687380014750e-01 -2.259084814704576671e-01 -4.445101828280585005e-02 -1.167695493235206827e+00
1.661970262507710457e+09 -4.930132534354925156e-03 -2.183018624782562256e-01 1.076816201210021973e+00 6.678295135498046875e-01 -5.839315056800842285e-01 -3.022994697093963623e-01 -3.487732410430908203e-01 5.758741042822214107e-01 9.498511277304945433e-02 -5.772246229921498273e-01 -2.877648677822888801e-01 -2.259152323122342043e-01 -4.445234661624625910e-02 -1.167730387575895978e+00
1.661970262538628101e+09 -6.628317292779684067e-03 -2.132229357957839966e-01 1.059363842010498047e+00 6.858011484146118164e-01 -5.730278491973876953e-01 -2.855508029460906982e-01 -3.460876047611236572e-01 5.904565061897245615e-01 9.804463571489838158e-02 -5.958173468947255413e-01 -2.970339331035200536e-01 -2.331920867159733568e-01 -4.588418125139274995e-02 -1.205343628286771995e+00
1.661970262569545746e+09 -8.345825597643852234e-03 -2.086845934391021729e-01 1.041892170906066895e+00 7.034958600997924805e-01 -5.614485144615173340e-01 -2.689634263515472412e-01 -3.428233563899993896e-01 5.864935692981416704e-01 9.804463571489793750e-02 -5.958173468947255413e-01 -2.970339331035344310e-01 -2.331920867159742727e-01 -4.588418125138915560e-02 -1.205343628286771995e+00
1.661970262600462914e+09 -1.007784809917211533e-02 -2.046848088502883911e-01 1.024417042732238770e+00 7.208881378173828125e-01 -5.492023825645446777e-01 -2.525573372840881348e-01 -3.389865756034851074e-01 5.825405807784430623e-01 9.804614786264684301e-02 -5.958265362180611424e-01 -2.970385142740235573e-01 -2.331956832502090626e-01 -4.588488892561544408e-02 -1.205362218367096228e+00
1.661970262631380320e+09 -1.181960850954055786e-02 -2.012211084365844727e-01 1.006954312324523926e+00 7.379527091979980469e-01 -5.362994074821472168e-01 -2.363524138927459717e-01 -3.345837593078613281e-01 5.785713761621763540e-01 9.804539178294217894e-02 -5.958219415209581316e-01 -2.970362236711080461e-01 -2.331938849692243854e-01 -4.588453508577190060e-02 -1.205352923255257558e+00
1.661970262663295269e+09 -1.356637477874755859e-02 -1.982904672622680664e-01 9.895195960998535156e-01 7.546648383140563965e-01 -5.227503776550292969e-01 -2.203682214021682739e-01 -3.296224772930145264e-01 5.566479999101152654e-01 9.498085529195608723e-02 -5.771987502753918031e-01 -2.877519694085666213e-01 -2.259051062008659017e-01 -4.445035414585012112e-02 -1.167678046846893691e+00
1.661970262694212198e+09 -1.531346235424280167e-02 -1.958894580602645874e-01 9.721283316612243652e-01 7.709999084472656250e-01 -5.085669755935668945e-01 -2.046241313219070435e-01 -3.241106569766998291e-01 5.706562002922009880e-01 9.804690395401222114e-02 -5.958311309860288008e-01 -2.970408049122674199e-01 -2.331974815589280547e-01 -4.588524277091273612e-02 -1.205371513622298441e+00
1.661970262725129843e+09 -1.705624349415302277e-02 -1.940141171216964722e-01 9.547958970069885254e-01 7.869340777397155762e-01 -4.937620460987091064e-01 -1.891392618417739868e-01 -3.180570006370544434e-01 5.666824799027182502e-01 9.804463571489838158e-02 -5.958173468947255413e-01 -2.970339331035200536e-01 -2.331920867159742727e-01 -4.588418125138915560e-02 -1.205343628286768443e+00
1.661970262757044315e+09 -1.879015192389488220e-02 -1.926600635051727295e-01 9.375375509262084961e-01 8.024435043334960938e-01 -4.783490896224975586e-01 -1.739323288202285767e-01 -3.114708662033081055e-01 5.451445297269454926e-01 9.498227440991315051e-02 -5.772073742565930754e-01 -2.877562687380014750e-01 -2.259084814704585553e-01 -4.445101828280585005e-02 -1.167695493235210380e+00
1.661970262788959026e+09 -2.051069028675556183e-02 -1.918224245309829712e-01 9.203681945800781250e-01 8.175053000450134277e-01 -4.623427093029022217e-01 -1.590217947959899902e-01 -3.043622970581054688e-01 5.413073466973288284e-01 9.498156484563376190e-02 -5.772030622337832595e-01 -2.877541190572110996e-01 -2.259067938230538974e-01 -4.445068621184553037e-02 -1.167686769975881944e+00
1.661970262820873737e+09 -2.221343480050563812e-02 -1.914958953857421875e-01 9.033026695251464844e-01 8.320968151092529297e-01 -4.457580745220184326e-01 -1.444257646799087524e-01 -2.967419028282165527e-01 5.374753383861370359e-01 9.498156484563397006e-02 -5.772030622337762651e-01 -2.877541190572110996e-01 -2.259067938230547579e-01 -4.445068621184901370e-02 -1.167686769975881944e+00
1.661970262852788210e+09 -2.389405108988285065e-02 -1.916747093200683594e-01 8.863555788993835449e-01 8.461960554122924805e-01 -4.286116361618041992e-01 -1.301619708538055420e-01 -2.886209785938262939e-01 5.336499755638155484e-01 9.498227440991315051e-02 -5.772073742565930754e-01 -2.877562687380014750e-01 -2.259084814704581112e-01 -4.445101828280237366e-02 -1.167695493235210380e+00
1.661970262884703159e+09 -2.554828114807605743e-02 -1.923526972532272339e-01 8.695413470268249512e-01 8.597816824913024902e-01 -4.109202921390533447e-01 -1.162477508187294006e-01 -2.800114452838897705e-01 5.298146452949352714e-01 9.498085529195630927e-02 -5.771987502753918031e-01 -2.877519694085527435e-01 -2.259051062008654576e-01 -4.445035414585012112e-02 -1.167678046846890139e+00
1.661970262914623260e+09 -2.717196941375732422e-02 -1.935232281684875488e-01 8.528741002082824707e-01 8.728328347206115723e-01 -3.927018642425537109e-01 -1.027000322937965393e-01 -2.709257006645202637e-01 5.610611897321521324e-01 1.013134673389688989e-01 -6.156820398633737756e-01 -3.069371155353903258e-01 -2.409667667072055430e-01 -4.741397083779391036e-02 -1.245530073381767799e+00
1.661970262945540667e+09 -2.876105532050132751e-02 -1.951792538166046143e-01 8.363677263259887695e-01 8.853294253349304199e-01 -3.739750981330871582e-01 -8.953531086444854736e-02 -2.613768279552459717e-01 5.390223563184978195e-01 9.804539178294195689e-02 -5.958219415209581316e-01 -2.970362236711223680e-01 -2.331938849692239413e-01 -4.588453508577190060e-02 -1.205352923255254005e+00
1.661970262976458073e+09 -3.031158633530139923e-02 -1.973133534193038940e-01 8.200359940528869629e-01 8.972519636154174805e-01 -3.547592759132385254e-01 -7.676963508129119873e-02 -2.513785362243652344e-01 5.350836234289862992e-01 9.804539178294195689e-02 -5.958219415209581316e-01 -2.970362236711080461e-01 -2.331938849692243854e-01 -4.588453508577549494e-02 -1.205352923255257558e+00
1.661970263008372545e+09 -3.181971982121467590e-02 -1.999176442623138428e-01 8.038923144340515137e-01 9.085817933082580566e-01 -3.350746035575866699e-01 -6.441858410835266113e-02 -2.409449219703674316e-01 5.145562104150037674e-01 9.498227440991315051e-02 -5.772073742566000698e-01 -2.877562687379875417e-01 -2.259084814704585553e-01 -4.445101828280237366e-02 -1.167695493235210380e+00
1.661970263040287018e+09 -3.328172862529754639e-02 -2.029839158058166504e-01 7.879497408866882324e-01 9.193007946014404297e-01 -3.149418234825134277e-01 -5.249721556901931763e-02 -2.300906926393508911e-01 5.107546251398725756e-01 9.498227440991315051e-02 -5.772073742565930754e-01 -2.877562687380014750e-01 -2.259084814704585553e-01 -4.445101828280585005e-02 -1.167695493235206827e+00
1.661970263072201729e+09 -3.469400480389595032e-02 -2.065035253763198853e-01 7.722212076187133789e-01 9.293918609619140625e-01 -2.943825423717498779e-01 -4.102012887597084045e-02 -2.188311815261840820e-01 5.069535124132297232e-01 9.498156484563397006e-02 -5.772030622337832595e-01 -2.877541190572110996e-01 -2.259067938230538974e-01 -4.445068621184553037e-02 -1.167686769975881944e+00
1.661970263104116678e+09 -3.605307266116142273e-02 -2.104675024747848511e-01 7.567192316055297852e-01 9.388384222984313965e-01 -2.734188139438629150e-01 -3.000134602189064026e-02 -2.071820497512817383e-01 5.031615686940174026e-01 9.498085529195608723e-02 -5.771987502753848087e-01 -2.877519694085527435e-01 -2.259051062008659017e-01 -4.445035414585359751e-02 -1.167678046846893691e+00
1.661970263136031389e+09 -3.735557943582534790e-02 -2.148664742708206177e-01 7.414562106132507324e-01 9.476249814033508301e-01 -2.520735561847686768e-01 -1.945437490940093994e-02 -1.951595693826675415e-01 4.993811803487287482e-01 9.498156484563419211e-02 -5.772030622337832595e-01 -2.877541190572249774e-01 -2.259067938230538974e-01 -4.445068621184553037e-02 -1.167686769975881944e+00
1.661970263167946100e+09 -3.859831392765045166e-02 -2.196907550096511841e-01 7.264439463615417480e-01 9.557367563247680664e-01 -2.303700596094131470e-01 -9.392152540385723114e-03 -1.827804297208786011e-01 4.956107494595770602e-01 9.498156484563376190e-02 -5.772030622337762651e-01 -2.877541190572110996e-01 -2.259067938230547579e-01 -4.445068621184553037e-02 -1.167686769975885497e+00
1.661970263199860811e+09 -3.977820277214050293e-02 -2.249303162097930908e-01 7.116942405700683594e-01 9.631597399711608887e-01 -2.083322554826736450e-01 1.729555369820445776e-04 -1.700617671012878418e-01 4.918452927855752055e-01 9.498156484563419211e-02 -5.772030622337832595e-01 -2.877541190572110996e-01 -2.259067938230547579e-01 -4.445068621184901370e-02 -1.167686769975881944e+00
1.661970263231775999e+09 -4.089231416583061218e-02 -2.305747568607330322e-01 6.972182989120483398e-01 9.698808789253234863e-01 -1.859846562147140503e-01 9.229185990989208221e-03 -1.570211201906204224e-01 4.880858087804568757e-01 9.498014574887969630e-02 -5.771944383814173740e-01 -2.877498197920256295e-01 -2.259034186038905434e-01 -4.445002208481602796e-02 -1.167669323848228524e+00
1.661970263263198137e+09 -4.193786904215812683e-02 -2.366134375333786011e-01 6.830272078514099121e-01 9.758880734443664551e-01 -1.633521467447280884e-01 1.776537299156188965e-02 -1.436764746904373169e-01 4.919421901738303404e-01 9.647049387860291703e-02 -5.862512854197780010e-01 -2.922649466364043436e-01 -2.294481040195616717e-01 -4.514749424342617140e-02 -1.185991403470351813e+00
1.661970263295113325e+09 -4.291223734617233276e-02 -2.430353462696075439e-01 6.691315174102783203e-01 9.811701178550720215e-01 -1.404601931571960449e-01 2.577098086476325989e-02 -1.300462037324905396e-01 4.806130724721657810e-01 9.498014574887969630e-02 -5.771944383814173740e-01 -2.877498197920117518e-01 -2.259034186038914038e-01 -4.445002208481602796e-02 -1.167669323848235408e+00
1.661970263327028036e+09 -4.381294175982475281e-02 -2.498292326927185059e-01 6.555415987968444824e-01 9.857166409492492676e-01 -1.173346340656280518e-01 3.323609754443168640e-02 -1.161490231752395630e-01 4.769018770288125930e-01 9.498156484563419211e-02 -5.772030622337832595e-01 -2.877541190572249774e-01 -2.259067938230538974e-01 -4.445068621184901370e-02 -1.167686769975881944e+00
1.661970263358450413e+09 -4.463766515254974365e-02 -2.569835484027862549e-01 6.422672867774963379e-01 9.895184636116027832e-01 -9.400171041488647461e-02 4.015146568417549133e-02 -1.020039618015289307e-01 4.806143444271499532e-01 9.646976190475006763e-02 -5.862468372139556516e-01 -2.922627290640636977e-01 -2.294463630726060188e-01 -4.514715168494740083e-02 -1.185982404711647398e+00
1.661970263390365124e+09 -4.463766515254974365e-02 -2.569835484027862549e-01 6.422672867774963379e-01 9.895184636116027832e-01 -9.400171041488647461e-02 4.015146568417549133e-02 -1.020039618015289307e-01 0.000000000000000000e+00 0.000000000000000000e+00 0.000000000000000000e+00 0.000000000000000000e+00 0.000000000000000000e+00 3.478718715880317186e-15 0.000000000000000000e+00
1.661970263422280073e+09 -5.113824829459190369e-02 -2.371501624584197998e-01 6.462441682815551758e-01 9.873887300491333008e-01 -1.044647991657257080e-01 2.911418303847312927e-02 -1.153388246893882751e-01 6.657391697287965426e-01 7.707360451441425120e-02 -4.785907476329724353e-01 7.339815268202479759e-01 6.061375610252157653e-01 7.171447810301411208e-01 2.971589805036116694e-01
1.661970263454194784e+09 -5.760468542575836182e-02 -2.173534482717514038e-01 6.503250002861022949e-01 9.848514795303344727e-01 -1.149469166994094849e-01 1.802087947726249695e-02 -1.285693496465682983e-01 6.649632064057620084e-01 7.707418029212614874e-02 -4.785943229411194766e-01 7.339870100230619920e-01 6.061420891707450798e-01 7.171501384541738577e-01 2.971612004272600194e-01
1.661970263486109257e+09 -6.403069198131561279e-02 -1.976044028997421265e-01 6.545069813728332520e-01 9.819070100784301758e-01 -1.254423260688781738e-01 6.876165978610515594e-03 -1.416887193918228149e-01 6.638077121317936813e-01 7.707475607844078980e-02 -4.785978983026785705e-01 7.339924933077871527e-01 6.061466173839368254e-01 7.171554959582455702e-01 2.971634203840834432e-01
1.661970263516029119e+09 -7.041009515523910522e-02 -1.779140084981918335e-01 6.587871313095092773e-01 9.785556197166442871e-01 -1.359453350305557251e-01 -4.315209574997425079e-03 -1.546901315450668335e-01 7.064184584851345150e-01 8.221295031518847940e-02 -5.105036621078252734e-01 7.829241564205738912e-01 6.465554258516125197e-01 7.649647194144352236e-01 3.169738414827437123e-01
1.661970263547943830e+09 -7.673688232898712158e-02 -1.582932472229003906e-01 6.631620526313781738e-01 9.747983813285827637e-01 -1.464502215385437012e-01 -1.554837822914123535e-02 -1.675669401884078979e-01 6.603439811380488189e-01 7.707418029212614874e-02 -4.785943229411125377e-01 7.339870100230481142e-01 6.061420891707486325e-01 7.171501384541738577e-01 2.971612004272600194e-01
1.661970263578861237e+09 -8.300517499446868896e-02 -1.387530118227005005e-01 6.676278710365295410e-01 9.706361293792724609e-01 -1.569513678550720215e-01 -2.681834436953067780e-02 -1.803126037120819092e-01 6.792720289546775314e-01 7.956036748154220184e-02 -4.940323732728105210e-01 7.576632800086769981e-01 6.256944566607453018e-01 7.402833003036374260e-01 3.067467499185902446e-01
1.661970263608781099e+09 -8.920926600694656372e-02 -1.193041354417800903e-01 6.721804738044738770e-01 9.660700559616088867e-01 -1.674430668354034424e-01 -3.811997175216674805e-02 -1.929206252098083496e-01 6.990647203736118920e-01 8.221295031518893737e-02 -5.105036621078327119e-01 7.829241564205738912e-01 6.465554258516125197e-01 7.649647194144352236e-01 3.169738414827437123e-01
1.661970263639698505e+09 -9.534360468387603760e-02 -9.995738416910171509e-02 6.768153905868530273e-01 9.611017107963562012e-01 -1.779198497533798218e-01 -4.944807291030883789e-02 -2.053847908973693848e-01 6.733580982147129301e-01 7.956036748154264593e-02 -4.940323732728033601e-01 7.576632800086914310e-01 6.256944566607525182e-01 7.402833003036409787e-01 3.067467499185974056e-01
1.661970263671613216e+09 -1.014028415083885193e-01 -8.072338998317718506e-02 6.815277934074401855e-01 9.557328820228576660e-01 -1.883760541677474976e-01 -6.079725921154022217e-02 -2.176987975835800171e-01 6.488894521021835171e-01 7.707418029212614874e-02 -4.785943229411125377e-01 7.339870100230619920e-01 6.061420891707450798e-01 7.171501384541738577e-01 2.971612004272600194e-01
1.661970263703528166e+09 -1.073817908763885498e-01 -6.161269173026084900e-02 6.863124370574951172e-01 9.499655961990356445e-01 -1.988061815500259399e-01 -7.216208428144454956e-02 -2.298566102981567383e-01 6.450847402493623539e-01 7.707360451441425120e-02 -4.785907476329793742e-01 7.339815268202479759e-01 6.061375610252157653e-01 7.171447810301376791e-01 2.971589805036046750e-01
1.661970263735442877e+09 -1.132754832506179810e-01 -4.263569414615631104e-02 6.911638975143432617e-01 9.438021183013916016e-01 -2.092047929763793945e-01 -8.353699743747711182e-02 -2.418523132801055908e-01 6.409206364918840215e-01 7.707418029212571853e-02 -4.785943229411125377e-01 7.339870100230481142e-01 6.061420891707450798e-01 7.171501384541704160e-01 2.971612004272669583e-01
1.661970263766360998e+09 -1.190791502594947815e-01 -2.380264922976493835e-02 6.960763931274414062e-01 9.372448325157165527e-01 -2.195664644241333008e-01 -9.491634368896484375e-02 -2.536801099777221680e-01 6.568984216985525038e-01 7.955852694250467594e-02 -4.940209443931080635e-01 7.576457523263963045e-01 6.256799819277946151e-01 7.402661746875019988e-01 3.067396536797735163e-01
1.661970263797277451e+09 -1.247882246971130371e-01 -5.123647395521402359e-03 7.010437250137329102e-01 9.302965402603149414e-01 -2.298858016729354858e-01 -1.062943488359451294e-01 -2.653343081474304199e-01 6.518773414736757088e-01 7.956282166606731820e-02 -4.940476126016774550e-01 7.576866515133225954e-01 6.257137573465250124e-01 7.403061356911285751e-01 3.067562120811078152e-01
1.661970263829192638e+09 -1.303983777761459351e-01 1.339139137417078018e-02 7.060595750808715820e-01 9.229603409767150879e-01 -2.401575297117233276e-01 -1.176651790738105774e-01 -2.768094539642333984e-01 6.262214698123620416e-01 7.707302874530491676e-02 -4.785871723782501586e-01 7.339760436993710835e-01 6.061330329473368916e-01 7.171394236861488025e-01 2.971567606131201855e-01
1.661970263859113216e+09 -1.359055042266845703e-01 3.173273801803588867e-02 7.111172676086425781e-01 9.152392745018005371e-01 -2.503763735294342041e-01 -1.290228813886642456e-01 -2.881002128124237061e-01 6.619828738054663875e-01 8.221098500274023890e-02 -5.104914584440799485e-01 7.829054405055556609e-01 6.465399698507995341e-01 7.649464328223628540e-01 3.169662641772887368e-01
1.661970263890031576e+09 -1.413057297468185425e-01 4.989086836576461792e-02 7.162097692489624023e-01 9.071370363235473633e-01 -2.605372369289398193e-01 -1.403614580631256104e-01 -2.992014288902282715e-01 6.344666809196711776e-01 7.955791344841667279e-02 -4.940171348840481924e-01 7.576399099458446251e-01 6.256751571656290478e-01 7.402604663248683048e-01 3.067372883397991301e-01
1.661970263920946836e+09 -1.465954184532165527e-01 6.785646826028823853e-02 7.213300466537475586e-01 8.986570835113525391e-01 -2.706349492073059082e-01 -1.516748368740081787e-01 -3.101080656051635742e-01 6.280224994341950806e-01 7.956588960964840196e-02 -4.940666630849347429e-01 7.577158679218239934e-01 6.257378848782768621e-01 7.403346819066826123e-01 3.067680406051878084e-01
1.661970263952861786e+09 -1.517712175846099854e-01 8.562045544385910034e-02 7.264705300331115723e-01 8.898034095764160156e-01 -2.806645035743713379e-01 -1.629568040370941162e-01 -3.208152651786804199e-01 6.017072231943997318e-01 7.707360451441512550e-02 -4.785907476329724353e-01 7.339815268202549703e-01 6.061375610252157653e-01 7.171447810301376791e-01 2.971589805036081722e-01
1.661970263983779430e+09 -1.568299978971481323e-01 1.031739786267280579e-01 7.316235899925231934e-01 8.805802464485168457e-01 -2.906210124492645264e-01 -1.742011755704879761e-01 -3.313183486461639404e-01 6.139154050559942899e-01 7.955975395906698944e-02 -4.940285635874878678e-01 7.576574373578104371e-01 6.256896316753528531e-01 7.402775916768897790e-01 3.067443844691735699e-01
1.661970264014696360e+09 -1.617688834667205811e-01 1.205084398388862610e-01 7.367814779281616211e-01 8.709919452667236328e-01 -3.004994988441467285e-01 -1.854016482830047607e-01 -3.416129052639007568e-01 6.063926411522575499e-01 7.956159455487955834e-02 -4.940399928197209967e-01 7.576749655807684114e-01 6.257041068547944951e-01 7.402947178212823109e-01 3.067514809268789278e-01
1.661970264045613766e+09 -1.665852963924407959e-01 1.376155018806457520e-01 7.419360876083374023e-01 8.610430359840393066e-01 -3.102952539920806885e-01 -1.965518891811370850e-01 -3.516945838928222656e-01 5.985165097085863861e-01 7.956036748154264593e-02 -4.940323732728105210e-01 7.576632800086842146e-01 6.256944566607525182e-01 7.402833003036446424e-01 3.067467499185974056e-01
1.661970264076531172e+09 -1.712768971920013428e-01 1.544870883226394653e-01 7.470791339874267578e-01 8.507384657859802246e-01 -3.200035691261291504e-01 -2.076454609632492065e-01 -3.615593314170837402e-01 5.903266602842212052e-01 7.956036748154174387e-02 -4.940323732728033601e-01 7.576632800086914310e-01 6.256944566607525182e-01 7.402833003036409787e-01 3.067467499185902446e-01
1.661970264108445644e+09 -1.758416444063186646e-01 1.711154133081436157e-01 7.522023320198059082e-01 8.400832414627075195e-01 -3.296199142932891846e-01 -2.186760455369949341e-01 -3.712031543254852295e-01 5.636463490270873233e-01 7.707475607844166410e-02 -4.785978983026716316e-01 7.339924933077731639e-01 6.061466173839333837e-01 7.171554959582524535e-01 2.971634203840869404e-01
1.661970264140360355e+09 -1.802777498960494995e-01 1.874929815530776978e-01 7.572971582412719727e-01 8.290824890136718750e-01 -3.391396701335906982e-01 -2.296370416879653931e-01 -3.806223273277282715e-01 5.551083757238736149e-01 7.707418029212527444e-02 -4.785943229411194766e-01 7.339870100230619920e-01 6.061420891707450798e-01 7.171501384541669744e-01 2.971612004272635166e-01
1.661970264172275305e+09 -1.845837235450744629e-01 2.036125659942626953e-01 7.623549699783325195e-01 8.177418112754821777e-01 -3.485585451126098633e-01 -2.405219972133636475e-01 -3.898134529590606689e-01 5.462819148116963008e-01 7.707360451441425120e-02 -4.785907476329724353e-01 7.339815268202479759e-01 6.061375610252157653e-01 7.171447810301411208e-01 2.971589805036046750e-01
1.661970264203192949e+09 -1.887583732604980469e-01 2.194672673940658569e-01 7.673670649528503418e-01 8.060667514801025391e-01 -3.578722178936004639e-01 -2.513244152069091797e-01 -3.987729847431182861e-01 5.545087848132446151e-01 7.955975395906789149e-02 -4.940285635874878678e-01 7.576574373578176536e-01 6.256896316753510767e-01 7.402775916768862263e-01 3.067443844691735699e-01
1.661970264234109879e+09 -1.928007453680038452e-01 2.350504696369171143e-01 7.723245620727539062e-01 7.940633296966552734e-01 -3.670764565467834473e-01 -2.620376944541931152e-01 -4.074979722499847412e-01 5.448468529683326844e-01 7.956159455487955834e-02 -4.940399928197209967e-01 7.576749655807684114e-01 6.257041068548017115e-01 7.402947178212895274e-01 3.067514809268825360e-01
1.661970264266025066e+09 -1.967102289199829102e-01 2.503558993339538574e-01 7.772186398506164551e-01 7.817374467849731445e-01 -3.761672079563140869e-01 -2.726553082466125488e-01 -4.159854054450988770e-01 5.181733785278838100e-01 7.707302874530491676e-02 -4.785871723782570974e-01 7.339760436993780779e-01 6.061330329473333389e-01 7.171394236861488025e-01 2.971567606131201855e-01
1.661970264296942949e+09 -2.004864364862442017e-01 2.653776109218597412e-01 7.820403575897216797e-01 7.690954208374023438e-01 -3.851405382156372070e-01 -2.831707000732421875e-01 -4.242326915264129639e-01 5.246873860053949956e-01 7.955914044605440216e-02 -4.940247539609136651e-01 7.576515947970533515e-01 6.256848067643656641e-01 7.402718831381757125e-01 3.067420190562349380e-01
1.661970264327859640e+09 -2.041293233633041382e-01 2.801099121570587158e-01 7.867807745933532715e-01 7.561436891555786133e-01 -3.939924836158752441e-01 -2.935772240161895752e-01 -4.322372972965240479e-01 5.142577246916613110e-01 7.956220810574213265e-02 -4.940438026813258610e-01 7.576808085019758332e-01 6.257089320634527940e-01 7.403004267121802151e-01 3.067538464857491043e-01
1.661970264359774113e+09 -2.076391130685806274e-01 2.945474982261657715e-01 7.914308905601501465e-01 7.428888678550720215e-01 -4.027194380760192871e-01 -3.038683831691741943e-01 -4.399968385696411133e-01 4.878273869510736938e-01 7.707475607844078980e-02 -4.785978983026716316e-01 7.339924933077871527e-01 6.061466173839351601e-01 7.171554959582507882e-01 2.971634203840903821e-01
1.661970264390691757e+09 -2.110162973403930664e-01 3.086853921413421631e-01 7.959818243980407715e-01 7.293376922607421875e-01 -4.113176763057708740e-01 -3.140376508235931396e-01 -4.475094079971313477e-01 4.926451814684020825e-01 7.955975395906789149e-02 -4.940285635874807069e-01 7.576574373578033317e-01 6.256896316753510767e-01 7.402775916768862263e-01 3.067443844691700172e-01
1.661970264421608925e+09 -2.142616808414459229e-01 3.225189149379730225e-01 8.004245758056640625e-01 7.154972553253173828e-01 -4.197837412357330322e-01 -3.240784406661987305e-01 -4.547730088233947754e-01 4.815277712930763898e-01 7.956098101347978957e-02 -4.940361830168901736e-01 7.576691227496766823e-01 6.256992817205664359e-01 7.402890090184419680e-01 3.067491154044965085e-01
1.661970264452527046e+09 -2.173763215541839600e-01 3.360437750816345215e-01 8.047503829002380371e-01 7.013745307922363281e-01 -4.281142354011535645e-01 -3.339842557907104492e-01 -4.617861509323120117e-01 4.701896494620228517e-01 7.955852694250467594e-02 -4.940209443931009026e-01 7.576457523263891991e-01 6.256799819277946151e-01 7.402661746875037752e-01 3.067396536797770690e-01
1.661970264482446432e+09 -2.203615903854370117e-01 3.492559492588043213e-01 8.089504241943359375e-01 6.869769096374511719e-01 -4.363059997558593750e-01 -3.437486290931701660e-01 -4.685473740100860596e-01 4.739889069831204060e-01 8.221426057568981260e-02 -5.105117982078256622e-01 7.829366341943736485e-01 6.465657302626957037e-01 7.649769109615450757e-01 3.169788932209759436e-01
1.661970264513364315e+09 -2.232191115617752075e-01 3.621517717838287354e-01 8.130159378051757812e-01 6.723118424415588379e-01 -4.443558454513549805e-01 -3.533651828765869141e-01 -4.750555157661437988e-01 4.469947925567525626e-01 7.955914044605530422e-02 -4.940247539609136651e-01 7.576515947970461351e-01 6.256848067643656641e-01 7.402718831381757125e-01 3.067420190562349380e-01
1.661970264545278549e+09 -2.259507775306701660e-01 3.747279644012451172e-01 8.169384598731994629e-01 6.573869585990905762e-01 -4.522607624530792236e-01 -3.628273904323577881e-01 -4.813095629215240479e-01 4.215658439640750932e-01 7.707533187335838254e-02 -4.786014737176544354e-01 7.339979766744322287e-01 6.061511456647803442e-01 7.171608535423751318e-01 2.971656403740757235e-01
1.661970264577193260e+09 -2.285587638616561890e-01 3.869814872741699219e-01 8.207094669342041016e-01 6.422098875045776367e-01 -4.600178897380828857e-01 -3.721289634704589844e-01 -4.873088598251342773e-01 4.099435554014847494e-01 7.707418029212614874e-02 -4.785943229411159794e-01 7.339870100230619920e-01 6.061420891707486325e-01 7.171501384541721924e-01 2.971612004272635166e-01
1.661970264609107971e+09 -2.310455143451690674e-01 3.989096879959106445e-01 8.243206143379211426e-01 6.267886757850646973e-01 -4.676246345043182373e-01 -3.812637031078338623e-01 -4.930528700351715088e-01 3.982023319763174918e-01 7.707418029212614874e-02 -4.785943229411159794e-01 7.339870100230549976e-01 6.061420891707450798e-01 7.171501384541704160e-01 2.971612004272635166e-01
1.661970264640025139e+09 -2.334137111902236938e-01 4.105102419853210449e-01 8.277637958526611328e-01 6.111313104629516602e-01 -4.750782549381256104e-01 -3.902252316474914551e-01 -4.985412955284118652e-01 3.988177947068887175e-01 7.956098101347978957e-02 -4.940361830168866208e-01 7.576691227496694658e-01 6.256992817205646595e-01 7.402890090184419680e-01 3.067491154044965085e-01
1.661970264670942783e+09 -2.356663197278976440e-01 4.217810928821563721e-01 8.310310840606689453e-01 -5.952459573745727539e-01 4.823763966560363770e-01 3.990075290203094482e-01 5.037740468978881836e-01 3.864822624957236497e-01 7.955975395906698944e-02 -4.940285635874843151e-01 7.576574373578104371e-01 6.256896316753528531e-01 7.402775916768880027e-01 3.067443844691735699e-01
1.661970264700862646e+09 -2.378064990043640137e-01 4.327206015586853027e-01 8.341146707534790039e-01 -5.791407227516174316e-01 4.895167052745819092e-01 4.076045453548431396e-01 5.087513923645019531e-01 3.865505827689442730e-01 8.221295031518893737e-02 -5.105036621078290482e-01 7.829241564205664528e-01 6.465554258516125197e-01 7.649647194144315598e-01 3.169738414827363293e-01
1.661970264732777357e+09 -2.398377060890197754e-01 4.433273375034332275e-01 8.370070457458496094e-01 -5.628243088722229004e-01 4.964970648288726807e-01 4.160101711750030518e-01 5.134735703468322754e-01 3.503115896921489281e-01 7.707418029212614874e-02 -4.785943229411159794e-01 7.339870100230549976e-01 6.061420891707450798e-01 7.171501384541704160e-01 2.971612004272635166e-01
1.661970264763202667e+09 -2.417635917663574219e-01 4.536002576351165771e-01 8.397009372711181641e-01 -5.463048219680786133e-01 5.033152103424072266e-01 4.242183566093444824e-01 5.179414749145507812e-01 3.547529689155272115e-01 8.084716897106099254e-02 -5.020228038593073094e-01 7.699176507227801780e-01 6.358143767202082408e-01 7.522565689504634445e-01 3.117080414157922252e-01
1.661970264794119358e+09 -2.435880303382873535e-01 4.635385870933532715e-01 8.421893119812011719e-01 -5.295914411544799805e-01 5.099697709083557129e-01 4.322237372398376465e-01 5.221555233001708984e-01 3.365914914701921834e-01 7.956220810574213265e-02 -4.940438026813187000e-01 7.576808085019830497e-01 6.257089320634545704e-01 7.403004267121819915e-01 3.067538464857526570e-01
1.661970264824039698e+09 -2.453151196241378784e-01 4.731418490409851074e-01 8.444653153419494629e-01 -5.126924514770507812e-01 5.164585709571838379e-01 4.400202631950378418e-01 5.261170864105224609e-01 3.348646779789234973e-01 8.221164009644918447e-02 -5.104955262671643235e-01 7.829116790444804463e-01 6.465451217689661689e-01 7.649525282559086481e-01 3.169687899055220748e-01
1.661970264854462862e+09 -2.469491809606552124e-01 4.824098348617553711e-01 8.465225696563720703e-01 -4.956168830394744873e-01 5.227801203727722168e-01 4.476024508476257324e-01 5.298272967338562012e-01 3.166394005181888960e-01 8.085287117883456498e-02 -5.020582118812716432e-01 7.699719535569899964e-01 6.358592211560447627e-01 7.523096261361340575e-01 3.117300264035063884e-01
1.661970264886379004e+09 -2.484946995973587036e-01 4.913426935672760010e-01 8.483548760414123535e-01 -4.783734083175659180e-01 5.289328694343566895e-01 4.549646973609924316e-01 5.332878232002258301e-01 2.897871766740083843e-01 7.707072575488926880e-02 -4.785728718935188253e-01 7.339541120350659975e-01 6.061149213123268042e-01 7.171179951106010364e-01 2.971478813828267729e-01
