1.661970265004065037e+09 1.378528122206244648e-16 -2.367949187755584717e-01 1.128897309303283691e+00 -6.125128269195556641e-01 6.125135421752929688e-01 3.533097505569458008e-01 3.533093035221099854e-01 0.000000000000000000e+00 0.000000000000000000e+00 0.000000000000000000e+00 0.000000000000000000e+00 0.000000000000000000e+00 0.000000000000000000e+00 0.000000000000000000e+00
1.661970278592483282e+09 1.378528122206244648e-16 -2.367949187755584717e-01 1.128897309303283691e+00 -6.125128269195556641e-01 6.125135421752929688e-01 3.533097505569458008e-01 3.533093035221099854e-01 0.000000000000000000e+00 0.000000000000000000e+00 0.000000000000000000e+00 0.000000000000000000e+00 0.000000000000000000e+00 0.000000000000000000e+00 0.000000000000000000e+00
1.661970278623399734e+09 -6.027227733284235001e-03 -2.263893783092498779e-01 1.129136443138122559e+00 6.155160665512084961e-01 -6.093718409538269043e-01 -3.554553091526031494e-01 -3.513650596141815186e-01 3.890312367268990434e-01 2.238949109031332096e-01 -5.862379950924749838e-01 3.019971602715414427e-01 2.209148519612982031e-01 2.950736055217766385e-01 -2.301533865908539367e-01
1.661970278654316902e+09 -1.217747572809457779e-02 -2.159743607044219971e-01 1.129187822341918945e+00 6.184614300727844238e-01 -6.062488555908203125e-01 -3.575750887393951416e-01 -3.494394421577453613e-01 3.912223184932916431e-01 2.238897311880532481e-01 -5.862244327217421835e-01 3.019901736936168035e-01 2.209097411886349338e-01 2.950667791173797738e-01 -2.301480620885594519e-01
1.661970278685234070e+09 -1.845129020512104034e-02 -2.055543512105941772e-01 1.129049658775329590e+00 6.213501095771789551e-01 -6.031449437141418457e-01 -3.596682846546173096e-01 -3.475325107574462891e-01 3.934297784137341658e-01 2.238897311880532481e-01 -5.862244327217566164e-01 3.019901736936024816e-01 2.209097411886349338e-01 2.950667791173815502e-01 -2.301480620885576478e-01
1.661970278717149258e+09 -2.484912052750587463e-02 -1.951338648796081543e-01 1.128720402717590332e+00 6.241828799247741699e-01 -6.000609993934631348e-01 -3.617347180843353271e-01 -3.456451594829559326e-01 3.832726569992691568e-01 2.168884730658588167e-01 -5.678926023638262155e-01 2.925466358181817994e-01 2.140016703648341123e-01 2.858397427860434048e-01 -2.229510996354158447e-01
1.661970278748066187e+09 -3.137131780385971069e-02 -1.847174763679504395e-01 1.128198266029357910e+00 6.269608139991760254e-01 -5.969973206520080566e-01 -3.637735843658447266e-01 -3.437776565551757812e-01 3.978703080442080875e-01 2.238914577331173605e-01 -5.862289534422711057e-01 3.019925025169970523e-01 2.209114447532479208e-01 2.950690545504170981e-01 -2.301498368952828444e-01
1.661970278778983593e+09 -3.801812976598739624e-02 -1.743097901344299316e-01 1.127481937408447266e+00 6.296847462654113770e-01 -5.939548015594482422e-01 -3.657844364643096924e-01 -3.419306576251983643e-01 4.000933695799190892e-01 2.238880046696175297e-01 -5.862199120709504774e-01 3.019878449061395020e-01 2.209080376502959020e-01 2.950645037194362663e-01 -2.301462873092051942e-01
1.661970278810898066e+09 -4.478970542550086975e-02 -1.639154255390167236e-01 1.126569867134094238e+00 6.323557496070861816e-01 -5.909337401390075684e-01 -3.677668273448944092e-01 -3.401045799255371094e-01 3.897607314784850563e-01 2.168933338926929966e-01 -5.679053297695821900e-01 2.925531922686677166e-01 2.140064664936793537e-01 2.858461489240569642e-01 -2.229560963356651548e-01
1.661970278842813253e+09 -5.168608948588371277e-02 -1.535390615463256836e-01 1.125460743904113770e+00 6.349747180938720703e-01 -5.879347920417785645e-01 -3.697201609611511230e-01 -3.382998406887054443e-01 3.919251596344820454e-01 2.168884730658588167e-01 -5.678926023638262155e-01 2.925466358181679216e-01 2.140016703648341123e-01 2.858397427860434048e-01 -2.229510996354158447e-01
1.661970278874727726e+09 -5.870722234249114990e-02 -1.431854218244552612e-01 1.124153137207031250e+00 6.375427246093750000e-01 -5.849583148956298828e-01 -3.716440498828887939e-01 -3.365170657634735107e-01 3.941132669511876463e-01 2.168933338926929966e-01 -5.679053297695753066e-01 2.925531922686816499e-01 2.140064664936793537e-01 2.858461489240569642e-01 -2.229560963356651548e-01
1.661970278906642437e+09 -6.585294753313064575e-02 -1.328592151403427124e-01 1.122645735740661621e+00 6.400607228279113770e-01 -5.820049047470092773e-01 -3.735379278659820557e-01 -3.347566425800323486e-01 3.962967151121257747e-01 2.168917135928730977e-01 -5.679010872376032415e-01 2.925510067525144975e-01 2.140048677601779636e-01 2.858440135128161863e-01 -2.229544307440313455e-01
1.661970278938557386e+09 -7.312299311161041260e-02 -1.225652173161506653e-01 1.120937585830688477e+00 6.425297260284423828e-01 -5.790749192237854004e-01 -3.754012882709503174e-01 -3.330191075801849365e-01 3.984845717416071187e-01 2.168900933172601408e-01 -5.678968447690253551e-01 2.925488212690217638e-01 2.140032690505613289e-01 2.858418781334750580e-01 -2.229527651772776897e-01
1.661970278970472097e+09 -8.051698654890060425e-02 -1.123081892728805542e-01 1.119027256965637207e+00 6.449507474899291992e-01 -5.761688351631164551e-01 -3.772335946559906006e-01 -3.313048481941223145e-01 4.006858238379623072e-01 2.168917135928730977e-01 -5.679010872376032415e-01 2.925510067525214919e-01 2.140048677601779636e-01 2.858440135128144099e-01 -2.229544307440313455e-01
1.661970279002386570e+09 -8.803445100784301758e-02 -1.020929515361785889e-01 1.116913914680480957e+00 6.473248600959777832e-01 -5.732868909835815430e-01 -3.790344595909118652e-01 -3.296143114566802979e-01 4.028910276757845521e-01 2.168933338926938570e-01 -5.679053297695753066e-01 2.925531922686746555e-01 2.140064664936802141e-01 2.858461489240569642e-01 -2.229560963356651548e-01
1.661970279034301758e+09 -9.567479044198989868e-02 -9.192430227994918823e-02 1.114596486091613770e+00 6.496530175209045410e-01 -5.704296231269836426e-01 -3.808032870292663574e-01 -3.279480934143066406e-01 4.050899651997809658e-01 2.168884730658588167e-01 -5.678926023638262155e-01 2.925466358181748605e-01 2.140016703648341123e-01 2.858397427860451256e-01 -2.229510996354149566e-01
1.661970279064221621e+09 -1.034373119473457336e-01 -8.180709183216094971e-02 1.112074017524719238e+00 6.519362330436706543e-01 -5.675972700119018555e-01 -3.825396597385406494e-01 -3.263065516948699951e-01 4.344650924397188696e-01 2.313525438195108419e-01 -6.057647800086504164e-01 3.120562721736797607e-01 2.282732231947384172e-01 3.049021032952045629e-01 -2.378194807630369945e-01
1.661970279095139265e+09 -1.113212108612060547e-01 -7.174614071846008301e-02 1.109345674514770508e+00 6.541755199432373047e-01 -5.647901296615600586e-01 -3.842431902885437012e-01 -3.246901333332061768e-01 4.227329304996697013e-01 2.238862781778095945e-01 -5.862153914898871054e-01 3.019855161545786926e-01 2.209063341382302703e-01 2.950622283565858539e-01 -2.301445125572257333e-01
1.661970279126056194e+09 -1.193255782127380371e-01 -6.174631789326667786e-02 1.106410741806030273e+00 6.563720703125000000e-01 -5.620085000991821289e-01 -3.859133124351501465e-01 -3.230992555618286133e-01 4.250351999959426363e-01 2.238914577331173605e-01 -5.862289534422711057e-01 3.019925025169970523e-01 2.209114447532479208e-01 2.950690545504170981e-01 -2.301498368952828444e-01
1.661970279157480955e+09 -1.274493783712387085e-01 -5.181246995925903320e-02 1.103268384933471680e+00 6.585266590118408203e-01 -5.592527389526367188e-01 -3.875495195388793945e-01 -3.215345144271850586e-01 4.204266842842931950e-01 2.202733187780584467e-01 -5.767553547864383567e-01 2.971122321906796149e-01 2.173414635133524841e-01 2.903006687821066967e-01 -2.264305610515224554e-01
1.661970279188398123e+09 -1.356914937496185303e-01 -4.194945469498634338e-02 1.099917888641357422e+00 6.606405377388000488e-01 -5.565229058265686035e-01 -3.891514539718627930e-01 -3.199961185455322266e-01 4.296309660952678522e-01 2.238897311880532481e-01 -5.862244327217494000e-01 3.019901736936096426e-01 2.209097411886349338e-01 2.950667791173797738e-01 -2.301480620885585637e-01
1.661970279219317198e+09 -1.440506726503372192e-01 -3.216212615370750427e-02 1.096358895301818848e+00 6.627146005630493164e-01 -5.538194179534912109e-01 -3.907186388969421387e-01 -3.184846639633178711e-01 4.319074655473459923e-01 2.238759197861099060e-01 -5.861882694675177863e-01 3.019715443994056558e-01 2.208961136175419115e-01 2.950485769163899152e-01 -2.301338646201212257e-01
1.661970279250232935e+09 -1.525255441665649414e-01 -2.245534211397171021e-02 1.092590808868408203e+00 6.647499799728393555e-01 -5.511422157287597656e-01 -3.922506272792816162e-01 -3.170004189014434814e-01 4.342604668504873588e-01 2.239000908578853422e-01 -5.862515580907419199e-01 3.020041471727656912e-01 2.209199629704436119e-01 2.950804322420418901e-01 -2.301587113395218709e-01
1.661970279281150579e+09 -1.611146777868270874e-01 -1.283394359052181244e-02 1.088613271713256836e+00 6.667476892471313477e-01 -5.484914183616638184e-01 -3.937468826770782471e-01 -3.155439198017120361e-01 4.365424288636777783e-01 2.238862781778095945e-01 -5.862153914898871054e-01 3.019855161545643152e-01 2.209063341382302703e-01 2.950622283565858539e-01 -2.301445125572257333e-01
1.661970279311070442e+09 -1.698164790868759155e-01 -3.302766242995858192e-03 1.084425687789916992e+00 6.687087416648864746e-01 -5.458675026893615723e-01 -3.952071964740753174e-01 -3.141155838966369629e-01 4.534902373035030743e-01 2.313525438195117856e-01 -6.057647800086578549e-01 3.120562721736871437e-01 2.282732231947393331e-01 3.049021032952064503e-01 -2.378194807630379382e-01
1.661970279341987610e+09 -1.786292493343353271e-01 6.133369170129299164e-03 1.080028057098388672e+00 6.706342101097106934e-01 -5.432702302932739258e-01 -3.966309428215026855e-01 -3.127157688140869141e-01 4.411730565381966618e-01 2.238897311880523322e-01 -5.862244327217494000e-01 3.019901736936096426e-01 2.209097411886340456e-01 2.950667791173797738e-01 -2.301480620885576478e-01
1.661970279372905493e+09 -1.875512301921844482e-01 1.546965632587671280e-02 1.075419902801513672e+00 6.725250482559204102e-01 -5.406998395919799805e-01 -3.980177342891693115e-01 -3.113448619842529297e-01 4.434786748539994439e-01 2.238845517126288043e-01 -5.862108709785360805e-01 3.019831874389263260e-01 2.209046306524373449e-01 2.950599530288276484e-01 -2.301427378326159345e-01
1.661970279403822660e+09 -1.965804845094680786e-01 2.470131032168865204e-02 1.070601344108581543e+00 6.743823885917663574e-01 -5.381563901901245117e-01 -3.993672132492065430e-01 -3.100032806396484375e-01 4.458020877198394238e-01 2.238897311880532481e-01 -5.862244327217566164e-01 3.019901736936096426e-01 2.209097411886349338e-01 2.950667791173797738e-01 -2.301480620885585637e-01
1.661970279434739828e+09 -2.057150155305862427e-01 3.382356837391853333e-02 1.065572142601013184e+00 6.762072443962097168e-01 -5.356397032737731934e-01 -4.006788432598114014e-01 -3.086913526058197021e-01 4.481178324395026502e-01 2.238897311880532481e-01 -5.862244327217494000e-01 3.019901736936096426e-01 2.209097411886349338e-01 2.950667791173797738e-01 -2.301480620885585637e-01
1.661970279466654778e+09 -2.149526923894882202e-01 4.283169284462928772e-02 1.060332298278808594e+00 6.780006289482116699e-01 -5.331498980522155762e-01 -4.019522964954376221e-01 -3.074095249176025391e-01 4.363511438881501614e-01 2.168900933172618894e-01 -5.678968447690253551e-01 2.925488212690217638e-01 2.140032690505630775e-01 2.858418781334768344e-01 -2.229527651772794383e-01
1.661970279497572422e+09 -2.242912799119949341e-01 5.172097310423851013e-02 1.054882049560546875e+00 6.797635555267333984e-01 -5.306869745254516602e-01 -4.031872749328613281e-01 -3.061581254005432129e-01 4.527393110067245985e-01 2.238862781778095945e-01 -5.862153914898871054e-01 3.019855161545643152e-01 2.209063341382302703e-01 2.950622283565858539e-01 -2.301445125572257333e-01
1.661970279527491570e+09 -2.337284535169601440e-01 6.048673391342163086e-02 1.049221515655517578e+00 6.814969778060913086e-01 -5.282509922981262207e-01 -4.043833017349243164e-01 -3.049376308917999268e-01 4.702383712348677802e-01 2.313580745999033739e-01 -6.057792615955500670e-01 3.120637322806002478e-01 2.282786803600072301e-01 3.049093923725025301e-01 -2.378251661438824105e-01
1.661970279558409452e+09 -2.432617545127868652e-01 6.912433356046676636e-02 1.043350815773010254e+00 6.832019686698913574e-01 -5.258415937423706055e-01 -4.055398702621459961e-01 -3.037482500076293945e-01 4.573604818990177345e-01 2.238845517126297202e-01 -5.862108709785431859e-01 3.019831874389263260e-01 2.209046306524382608e-01 2.950599530288276484e-01 -2.301427378326168227e-01
1.661970279590324163e+09 -2.528886198997497559e-01 7.762917131185531616e-02 1.037270307540893555e+00 6.848796010017395020e-01 -5.234588980674743652e-01 -4.066567718982696533e-01 -3.025903999805450439e-01 4.453123650526467636e-01 2.168917135928722095e-01 -5.679010872376032415e-01 2.925510067525214919e-01 2.140048677601771032e-01 2.858440135128144099e-01 -2.229544307440295969e-01
1.661970279621241331e+09 -2.626064121723175049e-01 8.599667996168136597e-02 1.030980467796325684e+00 6.865308880805969238e-01 -5.211026072502136230e-01 -4.077336192131042480e-01 -3.014644384384155273e-01 4.619861723231574735e-01 2.238897311880532481e-01 -5.862244327217494000e-01 3.019901736936096426e-01 2.209097411886349338e-01 2.950667791173797738e-01 -2.301480620885585637e-01
1.661970279651665449e+09 -2.724123299121856689e-01 9.422233700752258301e-02 1.024481773376464844e+00 6.881566047668457031e-01 -5.187726616859436035e-01 -4.087698459625244141e-01 -3.003707230091094971e-01 4.718118277161004182e-01 2.275180614188921646e-01 -5.957247158299362466e-01 3.068841903633909296e-01 2.244897780576251001e-01 2.998485960819507468e-01 -2.338778140821572149e-01
1.661970279683580637e+09 -2.823035418987274170e-01 1.023016795516014099e-01 1.017774581909179688e+00 6.897580027580261230e-01 -5.164688825607299805e-01 -4.097653031349182129e-01 -2.993095219135284424e-01 4.519983275616835106e-01 2.168884730658579285e-01 -5.678926023638192211e-01 2.925466358181748605e-01 2.140016703648332519e-01 2.858397427860434048e-01 -2.229510996354140961e-01
1.661970279715494633e+09 -2.922770678997039795e-01 1.102302819490432739e-01 1.010859727859497070e+00 6.913358569145202637e-01 -5.141910314559936523e-01 -4.107195138931274414e-01 -2.982812821865081787e-01 4.542371496063744019e-01 2.168965745649610588e-01 -5.679138150236932026e-01 2.925575633989445645e-01 2.140096640323436439e-01 2.858504198422595621e-01 -2.229594275935946612e-01
1.661970279746917009e+09 -3.023298084735870361e-01 1.180037781596183777e-01 1.003737688064575195e+00 6.928913593292236328e-01 -5.119388699531555176e-01 -4.116322696208953857e-01 -2.972862422466278076e-01 4.635986260823764527e-01 2.202900321069994338e-01 -5.767991163369291518e-01 2.971347757038774184e-01 2.173579543865656882e-01 2.903226954651179637e-01 -2.264477415637621560e-01
1.661970279777834415e+09 -3.124586045742034912e-01 1.256178617477416992e-01 9.964094758033752441e-01 6.944252252578735352e-01 -5.097122192382812500e-01 -4.125030636787414551e-01 -2.963246703147888184e-01 4.734532497010006669e-01 2.238880046696175297e-01 -5.862199120709647993e-01 3.019878449061323411e-01 2.209080376502959020e-01 2.950645037194372100e-01 -2.301462873092051942e-01
1.661970279808752060e+09 -3.226601779460906982e-01 1.330682635307312012e-01 9.888758063316345215e-01 6.959385275840759277e-01 -5.075107216835021973e-01 -4.133316874504089355e-01 -2.953969538211822510e-01 4.757280542491962305e-01 2.238862781778095945e-01 -5.862153914898871054e-01 3.019855161545715316e-01 2.209063341382302703e-01 2.950622283565858539e-01 -2.301445125572248451e-01
1.661970279839669466e+09 -3.329311311244964600e-01 1.403508186340332031e-01 9.811375737190246582e-01 6.974323391914367676e-01 -5.053340196609497070e-01 -4.141176640987396240e-01 -2.945033907890319824e-01 4.780040220041724131e-01 2.238880046696175297e-01 -5.862199120709575828e-01 3.019878449061323411e-01 2.209080376502959020e-01 2.950645037194362663e-01 -2.301462873092069983e-01
1.661970279871091366e+09 -3.432680666446685791e-01 1.474613696336746216e-01 9.731958508491516113e-01 6.989074349403381348e-01 -5.031818747520446777e-01 -4.148608446121215820e-01 -2.936442494392395020e-01 4.725581384237986238e-01 2.202933750771436383e-01 -5.768078694439500165e-01 2.971392848170357759e-01 2.173612528615133099e-01 2.903271012028358355e-01 -2.264511779790717438e-01
1.661970279903006315e+09 -3.536673188209533691e-01 1.543958932161331177e-01 9.650516510009765625e-01 7.003647089004516602e-01 -5.010539889335632324e-01 -4.155607521533966064e-01 -2.928197979927062988e-01 4.674438484731509025e-01 2.168900933172618894e-01 -5.678968447690183607e-01 2.925488212690217638e-01 2.140032690505630775e-01 2.858418781334768344e-01 -2.229527651772794383e-01
1.661970279934921265e+09 -3.641253113746643066e-01 1.611503809690475464e-01 9.567061662673950195e-01 7.018051743507385254e-01 -4.989499151706695557e-01 -4.162171781063079834e-01 -2.920304536819458008e-01 4.696228491198899402e-01 2.168900933172601408e-01 -5.678968447690253551e-01 2.925488212690217638e-01 2.140032690505630775e-01 2.858418781334768344e-01 -2.229527651772794383e-01
1.661970279966344118e+09 -3.746382594108581543e-01 1.677209287881851196e-01 9.481606483459472656e-01 7.032297253608703613e-01 -4.968692660331726074e-01 -4.168297648429870605e-01 -2.912762761116027832e-01 4.791807309199847542e-01 2.202866892383134045e-01 -5.767903634955694470e-01 2.971302667275622644e-01 2.173546560117240178e-01 2.903182898611147422e-01 -2.264443052527450040e-01
1.661970279998258829e+09 -3.852023184299468994e-01 1.741036921739578247e-01 9.394164085388183594e-01 7.046391963958740234e-01 -4.948115944862365723e-01 -4.173982739448547363e-01 -2.905576825141906738e-01 4.739557510746270630e-01 2.168917135928730977e-01 -5.679010872376032415e-01 2.925510067525214919e-01 2.140048677601779636e-01 2.858440135128144099e-01 -2.229544307440295969e-01
1.661970280029177189e+09 -3.958135247230529785e-01 1.802949309349060059e-01 9.304747581481933594e-01 7.060344815254211426e-01 -4.927766025066375732e-01 -4.179223775863647461e-01 -2.898748815059661865e-01 4.914494179605639057e-01 2.238810988621462716e-01 -5.862018301649933871e-01 3.019785301153722901e-01 2.209012237596673645e-01 2.950554024785846940e-01 -2.301391884655099862e-01
1.661970280060093403e+09 -4.064679145812988281e-01 1.862909495830535889e-01 9.213372468948364258e-01 7.074164748191833496e-01 -4.907635748386383057e-01 -4.184017777442932129e-01 -2.892281711101531982e-01 4.936925660801988469e-01 2.238966375280861953e-01 -5.862425160221603759e-01 3.019994892027000888e-01 2.209165556047367474e-01 2.950758810601004090e-01 -2.301551614797011092e-01
1.661970280092008114e+09 -4.171613752841949463e-01 1.920881867408752441e-01 9.120053648948669434e-01 7.087860107421875000e-01 -4.887723922729492188e-01 -4.188362956047058105e-01 -2.886177301406860352e-01 4.803766583926974976e-01 2.168917135928730977e-01 -5.679010872376102359e-01 2.925510067525214919e-01 2.140048677601779636e-01 2.858440135128148540e-01 -2.229544307440313455e-01
1.661970280123923302e+09 -4.278897047042846680e-01 1.976831108331680298e-01 9.024807214736938477e-01 7.101438641548156738e-01 -4.868022501468658447e-01 -4.192255735397338867e-01 -2.880438566207885742e-01 4.824872346854906513e-01 2.168884730658588167e-01 -5.678926023638192211e-01 2.925466358181748605e-01 2.140016703648341123e-01 2.858397427860434048e-01 -2.229510996354140961e-01
1.661970280155838728e+09 -4.278897047042846680e-01 1.976831108331680298e-01 9.024807214736938477e-01 7.101438641548156738e-01 -4.868022501468658447e-01 -4.192255735397338867e-01 -2.880438566207885742e-01 0.000000000000000000e+00 0.000000000000000000e+00 0.000000000000000000e+00 0.000000000000000000e+00 0.000000000000000000e+00 0.000000000000000000e+00 0.000000000000000000e+00
1.661970280187752485e+09 -4.024283289909362793e-01 2.167591303586959839e-01 9.006619453430175781e-01 6.982587575912475586e-01 -4.966218769550323486e-01 -4.212843775749206543e-01 -2.971882522106170654e-01 9.985242810591897777e-01 -7.136069044685973140e-01 -4.371190863547251282e-01 3.733056845462264794e-01 2.333190106066055369e-01 5.992219361829002056e-01 2.287399328753581679e-02
1.661970280219667435e+09 -3.762340247631072998e-01 2.352010011672973633e-01 8.987323641777038574e-01 6.861694455146789551e-01 -5.062221288681030273e-01 -4.231000840663909912e-01 -3.064262568950653076e-01 1.005582231617671241e+00 -7.135802496959424701e-01 -4.371027590044754274e-01 3.732917407655679254e-01 2.333102956332132605e-01 5.991995539380273739e-01 2.287313889405149375e-02
1.661970280251582146e+09 -3.493245840072631836e-01 2.529807686805725098e-01 8.966912627220153809e-01 6.738806366920471191e-01 -5.155977606773376465e-01 -4.246696233749389648e-01 -3.157522678375244141e-01 1.012612758347433362e+00 -7.135855804911740430e-01 -4.371060243769467335e-01 3.732945294383661072e-01 2.333120385758089832e-01 5.992040302532368745e-01 2.287330976764077525e-02
1.661970280282499790e+09 -3.493245840072631836e-01 2.529807686805725098e-01 8.966912627220153809e-01 6.738806366920471191e-01 -5.155977606773376465e-01 -4.246696233749389648e-01 -3.157522678375244141e-01 0.000000000000000000e+00 0.000000000000000000e+00 0.000000000000000000e+00 0.000000000000000000e+00 0.000000000000000000e+00 0.000000000000000000e+00 0.000000000000000000e+00
1.661970280312419891e+09 -3.594787418842315674e-01 2.610558867454528809e-01 8.846101164817810059e-01 6.746153235435485840e-01 -5.142581462860107422e-01 -4.249825477600097656e-01 -3.159471154212951660e-01 5.924987004991995043e-01 2.153920479276814903e-01 -7.395123648253664195e-01 3.922332396666824428e-01 2.838966519443779646e-01 4.010927741065023477e-01 -2.755208046463061278e-01
1.661970280343337059e+09 -3.696555197238922119e-01 2.688593268394470215e-01 8.722493052482604980e-01 6.753408908843994141e-01 -5.129538774490356445e-01 -4.252198338508605957e-01 -3.161978125572204590e-01 5.761044226983238481e-01 2.084457390930953280e-01 -7.156633819010035369e-01 3.795838719480210122e-01 2.747410965722842935e-01 3.881576898864971814e-01 -2.666353670554577615e-01
1.661970280375251293e+09 -3.798489272594451904e-01 2.763851284980773926e-01 8.596126437187194824e-01 6.760588288307189941e-01 -5.116838216781616211e-01 -4.253810644149780273e-01 -3.165046572685241699e-01 5.607193426121445112e-01 2.019334642878009844e-01 -6.933045818060591392e-01 3.677248889026479284e-01 2.661576180662176827e-01 3.760308430853698258e-01 -2.583051282574352903e-01
1.661970280407166481e+09 -3.900528550148010254e-01 2.836273908615112305e-01 8.467037677764892578e-01 6.767704486846923828e-01 -5.104467272758483887e-01 -4.254654943943023682e-01 -3.168677389621734619e-01 5.633064320924170421e-01 2.019274302089930639e-01 -6.932838648114815205e-01 3.677139007241156943e-01 2.661496648720886871e-01 3.760196067122963948e-01 -2.582974097076357611e-01
1.661970280439080715e+09 -4.002610743045806885e-01 2.905804216861724854e-01 8.335266709327697754e-01 6.774771213531494141e-01 -5.092412829399108887e-01 -4.254726171493530273e-01 -3.172871172428131104e-01 5.659130850052459527e-01 2.019334642878009844e-01 -6.933045818060521448e-01 3.677248889026479284e-01 2.661576180662176827e-01 3.760308430853697148e-01 -2.583051282574335139e-01
1.661970280469997883e+09 -4.002610743045806885e-01 2.905804216861724854e-01 8.335266709327697754e-01 6.774771213531494141e-01 -5.092412829399108887e-01 -4.254726171493530273e-01 -3.172871172428131104e-01 0.000000000000000000e+00 0.000000000000000000e+00 0.000000000000000000e+00 0.000000000000000000e+00 0.000000000000000000e+00 -1.346609879549047098e-15 0.000000000000000000e+00
1.661970280499917746e+09 -3.970857560634613037e-01 2.991853654384613037e-01 8.349191546440124512e-01 6.712283492088317871e-01 -5.097033977508544922e-01 -4.294990301132202148e-01 -3.243231773376464844e-01 3.100687607936876700e-01 -1.020631052905208586e-01 -2.902158225357747701e-01 3.569536009064043780e-01 3.700223255909326769e-01 5.732564507504037676e-01 -2.958969064073552757e-01
1.661970280530835629e+09 -3.937653303146362305e-01 3.076992332935333252e-01 8.362708687782287598e-01 6.648967862129211426e-01 -5.101909637451171875e-01 -4.333414435386657715e-01 -3.314101397991180420e-01 2.987873839318542224e-01 -9.876853825386790187e-02 -2.808477410951810693e-01 3.454312435980182450e-01 3.580781136913679941e-01 5.547519010327088829e-01 -2.863454412493791068e-01
1.661970280562750578e+09 -3.903011977672576904e-01 3.161194622516632080e-01 8.375797867774963379e-01 6.584839820861816406e-01 -5.107042193412780762e-01 -4.369983077049255371e-01 -3.385447859764099121e-01 2.882214349242164242e-01 -9.568287456558172144e-02 -2.720736750620568190e-01 3.346395009640403817e-01 3.468912656067314471e-01 5.374206959011244011e-01 -2.773996195738748782e-01
1.661970280593667507e+09 -3.866949081420898438e-01 3.244433999061584473e-01 8.388438820838928223e-01 6.519916057586669922e-01 -5.112435221672058105e-01 -4.404682219028472900e-01 -3.457236289978027344e-01 2.962523820185904988e-01 -9.877158490243558020e-02 -2.808564042219547918e-01 3.454418988898971254e-01 3.580891590929856649e-01 5.547690131021432158e-01 -2.863542739601174780e-01
1.661970280624584913e+09 -3.829480707645416260e-01 3.326686024665832520e-01 8.400611281394958496e-01 6.454212665557861328e-01 -5.118091106414794922e-01 -4.437498152256011963e-01 -3.529433012008666992e-01 2.949795309315204062e-01 -9.877006155465760384e-02 -2.808520725917624805e-01 3.454365711617825574e-01 3.580836363070005746e-01 5.547604569354677162e-01 -2.863498575366351662e-01
1.661970280656499863e+09 -3.790623247623443604e-01 3.407925665378570557e-01 8.412295579910278320e-01 6.387746930122375488e-01 -5.124011635780334473e-01 -4.468418359756469727e-01 -3.602004349231719971e-01 2.845348828431379373e-01 -9.568287456558172144e-02 -2.720736750620568190e-01 3.346395009640473206e-01 3.468912656067332234e-01 5.374206959011244011e-01 -2.773996195738748782e-01
1.661970280688414574e+09 -3.750395178794860840e-01 3.488128781318664551e-01 8.423472642898559570e-01 6.320535540580749512e-01 -5.130199193954467773e-01 -4.497430622577667236e-01 -3.674915730953216553e-01 2.833174074359675609e-01 -9.568358936369017465e-02 -2.720757075861530705e-01 3.346420008856074157e-01 3.468938570550045841e-01 5.374247106978982114e-01 -2.774016918853912106e-01
1.661970280720329285e+09 -3.708814978599548340e-01 3.567271232604980469e-01 8.434122204780578613e-01 6.252595782279968262e-01 -5.136656761169433594e-01 -4.524523913860321045e-01 -3.748132288455963135e-01 2.821034954985504051e-01 -9.568358936368843992e-02 -2.720757075861496288e-01 3.346420008856074157e-01 3.468938570550045841e-01 5.374247106978982114e-01 -2.774016918853894897e-01
1.661970280750249147e+09 -3.665902018547058105e-01 3.645330369472503662e-01 8.444225788116455078e-01 6.183943748474121094e-01 -5.143386125564575195e-01 -4.549686908721923828e-01 -3.821620345115661621e-01 2.996283381341806606e-01 -1.020631052905208586e-01 -2.902158225357747701e-01 3.569536009063969950e-01 3.700223255909326769e-01 5.732564507504037676e-01 -2.958969064073552757e-01
1.661970280782164335e+09 -3.621676862239837646e-01 3.722282648086547852e-01 8.453763723373413086e-01 6.114597916603088379e-01 -5.150386691093444824e-01 -4.572909176349639893e-01 -3.895342946052551270e-01 2.796988024486491420e-01 -9.568215977815462681e-02 -2.720716425683349371e-01 3.346370010798240258e-01 3.468886741971800580e-01 5.374166811643364960e-01 -2.773975472933205011e-01
1.661970280814078808e+09 -3.576160669326782227e-01 3.798106908798217773e-01 8.462717533111572266e-01 6.044575572013854980e-01 -5.157665014266967773e-01 -4.594183266162872314e-01 -3.969267904758453369e-01 2.785218134618223096e-01 -9.568430417247503206e-02 -2.720777401406105356e-01 3.346445008445260161e-01 3.468964485419950283e-01 5.374287255546557063e-01 -2.774037642278683879e-01
1.661970280844996214e+09 -3.529375195503234863e-01 3.872780799865722656e-01 8.471069335937500000e-01 5.973894000053405762e-01 -5.165218114852905273e-01 -4.613499343395233154e-01 -4.043357968330383301e-01 2.862935406113428782e-01 -9.877006155465760384e-02 -2.808520725917624805e-01 3.454365711617897183e-01 3.580836363069969663e-01 5.547604569354659398e-01 -2.863498575366351662e-01
1.661970280876419783e+09 -3.481343686580657959e-01 3.946283459663391113e-01 8.478800654411315918e-01 5.902571082115173340e-01 -5.173048377037048340e-01 -4.630849361419677734e-01 -4.117579162120819092e-01 2.805041924280783361e-01 -9.717909918227113364e-02 -2.763281807092715092e-01 3.398723690329849001e-01 3.523157185537398317e-01 5.458245202884705050e-01 -2.817374087691841278e-01
1.661970280908334017e+09 -3.432089388370513916e-01 4.018594622611999512e-01 8.485893607139587402e-01 5.830624103546142578e-01 -5.181158185005187988e-01 -4.646227657794952393e-01 -4.191896319389343262e-01 2.750473944531341419e-01 -9.568501899194171989e-02 -2.720797727254402609e-01 3.346470008407970154e-01 3.468990400677054442e-01 5.374327404713998835e-01 -2.774058366013088528e-01
1.661970280940249205e+09 -3.381636738777160645e-01 4.089694619178771973e-01 8.492330908775329590e-01 5.758072137832641602e-01 -5.189548134803771973e-01 -4.659625887870788574e-01 -4.266273081302642822e-01 2.739109984126397168e-01 -9.568215977815462681e-02 -2.720716425683314399e-01 3.346370010798240258e-01 3.468886741971800580e-01 5.374166811643364960e-01 -2.773975472933205011e-01
1.661970280970168829e+09 -3.330010473728179932e-01 4.159563779830932617e-01 8.498095273971557617e-01 5.684933066368103027e-01 -5.198217630386352539e-01 -4.671039283275604248e-01 -4.340673685073852539e-01 2.909940844859744691e-01 -1.020639185941999011e-01 -2.902181351598666637e-01 3.569564453395229209e-01 3.700252741639539766e-01 5.732610188220796932e-01 -2.958992643019353053e-01
1.661970281000088930e+09 -3.277236521244049072e-01 4.228184223175048828e-01 8.503170609474182129e-01 5.611224770545959473e-01 -5.207169651985168457e-01 -4.680464565753936768e-01 -4.415065050125122070e-01 2.898242535229433869e-01 -1.020622919998034617e-01 -2.902135099485392833e-01 3.569507565186176845e-01 3.700193770649027880e-01 5.732518827515292736e-01 -2.958945485503530204e-01
1.661970281031005859e+09 -3.223341107368469238e-01 4.295537471771240234e-01 8.507540225982666016e-01 5.536965131759643555e-01 -5.216403603553771973e-01 -4.687894880771636963e-01 -4.489409029483795166e-01 2.793707282164165084e-01 -9.877158490243648226e-02 -2.808564042219547918e-01 3.454418988898971254e-01 3.580891590929856649e-01 5.547690131021449922e-01 -2.863542739601193099e-01
1.661970281061923265e+09 -3.168351352214813232e-01 4.361606836318969727e-01 8.511188030242919922e-01 5.462173223495483398e-01 -5.225920081138610840e-01 -4.693329036235809326e-01 -4.563671648502349854e-01 2.782796710317989586e-01 -9.877006155465760384e-02 -2.808520725917660887e-01 3.454365711617897183e-01 3.580836363070005746e-01 5.547604569354677162e-01 -2.863498575366369425e-01
1.661970281093838692e+09 -3.112294971942901611e-01 4.426375329494476318e-01 8.514098525047302246e-01 5.386868119239807129e-01 -5.235718488693237305e-01 -4.696761369705200195e-01 -4.637816250324249268e-01 2.685451529313383490e-01 -9.568144500140692010e-02 -2.720696101049728810e-01 3.346345012329576263e-01 3.468860828263441998e-01 5.374126664875313875e-01 -2.773954750437238048e-01
1.661970281125753164e+09 -3.055200278759002686e-01 4.489827752113342285e-01 8.516256809234619141e-01 5.311067104339599609e-01 -5.245800018310546875e-01 -4.698193371295928955e-01 -4.711808264255523682e-01 2.675445520260275045e-01 -9.568430417247589248e-02 -2.720777401406105356e-01 3.346445008445260161e-01 3.468964485419950283e-01 5.374287255546539299e-01 -2.774037642278701088e-01
1.661970281157667637e+09 -2.997095882892608643e-01 4.551948308944702148e-01 8.517648577690124512e-01 -5.234791636466979980e-01 5.256162881851196289e-01 4.697620570659637451e-01 4.785610735416412354e-01 2.665583290739793054e-01 -9.568430417247503206e-02 -2.720777401406105356e-01 3.346445008445260161e-01 3.468964485419950283e-01 5.374287255546557063e-01 -2.774037642278701088e-01
1.661970281189582586e+09 -2.938011586666107178e-01 4.612723290920257568e-01 8.518258333206176758e-01 -5.158057808876037598e-01 5.266807675361633301e-01 4.695045948028564453e-01 4.859190583229064941e-01 2.655931916092469369e-01 -9.568287456558172144e-02 -2.720736750620568190e-01 3.346395009640333873e-01 3.468912656067332234e-01 5.374206959011244011e-01 -2.773996195738714365e-01
1.661970281220499992e+09 -2.877977490425109863e-01 4.672138392925262451e-01 8.518074154853820801e-01 -5.080884695053100586e-01 5.277734994888305664e-01 4.690465927124023438e-01 4.932509362697601318e-01 2.731945647136539979e-01 -9.877006155465760384e-02 -2.808520725917624805e-01 3.454365711617897183e-01 3.580836363070005746e-01 5.547604569354677162e-01 -2.863498575366369425e-01
1.661970281251417398e+09 -2.817023694515228271e-01 4.730181396007537842e-01 8.517081141471862793e-01 -5.003293156623840332e-01 5.288943052291870117e-01 4.683884382247924805e-01 5.005534291267395020e-01 2.722559275503332876e-01 -9.877006155465760384e-02 -2.808520725917624805e-01 3.454365711617897183e-01 3.580836363069969663e-01 5.547604569354659398e-01 -2.863498575366369425e-01
1.661970281282334805e+09 -2.755181491374969482e-01 4.786839485168457031e-01 8.515266776084899902e-01 -4.925301969051361084e-01 5.300431847572326660e-01 4.675302207469940186e-01 5.078227519989013672e-01 2.713427103410334107e-01 -9.877006155465760384e-02 -2.808520725917660887e-01 3.454365711617897183e-01 3.580836363070005746e-01 5.547604569354659398e-01 -2.863498575366333343e-01
1.661970281313252211e+09 -2.692482173442840576e-01 4.842101335525512695e-01 8.512619733810424805e-01 -4.846927523612976074e-01 5.312197208404541016e-01 4.664719700813293457e-01 5.150557160377502441e-01 2.704582601596205449e-01 -9.877006155465760384e-02 -2.808520725917624805e-01 3.454365711617897183e-01 3.580836363070005746e-01 5.547604569354659398e-01 -2.863498575366369425e-01
1.661970281344170332e+09 -2.628957629203796387e-01 4.895956516265869141e-01 8.509127497673034668e-01 -4.768192470073699951e-01 5.324241518974304199e-01 4.652143120765686035e-01 5.222485661506652832e-01 2.695969999947186446e-01 -9.876777662109385847e-02 -2.808455753969925084e-01 3.454285798777560479e-01 3.580753524474314942e-01 5.547476231802968005e-01 -2.863432331568357969e-01
1.661970281374595642e+09 -2.564640641212463379e-01 4.948395192623138428e-01 8.504778742790222168e-01 -4.689114689826965332e-01 5.336562395095825195e-01 4.637574255466461182e-01 5.293978452682495117e-01 2.731237395974223658e-01 -1.003675587300928151e-01 -2.853945461471949496e-01 3.510236279888993005e-01 3.638752455109033890e-01 5.637330975215724127e-01 -2.909812517202636228e-01
