1.661970302073141575e+09 1.378528122206244648e-16 -2.367949187755584717e-01 1.128897309303283691e+00 -6.125128269195556641e-01 6.125135421752929688e-01 3.533097505569458008e-01 3.533093035221099854e-01 0.000000000000000000e+00 0.000000000000000000e+00 0.000000000000000000e+00 0.000000000000000000e+00 0.000000000000000000e+00 0.000000000000000000e+00 0.000000000000000000e+00
1.661970314292698383e+09 1.378528122206244648e-16 -2.367949187755584717e-01 1.128897309303283691e+00 -6.125128269195556641e-01 6.125135421752929688e-01 3.533097505569458008e-01 3.533093035221099854e-01 0.000000000000000000e+00 0.000000000000000000e+00 0.000000000000000000e+00 0.000000000000000000e+00 0.000000000000000000e+00 0.000000000000000000e+00 0.000000000000000000e+00
1.661970314325609922e+09 -5.475281272083520889e-03 -2.220185995101928711e-01 1.128482580184936523e+00 6.145576238632202148e-01 -6.087918877601623535e-01 -3.570899367332458496e-01 -3.523893356323242188e-01 4.789680476903775408e-01 1.762985904970308659e-01 -7.632773232455941637e-01 3.284746628925436784e-01 3.020333453335251606e-01 5.767164848748114192e-01 -2.897464851058775270e-01
1.661970314356527328e+09 -1.105625741183757782e-02 -2.072151899337768555e-01 1.127711296081542969e+00 6.164646148681640625e-01 -6.051579713821411133e-01 -3.608027398586273193e-01 -3.515346944332122803e-01 5.123097971589192223e-01 1.876696232238611040e-01 -8.125077305778737324e-01 3.496608569009895806e-01 3.215141083089919083e-01 6.139139576686987176e-01 -3.084347613724885973e-01
1.661970314388441563e+09 -1.674256846308708191e-02 -1.923940777778625488e-01 1.126579165458679199e+00 6.182374954223632812e-01 -6.016131639480590820e-01 -3.644451797008514404e-01 -3.507474064826965332e-01 4.986743914240557851e-01 1.818078391340106903e-01 -7.871293832131442958e-01 3.387393427389444045e-01 3.114717463519934837e-01 5.947386057508990964e-01 -2.988009274791229575e-01
1.661970314418361664e+09 -2.253370359539985657e-02 -1.775647997856140137e-01 1.125082254409790039e+00 6.198800206184387207e-01 -5.981584787368774414e-01 -3.680143654346466064e-01 -3.500295281410217285e-01 5.344289436455630371e-01 1.939250779383925594e-01 -8.395904583338400506e-01 3.613158472942899491e-01 3.322309036542377414e-01 6.343771039938470580e-01 -3.187155923829044224e-01
1.661970314449279070e+09 -2.842899970710277557e-02 -1.627369970083236694e-01 1.123216986656188965e+00 6.213960647583007812e-01 -5.947948694229125977e-01 -3.715071976184844971e-01 -3.493829071521759033e-01 5.196235527213843852e-01 1.876696232238611040e-01 -8.125077305778592995e-01 3.496608569009895806e-01 3.215141083089919083e-01 6.139139576687023814e-01 -3.084347613724903736e-01
1.661970314480701208e+09 -3.442764282226562500e-02 -1.479204595088958740e-01 1.120979905128479004e+00 6.227895617485046387e-01 -5.915230512619018555e-01 -3.749208450317382812e-01 -3.488093912601470947e-01 5.136687714150049988e-01 1.846550960650742979e-01 -7.994564621921098624e-01 3.440442731865610004e-01 3.163496443175327633e-01 6.040526904760715743e-01 -3.034803902340013626e-01
1.661970314512616158e+09 -4.052864760160446167e-02 -1.331250965595245361e-01 1.118367671966552734e+00 6.240642666816711426e-01 -5.883437991142272949e-01 -3.782525062561035156e-01 -3.483109176158905029e-01 5.080909094586050223e-01 1.818037645826688642e-01 -7.871117426146903018e-01 3.387317511474561282e-01 3.114647658629858262e-01 5.947252768812711921e-01 -2.987942309597301227e-01
1.661970314544530630e+09 -4.673087969422340393e-02 -1.183609366416931152e-01 1.115377426147460938e+00 6.252242922782897949e-01 -5.852574706077575684e-01 -3.814990520477294922e-01 -3.478889465332031250e-01 5.104513261311873773e-01 1.818064809299376194e-01 -7.871235029258168980e-01 3.387368121706533231e-01 3.114694194875589073e-01 5.947341627279738585e-01 -2.987986952726391365e-01
1.661970314575952053e+09 -5.303303524851799011e-02 -1.036380752921104431e-01 1.112006306648254395e+00 6.262736320495605469e-01 -5.822644829750061035e-01 -3.846578001976013184e-01 -3.475453555583953857e-01 5.208531814226894374e-01 1.846592994271280819e-01 -7.994746604710872839e-01 3.440521047745953021e-01 3.163568454840250399e-01 6.040664407175289075e-01 -3.034872984536154950e-01
1.661970314607866526e+09 -5.943364650011062622e-02 -8.896675705909729004e-02 1.108251810073852539e+00 6.272161602973937988e-01 -5.793650746345520020e-01 -3.877259492874145508e-01 -3.472817540168762207e-01 5.151630528754871374e-01 1.818064809299384799e-01 -7.871235029258168980e-01 3.387368121706463842e-01 3.114694194875589073e-01 5.947341627279738585e-01 -2.987986952726391365e-01
1.661970314639781952e+09 -6.593106687068939209e-02 -7.435727864503860474e-02 1.104111790657043457e+00 6.280559897422790527e-01 -5.765592455863952637e-01 -3.907006680965423584e-01 -3.470995724201202393e-01 5.175067691624727351e-01 1.818010483165654612e-01 -7.870999826549910372e-01 3.387266902755027287e-01 3.114601123774673463e-01 5.947163913000858004e-01 -2.987897667802171253e-01
1.661970314671203375e+09 -7.252348959445953369e-02 -5.982003360986709595e-02 1.099584102630615234e+00 6.287971138954162598e-01 -5.738469362258911133e-01 -3.935792744159698486e-01 -3.470003604888916016e-01 5.280445250217965514e-01 1.846592994271280819e-01 -7.994746604710943894e-01 3.440521047746024075e-01 3.163568454840250399e-01 6.040664407175289075e-01 -3.034872984536154950e-01
1.661970314703118086e+09 -7.920893281698226929e-02 -4.536550119519233704e-02 1.094667077064514160e+00 6.294435858726501465e-01 -5.712279677391052246e-01 -3.963589966297149658e-01 -3.469855189323425293e-01 5.222515496908020083e-01 1.818051227461565666e-01 -7.871176227263260161e-01 3.387342816401436307e-01 3.114670926578881893e-01 5.947297197714351835e-01 -2.987964630995084692e-01
1.661970314735033035e+09 -8.598522841930389404e-02 -3.100421279668807983e-02 1.089359283447265625e+00 6.299995779991149902e-01 -5.687018632888793945e-01 -3.990373015403747559e-01 -3.470562994480133057e-01 5.246218883457514082e-01 1.818037645826688642e-01 -7.871117426146972962e-01 3.387317511474561282e-01 3.114647658629858262e-01 5.947252768812711921e-01 -2.987942309597301227e-01
1.661970314766455412e+09 -9.285005182027816772e-02 -1.674675755202770233e-02 1.083659410476684570e+00 6.304689049720764160e-01 -5.662682652473449707e-01 -4.016113281250000000e-01 -3.472140729427337646e-01 5.352655512183862596e-01 1.846536949869145572e-01 -7.994503962832125721e-01 3.440416627364438762e-01 3.163472440015547837e-01 6.040481072013610397e-01 -3.034780875640196718e-01
1.661970314798370838e+09 -9.980087727308273315e-02 -2.603778149932622910e-03 1.077566742897033691e+00 6.308558583259582520e-01 -5.639262795448303223e-01 -4.040787816047668457e-01 -3.474600315093994141e-01 5.293839793791538240e-01 1.818010483165672098e-01 -7.870999826549910372e-01 3.387266902755027287e-01 3.114601123774690672e-01 5.947163913000892421e-01 -2.987897667802188462e-01
1.661970314829287529e+09 -1.068350225687026978e-01 1.141404546797275543e-02 1.071080327033996582e+00 6.311643719673156738e-01 -5.616752505302429199e-01 -4.064369201660156250e-01 -3.477952480316162109e-01 5.489623660171445430e-01 1.876739649490300199e-01 -8.125265278941571356e-01 3.496689462833692530e-01 3.215215465180772392e-01 6.139281605302824296e-01 -3.084418969916884468e-01
1.661970314860204220e+09 -1.139496117830276489e-01 2.529600076377391815e-02 1.064200162887573242e+00 6.313984990119934082e-01 -5.595141053199768066e-01 -4.086833894252777100e-01 -3.482209146022796631e-01 5.514443160244258957e-01 1.876739649490309358e-01 -8.125265278941499192e-01 3.496689462833692530e-01 3.215215465180772392e-01 6.139281605302824296e-01 -3.084418969916902231e-01
1.661970314892119646e+09 -1.211415901780128479e-01 3.903136029839515686e-02 1.056925892829895020e+00 6.315623521804809570e-01 -5.574418902397155762e-01 -4.108156859874725342e-01 -3.487378954887390137e-01 5.366055131826432678e-01 1.818010483165672098e-01 -7.870999826549980316e-01 3.387266902755027287e-01 3.114601123774690672e-01 5.947163913000892421e-01 -2.987897667802171253e-01
1.661970314924034119e+09 -1.284077167510986328e-01 5.260938033461570740e-02 1.049257993698120117e+00 6.316596865653991699e-01 -5.554573535919189453e-01 -4.128313958644866943e-01 -3.493471443653106689e-01 5.390460027106936947e-01 1.818064809299367590e-01 -7.871235029258030202e-01 3.387368121706394453e-01 3.114694194875571309e-01 5.947341627279703058e-01 -2.987986952726391365e-01
1.661970314954951525e+09 -1.357446014881134033e-01 6.601931899785995483e-02 1.041196823120117188e+00 6.316946744918823242e-01 -5.535590052604675293e-01 -4.147282540798187256e-01 -3.500495553016662598e-01 5.589462777896296863e-01 1.876696232238611040e-01 -8.125077305778737324e-01 3.496608569009967415e-01 3.215141083089901319e-01 6.139139576687023814e-01 -3.084347613724903736e-01
1.661970314985868692e+09 -1.431486159563064575e-01 7.925044000148773193e-02 1.032743334770202637e+00 6.316711306571960449e-01 -5.517455935478210449e-01 -4.165039658546447754e-01 -3.508459329605102539e-01 5.614759815753996852e-01 1.876710704432625887e-01 -8.125139962533164395e-01 3.496635533201951085e-01 3.215165876737803852e-01 6.139186918828761774e-01 -3.084371398755375027e-01
1.661970315017784119e+09 -1.506160050630569458e-01 9.229202568531036377e-02 1.023898482322692871e+00 6.315930485725402832e-01 -5.500151515007019043e-01 -4.181562960147857666e-01 -3.517369329929351807e-01 5.463747452020556450e-01 1.818010483165672098e-01 -7.870999826550049150e-01 3.387266902755027287e-01 3.114601123774690672e-01 5.947163913000892421e-01 -2.987897667802180135e-01
1.661970315048700809e+09 -1.581427901983261108e-01 1.051334068179130554e-01 1.014663934707641602e+00 6.314642429351806641e-01 -5.483661293983459473e-01 -4.196830093860626221e-01 -3.527232110500335693e-01 5.665734428966874292e-01 1.876739649490291317e-01 -8.125265278941427027e-01 3.496689462833692530e-01 3.215215465180754073e-01 6.139281605302788769e-01 -3.084418969916875031e-01
1.661970315079617977e+09 -1.657248735427856445e-01 1.177639365196228027e-01 1.005041360855102539e+00 6.312885880470275879e-01 -5.467965006828308105e-01 -4.210820496082305908e-01 -3.538054227828979492e-01 5.691271823912364969e-01 1.876710704432634769e-01 -8.125139962533236559e-01 3.496635533201951085e-01 3.215165876737803852e-01 6.139186918828761774e-01 -3.084371398755393345e-01
1.661970315111532688e+09 -1.733579039573669434e-01 1.301730126142501831e-01 9.950327277183532715e-01 6.310697197914123535e-01 -5.453042387962341309e-01 -4.223513603210449219e-01 -3.549839258193969727e-01 5.538335168336565584e-01 1.818051227461565666e-01 -7.871176227263260161e-01 3.387342816401436307e-01 3.114670926578899102e-01 5.947297197714317418e-01 -2.987964630995093573e-01
1.661970315142450333e+09 -1.810374110937118530e-01 1.423501223325729370e-01 9.846405386924743652e-01 6.308115124702453613e-01 -5.438872575759887695e-01 -4.234889745712280273e-01 -3.562592566013336182e-01 5.742806661057004991e-01 1.876681760267789045e-01 -8.125014649990437432e-01 3.496581605233775591e-01 3.215116289824422324e-01 6.139092235275380727e-01 -3.084323829061237920e-01
1.661970315173368216e+09 -1.887587308883666992e-01 1.542848050594329834e-01 9.738674163818359375e-01 6.305176019668579102e-01 -5.425431132316589355e-01 -4.244928658008575439e-01 -3.576316833496093750e-01 5.768763465648240052e-01 1.876667288520155186e-01 -8.124951995168531171e-01 3.496554641873366176e-01 3.215091496941286930e-01 6.139044894593852497e-01 -3.084300044764395343e-01
1.661970315205282211e+09 -1.965170353651046753e-01 1.659666895866394043e-01 9.627163410186767578e-01 6.301913857460021973e-01 -5.412695407867431641e-01 -4.253611862659454346e-01 -3.591015636920928955e-01 5.614022799319238199e-01 1.818091973583797483e-01 -7.871352635883517301e-01 3.387418733450594521e-01 3.114740732511945276e-01 5.947430488402088988e-01 -2.988031597189571009e-01
1.661970315235203028e+09 -2.043073028326034546e-01 1.773855090141296387e-01 9.511907696723937988e-01 6.298366785049438477e-01 -5.400639176368713379e-01 -4.260921478271484375e-01 -3.606691062450408936e-01 6.015103374881671794e-01 1.939204421683418944e-01 -8.395703879626285060e-01 3.613072100556158350e-01 3.322229616898006443e-01 6.343619392384169942e-01 -3.187079735013583770e-01
1.661970315266119719e+09 -2.121243774890899658e-01 1.885310709476470947e-01 9.392942190170288086e-01 6.294568181037902832e-01 -5.389236211776733398e-01 -4.266839921474456787e-01 -3.623343706130981445e-01 5.847720937938932773e-01 1.876739649490309358e-01 -8.125265278941499192e-01 3.496689462833692530e-01 3.215215465180772392e-01 6.139281605302842060e-01 -3.084418969916902231e-01
1.661970315297037125e+09 -2.199629098176956177e-01 1.993933618068695068e-01 9.270306825637817383e-01 6.290551424026489258e-01 -5.378459095954895020e-01 -4.271352291107177734e-01 -3.640975654125213623e-01 5.874076211121187496e-01 1.876696232238602158e-01 -8.125077305778665160e-01 3.496608569009895806e-01 3.215141083089919083e-01 6.139139576686969413e-01 -3.084347613724885973e-01
1.661970315326957226e+09 -2.278174012899398804e-01 2.099624276161193848e-01 9.144045114517211914e-01 6.286351084709167480e-01 -5.368278026580810547e-01 -4.274438321590423584e-01 -3.659584820270538330e-01 6.097342585684931704e-01 1.939250779383916434e-01 -8.395904583338251737e-01 3.613158472942899491e-01 3.322309036542396288e-01 6.343771039938470580e-01 -3.187155923829044224e-01
1.661970315358871698e+09 -2.356822192668914795e-01 2.202285081148147583e-01 9.014202356338500977e-01 6.281998753547668457e-01 -5.358663797378540039e-01 -4.276086091995239258e-01 -3.679171502590179443e-01 5.742196031240882625e-01 1.818064809299384799e-01 -7.871235029258168980e-01 3.387368121706394453e-01 3.114694194875589073e-01 5.947341627279738585e-01 -2.987986952726409129e-01
1.661970315389789104e+09 -2.435515522956848145e-01 2.301819622516632080e-01 8.880827426910400391e-01 6.277526617050170898e-01 -5.349584817886352539e-01 -4.276280105113983154e-01 -3.699734508991241455e-01 5.954207980168143566e-01 1.876696232238611040e-01 -8.125077305778592995e-01 3.496608569009895806e-01 3.215141083089883556e-01 6.139139576686987176e-01 -3.084347613724903736e-01
1.661970315419709206e+09 -2.514194250106811523e-01 2.398133426904678345e-01 8.743973970413208008e-01 6.272964477539062500e-01 -5.341010093688964844e-01 -4.275005459785461426e-01 -3.721271157264709473e-01 6.180474228533544556e-01 1.939250779383916434e-01 -8.395904583338400506e-01 3.613158472942899491e-01 3.322309036542396288e-01 6.343771039938470580e-01 -3.187155923829044224e-01
1.661970315449629068e+09 -2.592797577381134033e-01 2.491133362054824829e-01 8.603696227073669434e-01 6.268342733383178711e-01 -5.332905650138854980e-01 -4.272250235080718994e-01 -3.743778765201568604e-01 6.208453165513553307e-01 1.939266232443285221e-01 -8.395971486708028175e-01 3.613187264656165798e-01 3.322335510601001074e-01 6.343821590734431970e-01 -3.187181320910346116e-01
1.661970315479549170e+09 -2.671263217926025391e-01 2.580728530883789062e-01 8.460053801536560059e-01 6.263689994812011719e-01 -5.325238108634948730e-01 -4.268000721931457520e-01 -3.767253756523132324e-01 6.236407299159828499e-01 1.939250779383925594e-01 -8.395904583338326121e-01 3.613158472942973876e-01 3.322309036542396288e-01 6.343771039938480572e-01 -3.187155923829062543e-01
1.661970315511464119e+09 -2.749527096748352051e-01 2.666829824447631836e-01 8.313107490539550781e-01 6.259034276008605957e-01 -5.317972302436828613e-01 -4.262245893478393555e-01 -3.791691362857818604e-01 5.872953614387770305e-01 1.818037645826679760e-01 -7.871117426146972962e-01 3.387317511474561282e-01 3.114647658629858262e-01 5.947252768812703039e-01 -2.987942309597284019e-01
1.661970315542381287e+09 -2.827524542808532715e-01 2.749349772930145264e-01 8.162922859191894531e-01 6.254402399063110352e-01 -5.311072468757629395e-01 -4.254974424839019775e-01 -3.817086219787597656e-01 6.089752474529249726e-01 1.876710704432625887e-01 -8.125139962533236559e-01 3.496635533201951085e-01 3.215165876737786088e-01 6.139186918828761774e-01 -3.084371398755375027e-01
1.661970315573299408e+09 -2.905189394950866699e-01 2.828204035758972168e-01 8.009567856788635254e-01 6.249821186065673828e-01 -5.304501652717590332e-01 -4.246176779270172119e-01 -3.843434154987335205e-01 6.116904302830374895e-01 1.876652816995721673e-01 -8.124889341312924174e-01 3.496527678928872951e-01 3.215066704440557310e-01 6.138997554642492416e-01 -3.084276260834377115e-01
1.661970315605213404e+09 -2.982453703880310059e-01 2.903310060501098633e-01 7.853113412857055664e-01 6.245314478874206543e-01 -5.298222899436950684e-01 -4.235841929912567139e-01 -3.870726823806762695e-01 5.952567439071970723e-01 1.818091973583797483e-01 -7.871352635883517301e-01 3.387418733450594521e-01 3.114740732511928067e-01 5.947430488402088988e-01 -2.988031597189571009e-01
1.661970315637128115e+09 -3.059249520301818848e-01 2.974587082862854004e-01 7.693633437156677246e-01 6.240906119346618652e-01 -5.292197465896606445e-01 -4.223962724208831787e-01 -3.898958265781402588e-01 5.979028168341563587e-01 1.818051227461565666e-01 -7.871176227263260161e-01 3.387342816401436307e-01 3.114670926578899102e-01 5.947297197714299655e-01 -2.987964630995084692e-01
1.661970315668552160e+09 -3.135507106781005859e-01 3.041957914829254150e-01 7.531204819679260254e-01 6.236618757247924805e-01 -5.286387205123901367e-01 -4.210530221462249756e-01 -3.928120732307434082e-01 6.099445633713780346e-01 1.846438880350877443e-01 -7.994079374982625552e-01 3.440233906947514075e-01 3.163304428095563559e-01 6.040160262257313617e-01 -3.034619698525075626e-01
1.661970315700466394e+09 -3.211156129837036133e-01 3.105347156524658203e-01 7.365907430648803711e-01 6.232474446296691895e-01 -5.280751585960388184e-01 -4.195538163185119629e-01 -3.958204388618469238e-01 6.032438087189999631e-01 1.818078391340106903e-01 -7.871293832131511792e-01 3.387393427389513989e-01 3.114717463519917628e-01 5.947386057508990964e-01 -2.988009274791229575e-01
1.661970315732381105e+09 -3.286124765872955322e-01 3.164682388305664062e-01 7.197824120521545410e-01 6.228493452072143555e-01 -5.275250673294067383e-01 -4.178979396820068359e-01 -3.989201188087463379e-01 6.059043032912322380e-01 1.818051227461574548e-01 -7.871176227263224634e-01 3.387342816401436307e-01 3.114670926578899102e-01 5.947297197714299655e-01 -2.987964630995084692e-01
1.661970315764295578e+09 -3.360341191291809082e-01 3.219893872737884521e-01 7.027040123939514160e-01 6.224694848060607910e-01 -5.269843339920043945e-01 -4.160849452018737793e-01 -4.021100997924804688e-01 6.085813786246688784e-01 1.818064809299384799e-01 -7.871235029258099036e-01 3.387368121706394453e-01 3.114694194875589073e-01 5.947341627279738585e-01 -2.987986952726391365e-01
1.661970315795212984e+09 -3.433732092380523682e-01 3.270914852619171143e-01 6.853644847869873047e-01 6.221097111701965332e-01 -5.264487862586975098e-01 -4.141143858432769775e-01 -4.053893983364105225e-01 6.309638064474888397e-01 1.876696232238592998e-01 -8.125077305778665160e-01 3.496608569009895806e-01 3.215141083089901319e-01 6.139139576686987176e-01 -3.084347613724903736e-01
1.661970315826130390e+09 -3.506223857402801514e-01 3.317681849002838135e-01 6.677728295326232910e-01 6.217716336250305176e-01 -5.259141921997070312e-01 -4.119856059551239014e-01 -4.087567329406738281e-01 6.337229750181161414e-01 1.876696232238611040e-01 -8.125077305778665160e-01 3.496608569009895806e-01 3.215141083089919083e-01 6.139139576686987176e-01 -3.084347613724885973e-01
1.661970315858046055e+09 -3.506223857402801514e-01 3.317681849002838135e-01 6.677728295326232910e-01 6.217716336250305176e-01 -5.259141921997070312e-01 -4.119856059551239014e-01 -4.087567329406738281e-01 0.000000000000000000e+00 0.000000000000000000e+00 0.000000000000000000e+00 0.000000000000000000e+00 0.000000000000000000e+00 0.000000000000000000e+00 0.000000000000000000e+00
1.661970315887965202e+09 -3.441534936428070068e-01 3.487258255481719971e-01 6.822068095207214355e-01 6.093146204948425293e-01 -5.267132520675659180e-01 -4.179055094718933105e-01 -4.203139841556549072e-01 7.750686212146604692e-01 -2.028833278752850133e-01 -1.954236332013532529e-01 9.542294137218888528e-01 6.810755531600926060e-01 4.146861631133778592e-01 -5.181201568014459635e-01
1.661970315918883085e+09 -3.372971415519714355e-01 3.651733100414276123e-01 6.968336105346679688e-01 5.966601371765136719e-01 -5.274882912635803223e-01 -4.234983026981353760e-01 -4.317429661750793457e-01 7.456425771827286386e-01 -1.963296201780531103e-01 -1.891108948282864133e-01 9.234050935614923628e-01 6.590748784773208246e-01 4.012906222988902316e-01 -5.013834042290074011e-01
1.661970315949800014e+09 -3.300639986991882324e-01 3.811012804508209229e-01 7.116360068321228027e-01 5.838154554367065430e-01 -5.282440185546875000e-01 -4.287661015987396240e-01 -4.430319964885711670e-01 7.412024901142806321e-01 -1.963356762295701829e-01 -1.891167282085008949e-01 9.234335772350935612e-01 6.590952085294777829e-01 4.013030006485255319e-01 -5.013988700752934902e-01
1.661970315981714725e+09 -3.224652111530303955e-01 3.965012431144714355e-01 7.265968918800354004e-01 5.707882046699523926e-01 -5.289851427078247070e-01 -4.337114095687866211e-01 -4.541695415973663330e-01 7.136399272860501908e-01 -1.901974362398755891e-01 -1.832041814615106845e-01 8.945633432538460106e-01 6.384892512031975498e-01 3.887566607582400580e-01 -4.857231322053878753e-01
1.661970316013629436e+09 -3.145122826099395752e-01 4.113654792308807373e-01 7.416990399360656738e-01 5.575860738754272461e-01 -5.297161936759948730e-01 -4.383370578289031982e-01 -4.651442766189575195e-01 7.091830027003822590e-01 -1.901974362398738683e-01 -1.832041814615071873e-01 8.945633432538530050e-01 6.384892512032011025e-01 3.887566607582366163e-01 -4.857231322053913725e-01
1.661970316045544147e+09 -3.062170147895812988e-01 4.256871342658996582e-01 7.569254636764526367e-01 5.442171096801757812e-01 -5.304417014122009277e-01 -4.426464140415191650e-01 -4.759449362754821777e-01 7.046664224156539147e-01 -1.901974362398738683e-01 -1.832041814615106845e-01 8.945633432538460106e-01 6.384892512031975498e-01 3.887566607582383371e-01 -4.857231322053878753e-01
1.661970316077459097e+09 -2.975915968418121338e-01 4.394601285457611084e-01 7.722592353820800781e-01 -5.306894183158874512e-01 5.311658978462219238e-01 4.466431736946105957e-01 4.865606129169464111e-01 7.000851306070309255e-01 -1.901960153821473931e-01 -1.832028128464403549e-01 8.945566604758724560e-01 6.384844814102690336e-01 3.887537565765815661e-01 -4.857195036419396650e-01
1.661970316109373331e+09 -2.886484563350677490e-01 4.526792764663696289e-01 7.876834869384765625e-01 -5.170116424560546875e-01 5.318931937217712402e-01 4.503317177295684814e-01 4.969807863235473633e-01 6.954683939573474971e-01 -1.902002780190173992e-01 -1.832069187529871412e-01 8.945767091093533852e-01 6.384987910028574465e-01 3.887624692517260838e-01 -4.857303894949365763e-01
1.661970316141288280e+09 -2.794002890586853027e-01 4.653401076793670654e-01 8.031816482543945312e-01 -5.031920075416564941e-01 5.326277017593383789e-01 4.537166953086853027e-01 5.071948766708374023e-01 6.907678684420064386e-01 -1.901960153821473931e-01 -1.832028128464438521e-01 8.945566604758654616e-01 6.384844814102690336e-01 3.887537565765832870e-01 -4.857195036419362233e-01
1.661970316172710657e+09 -2.698600888252258301e-01 4.774390459060668945e-01 8.187372684478759766e-01 -4.892396032810211182e-01 5.333738923072814941e-01 4.568030834197998047e-01 5.171925425529479980e-01 6.967862753539078025e-01 -1.931775015370054416e-01 -1.860746745357362009e-01 9.085796056600080606e-01 6.484932749046627976e-01 3.948478061314735221e-01 -4.933335746956537537e-01
1.661970316204625368e+09 -2.600409984588623047e-01 4.889732897281646729e-01 8.343341350555419922e-01 -4.751629829406738281e-01 5.341352224349975586e-01 4.595961570739746094e-01 5.269641876220703125e-01 6.812539521773440798e-01 -1.901974362398738683e-01 -1.832041814615106845e-01 8.945633432538530050e-01 6.384892512032011025e-01 3.887566607582400580e-01 -4.857231322053913725e-01
1.661970316236539841e+09 -2.499563395977020264e-01 4.999407827854156494e-01 8.499562740325927734e-01 -4.609713852405548096e-01 5.349157452583312988e-01 4.621018767356872559e-01 5.365000963211059570e-01 6.764298253814290396e-01 -1.901988571188312493e-01 -1.832055500970226347e-01 8.945700261316745783e-01 6.384940210673920591e-01 3.887595649832850109e-01 -4.857267608230542710e-01
