1.661970378375115871e+09 1.378528122206244648e-16 -2.367949187755584717e-01 1.128897309303283691e+00 -6.125128269195556641e-01 6.125135421752929688e-01 3.533097505569458008e-01 3.533093035221099854e-01 0.000000000000000000e+00 0.000000000000000000e+00 0.000000000000000000e+00 0.000000000000000000e+00 0.000000000000000000e+00 0.000000000000000000e+00 0.000000000000000000e+00
1.661970420473302126e+09 1.378528122206244648e-16 -2.367949187755584717e-01 1.128897309303283691e+00 -6.125128269195556641e-01 6.125135421752929688e-01 3.533097505569458008e-01 3.533093035221099854e-01 0.000000000000000000e+00 0.000000000000000000e+00 0.000000000000000000e+00 0.000000000000000000e+00 0.000000000000000000e+00 0.000000000000000000e+00 0.000000000000000000e+00
1.661970420501225710e+09 -8.607081137597560883e-03 -2.304306030273437500e-01 1.121331930160522461e+00 6.250888109207153320e-01 -6.010081171989440918e-01 -3.464902639389038086e-01 -3.577677309513092041e-01 4.694262477058553373e-01 4.785618520499022033e-01 -4.524870460146536710e-01 -1.450021006124631029e-01 -6.144652466633497845e-01 4.617916526857037129e-01 -5.651727788904028493e-01
1.661970420532142639e+09 -1.745888218283653259e-02 -2.242975234985351562e-01 1.113713622093200684e+00 6.375585794448852539e-01 -5.890631675720214844e-01 -3.397273123264312744e-01 -3.620900213718414307e-01 4.266658035790108494e-01 4.322279862123314387e-01 -4.086777160534894038e-01 -1.309631465103657522e-01 -5.549733540714211211e-01 4.170814602857113584e-01 -5.104533322818156638e-01
1.661970420562062502e+09 -2.655017003417015076e-02 -2.184017896652221680e-01 1.106042742729187012e+00 6.499065756797790527e-01 -5.766800045967102051e-01 -3.330254256725311279e-01 -3.662727773189544678e-01 4.437203833980261636e-01 4.466317970889575051e-01 -4.222967243530414971e-01 -1.353274367791814370e-01 -5.734676012941879453e-01 4.309805197305795477e-01 -5.274639690153553051e-01
1.661970420593977690e+09 -3.587550297379493713e-02 -2.127494663000106812e-01 1.098319530487060547e+00 6.621172428131103516e-01 -5.638610124588012695e-01 -3.263890445232391357e-01 -3.703129291534423828e-01 4.186903802472102809e-01 4.187085514341939985e-01 -3.958948979489043674e-01 -1.268668182436515079e-01 -5.376146306585254386e-01 4.040357858283128989e-01 -4.944871275167295188e-01
1.661970420625892639e+09 -4.542924091219902039e-02 -2.073466926813125610e-01 1.090544223785400391e+00 6.741750240325927734e-01 -5.506089329719543457e-01 -3.198227286338806152e-01 -3.742074966430664062e-01 4.214521248045240975e-01 4.187116793695291883e-01 -3.958978554563034602e-01 -1.268677659940660729e-01 -5.376186468740823399e-01 4.040388041516917994e-01 -4.944908215510415705e-01
1.661970420657806873e+09 -5.520551279187202454e-02 -2.021995335817337036e-01 1.082717061042785645e+00 6.860645413398742676e-01 -5.369269847869873047e-01 -3.133307099342346191e-01 -3.779532909393310547e-01 4.242639688344406190e-01 4.187210634559315192e-01 -3.959067282436191659e-01 -1.268706093302729709e-01 -5.376306958807920422e-01 4.040478593924095030e-01 -4.945019039851482612e-01
1.661970420689721584e+09 -6.519824266433715820e-02 -1.973140835762023926e-01 1.074838161468505859e+00 6.977704167366027832e-01 -5.228190422058105469e-01 -3.069173693656921387e-01 -3.815474510192871094e-01 4.271015587052597873e-01 4.187148073515952751e-01 -3.959008130078906507e-01 -1.268687137586409497e-01 -5.376226631496453523e-01 4.040418225201674596e-01 -4.944945156405496367e-01
1.661970420721636295e+09 -7.540111243724822998e-02 -1.926964074373245239e-01 1.066907763481140137e+00 7.092771530151367188e-01 -5.082895159721374512e-01 -3.005869686603546143e-01 -3.849871456623077393e-01 4.299806237177127843e-01 4.187148073515918334e-01 -3.959008130078906507e-01 -1.268687137586270441e-01 -5.376226631496453523e-01 4.040418225201674596e-01 -4.944945156405496367e-01
1.661970420753551006e+09 -8.580757677555084229e-02 -1.883525252342224121e-01 1.058925747871398926e+00 7.205696105957031250e-01 -4.933435320854187012e-01 -2.943437397480010986e-01 -3.882696628570556641e-01 4.328976074249272776e-01 4.187148073515952751e-01 -3.959008130078906507e-01 -1.268687137586409497e-01 -5.376226631496453523e-01 4.040418225201674596e-01 -4.944945156405531339e-01
1.661970420785466194e+09 -9.641086310148239136e-02 -1.842884570360183716e-01 1.050892353057861328e+00 7.316326498985290527e-01 -4.779865741729736328e-01 -2.881920039653778076e-01 -3.913923203945159912e-01 4.358355119354950236e-01 4.187085514341939985e-01 -3.958948979489043674e-01 -1.268668182436515079e-01 -5.376146306585254386e-01 4.040357858283094017e-01 -4.944871275167260216e-01
1.661970420816383123e+09 -1.072039306163787842e-01 -1.805101633071899414e-01 1.042807698249816895e+00 7.424513101577758789e-01 -4.622246623039245605e-01 -2.821356356143951416e-01 -3.943524360656738281e-01 4.529735489243730817e-01 4.322279862123314387e-01 -4.086777160534894038e-01 -1.309631465103657522e-01 -5.549733540714211211e-01 4.170814602857095266e-01 -5.104533322818120000e-01
1.661970420846302986e+09 -1.181795150041580200e-01 -1.770235300064086914e-01 1.034671902656555176e+00 7.530108094215393066e-01 -4.460646808147430420e-01 -2.761789262294769287e-01 -3.971477746963500977e-01 4.712603092734014565e-01 4.466317970889575051e-01 -4.222967243530414971e-01 -1.353274367791962862e-01 -5.734676012941879453e-01 4.309805197305795477e-01 -5.274639690153553051e-01
1.661970420877220631e+09 -1.293300837278366089e-01 -1.738344281911849976e-01 1.026484847068786621e+00 7.632964253425598145e-01 -4.295137226581573486e-01 -2.703256905078887939e-01 -3.997756242752075195e-01 4.591632821544145981e-01 4.322179869529473861e-01 -4.086682616113468947e-01 -1.309601167794831600e-01 -5.549605151931054081e-01 4.170718114294608148e-01 -5.104415233396873974e-01
1.661970420909135580e+09 -1.406478583812713623e-01 -1.709486246109008789e-01 1.018246889114379883e+00 7.732937335968017578e-01 -4.125795662403106689e-01 -2.645800113677978516e-01 -4.022339284420013428e-01 4.478399601175742650e-01 4.187116793695274120e-01 -3.958978554563034602e-01 -1.268677659940660729e-01 -5.376186468740823399e-01 4.040388041516917994e-01 -4.944908215510450677e-01
1.661970420939055443e+09 -1.521248072385787964e-01 -1.683718115091323853e-01 1.009958028793334961e+00 7.829886674880981445e-01 -3.952707052230834961e-01 -2.589457333087921143e-01 -4.045204818248748779e-01 4.809437699019487589e-01 4.466317970889537858e-01 -4.222967243530341142e-01 -1.353274367791962862e-01 -5.734676012941842815e-01 4.309805197305758284e-01 -5.274639690153515303e-01
1.661970420970970392e+09 -1.637526005506515503e-01 -1.661095768213272095e-01 1.001618385314941406e+00 7.923671603202819824e-01 -3.775958418846130371e-01 -2.534267306327819824e-01 -4.066331088542938232e-01 4.539249548565305048e-01 4.187116793695274120e-01 -3.958978554563034602e-01 -1.268677659940660729e-01 -5.376186468740823399e-01 4.040388041516917994e-01 -4.944908215510450677e-01
1.661970421001395702e+09 -1.755226850509643555e-01 -1.641674041748046875e-01 9.932282567024230957e-01 8.014155626296997070e-01 -3.595644533634185791e-01 -2.480265647172927856e-01 -4.085698723793029785e-01 4.793469161410151003e-01 4.392120247316851911e-01 -4.152812239288806162e-01 -1.330792789428324463e-01 -5.639407402789020640e-01 4.238207577797686865e-01 -5.187013538091258535e-01
1.661970421033310413e+09 -1.874262243509292603e-01 -1.625506728887557983e-01 9.847879409790039062e-01 8.101204037666320801e-01 -3.411862850189208984e-01 -2.427490502595901489e-01 -4.103287160396575928e-01 4.600235580408486014e-01 4.187148073515935542e-01 -3.959008130078906507e-01 -1.268687137586270441e-01 -5.376226631496453523e-01 4.040418225201674596e-01 -4.944945156405514131e-01
1.661970421065224648e+09 -1.994541138410568237e-01 -1.612645983695983887e-01 9.762976765632629395e-01 8.184686899185180664e-01 -3.224718868732452393e-01 -2.375978082418441772e-01 -4.119080603122711182e-01 4.630741548791031947e-01 4.187210634559332401e-01 -3.959067282436330992e-01 -1.268706093302729709e-01 -5.376306958807954839e-01 4.040478593924130002e-01 -4.945019039851500375e-01
1.661970421095649958e+09 -2.115970104932785034e-01 -1.603142619132995605e-01 9.677578806877136230e-01 8.264474868774414062e-01 -3.034320175647735596e-01 -2.325762808322906494e-01 -4.133060276508331299e-01 4.889193631267365614e-01 4.392120247316815829e-01 -4.152812239288732887e-01 -1.330792789428324463e-01 -5.639407402788984003e-01 4.238207577797650227e-01 -5.187013538091240772e-01
1.661970421127564430e+09 -2.238452881574630737e-01 -1.597045809030532837e-01 9.591689705848693848e-01 8.340444564819335938e-01 -2.840781807899475098e-01 -2.276879251003265381e-01 -4.145210385322570801e-01 4.691294933586180327e-01 4.187179353803951454e-01 -3.959037706036668269e-01 -1.268696615373764713e-01 -5.376266794852160302e-01 4.040448409337408786e-01 -4.944982097852532177e-01
1.661970421159479856e+09 -2.361890226602554321e-01 -1.594403088092803955e-01 9.505315423011779785e-01 8.412474393844604492e-01 -2.644221782684326172e-01 -2.229361385107040405e-01 -4.155516326427459717e-01 4.721208789430281216e-01 4.187054235455974771e-01 -3.958919404856923729e-01 -1.268658705073969495e-01 -5.376106145029750927e-01 4.040327675500296478e-01 -4.944834335376034340e-01
1.661970421189399242e+09 -2.486180961132049561e-01 -1.595259755849838257e-01 9.418461322784423828e-01 8.480447530746459961e-01 -2.444763034582138062e-01 -2.183241546154022217e-01 -4.163964092731475830e-01 5.068050624023819895e-01 4.466389152376230021e-01 -4.223034546639698461e-01 -1.353295935463883215e-01 -5.734767408755331308e-01 4.309873884386100640e-01 -5.274723754185078883e-01
1.661970421221313953e+09 -2.611221075057983398e-01 -1.599659323692321777e-01 9.331135153770446777e-01 8.544251322746276855e-01 -2.242533564567565918e-01 -2.138552218675613403e-01 -4.170540869235992432e-01 4.780825225177833815e-01 4.187148073515900570e-01 -3.959008130078906507e-01 -1.268687137586409497e-01 -5.376226631496419106e-01 4.040418225201640179e-01 -4.944945156405496367e-01
1.661970421253229141e+09 -2.736903727054595947e-01 -1.607642620801925659e-01 9.243344068527221680e-01 8.603776097297668457e-01 -2.037664949893951416e-01 -2.095324546098709106e-01 -4.175234436988830566e-01 4.810121047526865201e-01 4.187085514341974957e-01 -3.958948979489043674e-01 -1.268668182436515079e-01 -5.376146306585254386e-01 4.040357858283128989e-01 -4.944871275167260216e-01
1.661970421285143614e+09 -2.863120138645172119e-01 -1.619248688220977783e-01 9.155098795890808105e-01 8.658916950225830078e-01 -1.830293536186218262e-01 -2.053588330745697021e-01 -4.178034067153930664e-01 4.839264781523843206e-01 4.187179353803951454e-01 -3.959037706036598880e-01 -1.268696615373764713e-01 -5.376266794852160302e-01 4.040448409337408786e-01 -4.944982097852532177e-01
1.661970421316061020e+09 -2.989758551120758057e-01 -1.634513437747955322e-01 9.066407680511474609e-01 8.709573745727539062e-01 -1.620559096336364746e-01 -2.013373523950576782e-01 -4.178929626941680908e-01 5.024968265647331567e-01 4.322213199880033385e-01 -4.086714130434559444e-01 -1.309611266742111424e-01 -5.549647947532062586e-01 4.170750276652731015e-01 -5.104454595930212335e-01
1.661970421345980883e+09 -3.116705715656280518e-01 -1.653470396995544434e-01 8.977283835411071777e-01 8.755649328231811523e-01 -1.408606469631195068e-01 -1.974707990884780884e-01 -4.177913069725036621e-01 5.222705347939847753e-01 4.466317970889556732e-01 -4.222967243530414971e-01 -1.353274367791814370e-01 -5.734676012941860579e-01 4.309805197305776603e-01 -5.274639690153553051e-01
1.661970421376898050e+09 -3.243845105171203613e-01 -1.676150113344192505e-01 8.887739181518554688e-01 8.797055482864379883e-01 -1.194582432508468628e-01 -1.937619894742965698e-01 -4.174976348876953125e-01 5.083030809868517297e-01 4.322246530744648929e-01 -4.086745645241697811e-01 -1.309621365845004271e-01 -5.549690743793109782e-01 4.170782439506895423e-01 -5.104493959070622866e-01
1.661970421407815456e+09 -3.371059298515319824e-01 -1.702580004930496216e-01 8.797786831855773926e-01 8.833703398704528809e-01 -9.786389768123626709e-02 -1.902135312557220459e-01 -4.170112907886505127e-01 5.111353528086982623e-01 4.322213199880015622e-01 -4.086714130434487835e-01 -1.309611266742111424e-01 -5.549647947532062586e-01 4.170750276652703814e-01 -5.104454595930194571e-01
1.661970421438733339e+09 -3.498227298259735107e-01 -1.732784360647201538e-01 8.707443475723266602e-01 8.865513205528259277e-01 -7.609304785728454590e-02 -1.868279576301574707e-01 -4.163316190242767334e-01 5.139086146634799235e-01 4.322146539692975908e-01 -4.086651102278413550e-01 -1.309591069003591957e-01 -5.549562356990069834e-01 4.170685952432515720e-01 -5.104375871470629988e-01
1.661970421469650984e+09 -3.625227510929107666e-01 -1.766784191131591797e-01 8.616725206375122070e-01 8.892406821250915527e-01 -5.416152626276016235e-02 -1.836078315973281860e-01 -4.154584109783172607e-01 5.166424462157140907e-01 4.322179869529456098e-01 -4.086682616113468947e-01 -1.309601167794831600e-01 -5.549605151931054081e-01 4.170718114294589829e-01 -5.104415233396873974e-01
1.661970421500568390e+09 -3.751936256885528564e-01 -1.804596930742263794e-01 8.525649905204772949e-01 8.914316296577453613e-01 -3.208540380001068115e-02 -1.805554628372192383e-01 -4.143910408020019531e-01 5.193201884606666319e-01 4.322213199880051704e-01 -4.086714130434559444e-01 -1.309611266742111424e-01 -5.549647947532027059e-01 4.170750276652731015e-01 -5.104454595930194571e-01
1.661970421532482386e+09 -3.878227174282073975e-01 -1.846236139535903931e-01 8.434236645698547363e-01 8.931173682212829590e-01 -9.881066158413887024e-03 -1.776731312274932861e-01 -4.131294786930084229e-01 5.056336878018892200e-01 4.187241915782071722e-01 -3.959096859277904112e-01 -1.268715571373307260e-01 -5.376347123363888203e-01 4.040508778961848790e-01 -4.945055982402447592e-01
1.661970421564397335e+09 -4.003973901271820068e-01 -1.891711950302124023e-01 8.342506885528564453e-01 8.942919969558715820e-01 1.243483088910579681e-02 -1.749630123376846313e-01 -4.116735756397247314e-01 5.080885809869988279e-01 4.187116793695274120e-01 -3.958978554563034602e-01 -1.268677659940660729e-01 -5.376186468740787872e-01 4.040388041516900786e-01 -4.944908215510415705e-01
1.661970421596312046e+09 -4.129047691822052002e-01 -1.941030323505401611e-01 8.250483274459838867e-01 8.949500918388366699e-01 3.484539315104484558e-02 -1.724271476268768311e-01 -4.100232422351837158e-01 5.104968732842016799e-01 4.187148073515935542e-01 -3.959008130078906507e-01 -1.268687137586409497e-01 -5.376226631496453523e-01 4.040418225201674596e-01 -4.944945156405496367e-01
1.661970421627229214e+09 -4.253318607807159424e-01 -1.994193196296691895e-01 8.158189654350280762e-01 8.950867056846618652e-01 5.733351036906242371e-02 -1.700675040483474731e-01 -4.081785678863525391e-01 5.293802316204567759e-01 4.322246530744648929e-01 -4.086745645241625646e-01 -1.309621365844860774e-01 -5.549690743793109782e-01 4.170782439506877659e-01 -5.104493959070605102e-01
1.661970421658146381e+09 -4.376656413078308105e-01 -2.051198184490203857e-01 8.065651655197143555e-01 8.946975469589233398e-01 7.988186925649642944e-02 -1.678859144449234009e-01 -4.061397910118103027e-01 5.317208199838293625e-01 4.322246530744648929e-01 -4.086745645241697811e-01 -1.309621365845004271e-01 -5.549690743793109782e-01 4.170782439506895423e-01 -5.104493959070640630e-01
1.661970421690061569e+09 -4.498929083347320557e-01 -2.112038731575012207e-01 7.972896099090576172e-01 8.937789201736450195e-01 1.024729013442993164e-01 -1.658841371536254883e-01 -4.039071798324584961e-01 5.172873201867689286e-01 4.187085514341974957e-01 -3.958948979489043674e-01 -1.268668182436515079e-01 -5.376146306585254386e-01 4.040357858283120107e-01 -4.944871275167260216e-01
1.661970421721975803e+09 -4.620004594326019287e-01 -2.176703810691833496e-01 7.879951596260070801e-01 8.923276662826538086e-01 1.250889897346496582e-01 -1.640638560056686401e-01 -4.014811813831329346e-01 5.194218827999736998e-01 4.187210634559315192e-01 -3.959067282436330992e-01 -1.268706093302729709e-01 -5.376306958807920422e-01 4.040478593924116679e-01 -4.945019039851482612e-01
1.661970421753890753e+09 -4.739750027656555176e-01 -2.245177626609802246e-01 7.786849141120910645e-01 8.903412818908691406e-01 1.477122902870178223e-01 -1.624265015125274658e-01 -3.988622725009918213e-01 5.214492032007221889e-01 4.187116793695256911e-01 -3.958978554562965213e-01 -1.268677659940660729e-01 -5.376186468740823399e-01 4.040388041516909667e-01 -4.944908215510415705e-01
1.661970421785805225e+09 -4.858032464981079102e-01 -2.317439913749694824e-01 7.693619728088378906e-01 8.878178596496582031e-01 1.703248620033264160e-01 -1.609735637903213501e-01 -3.960510790348052979e-01 5.234170529894547341e-01 4.187179353803968662e-01 -3.959037706036668269e-01 -1.268696615373625658e-01 -5.376266794852160302e-01 4.040448409337399904e-01 -4.944982097852549385e-01
1.661970421817720413e+09 -4.974718987941741943e-01 -2.393465638160705566e-01 7.600297927856445312e-01 8.847559690475463867e-01 1.929086297750473022e-01 -1.597063541412353516e-01 -3.930483162403106689e-01 5.252806541081614933e-01 4.187085514341939985e-01 -3.958948979489043674e-01 -1.268668182436515079e-01 -5.376146306585254386e-01 4.040357858283120107e-01 -4.944871275167260216e-01
1.661970421849634647e+09 -5.089676380157470703e-01 -2.473224848508834839e-01 7.506917715072631836e-01 8.811550736427307129e-01 2.154455035924911499e-01 -1.586260199546813965e-01 -3.898548483848571777e-01 5.270874596834506098e-01 4.187210634559349609e-01 -3.959067282436330992e-01 -1.268706093302729709e-01 -5.376306958807954839e-01 4.040478593924125561e-01 -4.945019039851482612e-01
1.661970421880552053e+09 -5.202772021293640137e-01 -2.556682825088500977e-01 7.413516640663146973e-01 8.770149350166320801e-01 2.379172891378402710e-01 -1.577337086200714111e-01 -3.864715695381164551e-01 5.458383359154519443e-01 4.322213199880015622e-01 -4.086714130434559444e-01 -1.309611266742111424e-01 -5.549647947532062586e-01 4.170750276652719357e-01 -5.104454595930194571e-01
1.661970421911469460e+09 -5.313873887062072754e-01 -2.643799483776092529e-01 7.320132255554199219e-01 8.723361492156982422e-01 2.603057622909545898e-01 -1.570303291082382202e-01 -3.828995525836944580e-01 5.475028655455403959e-01 4.322213199880051704e-01 -4.086714130434559444e-01 -1.309611266742111424e-01 -5.549647947532027059e-01 4.170750276652724353e-01 -5.104454595930194571e-01
1.661970421943384647e+09 -5.422851443290710449e-01 -2.734530270099639893e-01 7.226803898811340332e-01 8.671197891235351562e-01 2.825927436351776123e-01 -1.565167605876922607e-01 -3.791398704051971436e-01 5.319089133036778438e-01 4.187085514341939985e-01 -3.958948979488974285e-01 -1.268668182436376024e-01 -5.376146306585254386e-01 4.040357858283120107e-01 -4.944871275167295188e-01
1.661970421975299120e+09 -5.529574155807495117e-01 -2.828825414180755615e-01 7.133574485778808594e-01 8.613678216934204102e-01 3.047599196434020996e-01 -1.561937779188156128e-01 -3.751938641071319580e-01 5.333463459524762085e-01 4.187179353803968662e-01 -3.959037706036668269e-01 -1.268696615373764713e-01 -5.376266794852160302e-01 4.040448409337399904e-01 -4.944982097852514968e-01
1.661970422006720781e+09 -5.633913278579711914e-01 -2.926629483699798584e-01 7.040485143661499023e-01 8.550823926925659180e-01 3.267891705036163330e-01 -1.560619473457336426e-01 -3.710628151893615723e-01 5.430639657540909937e-01 4.252850257381637911e-01 -4.021130480547850938e-01 -1.288594605418514061e-01 -5.460587113725531294e-01 4.103818013426421829e-01 -5.022538231732122105e-01
1.661970422038635492e+09 -5.633913278579711914e-01 -2.926629483699798584e-01 7.040485143661499023e-01 8.550823926925659180e-01 3.267891705036163330e-01 -1.560619473457336426e-01 -3.710628151893615723e-01 0.000000000000000000e+00 0.000000000000000000e+00 0.000000000000000000e+00 0.000000000000000000e+00 0.000000000000000000e+00 0.000000000000000000e+00 0.000000000000000000e+00
1.661970422070549965e+09 -5.609721541404724121e-01 -2.788211107254028320e-01 7.082671523094177246e-01 8.602839112281799316e-01 3.074604570865631104e-01 -1.602361351251602173e-01 -3.737699985504150391e-01 4.597054453123760043e-01 -3.385947832974812166e-01 -1.961747325713462387e-01 4.340241762248034929e-01 8.282703040259040694e-01 -1.940595405292341522e-02 1.804079353329157698e-01
1.661970422101467371e+09 -5.582838058471679688e-01 -2.649868428707122803e-01 7.124897241592407227e-01 8.650499582290649414e-01 2.880442738533020020e-01 -1.644611060619354248e-01 -3.763929009437561035e-01 4.758499445831803065e-01 -3.495142476878552174e-01 -2.025012417565785483e-01 4.480211772733481701e-01 8.549814895980282214e-01 -2.003178361290141804e-02 1.862259754291722691e-01
1.661970422131387472e+09 -5.553268194198608398e-01 -2.511652708053588867e-01 7.167157530784606934e-01 8.693792819976806641e-01 2.685507535934448242e-01 -1.687361896038055420e-01 -3.789303600788116455e-01 4.930662164635873368e-01 -3.611643512631483310e-01 -2.092510679974168841e-01 4.629547405077212296e-01 8.834799641943319459e-01 -2.069948845020698480e-02 1.924333100843730049e-01
1.661970422162305117e+09 -5.521017313003540039e-01 -2.373614758253097534e-01 7.209445238113403320e-01 8.732708692550659180e-01 2.489901334047317505e-01 -1.730607300996780396e-01 -3.813815116882324219e-01 4.784598436107186381e-01 -3.495115524407959584e-01 -2.024996801868307328e-01 4.480177223991566038e-01 8.549748964867094347e-01 -2.003162913963985742e-02 1.862245393646476121e-01
1.661970422194219589e+09 -5.486093163490295410e-01 -2.235805243253707886e-01 7.251755595207214355e-01 8.767240047454833984e-01 2.293726950883865356e-01 -1.774340718984603882e-01 -3.837452828884124756e-01 4.647685646242892266e-01 -3.385947832974847138e-01 -1.961747325713462387e-01 4.340241762248034929e-01 8.282703040259040694e-01 -1.940595405292341522e-02 1.804079353329157698e-01
1.661970422225137234e+09 -5.448502898216247559e-01 -2.098274230957031250e-01 7.294082045555114746e-01 8.797379732131958008e-01 2.097086161375045776e-01 -1.818554699420928955e-01 -3.860206604003906250e-01 4.810382839362769558e-01 -3.495115524407959584e-01 -2.024996801868307328e-01 4.480177223991422264e-01 8.549748964867094347e-01 -2.003162913964030498e-02 1.862245393646440039e-01
1.661970422256054640e+09 -5.408256053924560547e-01 -1.961071342229843140e-01 7.336419224739074707e-01 8.823126554489135742e-01 1.900082379579544067e-01 -1.863242387771606445e-01 -3.882067799568176270e-01 4.823184280457922246e-01 -3.495142476878516646e-01 -2.025012417565785483e-01 4.480211772733481701e-01 8.549814895980282214e-01 -2.003178361290141804e-02 1.862259754291722691e-01
1.661970422287969112e+09 -5.365362763404846191e-01 -1.824245750904083252e-01 7.378762364387512207e-01 8.844479918479919434e-01 1.702817529439926147e-01 -1.908396184444427490e-01 -3.903026282787322998e-01 4.684790013870706038e-01 -3.385947832974847138e-01 -1.961747325713392720e-01 4.340241762248034929e-01 8.282703040259040694e-01 -1.940595405292341522e-02 1.804079353329157698e-01
1.661970422319884062e+09 -5.319832563400268555e-01 -1.687846630811691284e-01 7.421104907989501953e-01 8.861441016197204590e-01 1.505393832921981812e-01 -1.954008787870407104e-01 -3.923073410987854004e-01 4.696921170251894817e-01 -3.385897243963330583e-01 -1.961718015498820911e-01 4.340176915253581291e-01 8.282579289457235872e-01 -1.940566411105755507e-02 1.804052398811361868e-01
1.661970422350801468e+09 -5.271678566932678223e-01 -1.551922261714935303e-01 7.463443279266357422e-01 8.874014616012573242e-01 1.307913213968276978e-01 -2.000072151422500610e-01 -3.942200243473052979e-01 4.860983005289068459e-01 -3.495142476878516646e-01 -2.025012417565713596e-01 4.480211772733481701e-01 8.549814895980245577e-01 -2.003178361290141804e-02 1.862259754291686886e-01
1.661970422381718636e+09 -5.220913290977478027e-01 -1.416520476341247559e-01 7.505770921707153320e-01 8.882207274436950684e-01 1.110478192567825317e-01 -2.046579122543334961e-01 -3.960398435592651367e-01 4.873444796619784136e-01 -3.495169429764798386e-01 -2.025028033504105429e-01 4.480246322008387683e-01 8.549880828110328901e-01 -2.003193808854543054e-02 1.862274115158454313e-01
1.661970422412636042e+09 -5.167550444602966309e-01 -1.281689107418060303e-01 7.548083066940307617e-01 8.886027336120605469e-01 9.131895750761032104e-02 -2.093521058559417725e-01 -3.977658748626708984e-01 4.885737323482445271e-01 -3.495142476878552174e-01 -2.025012417565785483e-01 4.480211772733481701e-01 8.549814895980282214e-01 -2.003178361290186907e-02 1.862259754291722691e-01
1.661970422443553209e+09 -5.111604332923889160e-01 -1.147474870085716248e-01 7.590375542640686035e-01 8.885487914085388184e-01 7.161487638950347900e-02 -2.140890061855316162e-01 -3.993973731994628906e-01 4.898036823286728847e-01 -3.495169429764762858e-01 -2.025028033504105429e-01 4.480246322008531457e-01 8.549880828110364428e-01 -2.003193808854587810e-02 1.862274115158454313e-01
1.661970422474470615e+09 -5.053089857101440430e-01 -1.013924404978752136e-01 7.632643580436706543e-01 8.880601525306701660e-01 5.194567516446113586e-02 -2.188678383827209473e-01 -4.009335637092590332e-01 4.910177094566101630e-01 -3.495142476878516646e-01 -2.025012417565785483e-01 4.480211772733481701e-01 8.549814895980245577e-01 -2.003178361290141804e-02 1.862259754291686886e-01
1.661970422505893707e+09 -4.992024600505828857e-01 -8.810835331678390503e-02 7.674881815910339355e-01 8.871384263038635254e-01 3.232134506106376648e-02 -2.236876636743545532e-01 -4.023736119270324707e-01 4.843037624602370972e-01 -3.438895817646550057e-01 -1.992424280130793701e-01 4.408112581774834560e-01 8.412224360506495024e-01 -1.970941595145810771e-02 1.832290764330928579e-01
1.661970422537808418e+09 -4.928424656391143799e-01 -7.489978522062301636e-02 7.717086672782897949e-01 8.857855796813964844e-01 1.275188755244016647e-02 -2.285477072000503540e-01 -4.037168622016906738e-01 4.780063677026771818e-01 -3.385922538280108918e-01 -1.961732670496625919e-01 4.340209338508588810e-01 8.282641164395898592e-01 -1.940580908090748166e-02 1.804065875969578236e-01
1.661970422567728996e+09 -4.862308204174041748e-01 -6.177122145891189575e-02 7.759253978729248047e-01 8.840035796165466309e-01 -6.752786226570606232e-03 -2.334470301866531372e-01 -4.049624502658843994e-01 5.110957723997812119e-01 -3.611585954725053949e-01 -2.092477332127544720e-01 4.629473625077769050e-01 8.834658843835901942e-01 -2.069915856736642690e-02 1.924302433203313734e-01
1.661970422599643230e+09 -4.793693721294403076e-01 -4.872709140181541443e-02 7.801378965377807617e-01 8.817948102951049805e-01 -2.618283778429031372e-02 -2.383848279714584351e-01 -4.061098396778106689e-01 4.803142023102577873e-01 -3.385973128047483627e-01 -1.961761981149265366e-01 4.340274186471930751e-01 8.282764917046683273e-01 -1.940609902710540777e-02 1.804092830890105248e-01
1.661970422631065607e+09 -4.722600877285003662e-01 -3.577177226543426514e-02 7.843457460403442383e-01 8.791616559028625488e-01 -4.552845656871795654e-02 -2.433601170778274536e-01 -4.071582853794097900e-01 4.889879144128707611e-01 -3.438974095938202025e-01 -1.992469632935076063e-01 4.408212921983077348e-01 8.412415844804731480e-01 -1.970986458947817169e-02 1.832332472076237395e-01
1.661970422660985708e+09 -4.649049937725067139e-01 -2.290958724915981293e-02 7.885485887527465820e-01 8.761070370674133301e-01 -6.477995216846466064e-02 -2.483720034360885620e-01 -4.081070423126220703e-01 5.147443963273521383e-01 -3.611643512631520503e-01 -2.092510679974168841e-01 4.629547405077212296e-01 8.834799641943319459e-01 -2.069948845020652337e-02 1.924333100843730049e-01
1.661970422692900658e+09 -4.573061466217041016e-01 -1.014479715377092361e-02 7.927461266517639160e-01 8.726339936256408691e-01 -8.392769098281860352e-02 -2.534195780754089355e-01 -4.089556336402893066e-01 4.836925309996351063e-01 -3.385897243963330583e-01 -1.961718015498751522e-01 4.340176915253581291e-01 8.282579289457200344e-01 -1.940566411105712138e-02 1.804052398811361868e-01
1.661970422724322081e+09 -4.494656920433044434e-01 2.518397988751530647e-03 7.969379425048828125e-01 8.687455058097839355e-01 -1.029621288180351257e-01 -2.585018575191497803e-01 -4.097033739089965820e-01 4.924211881249244693e-01 -3.439078472537391296e-01 -1.992530106552635183e-01 4.408346716033484936e-01 8.412671170763064143e-01 -1.971046280527711039e-02 1.832388085357025409e-01
1.661970422755239487e+09 -4.413858950138092041e-01 1.507585402578115463e-02 8.011236786842346191e-01 8.644452691078186035e-01 -1.218737885355949402e-01 -2.636179327964782715e-01 -4.103496372699737549e-01 5.015894102742555205e-01 -3.495142476878552174e-01 -2.025012417565785483e-01 4.480211772733553310e-01 8.549814895980282214e-01 -2.003178361290186907e-02 1.862259754291722691e-01
1.661970422786157131e+09 -4.330690205097198486e-01 2.752348780632019043e-02 8.053030371665954590e-01 8.597366809844970703e-01 -1.406533867120742798e-01 -2.687667906284332275e-01 -4.108940362930297852e-01 5.027186661673289647e-01 -3.495115524407959584e-01 -2.024996801868307328e-01 4.480177223991422264e-01 8.549748964867094347e-01 -2.003162913963985742e-02 1.862245393646476121e-01
1.661970422816581726e+09 -4.245173931121826172e-01 3.985727950930595398e-02 8.094756603240966797e-01 8.546237349510192871e-01 -1.592916101217269897e-01 -2.739474475383758545e-01 -4.113359153270721436e-01 5.120088338200804445e-01 -3.551756061234819795e-01 -2.057813143740059858e-01 4.552781302819212117e-01 8.688303003416933956e-01 -2.035625424003037129e-02 1.892424246981295188e-01
1.661970422848496437e+09 -4.157334864139556885e-01 5.207327008247375488e-02 8.136413097381591797e-01 8.491105437278747559e-01 -1.777792870998382568e-01 -2.791589200496673584e-01 -4.116747677326202393e-01 4.891843520879277651e-01 -3.385922538280143890e-01 -1.961732670496625919e-01 4.340209338508588810e-01 8.282641164395898592e-01 -1.940580908090748166e-02 1.804065875969578236e-01
1.661970422880410910e+09 -4.067197144031524658e-01 6.416755914688110352e-02 8.177997469902038574e-01 8.432012796401977539e-01 -1.961074322462081909e-01 -2.844002544879913330e-01 -4.119102060794830322e-01 4.902630191799888237e-01 -3.385947832974812166e-01 -1.961747325713462387e-01 4.340241762248034929e-01 8.282703040259040694e-01 -1.940595405292298153e-02 1.804079353329157698e-01
1.661970422912325859e+09 -3.974786698818206787e-01 7.613631337881088257e-02 8.219506144523620605e-01 8.369004726409912109e-01 -2.142671495676040649e-01 -2.896702587604522705e-01 -4.120416939258575439e-01 4.913210768049323107e-01 -3.385897243963347791e-01 -1.961718015498751522e-01 4.340176915253651235e-01 8.282579289457235872e-01 -1.940566411105755507e-02 1.804052398811327174e-01
1.661970422944240570e+09 -3.880128562450408936e-01 8.797574788331985474e-02 8.260936737060546875e-01 8.302128911018371582e-01 -2.322495579719543457e-01 -2.949680089950561523e-01 -4.120687842369079590e-01 4.923837714806632571e-01 -3.385922538280126126e-01 -1.961732670496625919e-01 4.340209338508588810e-01 8.282641164395880828e-01 -1.940580908090704798e-02 1.804065875969578236e-01
1.661970422976155281e+09 -3.783249855041503906e-01 9.968216717243194580e-02 8.302287459373474121e-01 8.231433033943176270e-01 -2.500459551811218262e-01 -3.002924323081970215e-01 -4.119910895824432373e-01 4.934345960484741722e-01 -3.385922538280126126e-01 -1.961732670496625919e-01 4.340209338508588810e-01 8.282641164395916356e-01 -1.940580908090748166e-02 1.804065875969578236e-01
1.661970423008069992e+09 -3.684176802635192871e-01 1.112519130110740662e-01 8.343555927276611328e-01 8.156967759132385254e-01 -2.676479220390319824e-01 -3.056424856185913086e-01 -4.118082523345947266e-01 4.944787486076385741e-01 -3.385922538280126126e-01 -1.961732670496625919e-01 4.340209338508588810e-01 8.282641164395880828e-01 -1.940580908090704798e-02 1.804065875969543264e-01
1.661970423038987637e+09 -3.582937121391296387e-01 1.226813942193984985e-01 8.384739756584167480e-01 8.078786730766296387e-01 -2.850469946861267090e-01 -3.110170960426330566e-01 -4.115199446678161621e-01 5.114942605192798197e-01 -3.495115524407959584e-01 -2.024996801868307328e-01 4.480177223991494428e-01 8.549748964867075474e-01 -2.003162913964030498e-02 1.862245393646476121e-01
1.661970423068907499e+09 -3.479558825492858887e-01 1.339671015739440918e-01 8.425837755203247070e-01 7.996944785118103027e-01 -3.022348582744598389e-01 -3.164150416851043701e-01 -4.111257493495941162e-01 5.296491608160612818e-01 -3.611672292272697926e-01 -2.092527354296083164e-01 4.629584295958815710e-01 8.834870042679968671e-01 -2.069965339557007511e-02 1.924348435030541205e-01
1.661970423099824429e+09 -3.374069929122924805e-01 1.451055556535720825e-01 8.466846942901611328e-01 7.911497950553894043e-01 -3.192033767700195312e-01 -3.218353688716888428e-01 -4.106253981590270996e-01 5.136215855253151163e-01 -3.495196383066725976e-01 -2.025043649683272440e-01 4.480280871816153532e-01 8.549946761257239958e-01 -2.003209256657194695e-02 1.862288476246675983e-01
1.661970423130742073e+09 -3.266499340534210205e-01 1.560933589935302734e-01 8.507767319679260254e-01 7.822504043579101562e-01 -3.359446525573730469e-01 -3.272768557071685791e-01 -4.100186228752136230e-01 5.146567290860838417e-01 -3.495115524407959584e-01 -2.024996801868307328e-01 4.480177223991422264e-01 8.549748964867094347e-01 -2.003162913964030498e-02 1.862245393646440039e-01
1.661970423160662174e+09 -3.156875967979431152e-01 1.669271886348724365e-01 8.548595905303955078e-01 7.730024456977844238e-01 -3.524508476257324219e-01 -3.327385187149047852e-01 -4.093052148818969727e-01 5.328893583923229871e-01 -3.611643512631501629e-01 -2.092510679974168841e-01 4.629547405077212296e-01 8.834799641943319459e-01 -2.069948845020652337e-02 1.924333100843767241e-01
1.661970423191579580e+09 -3.045229613780975342e-01 1.776037514209747314e-01 8.589332103729248047e-01 7.634119391441345215e-01 -3.687142133712768555e-01 -3.382190465927124023e-01 -4.084847867488861084e-01 5.167314550760124803e-01 -3.495142476878534410e-01 -2.025012417565785483e-01 4.480211772733553310e-01 8.549814895980282214e-01 -2.003178361290186907e-02 1.862259754291722691e-01
1.661970423223494768e+09 -2.931590378284454346e-01 1.881198585033416748e-01 8.629975318908691406e-01 7.534854412078857422e-01 -3.847273588180541992e-01 -3.437174260616302490e-01 -4.075573384761810303e-01 5.015695031221966138e-01 -3.385871950024477162e-01 -1.961703360719833644e-01 4.340144492483002381e-01 8.282517415443022557e-01 -1.940551914337359032e-02 1.804038921854504707e-01
1.661970423254411697e+09 -2.815988361835479736e-01 1.984723210334777832e-01 8.670523166656494141e-01 7.432292699813842773e-01 -4.004827737808227539e-01 -3.492324054241180420e-01 -4.065225124359130859e-01 5.187807953109815351e-01 -3.495196383066725976e-01 -2.025043649683272440e-01 4.480280871816153532e-01 8.549946761257258832e-01 -2.003209256657194695e-02 1.862288476246640179e-01
1.661970423285328865e+09 -2.698453962802886963e-01 2.086580842733383179e-01 8.710975646972656250e-01 7.326502203941345215e-01 -4.159733355045318604e-01 -3.547627925872802734e-01 -4.053801596164703369e-01 5.197882755311082903e-01 -3.495169429764771740e-01 -2.025028033504033542e-01 4.480246322008387683e-01 8.549880828110328901e-01 -2.003193808854587810e-02 1.862274115158454313e-01
1.661970423317243338e+09 -2.579019069671630859e-01 2.186741083860397339e-01 8.751331567764282227e-01 7.217551469802856445e-01 -4.311921894550323486e-01 -3.603075742721557617e-01 -4.041303396224975586e-01 5.045158244901604139e-01 -3.385947832974829375e-01 -1.961747325713462387e-01 4.340241762248104318e-01 8.282703040259032923e-01 -1.940595405292298153e-02 1.804079353329157698e-01
1.661970423349158287e+09 -2.457714229822158813e-01 2.285174131393432617e-01 8.791590929031372070e-01 7.105509042739868164e-01 -4.461323022842407227e-01 -3.658653497695922852e-01 -4.027727246284484863e-01 5.054743035223722147e-01 -3.385897243963338910e-01 -1.961718015498751522e-01 4.340176915253581291e-01 8.282579289457235872e-01 -1.940566411105755507e-02 1.804052398811327174e-01
1.661970423379078388e+09 -2.334571629762649536e-01 2.381850928068161011e-01 8.831751942634582520e-01 6.990447640419006348e-01 -4.607872068881988525e-01 -3.714350461959838867e-01 -4.013073742389678955e-01 5.401966361802097438e-01 -3.611643512631501629e-01 -2.092510679974168841e-01 4.629547405077212296e-01 8.834799641943319459e-01 -2.069948845020698480e-02 1.924333100843767241e-01
1.661970423410993099e+09 -2.209623157978057861e-01 2.476743012666702271e-01 8.871815800666809082e-01 6.872439980506896973e-01 -4.751502573490142822e-01 -3.770154118537902832e-01 -3.997341394424438477e-01 5.073875960961664600e-01 -3.385922538280117799e-01 -1.961732670496625919e-01 4.340209338508588810e-01 8.282641164395880828e-01 -1.940580908090704798e-02 1.804065875969578236e-01
1.661970423442908764e+09 -2.082901000976562500e-01 2.569822371006011963e-01 8.911780714988708496e-01 6.751560568809509277e-01 -4.892151653766632080e-01 -3.826051056385040283e-01 -3.980529606342315674e-01 5.083170143819375486e-01 -3.385821363280476226e-01 -1.961674051818848574e-01 4.340079648395154810e-01 8.282393670187914170e-01 -1.940522921450334171e-02 1.804011968544849409e-01
1.661970423474822998e+09 -1.954437643289566040e-01 2.661062180995941162e-01 8.951647281646728516e-01 6.627883911132812500e-01 -5.029760003089904785e-01 -3.882030844688415527e-01 -3.962639570236206055e-01 5.092796668775992908e-01 -3.385973128047465863e-01 -1.961761981149265366e-01 4.340274186471930751e-01 8.282764917046683273e-01 -1.940609902710497062e-02 1.804092830890070553e-01
1.661970423506737471e+09 -1.824266165494918823e-01 2.750434875488281250e-01 8.991414904594421387e-01 6.501487493515014648e-01 -5.164266824722290039e-01 -3.938080072402954102e-01 -3.943670392036437988e-01 5.102068884661118409e-01 -3.385947832974821048e-01 -1.961747325713462387e-01 4.340241762248034929e-01 8.282703040259040694e-01 -1.940595405292341522e-02 1.804079353329157698e-01
1.661970423538652182e+09 -1.824266165494918823e-01 2.750434875488281250e-01 8.991414904594421387e-01 6.501487493515014648e-01 -5.164266824722290039e-01 -3.938080072402954102e-01 -3.943670392036437988e-01 0.000000000000000000e+00 0.000000000000000000e+00 0.000000000000000000e+00 0.000000000000000000e+00 0.000000000000000000e+00 0.000000000000000000e+00 0.000000000000000000e+00
1.661970423570566893e+09 -1.876766085624694824e-01 2.856462001800537109e-01 8.859521150588989258e-01 6.502435803413391113e-01 -5.153123140335083008e-01 -3.925022184848785400e-01 -3.969616293907165527e-01 5.551778145043748669e-01 1.224246571541944134e-01 -7.611474299860914172e-01 3.771900938490210242e-01 3.347032288857808568e-01 5.022841456421832662e-01 -4.189107602714727263e-01
1.661970423602481365e+09 -1.929114013910293579e-01 2.959676980972290039e-01 8.724253177642822266e-01 6.503335833549499512e-01 -5.142514109611511230e-01 -3.910431861877441406e-01 -3.996209502220153809e-01 5.578028450915405445e-01 1.224255717333954524e-01 -7.611531161740203721e-01 3.771929116654834657e-01 3.347057293021079016e-01 5.022878979796849830e-01 -4.189138897641498938e-01
1.661970423634396076e+09 -1.981272995471954346e-01 3.059991300106048584e-01 8.585660457611083984e-01 6.504215002059936523e-01 -5.132414698600769043e-01 -3.894290626049041748e-01 -4.023432433605194092e-01 5.604361507330425374e-01 1.224246571541944134e-01 -7.611474299860914172e-01 3.771900938490210242e-01 3.347032288857826332e-01 5.022841456421823780e-01 -4.189107602714762235e-01
1.661970423666310310e+09 -2.033205479383468628e-01 3.157317042350769043e-01 8.443796634674072266e-01 6.505096554756164551e-01 -5.122796893119812012e-01 -3.876582980155944824e-01 -4.051268696784973145e-01 5.630937550533480218e-01 1.224264863262596592e-01 -7.611588024469079228e-01 3.771957295240544461e-01 3.347082297557906760e-01 5.022916503732519633e-01 -4.189170193035889334e-01
1.661970423698225498e+09 -2.084872573614120483e-01 3.251568675041198730e-01 8.298715949058532715e-01 6.506005525588989258e-01 -5.113632678985595703e-01 -3.857292234897613525e-01 -4.079698920249938965e-01 5.657438167330235412e-01 1.224228280367884863e-01 -7.611360578651013009e-01 3.771844583423970554e-01 3.346982281652063906e-01 5.022766411353681848e-01 -4.189045014263894084e-01
1.661970423729647160e+09 -2.136235237121582031e-01 3.342661261558532715e-01 8.150476813316345215e-01 6.506964564323425293e-01 -5.104894042015075684e-01 -3.836404681205749512e-01 -4.108706712722778320e-01 5.773514132540800148e-01 1.243456705009444024e-01 -7.730908930582902627e-01 3.831087316576874957e-01 3.399551886203307505e-01 5.101656833166098304e-01 -4.254840534322215650e-01
1.661970423761561871e+09 -2.187253236770629883e-01 3.430511355400085449e-01 7.999138832092285156e-01 6.507996320724487305e-01 -5.096550583839416504e-01 -3.813906013965606689e-01 -4.138270914554595947e-01 5.711271680983829313e-01 1.224246571541944134e-01 -7.611474299860914172e-01 3.771900938490210242e-01 3.347032288857826332e-01 5.022841456421832662e-01 -4.189107602714727263e-01
1.661970423793478489e+09 -2.237885743379592896e-01 3.515038192272186279e-01 7.844765186309814453e-01 6.509121060371398926e-01 -5.088572502136230469e-01 -3.789781332015991211e-01 -4.168372750282287598e-01 5.738025229810941319e-01 1.224173410124942546e-01 -7.611019435409408507e-01 3.771675528328648497e-01 3.346832269000106774e-01 5.022541289603389414e-01 -4.188857260132354821e-01
1.661970423825391054e+09 -2.288091629743576050e-01 3.596161603927612305e-01 7.687421441078186035e-01 6.510360240936279297e-01 -5.080928206443786621e-01 -3.764019608497619629e-01 -4.198991954326629639e-01 5.765983296804195746e-01 1.224328888589585745e-01 -7.611986087361185538e-01 3.772154557129192010e-01 3.347257339777129914e-01 5.023179186981234778e-01 -4.189389273889574383e-01
1.661970423856308460e+09 -2.337828427553176880e-01 3.673803210258483887e-01 7.527176737785339355e-01 6.511732935905456543e-01 -5.073586702346801758e-01 -3.736607730388641357e-01 -4.230107665061950684e-01 5.979778463183004211e-01 1.263737178270662176e-01 -7.856998155257924887e-01 3.893571409165075825e-01 3.454997741978211856e-01 5.184863602309026653e-01 -4.324235937748354686e-01
1.661970423886228800e+09 -2.387053668498992920e-01 3.747887313365936279e-01 7.364100217819213867e-01 6.513256430625915527e-01 -5.066516399383544922e-01 -3.707535266876220703e-01 -4.261699318885803223e-01 6.208373453350950477e-01 1.305850002522855879e-01 -8.118825051033002893e-01 4.023320926142870402e-01 3.570132213924907538e-01 5.357644187869041730e-01 -4.468336935331272963e-01
1.661970423917146444e+09 -2.435724139213562012e-01 3.818339407444000244e-01 7.198265790939331055e-01 6.514949202537536621e-01 -5.059683322906494141e-01 -3.676791787147521973e-01 -4.293744564056396484e-01 6.036585324461869462e-01 1.263727433077350415e-01 -7.856937566737473011e-01 3.893541384246432258e-01 3.454971099080077490e-01 5.184823619709030273e-01 -4.324202591799637951e-01
1.661970423948063374e+09 -2.483795881271362305e-01 3.885087370872497559e-01 7.029749751091003418e-01 6.516827940940856934e-01 -5.053054690361022949e-01 -3.644366562366485596e-01 -4.326221048831939697e-01 6.065293028793545815e-01 1.263756669108190844e-01 -7.857119335102232816e-01 3.893631460391744903e-01 3.455051029007181751e-01 5.184943569358977378e-01 -4.324302631188690627e-01
1.661970423978981018e+09 -2.531224489212036133e-01 3.948060870170593262e-01 6.858628392219543457e-01 6.518904566764831543e-01 -5.046597123146057129e-01 -3.610252141952514648e-01 -4.359107613563537598e-01 6.093873382743274503e-01 1.263727433077359297e-01 -7.856937566737473011e-01 3.893541384246360093e-01 3.454971099080113572e-01 5.184823619709030273e-01 -4.324202591799673479e-01
1.661970424010895729e+09 -2.577965557575225830e-01 4.007191658020019531e-01 6.684983968734741211e-01 6.521196365356445312e-01 -5.040276050567626953e-01 -3.574439883232116699e-01 -4.392379522323608398e-01 5.931357248541963001e-01 1.224246571541944134e-01 -7.611474299860914172e-01 3.771900938490210242e-01 3.347032288857808568e-01 5.022841456421823780e-01 -4.189107602714727263e-01
1.661970424040815592e+09 -2.577965557575225830e-01 4.007191658020019531e-01 6.684983968734741211e-01 6.521196365356445312e-01 -5.040276050567626953e-01 -3.574439883232116699e-01 -4.392379522323608398e-01 0.000000000000000000e+00 0.000000000000000000e+00 0.000000000000000000e+00 0.000000000000000000e+00 0.000000000000000000e+00 0.000000000000000000e+00 0.000000000000000000e+00
1.661970424071732759e+09 -2.579067051410675049e-01 4.134078621864318848e-01 6.860539317131042480e-01 6.344960331916809082e-01 -5.080620050430297852e-01 -3.687680661678314209e-01 -4.508857131004333496e-01 7.006237128592688324e-01 1.925404393641571774e-02 -7.542955181465675618e-02 7.734216413893568731e-01 5.489902481338307938e-01 7.624926532424624037e-01 1.615576088325752779e-01
1.661970424101653576e+09 -2.578071951866149902e-01 4.254880845546722412e-01 7.038096189498901367e-01 6.165044307708740234e-01 -5.118820071220397949e-01 -3.799235224723815918e-01 -4.621226191520690918e-01 7.177514585041793183e-01 1.989519591303891277e-02 -7.794132577764750769e-02 7.991762732878574527e-01 5.672714042327953177e-01 7.878833541986626221e-01 1.669374127108459172e-01
1.661970424132570505e+09 -2.575014829635620117e-01 4.369554519653320312e-01 7.217394709587097168e-01 5.981580615043640137e-01 -5.154888629913330078e-01 -3.909017145633697510e-01 -4.729419648647308350e-01 6.884747410171567772e-01 1.925419241564406761e-02 -7.543013349618221675e-02 7.734276056973684588e-01 5.489944817197042193e-01 7.624985332706347707e-01 1.615588546980762097e-01
1.661970424164485216e+09 -2.569933831691741943e-01 4.478067159652709961e-01 7.398173213005065918e-01 5.794706344604492188e-01 -5.188838839530944824e-01 -4.016943275928497314e-01 -4.833373129367828369e-01 6.608450775901761887e-01 1.865222920587662064e-02 -7.307188526159741349e-02 7.492471594860768969e-01 5.318307143060111430e-01 7.386597736580723383e-01 1.565078775061484462e-01
1.661970424196399927e+09 -2.562871277332305908e-01 4.580398797988891602e-01 7.580171823501586914e-01 5.604559183120727539e-01 -5.220689177513122559e-01 -4.122931361198425293e-01 -4.933027029037475586e-01 6.546015358786513305e-01 1.865222920587749147e-02 -7.307188526159741349e-02 7.492471594860768969e-01 5.318307143060145847e-01 7.386597736580723383e-01 1.565078775061519434e-01
1.661970424226826906e+09 -2.553872764110565186e-01 4.676539897918701172e-01 7.763133645057678223e-01 -5.411279797554016113e-01 5.250456333160400391e-01 4.226899743080139160e-01 5.028325915336608887e-01 6.799211424030080497e-01 1.956423289060213455e-02 -7.664474660019925112e-02 7.858817173546955859e-01 5.578346608447158905e-01 7.747766596291298935e-01 1.641603548266183377e-01
1.661970424258741617e+09 -2.542987763881683350e-01 4.766492545604705811e-01 7.946804165840148926e-01 -5.215011239051818848e-01 5.278165340423583984e-01 4.328771233558654785e-01 5.119217038154602051e-01 6.417239723223303605e-01 1.865222920587662064e-02 -7.307188526159741349e-02 7.492471594860768969e-01 5.318307143060145847e-01 7.386597736580723383e-01 1.565078775061484462e-01
1.661970424290656090e+09 -2.530269622802734375e-01 4.850270450115203857e-01 8.130930066108703613e-01 -5.015894770622253418e-01 5.303832292556762695e-01 4.428463578224182129e-01 5.205655694007873535e-01 6.351006158588607953e-01 1.865236854823840509e-02 -7.307243114857744914e-02 7.492527567724713844e-01 5.318346873725535717e-01 7.386652918508995747e-01 1.565090467056606816e-01
1.661970424321080208e+09 -2.515774667263031006e-01 4.927897155284881592e-01 8.315264582633972168e-01 -4.814080893993377686e-01 5.327488780021667480e-01 4.525905251502990723e-01 5.287595987319946289e-01 6.591393564281821105e-01 1.956607267176544221e-02 -7.665195411821695837e-02 7.859556200928331515e-01 5.578871184957300278e-01 7.748495180699451756e-01 1.641757921366452933e-01
1.661970424351997852e+09 -2.499563395977020264e-01 4.999407827854156494e-01 8.499562740325927734e-01 -4.609713852405548096e-01 5.349157452583312988e-01 4.621018767356872559e-01 5.365000963211059570e-01 6.415403612753232121e-01 1.925374698482891847e-02 -7.542838847851932038e-02 7.734097130492932903e-01 5.489817811579654760e-01 7.624808934581775999e-01 1.615551171592176927e-01
