1.661970424491133928e+09 1.378528122206244648e-16 -2.367949187755584717e-01 1.128897309303283691e+00 -6.125128269195556641e-01 6.125135421752929688e-01 3.533097505569458008e-01 3.533093035221099854e-01 0.000000000000000000e+00 0.000000000000000000e+00 0.000000000000000000e+00 0.000000000000000000e+00 0.000000000000000000e+00 0.000000000000000000e+00 0.000000000000000000e+00
1.661970457779241562e+09 1.656083878362533783e-16 -2.367949187755584717e-01 1.128897309303283691e+00 -6.125128269195556641e-01 6.125135421752929688e-01 3.533097505569458008e-01 3.533093035221099854e-01 8.337985421442533021e-19 0.000000000000000000e+00 0.000000000000000000e+00 0.000000000000000000e+00 0.000000000000000000e+00 3.335194168577013208e-18 0.000000000000000000e+00
1.661970457808164120e+09 4.746899008750915527e-03 -2.383515685796737671e-01 1.127113580703735352e+00 -6.053719520568847656e-01 6.102172136306762695e-01 3.577736318111419678e-01 3.649079501628875732e-01 1.834041320608466030e-01 -1.364377276811827855e-01 2.285031614653159904e-01 -4.415471521137949718e-01 -6.383015861663656754e-01 1.122059972228424130e+00 5.227803093330440909e-01
1.661970457840077877e+09 9.266793727874755859e-03 -2.400634288787841797e-01 1.125399827957153320e+00 -5.983961224555969238e-01 6.074720025062561035e-01 3.624135553836822510e-01 3.762397170066833496e-01 1.606845159810504631e-01 -1.236497485731254814e-01 2.070861113237779383e-01 -4.001620026216566317e-01 -5.784751181705815037e-01 1.016891997602125786e+00 4.737813719608503504e-01
1.661970457871992588e+09 1.355243846774101257e-02 -2.419289350509643555e-01 1.123747110366821289e+00 -5.915944576263427734e-01 6.042876839637756348e-01 3.672284185886383057e-01 3.872927725315093994e-01 1.553407343124616202e-01 -1.236460536755138589e-01 2.070799231836058796e-01 -4.001500449942063664e-01 -5.784578321966369341e-01 1.016861610869790322e+00 4.737672144418914044e-01
1.661970457901912928e+09 1.759720221161842346e-02 -2.439464777708053589e-01 1.122146129608154297e+00 -5.849756002426147461e-01 6.006746292114257812e-01 3.722169697284698486e-01 3.980554044246673584e-01 1.602648244029927505e-01 -1.318878102315174661e-01 2.208830512558865589e-01 -4.268224632290088527e-01 -6.170155417972176259e-01 1.084641581186741588e+00 5.053466618207226313e-01
1.661970457933827639e+09 2.139507792890071869e-02 -2.461144328117370605e-01 1.120587468147277832e+00 -5.785477757453918457e-01 5.966433882713317871e-01 3.773774504661560059e-01 4.085160791873931885e-01 1.454675477582538512e-01 -1.236460536755142892e-01 2.070799231835919740e-01 -4.001500449942063664e-01 -5.784578321966334924e-01 1.016861610869790322e+00 4.737672144418896836e-01
1.661970457964744806e+09 2.494069561362266541e-02 -2.484312355518341064e-01 1.119061470031738281e+00 -5.723188519477844238e-01 5.922049880027770996e-01 3.827079236507415771e-01 4.186634421348571777e-01 1.456136191890307630e-01 -1.276354972778639407e-01 2.137613630691684030e-01 -4.130608981069944230e-01 -5.971217913711235337e-01 1.049670681012906615e+00 4.890533277182484428e-01
1.661970457994664907e+09 2.822932787239551544e-02 -2.508952617645263672e-01 1.117558479309082031e+00 -5.662960410118103027e-01 5.873706340789794922e-01 3.882060647010803223e-01 4.284863173961639404e-01 1.462414196266116628e-01 -1.318888611806483535e-01 2.208848113643479549e-01 -4.268258643674157082e-01 -6.170204584907753587e-01 1.084650224162351462e+00 5.053506886798698750e-01
1.661970458025582075e+09 3.125689923763275146e-02 -2.535050213336944580e-01 1.116068482398986816e+00 -5.604864358901977539e-01 5.821520090103149414e-01 3.938691914081573486e-01 4.379737377166748047e-01 1.379754052010416787e-01 -1.276354972778639407e-01 2.137613630691540534e-01 -4.130608981070087449e-01 -5.971217913711235337e-01 1.049670681012910167e+00 4.890533277182484428e-01
1.661970458057496786e+09 3.401999175548553467e-02 -2.562589645385742188e-01 1.114581704139709473e+00 -5.548961758613586426e-01 5.765610933303833008e-01 3.996944129467010498e-01 4.471150040626525879e-01 1.308127921411660899e-01 -1.236460536755134287e-01 2.070799231836058796e-01 -4.001500449942063664e-01 -5.784578321966334924e-01 1.016861610869786769e+00 4.737672144418896836e-01
1.661970458089411497e+09 3.651585057377815247e-02 -2.591556906700134277e-01 1.113088130950927734e+00 -5.495314002037048340e-01 5.706099867820739746e-01 4.056786000728607178e-01 4.558996260166168213e-01 1.286243341595597889e-01 -1.236460536755138589e-01 2.070799231835919740e-01 -4.001500449942063664e-01 -5.784578321966351577e-01 1.016861610869790322e+00 4.737672144418914044e-01
1.661970458121326447e+09 3.874237462878227234e-02 -2.621938288211822510e-01 1.111577868461608887e+00 -5.443973541259765625e-01 5.643110275268554688e-01 4.118181169033050537e-01 4.643171429634094238e-01 1.271551603974325761e-01 -1.236451299856140690e-01 2.070783762063445055e-01 -4.001470556990047167e-01 -5.784535108645670887e-01 1.016854014470459200e+00 4.737636751943551938e-01
1.661970458151246548e+09 4.069812595844268799e-02 -2.653721272945404053e-01 1.110040903091430664e+00 -5.394991040229797363e-01 5.576770305633544922e-01 4.181091785430908203e-01 4.723576903343200684e-01 1.348905672877744322e-01 -1.318888611806483535e-01 2.208848113643479549e-01 -4.268258643674157082e-01 -6.170204584907771350e-01 1.084650224162351462e+00 5.053506886798698750e-01
1.661970458183161020e+09 4.238233715295791626e-02 -2.686893641948699951e-01 1.108467459678649902e+00 -5.348410010337829590e-01 5.507208704948425293e-01 4.245476722717285156e-01 4.800113737583160400e-01 1.265679842971637048e-01 -1.236469773792150256e-01 2.070814701839668592e-01 -4.001530343340714557e-01 -5.784621535932704672e-01 1.016869207382619988e+00 4.737707537423078152e-01
1.661970458215075731e+09 4.379487782716751099e-02 -2.721444368362426758e-01 1.106847643852233887e+00 -5.304270386695861816e-01 5.434556007385253906e-01 4.311290681362152100e-01 4.872688353061676025e-01 1.274954484629101936e-01 -1.236460536755138589e-01 2.070799231836058796e-01 -4.001500449942063664e-01 -5.784578321966351577e-01 1.016861610869790322e+00 4.737672144418896836e-01
1.661970458246990681e+09 4.493628069758415222e-02 -2.757364213466644287e-01 1.105171918869018555e+00 -5.262606143951416016e-01 5.358944535255432129e-01 4.378488063812255859e-01 4.941207766532897949e-01 1.292405919224394462e-01 -1.236451299856140690e-01 2.070783762063445055e-01 -4.001470556989907834e-01 -5.784535108645670887e-01 1.016854014470455647e+00 4.737636751943551938e-01
1.661970458278905869e+09 4.580771550536155701e-02 -2.794644236564636230e-01 1.103430747985839844e+00 -5.223446488380432129e-01 5.280509591102600098e-01 4.447019100189208984e-01 5.005582571029663086e-01 1.317817188395906669e-01 -1.236442063095144761e-01 2.070768292521822651e-01 -4.001440664484653409e-01 -5.784491895970560460e-01 1.016846418184620404e+00 4.737601359996963524e-01
1.661970458310820103e+09 4.641098529100418091e-02 -2.833276689052581787e-01 1.101614713668823242e+00 -5.186815857887268066e-01 5.199385881423950195e-01 4.516830742359161377e-01 5.065726637840270996e-01 1.350875430572491265e-01 -1.236479010967165559e-01 2.070830172074697439e-01 -4.001560237186008173e-01 -5.784664750544743494e-01 1.016876804008950863e+00 4.737742930956056475e-01
1.661970458342734575e+09 4.674852266907691956e-02 -2.873255312442779541e-01 1.099714756011962891e+00 -5.152732133865356445e-01 5.115709900856018066e-01 4.587867856025695801e-01 5.121558308601379395e-01 1.390973938163511670e-01 -1.236469773792145815e-01 2.070814701839668592e-01 -4.001530343340714557e-01 -5.784621535932704672e-01 1.016869207382619988e+00 4.737707537423078152e-01
1.661970458374649763e+09 4.682336375117301941e-02 -2.914575040340423584e-01 1.097722053527832031e+00 -5.121209025382995605e-01 5.029618740081787109e-01 4.660070240497589111e-01 5.172997117042541504e-01 1.437557332315461955e-01 -1.236442063095149063e-01 2.070768292521961706e-01 -4.001440664484653409e-01 -5.784491895970595987e-01 1.016846418184623957e+00 4.737601359996980732e-01
1.661970458406563997e+09 4.663914442062377930e-02 -2.957231700420379639e-01 1.095627903938293457e+00 -5.092256665229797363e-01 4.941252171993255615e-01 4.733381271362304688e-01 5.219966769218444824e-01 1.490104768978448291e-01 -1.236479010967165559e-01 2.070830172074697439e-01 -4.001560237186008173e-01 -5.784664750544743494e-01 1.016876804008950863e+00 4.737742930956056475e-01
1.661970458438479185e+09 4.620008543133735657e-02 -3.001222908496856689e-01 1.093424081802368164e+00 -5.065878629684448242e-01 4.850748777389526367e-01 4.807736277580261230e-01 5.262393355369567871e-01 1.547797489967435713e-01 -1.236442063095149063e-01 2.070768292521822651e-01 -4.001440664484653409e-01 -5.784491895970595987e-01 1.016846418184622181e+00 4.737601359996980732e-01
1.661970458470393419e+09 4.551097750663757324e-02 -3.046546876430511475e-01 1.091102600097656250e+00 -5.042072534561157227e-01 4.758248031139373779e-01 4.883070290088653564e-01 5.300208926200866699e-01 1.610175430525196960e-01 -1.236479010967165559e-01 2.070830172074697439e-01 -4.001560237186008173e-01 -5.784664750544725731e-01 1.016876804008950863e+00 4.737742930956056475e-01
1.661970458500313282e+09 4.457715526223182678e-02 -3.093203604221343994e-01 1.088655829429626465e+00 -5.020832419395446777e-01 4.663888216018676758e-01 4.959315657615661621e-01 5.333347320556640625e-01 1.788257021773790867e-01 -1.318899121465283708e-01 2.208865715008604680e-01 -4.268292655600121610e-01 -6.170253752626966293e-01 1.084658867275703820e+00 5.053547156031917842e-01
1.661970458531735659e+09 4.340448975563049316e-02 -3.141193687915802002e-01 1.086076498031616211e+00 -5.002144575119018555e-01 4.567809700965881348e-01 5.036399960517883301e-01 5.361747145652770996e-01 1.773583914981866627e-01 -1.255833737623148483e-01 2.103245078899474152e-01 -4.064197050185854310e-01 -5.875212672547637238e-01 1.032794075883228802e+00 4.811903283523015773e-01
1.661970458563650370e+09 4.199935123324394226e-02 -3.190518617630004883e-01 1.083357810974121094e+00 -4.985996186733245850e-01 4.470151364803314209e-01 5.114254355430603027e-01 5.385349392890930176e-01 1.818833097936406462e-01 -1.236460536755138589e-01 2.070799231836058796e-01 -4.001500449942063664e-01 -5.784578321966351577e-01 1.016861610869790322e+00 4.737672144418896836e-01
1.661970458595565081e+09 4.036862030625343323e-02 -3.241181969642639160e-01 1.080493330955505371e+00 -4.972363114356994629e-01 4.371052384376525879e-01 5.192803144454956055e-01 5.404100418090820312e-01 1.893858300321552834e-01 -1.236460536755138589e-01 2.070799231836058796e-01 -4.001500449942063664e-01 -5.784578321966334924e-01 1.016861610869786769e+00 4.737672144418914044e-01
1.661970458626483440e+09 3.851962462067604065e-02 -3.293187320232391357e-01 1.077476978302001953e+00 -4.961219727993011475e-01 4.270651042461395264e-01 5.271969437599182129e-01 5.417949557304382324e-01 2.034354799521844448e-01 -1.276305761445723497e-01 2.137531212541206593e-01 -4.130449720693429860e-01 -5.970987686541731065e-01 1.049630209753395826e+00 4.890344717051193779e-01
1.661970458657399893e+09 3.646015003323554993e-02 -3.346539437770843506e-01 1.074303269386291504e+00 -4.952534139156341553e-01 4.169082045555114746e-01 5.351674556732177734e-01 5.426851511001586914e-01 2.115545412422321636e-01 -1.276384501400004978e-01 2.137663084632690225e-01 -4.130704543191294209e-01 -5.971356058535071121e-01 1.049694965266710467e+00 4.890646420241036019e-01
1.661970458688317299e+09 3.419839963316917419e-02 -3.401243984699249268e-01 1.070967197418212891e+00 -4.946273267269134521e-01 4.066486656665802002e-01 5.431841611862182617e-01 5.430761575698852539e-01 2.197761128423908472e-01 -1.276345130208463019e-01 2.137597146553165406e-01 -4.130577128012251076e-01 -5.971171866856987975e-01 1.049662586511333151e+00 4.890495563992965922e-01
1.661970458719234705e+09 3.174297511577606201e-02 -3.457306921482086182e-01 1.067464232444763184e+00 -4.942392706871032715e-01 3.962994813919067383e-01 5.512384176254272461e-01 5.429645180702209473e-01 2.280908872804215115e-01 -1.276345130208463019e-01 2.137597146553021910e-01 -4.130577128012251076e-01 -5.971171866857023502e-01 1.049662586511331153e+00 4.890495563992965922e-01
1.661970458751149416e+09 2.910284884274005890e-02 -3.514735102653503418e-01 1.063790202140808105e+00 -4.940848946571350098e-01 3.858743607997894287e-01 5.593220591545104980e-01 5.423466563224792480e-01 2.290750342555067653e-01 -1.236460536755138589e-01 2.070799231836058796e-01 -4.001500449942063664e-01 -5.784578321966334924e-01 1.016861610869788546e+00 4.737672144418896836e-01
1.661970458783063889e+09 2.628733962774276733e-02 -3.573535978794097900e-01 1.059941649436950684e+00 -4.941592216491699219e-01 3.753863275051116943e-01 5.674266219139099121e-01 5.412197113037109375e-01 2.372150476622058302e-01 -1.236469773792145815e-01 2.070814701839668592e-01 -4.001530343340575224e-01 -5.784621535932722436e-01 1.016869207382619988e+00 4.737707537423078152e-01
1.661970458813981295e+09 2.330608665943145752e-02 -3.633716702461242676e-01 1.055915594100952148e+00 -4.944568872451782227e-01 3.648484945297241211e-01 5.755434036254882812e-01 5.395811200141906738e-01 2.532663157327044723e-01 -1.276345130208463019e-01 2.137597146553165406e-01 -4.130577128012251076e-01 -5.971171866856987975e-01 1.049662586511333151e+00 4.890495563992965922e-01
1.661970458844898701e+09 2.016901969909667969e-02 -3.695285022258758545e-01 1.051709413528442383e+00 -4.949719309806823730e-01 3.542737066745758057e-01 5.836635828018188477e-01 5.374288558959960938e-01 2.616481568670874225e-01 -1.276345130208463019e-01 2.137597146553165406e-01 -4.130577128012251076e-01 -5.971171866857023502e-01 1.049662586511329376e+00 4.890495563992948158e-01
1.661970458875815868e+09 1.688633486628532410e-02 -3.758249282836914062e-01 1.047321438789367676e+00 -4.956981241703033447e-01 3.436746001243591309e-01 5.917782187461853027e-01 5.347612500190734863e-01 2.699850985755345989e-01 -1.276354972778639407e-01 2.137613630691540534e-01 -4.130608981070087449e-01 -5.971217913711199810e-01 1.049670681012910167e+00 4.890533277182484428e-01
1.661970458906734228e+09 1.346846949309110641e-02 -3.822616636753082275e-01 1.042750239372253418e+00 -4.966289699077606201e-01 3.330636322498321533e-01 5.998783707618713379e-01 5.315771102905273438e-01 2.782444418023201638e-01 -1.276305761445723497e-01 2.137531212541350090e-01 -4.130449720693429860e-01 -5.970987686541731065e-01 1.049630209753395826e+00 4.890344717051193779e-01
1.661970458938648224e+09 1.346846949309110641e-02 -3.822616636753082275e-01 1.042750239372253418e+00 -4.966289699077606201e-01 3.330636322498321533e-01 5.998783707618713379e-01 5.315771102905273438e-01 0.000000000000000000e+00 8.696991702110073382e-16 0.000000000000000000e+00 0.000000000000000000e+00 0.000000000000000000e+00 0.000000000000000000e+00 0.000000000000000000e+00
1.661970458970563650e+09 1.483589503914117813e-02 -3.700948953628540039e-01 1.048196792602539062e+00 -4.965464174747467041e-01 3.415187597274780273e-01 5.956316590309143066e-01 5.310645103454589844e-01 4.198655587784843601e-01 1.923591473005505093e-01 -7.172223726673766508e-01 5.756665955134646628e-01 5.668139065443174029e-01 -5.655728571899090174e-01 -4.188724569259034136e-01
1.661970459001481295e+09 1.603309623897075653e-02 -3.577546179294586182e-01 1.053256273269653320e+00 -4.966541826725006104e-01 3.499548733234405518e-01 5.912979841232299805e-01 5.303140282630920410e-01 4.331125816653046412e-01 1.985670085526735074e-01 -7.403687477627268754e-01 5.942446480915724027e-01 5.851062629878773791e-01 -5.838251621864334329e-01 -4.323904108751883135e-01
1.661970459031906128e+09 1.705173589289188385e-02 -3.452500104904174805e-01 1.057925939559936523e+00 -4.969511628150939941e-01 3.583647310733795166e-01 5.868807435035705566e-01 5.293253660202026367e-01 4.399985416595540433e-01 2.017833300819942000e-01 -7.523609913908275715e-01 6.038700227662107123e-01 5.945836171783149826e-01 -5.932817655375538513e-01 -4.393941251261427872e-01
1.661970459063821077e+09 1.788373291492462158e-02 -3.325904309749603271e-01 1.062203764915466309e+00 -4.974362254142761230e-01 3.667411804199218750e-01 5.823830962181091309e-01 5.280984640121459961e-01 4.195114858021128934e-01 1.923620213138523827e-01 -7.172330885946843759e-01 5.756751964740957073e-01 5.668223752380601166e-01 -5.655813073412891967e-01 -4.188787152454611640e-01
1.661970459095735550e+09 1.852126047015190125e-02 -3.197853565216064453e-01 1.066087484359741211e+00 -4.981081485748291016e-01 3.750771284103393555e-01 5.778086781501770020e-01 5.266331434249877930e-01 4.197548630948077508e-01 1.923648954130360578e-01 -7.172438048422212775e-01 5.756837976917422717e-01 5.668308441848658452e-01 -5.655897577451854952e-01 -4.188849737520242145e-01
1.661970459127159595e+09 1.895676366984844208e-02 -3.068445920944213867e-01 1.069575786590576172e+00 -4.989653527736663818e-01 3.833655118942260742e-01 5.731610655784606934e-01 5.249294042587280273e-01 4.267352021306777821e-01 1.953670849842442658e-01 -7.284376448944100968e-01 5.846683470297647789e-01 5.756772277487556266e-01 -5.744167719914138326e-01 -4.254224040718062594e-01
1.661970459158075809e+09 1.918296515941619873e-02 -2.937779724597930908e-01 1.072667002677917480e+00 -5.000059604644775391e-01 3.915994465351104736e-01 5.684434771537780762e-01 5.229874849319458008e-01 4.343739187434250137e-01 1.985761963653957241e-01 -7.404030050618090053e-01 5.942721441422891271e-01 5.851333362001199800e-01 -5.838521761213856243e-01 -4.324104178347883409e-01
1.661970459188993216e+09 1.919287629425525665e-02 -2.805956006050109863e-01 1.075360417366027832e+00 -5.012280941009521484e-01 3.997719585895538330e-01 5.636596083641052246e-01 5.208075642585754395e-01 4.351827137840144633e-01 1.985685397957509257e-01 -7.403744570924145618e-01 5.942492305899961247e-01 5.851107750159356691e-01 -5.838296643353315662e-01 -4.323937452398822212e-01
1.661970459219910860e+09 1.897980459034442902e-02 -2.673076391220092773e-01 1.077655076980590820e+00 -5.026299357414245605e-01 4.078763127326965332e-01 5.588131546974182129e-01 5.183899402618408203e-01 4.362013526268955221e-01 1.985670085526725914e-01 -7.403687477627268754e-01 5.942446480915724027e-01 5.851062629878773791e-01 -5.838251621864334329e-01 -4.323904108751883135e-01
1.661970459251333475e+09 1.853735744953155518e-02 -2.539244294166564941e-01 1.079550623893737793e+00 -5.042086839675903320e-01 4.159055948257446289e-01 5.539073348045349121e-01 5.157352685928344727e-01 4.303913456596949461e-01 1.953759790516676753e-01 -7.284708069469095770e-01 5.846949639990509651e-01 5.757034353982060093e-01 -5.744429222587391637e-01 -4.254417713851119109e-01
1.661970459283248186e+09 1.785945892333984375e-02 -2.404564172029495239e-01 1.081046819686889648e+00 -5.059620738029479980e-01 4.238531887531280518e-01 5.489462018013000488e-01 5.128439664840698242e-01 4.251271840998261387e-01 1.923634583527070174e-01 -7.172384466784180734e-01 5.756794970507912446e-01 5.668266096798258991e-01 -5.655855325116713184e-01 -4.188818444753638626e-01
1.661970459315162897e+09 1.694034785032272339e-02 -2.269142121076583862e-01 1.082144021987915039e+00 -5.078875422477722168e-01 4.317125678062438965e-01 5.439333319664001465e-01 5.097166299819946289e-01 4.266882851641627394e-01 1.923634583527087660e-01 -7.172384466784180734e-01 5.756794970507912446e-01 5.668266096798293407e-01 -5.655855325116713184e-01 -4.188818444753656389e-01
1.661970459346585751e+09 1.577459089457988739e-02 -2.133084535598754883e-01 1.082842707633972168e+00 -5.099821686744689941e-01 4.394772946834564209e-01 5.388723611831665039e-01 5.063541531562805176e-01 4.351441629307749581e-01 1.953744966508606240e-01 -7.284652797284831838e-01 5.846905276692103692e-01 5.756990672909243489e-01 -5.744385637155078328e-01 -4.254385433771060154e-01
1.661970459378500462e+09 1.435708254575729370e-02 -1.996499300003051758e-01 1.083143353462219238e+00 -5.122430324554443359e-01 4.471409320831298828e-01 5.337671637535095215e-01 5.027572512626647949e-01 4.303712238131322532e-01 1.923634583527087660e-01 -7.172384466784319512e-01 5.756794970507912446e-01 5.668266096798293407e-01 -5.655855325116713184e-01 -4.188818444753656389e-01
1.661970459410415173e+09 1.268305629491806030e-02 -1.859494596719741821e-01 1.083047270774841309e+00 -5.146667957305908203e-01 4.546971321105957031e-01 5.286213159561157227e-01 4.989271461963653564e-01 4.324870244267958741e-01 1.923634583527070174e-01 -7.172384466784180734e-01 5.756794970507912446e-01 5.668266096798258991e-01 -5.655855325116713184e-01 -4.188818444753621417e-01
1.661970459442329407e+09 1.074808835983276367e-02 -1.722179502248764038e-01 1.082555651664733887e+00 -5.172501206398010254e-01 4.621397852897644043e-01 5.234386920928955078e-01 4.948647022247314453e-01 4.347866658990334754e-01 1.923663324948347852e-01 -7.172491630860541312e-01 5.756880983969498988e-01 5.668350787531709623e-01 -5.655939830418262870e-01 -4.188881030754414425e-01
1.661970459474244595e+09 8.548102341592311859e-03 -1.584663838148117065e-01 1.081670165061950684e+00 5.199896693229675293e-01 -4.694629609584808350e-01 -5.182231068611145020e-01 -4.905711710453033447e-01 4.372386907955437274e-01 1.923605842964656032e-01 -7.172277305910184086e-01 5.756708959616400056e-01 5.668181408595565074e-01 -5.655770822340344672e-01 -4.188755860623062377e-01
1.661970459506158590e+09 6.079371552914381027e-03 -1.447057276964187622e-01 1.080392599105834961e+00 5.228816866874694824e-01 -4.766606390476226807e-01 -5.129784941673278809e-01 -4.860478937625885010e-01 4.398887023235518168e-01 1.923677695981053926e-01 -7.172545214099601552e-01 5.756923991664157914e-01 5.668393133847461351e-01 -5.655982084015985789e-01 -4.188912324456131597e-01
1.661970459538073301e+09 3.338526701554656029e-03 -1.309470236301422119e-01 1.078725218772888184e+00 5.259223580360412598e-01 -4.837270379066467285e-01 -5.077084302902221680e-01 -4.812961518764495850e-01 4.426731476839707025e-01 1.923634583527087660e-01 -7.172384466784319512e-01 5.756794970507912446e-01 5.668266096798293407e-01 -5.655855325116747601e-01 -4.188818444753656389e-01
1.661970459569988012e+09 3.225573454983532429e-04 -1.172013282775878906e-01 1.076670169830322266e+00 5.291076898574829102e-01 -4.906564354896545410e-01 -5.024170875549316406e-01 -4.763176143169403076e-01 4.456231830643156422e-01 1.923634583527070174e-01 -7.172384466784180734e-01 5.756794970507912446e-01 5.668266096798258991e-01 -5.655855325116677657e-01 -4.188818444753638626e-01
1.661970459600905180e+09 -2.971185371279716492e-03 -1.034796833992004395e-01 1.074230432510375977e+00 5.324336290359497070e-01 -4.974433481693267822e-01 -4.971079826354980469e-01 -4.711137115955352783e-01 4.631981553178240452e-01 1.985700710624448140e-01 -7.403801665101861218e-01 5.942538131590958672e-01 5.851152871135905098e-01 -5.838341665536628255e-01 -4.323970796560075991e-01
1.661970459631822586e+09 -6.544985342770814896e-03 -8.979313820600509644e-02 1.071408629417419434e+00 5.358958840370178223e-01 -5.040823817253112793e-01 -4.917854368686676025e-01 -4.656864106655120850e-01 4.665382075104300696e-01 1.985685397957500375e-01 -7.403744570924145618e-01 5.942492305899961247e-01 5.851107750159374454e-01 -5.838296643353287907e-01 -4.323937452398839976e-01
1.661970459663737535e+09 -1.040075905621051788e-02 -7.615271210670471191e-02 1.068208098411560059e+00 5.394901037216186523e-01 -5.105682611465454102e-01 -4.864528775215148926e-01 -4.600371420383453369e-01 4.553272150626326842e-01 1.923620213138523827e-01 -7.172330885946982537e-01 5.756751964740957073e-01 5.668223752380601166e-01 -5.655813073412909731e-01 -4.188787152454593876e-01
1.661970459695652008e+09 -1.454005669802427292e-02 -6.256940960884094238e-02 1.064632058143615723e+00 5.432116985321044922e-01 -5.168957710266113281e-01 -4.811144471168518066e-01 -4.541681408882141113e-01 4.588312942117753757e-01 1.923648954130343369e-01 -7.172438048422073997e-01 5.756837976917282829e-01 5.668308441848624035e-01 -5.655897577451802771e-01 -4.188849737520242145e-01
1.661970459726569414e+09 -1.896405592560768127e-02 -4.905418679118156433e-02 1.060684323310852051e+00 5.470561385154724121e-01 -5.230600237846374512e-01 -4.757740199565887451e-01 -4.480813145637512207e-01 4.773571822116385310e-01 1.985685397957509257e-01 -7.403744570924288837e-01 5.942492305899961247e-01 5.851107750159393328e-01 -5.838296643353315662e-01 -4.323937452398822212e-01
1.661970459757486820e+09 -2.367356605827808380e-02 -3.561794385313987732e-02 1.056368708610534668e+00 5.510185360908508301e-01 -5.290563106536865234e-01 -4.704354107379913330e-01 -4.417788386344909668e-01 4.811977704478784257e-01 1.985685397957500375e-01 -7.403744570924145618e-01 5.942492305899961247e-01 5.851107750159393328e-01 -5.838296643353296789e-01 -4.323937452398839976e-01
1.661970459789401293e+09 -2.866902388632297516e-02 -2.227151952683925629e-02 1.051689147949218750e+00 5.550940036773681641e-01 -5.348797440528869629e-01 -4.651026427745819092e-01 -4.352628588676452637e-01 4.699852369667267271e-01 1.923648954130360578e-01 -7.172438048422212775e-01 5.756837976917422717e-01 5.668308441848658452e-01 -5.655897577451837188e-01 -4.188849737520259353e-01
1.661970459821316242e+09 -3.395050019025802612e-02 -9.025675244629383087e-03 1.046650052070617676e+00 5.592776536941528320e-01 -5.405260920524597168e-01 -4.597794711589813232e-01 -4.285356998443603516e-01 4.738881241111932985e-01 1.923620213138515223e-01 -7.172330885946912593e-01 5.756751964740957073e-01 5.668223752380583402e-01 -5.655813073412891967e-01 -4.188787152454593876e-01
1.661970459852233648e+09 -3.951769322156906128e-02 4.108913708478212357e-03 1.041255950927734375e+00 5.635643005371093750e-01 -5.459908246994018555e-01 -4.544698297977447510e-01 -4.215998649597167969e-01 4.932972633257113881e-01 1.985685397957504816e-01 -7.403744570924216672e-01 5.942492305899961247e-01 5.851107750159374454e-01 -5.838296643353296789e-01 -4.323937452398839976e-01
1.661970459883150816e+09 -4.536992684006690979e-02 1.712166890501976013e-02 1.035511374473571777e+00 5.679486393928527832e-01 -5.512698888778686523e-01 -4.491776823997497559e-01 -4.144579172134399414e-01 4.974963038444110697e-01 1.985700710624439258e-01 -7.403801665101790164e-01 5.942538131590958672e-01 5.851152871135887334e-01 -5.838341665536610492e-01 -4.323970796560058227e-01
1.661970459913071871e+09 -5.150617286562919617e-02 3.000212460756301880e-02 1.029421448707580566e+00 5.724256038665771484e-01 -5.563591122627258301e-01 -4.439066648483276367e-01 -4.071123301982879639e-01 5.184575350363086477e-01 2.051807402117447054e-01 -7.650284344959598082e-01 6.140373350588768098e-01 6.045945749871867170e-01 -6.032708041722780745e-01 -4.467921696080610072e-01
1.661970459944985628e+09 -5.792502313852310181e-02 4.273992776870727539e-02 1.022991061210632324e+00 5.769895315170288086e-01 -5.612547397613525391e-01 -4.386608004570007324e-01 -3.995658755302429199e-01 4.902646318695172423e-01 1.923692067228475189e-01 -7.172598798139341314e-01 5.756967000001413926e-01 5.668435480795909198e-01 -5.656024338245003724e-01 -4.188943618625399767e-01
1.661970459974905968e+09 -6.462471187114715576e-02 5.532485991716384888e-02 1.016225457191467285e+00 5.816350579261779785e-01 -5.659531950950622559e-01 -4.334438741207122803e-01 -3.918214142322540283e-01 5.274336235858076982e-01 2.051856451260491432e-01 -7.650467227568745754e-01 6.140520138269890404e-01 6.046090280229647895e-01 -6.032852255628714522e-01 -4.468028503244945160e-01
1.661970460006820917e+09 -7.160311937332153320e-02 6.774684041738510132e-02 1.009130358695983887e+00 5.863566398620605469e-01 -5.704509019851684570e-01 -4.282598495483398438e-01 -3.838819563388824463e-01 4.987252044287466268e-01 1.923620213138523827e-01 -7.172330885946912593e-01 5.756751964740957073e-01 5.668223752380601166e-01 -5.655813073412927494e-01 -4.188787152454593876e-01
1.661970460038735628e+09 -7.885775715112686157e-02 7.999593019485473633e-02 1.001711010932922363e+00 5.911485552787780762e-01 -5.747444629669189453e-01 -4.231122732162475586e-01 -3.757501840591430664e-01 5.030143295135859338e-01 1.923634583527078779e-01 -7.172384466784249568e-01 5.756794970507912446e-01 5.668266096798276754e-01 -5.655855325116713184e-01 -4.188818444753647507e-01
1.661970460070650101e+09 -8.638580143451690674e-02 9.206237643957138062e-02 9.939733743667602539e-01 5.960051417350769043e-01 -5.788308978080749512e-01 -4.180050194263458252e-01 -3.674294948577880859e-01 5.073180300729354109e-01 1.923648954130356414e-01 -7.172438048422143941e-01 5.756837976917422717e-01 5.668308441848649570e-01 -5.655897577451837188e-01 -4.188849737520259353e-01
1.661970460102564812e+09 -9.418406337499618530e-02 1.039365530014038086e-01 9.859233498573303223e-01 6.009205579757690430e-01 -5.827072262763977051e-01 -4.129419326782226562e-01 -3.589230179786682129e-01 5.116215281272405990e-01 1.923634583527078779e-01 -7.172384466784249568e-01 5.756794970507843612e-01 5.668266096798276754e-01 -5.655855325116722065e-01 -4.188818444753638626e-01
1.661970460134479523e+09 -1.022490113973617554e-01 1.156090497970581055e-01 9.775669574737548828e-01 6.058890819549560547e-01 -5.863705873489379883e-01 -4.079265892505645752e-01 -3.502340316772460938e-01 5.159287756614380216e-01 1.923634583527083219e-01 -7.172384466784249568e-01 5.756794970507912446e-01 5.668266096798293407e-01 -5.655855325116729837e-01 -4.188818444753656389e-01
1.661970460166393995e+09 -1.105767861008644104e-01 1.270706206560134888e-01 9.689103364944458008e-01 6.109045743942260742e-01 -5.898184776306152344e-01 -4.029629230499267578e-01 -3.413658440113067627e-01 5.202312862524139936e-01 1.923648954130356414e-01 -7.172438048422143941e-01 5.756837976917422717e-01 5.668308441848640689e-01 -5.655897577451828306e-01 -4.188849737520259353e-01
1.661970460198308945e+09 -1.191631779074668884e-01 1.383122056722640991e-01 9.599599242210388184e-01 6.159613728523254395e-01 -5.930483937263488770e-01 -3.980543613433837891e-01 -3.323220610618591309e-01 5.245018978213518146e-01 1.923620213138515223e-01 -7.172330885946912593e-01 5.756751964740957073e-01 5.668223752380592284e-01 -5.655813073412909731e-01 -4.188787152454585549e-01
1.661970460229225874e+09 -1.280036717653274536e-01 1.493249982595443726e-01 9.507220983505249023e-01 6.210532188415527344e-01 -5.960582494735717773e-01 -3.932046890258789062e-01 -3.231061100959777832e-01 5.458248787038327832e-01 1.985716023527547835e-01 -7.403858760159935937e-01 5.942583957988735177e-01 5.851197992808316872e-01 -5.838386688414299863e-01 -4.324004141235575638e-01
1.661970460260648251e+09 -1.370933949947357178e-01 1.601003259420394897e-01 9.412033557891845703e-01 6.261742711067199707e-01 -5.988459587097167969e-01 -3.884175121784210205e-01 -3.137216866016387939e-01 5.413312747030788463e-01 1.953774614749694272e-01 -7.284763342492049931e-01 5.846994003962132647e-01 5.757078035717732023e-01 -5.744472808681099218e-01 -4.254449994421061754e-01
1.661970460292562723e+09 -1.464271992444992065e-01 1.706298142671585083e-01 9.314104914665222168e-01 6.313183307647705078e-01 -6.014095544815063477e-01 -3.836962580680847168e-01 -3.041724860668182373e-01 5.371615195512210450e-01 1.923648954130351973e-01 -7.172438048422143941e-01 5.756837976917352773e-01 5.668308441848645129e-01 -5.655897577451837188e-01 -4.188849737520250471e-01
1.661970460323480129e+09 -1.559995859861373901e-01 1.809052377939224243e-01 9.213501811027526855e-01 6.364794373512268066e-01 -6.037475466728210449e-01 -3.790445923805236816e-01 -2.944623231887817383e-01 5.587459359516632196e-01 1.985685397957500375e-01 -7.403744570924216672e-01 5.942492305899961247e-01 5.851107750159388887e-01 -5.838296643353287907e-01 -4.323937452398839976e-01
1.661970460354397774e+09 -1.658047884702682495e-01 1.909186691045761108e-01 9.110292792320251465e-01 6.416513323783874512e-01 -6.058583855628967285e-01 -3.744659423828125000e-01 -2.845951318740844727e-01 5.629451037969315230e-01 1.985670085526735074e-01 -7.403687477627197699e-01 5.942446480915724027e-01 5.851062629878756027e-01 -5.838251621864343210e-01 -4.323904108751856490e-01
1.661970460386312962e+09 -1.758367270231246948e-01 2.006623744964599609e-01 9.004547595977783203e-01 6.468280553817749023e-01 -6.077408194541931152e-01 -3.699637949466705322e-01 -2.745747864246368408e-01 5.493568739395745526e-01 1.923605842964656032e-01 -7.172277305910114142e-01 5.756708959616539945e-01 5.668181408595557302e-01 -5.655770822340361326e-01 -4.188755860623054050e-01
1.661970460417229652e+09 -1.860890239477157593e-01 2.101289033889770508e-01 8.896336555480957031e-01 6.520033478736877441e-01 -6.093937754631042480e-01 -3.655415475368499756e-01 -2.644054293632507324e-01 5.711625381976884741e-01 1.985731336666831937e-01 -7.403915856098676196e-01 5.942629785093233030e-01 5.851243115176661957e-01 -5.838431711986408201e-01 -4.324037486425377774e-01
1.661970460448147297e+09 -1.965550333261489868e-01 2.193110138177871704e-01 8.785730004310607910e-01 6.571711301803588867e-01 -6.108162403106689453e-01 -3.612025380134582520e-01 -2.540911436080932617e-01 5.751290813276807024e-01 1.985670085526735074e-01 -7.403687477627197699e-01 5.942446480915724027e-01 5.851062629878764909e-01 -5.838251621864343210e-01 -4.323904108751856490e-01
1.661970460479064226e+09 -2.072278410196304321e-01 2.282017469406127930e-01 8.672799468040466309e-01 6.623252630233764648e-01 -6.120075583457946777e-01 -3.569500744342803955e-01 -2.436361312866210938e-01 5.790404059348338572e-01 1.985716023527547835e-01 -7.403858760159935937e-01 5.942583957988735177e-01 5.851197992808316872e-01 -5.838386688414308745e-01 -4.324004141235580079e-01
1.661970460509981394e+09 -2.072278410196304321e-01 2.282017469406127930e-01 8.672799468040466309e-01 6.623252630233764648e-01 -6.120075583457946777e-01 -3.569500744342803955e-01 -2.436361312866210938e-01 0.000000000000000000e+00 0.000000000000000000e+00 0.000000000000000000e+00 0.000000000000000000e+00 0.000000000000000000e+00 8.977399196993646005e-16 0.000000000000000000e+00
1.661970460541896343e+09 -2.007068097591400146e-01 2.417772412300109863e-01 8.517184853553771973e-01 6.467359066009521484e-01 -6.247105002403259277e-01 -3.650118708610534668e-01 -2.413209080696105957e-01 6.785496029078494917e-01 -2.140276420922390954e-01 -8.329310156092724071e-01 2.542077216091071512e-01 9.872178076419257930e-01 9.282756220213852494e-01 1.743871762842852391e-01
1.661970460573811054e+09 -1.935803145170211792e-01 2.549597620964050293e-01 8.357902169227600098e-01 -6.305929422378540039e-01 6.373937726020812988e-01 3.725210428237915039e-01 2.393946200609207153e-01 6.852486095626936224e-01 -2.140292409839326115e-01 -8.329372380133862608e-01 2.542096206657454838e-01 9.872251826442205447e-01 9.282825566965816622e-01 1.743884790422139675e-01
1.661970460605725765e+09 -1.858546733856201172e-01 2.677178382873535156e-01 8.194892406463623047e-01 -6.139141321182250977e-01 6.500285267829895020e-01 3.794636726379394531e-01 2.378647476434707642e-01 6.923046312130415325e-01 -2.140292409839326115e-01 -8.329372380133932552e-01 2.542096206657454838e-01 9.872251826442239864e-01 9.282825566965834385e-01 1.743884790422135511e-01
1.661970460637640476e+09 -1.775382161140441895e-01 2.800189852714538574e-01 8.028107881546020508e-01 -5.967180132865905762e-01 6.625860929489135742e-01 3.858268857002258301e-01 2.367382198572158813e-01 6.996938637797646132e-01 -2.140292409839326115e-01 -8.329372380133932552e-01 2.542096206657524227e-01 9.872251826442223210e-01 9.282825566965825503e-01 1.743884790422135511e-01
1.661970460669555664e+09 -1.686412990093231201e-01 2.918300926685333252e-01 7.857514023780822754e-01 -5.790243148803710938e-01 6.750378012657165527e-01 3.915981054306030273e-01 2.360207885503768921e-01 7.073777676492750688e-01 -2.140260432244346922e-01 -8.329247932981121982e-01 2.542058225808421223e-01 9.872104327498139043e-01 9.282686874497956264e-01 1.743858735458211073e-01
1.661970460701469660e+09 -1.591762602329254150e-01 3.031173348426818848e-01 7.683089971542358398e-01 -5.608536005020141602e-01 6.873551607131958008e-01 3.967661261558532715e-01 2.357177138328552246e-01 7.153720626930016868e-01 -2.140340378023504186e-01 -8.329559057835811409e-01 2.542153180059069650e-01 9.872473083122704773e-01 9.283033613438564924e-01 1.743923874327880097e-01
1.661970460731390238e+09 -1.591762602329254150e-01 3.031173348426818848e-01 7.683089971542358398e-01 -5.608536005020141602e-01 6.873551607131958008e-01 3.967661261558532715e-01 2.357177138328552246e-01 0.000000000000000000e+00 0.000000000000000000e+00 0.000000000000000000e+00 0.000000000000000000e+00 0.000000000000000000e+00 -1.391462538570171337e-15 9.276416923801141590e-16
1.661970460762814760e+09 -1.639172732830047607e-01 3.147163093090057373e-01 7.724808454513549805e-01 -5.596756935119628906e-01 6.792057752609252930e-01 4.048554003238677979e-01 2.480619847774505615e-01 4.202682979414464337e-01 1.296304146003416091e-01 -3.567747611044631562e-01 5.300803073926345643e-01 4.437895956391121333e-01 8.541546329714430064e-01 -7.968673708724844928e-01
1.661970460792734623e+09 -1.685847342014312744e-01 3.260562717914581299e-01 7.766506671905517578e-01 -5.581617355346679688e-01 6.711220145225524902e-01 4.124965071678161621e-01 2.605711519718170166e-01 4.329065235906519593e-01 1.361494837639030120e-01 -3.747168416773259403e-01 5.567378645468575860e-01 4.661076224460150574e-01 8.971097769928846333e-01 -8.369415580986744319e-01
1.661970460822654247e+09 -1.731777787208557129e-01 3.371334373950958252e-01 7.808105349540710449e-01 -5.563167929649353027e-01 6.631154417991638184e-01 4.196830093860626221e-01 2.732318043708801270e-01 4.242259542498197367e-01 1.361505686895050360e-01 -3.747198276592271227e-01 5.567423009879493012e-01 4.661113366877373543e-01 8.971169257336532032e-01 -8.369482273808446227e-01
1.661970460854075909e+09 -1.776957362890243530e-01 3.479443490505218506e-01 7.849525213241577148e-01 -5.541461706161499023e-01 6.551976799964904785e-01 4.264090955257415771e-01 2.860301733016967773e-01 3.955087525434635154e-01 1.296422177824420319e-01 -3.568072463625460156e-01 5.301285725657004511e-01 4.438300038213058296e-01 8.542324059439728723e-01 -7.969399276927030540e-01
1.661970460883996010e+09 -1.821381598711013794e-01 3.584856986999511719e-01 7.890685796737670898e-01 -5.516557097434997559e-01 6.473798155784606934e-01 4.326693117618560791e-01 2.989524900913238525e-01 4.063216115041337062e-01 1.361483988555896307e-01 -3.747138557430049755e-01 5.567334281764769743e-01 4.661039082634848563e-01 8.971026283660438194e-01 -8.369348889227945509e-01
1.661970460915910721e+09 -1.865048259496688843e-01 3.687545061111450195e-01 7.931508421897888184e-01 -5.488515496253967285e-01 6.396729350090026855e-01 4.384586215019226074e-01 3.119847774505615234e-01 3.723036387349016874e-01 1.276393782009822286e-01 -3.512949395832377086e-01 5.219386286835410171e-01 4.369732845033433288e-01 8.410353895425656257e-01 -7.846280214438721146e-01
1.661970460946335793e+09 -1.907957345247268677e-01 3.787480890750885010e-01 7.971912026405334473e-01 -5.457404255867004395e-01 6.320877671241760254e-01 4.437723457813262939e-01 3.251130580902099609e-01 3.813326589706176883e-01 1.338887186626922521e-01 -3.684946604755994781e-01 5.474932203521518659e-01 4.583678953673424594e-01 8.822132498837714776e-01 -8.230441255561934399e-01
1.661970460978250504e+09 -1.950110495090484619e-01 3.884638845920562744e-01 8.011819124221801758e-01 -5.423291921615600586e-01 6.246349215507507324e-01 4.486064910888671875e-01 3.383230268955230713e-01 3.546246720983546319e-01 1.276393782009813682e-01 -3.512949395832412058e-01 5.219386286835410171e-01 4.369732845033467705e-01 8.410353895425656257e-01 -7.846280214438738909e-01
1.661970461010165215e+09 -1.991512328386306763e-01 3.978997170925140381e-01 8.051149845123291016e-01 -5.386252403259277344e-01 6.173245906829833984e-01 4.529572129249572754e-01 3.516005873680114746e-01 3.455862144217056731e-01 1.276393782009822286e-01 -3.512949395832377086e-01 5.219386286835410171e-01 4.369732845033433288e-01 8.410353895425674020e-01 -7.846280214438721146e-01
1.661970461041587830e+09 -2.032169103622436523e-01 4.070535600185394287e-01 8.089826107025146484e-01 -5.346364378929138184e-01 6.101666688919067383e-01 4.568213522434234619e-01 3.649312555789947510e-01 3.416935201104393527e-01 1.296382831495908883e-01 -3.567964172859014460e-01 5.301124831981152141e-01 4.438165336096507874e-01 8.542064800461931506e-01 -7.969157406179032677e-01
1.661970461072504997e+09 -2.072089016437530518e-01 4.159237742424011230e-01 8.127771615982055664e-01 -5.303707122802734375e-01 6.031708717346191406e-01 4.601960182189941406e-01 3.783007562160491943e-01 3.377100992420554726e-01 1.317576665380129353e-01 -3.626294812657099298e-01 5.387789940742989669e-01 4.510722405350067743e-01 8.681714214208322566e-01 -8.099440679113846242e-01
1.661970461103422642e+09 -2.111283093690872192e-01 4.245088100433349609e-01 8.164908289909362793e-01 -5.258365869522094727e-01 5.963464975357055664e-01 4.630788862705230713e-01 3.916946053504943848e-01 3.280259876652388273e-01 1.317556344636983956e-01 -3.626238884977611154e-01 5.387706845847314296e-01 4.510652837306060592e-01 8.681580317722981111e-01 -8.099315762926398987e-01
1.661970461134339809e+09 -2.149763703346252441e-01 4.328074455261230469e-01 8.201162219047546387e-01 -5.210428833961486816e-01 5.897026062011718750e-01 4.654679596424102783e-01 4.050983786582946777e-01 3.182579380288277915e-01 1.317576665380138234e-01 -3.626294812657099298e-01 5.387789940743061834e-01 4.510722405350103270e-01 8.681714214208322566e-01 -8.099440679113865116e-01
1.661970461165257454e+09 -2.187545895576477051e-01 4.408187270164489746e-01 8.236458897590637207e-01 -5.159987211227416992e-01 5.832479000091552734e-01 4.673619270324707031e-01 4.184975326061248779e-01 3.083963906652711362e-01 1.317556344636983956e-01 -3.626238884977611154e-01 5.387706845847314296e-01 4.510652837306060592e-01 8.681580317722981111e-01 -8.099315762926398987e-01
1.661970461195177555e+09 -2.224646359682083130e-01 4.485418796539306641e-01 8.270725011825561523e-01 -5.107132792472839355e-01 5.769906640052795410e-01 4.687595963478088379e-01 4.318775534629821777e-01 3.084163697583444108e-01 1.361483988555896307e-01 -3.747138557430012562e-01 5.567334281764769743e-01 4.661039082634830244e-01 8.971026283660419320e-01 -8.369348889227927746e-01
1.661970461227092981e+09 -2.261083722114562988e-01 4.559764266014099121e-01 8.303889036178588867e-01 -5.051965713500976562e-01 5.709387660026550293e-01 4.696604311466217041e-01 4.452240467071533203e-01 2.794560471808034130e-01 1.276365176783986755e-01 -3.512870667220416854e-01 5.219269315313327384e-01 4.369634915071194947e-01 8.410165411216530273e-01 -7.846104371669297972e-01
1.661970461258009195e+09 -2.296879142522811890e-01 4.631220400333404541e-01 8.335881829261779785e-01 -4.994584023952484131e-01 5.650999546051025391e-01 4.700644314289093018e-01 4.585224688053131104e-01 2.784499361726914257e-01 1.317617308746952542e-01 -3.626406673191760466e-01 5.387956138224042624e-01 4.510861547875990030e-01 8.681982019569979281e-01 -8.099690523048670432e-01
1.661970461288926363e+09 -2.332054972648620605e-01 4.699786901473999023e-01 8.366635441780090332e-01 -4.935091137886047363e-01 5.594813823699951172e-01 4.699717462062835693e-01 4.717583954334259033e-01 2.683713478163701205e-01 1.317576665380129353e-01 -3.626294812657134825e-01 5.387789940742989669e-01 4.510722405350067743e-01 8.681714214208340330e-01 -8.099440679113865116e-01
1.661970461320841312e+09 -2.366635799407958984e-01 4.765465557575225830e-01 8.396083116531372070e-01 -4.873591959476470947e-01 5.540897250175476074e-01 4.693832993507385254e-01 4.849174618721008301e-01 2.502092270922450790e-01 1.276384246792081623e-01 -3.512923152569620844e-01 5.219347295745566662e-01 4.369700201224967495e-01 8.410291066417259209e-01 -7.846221599306515415e-01
1.661970461352756500e+09 -2.400648146867752075e-01 4.828259944915771484e-01 8.424161076545715332e-01 -4.810193479061126709e-01 5.489316582679748535e-01 4.683001637458801270e-01 4.979853332042694092e-01 2.404358823035572801e-01 1.276374711716803945e-01 -3.512896909698993153e-01 5.219308305238140600e-01 4.369667557904259869e-01 8.410228238347540186e-01 -7.846162985050048055e-01
1.661970461384670973e+09 -2.434120029211044312e-01 4.888176023960113525e-01 8.450806140899658203e-01 -4.745007157325744629e-01 5.440130233764648438e-01 4.667242169380187988e-01 5.109477639198303223e-01 2.306866720364071366e-01 1.276403317370029822e-01 -3.512975639487236346e-01 5.219425278507892063e-01 4.369765489329632824e-01 8.410416725372805713e-01 -7.846338830446735191e-01
1.661970461416585922e+09 -2.467081397771835327e-01 4.945222139358520508e-01 8.475959300994873047e-01 -4.678142666816711426e-01 5.393393635749816895e-01 4.646572768688201904e-01 5.237907171249389648e-01 2.209694373372960152e-01 1.276384246792072741e-01 -3.512923152569655261e-01 5.219347295745496718e-01 4.369700201224967495e-01 8.410291066417259209e-01 -7.846221599306515415e-01
