1.661970461560201645e+09 1.378528122206244648e-16 -2.367949187755584717e-01 1.128897309303283691e+00 -6.125128269195556641e-01 6.125135421752929688e-01 3.533097505569458008e-01 3.533093035221099854e-01 0.000000000000000000e+00 0.000000000000000000e+00 0.000000000000000000e+00 0.000000000000000000e+00 0.000000000000000000e+00 0.000000000000000000e+00 0.000000000000000000e+00
1.661970473948809385e+09 1.378528122206244648e-16 -2.367949187755584717e-01 1.128897309303283691e+00 -6.125128269195556641e-01 6.125135421752929688e-01 3.533097505569458008e-01 3.533093035221099854e-01 0.000000000000000000e+00 0.000000000000000000e+00 0.000000000000000000e+00 0.000000000000000000e+00 0.000000000000000000e+00 0.000000000000000000e+00 0.000000000000000000e+00
1.661970473983716249e+09 -4.098566249012947083e-03 -2.242477983236312866e-01 1.126352071762084961e+00 6.164127588272094727e-01 -6.111689209938049316e-01 -3.523596227169036865e-01 -3.497863709926605225e-01 3.851024705866049058e-01 1.296207584240016697e-01 -6.681688246545378629e-01 2.808570623943478783e-01 1.704399890441510579e-01 1.782507826924386585e-01 -2.150372955894904181e-01
1.661970474013636112e+09 -8.298165164887905121e-03 -2.116762846708297729e-01 1.123499155044555664e+00 6.202697157859802246e-01 -6.098222732543945312e-01 -3.513917028903961182e-01 -3.462748825550079346e-01 4.531429966277722987e-01 1.512257674998452872e-01 -7.795382819573274391e-01 3.276699298379708303e-01 1.988486911298154025e-01 2.079613770807929030e-01 -2.508794151646471238e-01
1.661970474045550108e+09 -1.259912457317113876e-02 -1.990882605314254761e-01 1.120336055755615234e+00 6.240841746330261230e-01 -6.084735393524169922e-01 -3.504054546356201172e-01 -3.427753448486328125e-01 4.284451769839618396e-01 1.417764871531425330e-01 -7.308291506433937101e-01 3.071956080381038623e-01 1.864237118413990812e-01 1.949669953308342529e-01 -2.352033173256332654e-01
1.661970474077465057e+09 -1.700163260102272034e-02 -1.864917725324630737e-01 1.116860508918762207e+00 6.278566718101501465e-01 -6.071233749389648438e-01 -3.494004011154174805e-01 -3.392883241176605225e-01 4.320505918393089950e-01 1.417722506245888414e-01 -7.308073121945218853e-01 3.071864284979070603e-01 1.864181411759505969e-01 1.949611693771893528e-01 -2.351962890405499551e-01
1.661970474109379530e+09 -2.150574699044227600e-02 -1.738948673009872437e-01 1.113070487976074219e+00 6.315878033638000488e-01 -6.057720780372619629e-01 -3.483760356903076172e-01 -3.358142375946044922e-01 4.356780600319904995e-01 1.417743688572160599e-01 -7.308182312557987004e-01 3.071910181994222944e-01 1.864209264670597943e-01 1.949640823104904774e-01 -2.351998031305873593e-01
1.661970474140803337e+09 -2.611138112843036652e-02 -1.613056957721710205e-01 1.108963966369628906e+00 6.352779865264892578e-01 -6.044200062751770020e-01 -3.473318517208099365e-01 -3.323537111282348633e-01 4.461610681688206737e-01 1.439880975171506095e-01 -7.422295552967799193e-01 3.119876367034883913e-01 1.893317865263080269e-01 1.980083390414332511e-01 -2.388723184744960815e-01
1.661970474172718287e+09 -3.081831149756908417e-02 -1.487324535846710205e-01 1.104539275169372559e+00 6.389279365539550781e-01 -6.030672192573547363e-01 -3.462673425674438477e-01 -3.289071023464202881e-01 4.429194773387815087e-01 1.417722506245888414e-01 -7.308073121945218853e-01 3.071864284978931270e-01 1.864181411759514850e-01 1.949611693771893528e-01 -2.351962890405499551e-01
1.661970474202638149e+09 -3.562617674469947815e-02 -1.361833959817886353e-01 1.099794864654541016e+00 6.425380110740661621e-01 -6.017144322395324707e-01 -3.451820313930511475e-01 -3.254750669002532959e-01 4.763207233441218991e-01 1.512257674998462309e-01 -7.795382819573274391e-01 3.276699298379708303e-01 1.988486911298163184e-01 2.079613770807892115e-01 -2.508794151646489556e-01
1.661970474234062195e+09 -4.053446650505065918e-02 -1.236668229103088379e-01 1.094729185104370117e+00 6.461090445518493652e-01 -6.003615856170654297e-01 -3.440753519535064697e-01 -3.220579624176025391e-01 4.572046673834839203e-01 1.439870050595445095e-01 -7.422239238985131049e-01 3.119852696101460543e-01 1.893303500398631212e-01 1.980068367247837247e-01 -2.388705061171838007e-01
1.661970474264979362e+09 -4.554253444075584412e-02 -1.111910939216613770e-01 1.089341163635253906e+00 6.496412754058837891e-01 -5.990090370178222656e-01 -3.429468274116516113e-01 -3.186562657356262207e-01 4.684430556723140349e-01 1.463476297916197766e-01 -7.543924675165095683e-01 3.171001766337369632e-01 1.924343656185727447e-01 2.012531007588138354e-01 -2.427867180299923822e-01
1.661970474295896769e+09 -5.064958706498146057e-02 -9.876459091901779175e-02 1.083629727363586426e+00 6.531355381011962891e-01 -5.976570248603820801e-01 -3.417960107326507568e-01 -3.152705132961273193e-01 4.721821116363811299e-01 1.463465012365952889e-01 -7.543866500433453748e-01 3.170977313259596975e-01 1.924328816671724562e-01 2.012515488020230614e-01 -2.427848457880507627e-01
1.661970474327322006e+09 -5.585468560457229614e-02 -8.639572560787200928e-02 1.077594041824340820e+00 6.565923690795898438e-01 -5.963057875633239746e-01 -3.406223952770233154e-01 -3.119011223316192627e-01 4.682327569889275787e-01 1.439815430201589197e-01 -7.421957681888737834e-01 3.119734346821980142e-01 1.893231679345864782e-01 1.979993254834716276e-01 -2.388614447431248733e-01
1.661970474358237982e+09 -6.115674972534179688e-02 -7.409293949604034424e-02 1.071233510971069336e+00 6.600122451782226562e-01 -5.949554443359375000e-01 -3.394254446029663086e-01 -3.085485398769378662e-01 4.796849636280294815e-01 1.463532728278350847e-01 -7.544215562282305942e-01 3.171124037383640237e-01 1.924417857188888692e-01 2.012608609018185502e-01 -2.427960796728435289e-01
1.661970474389156342e+09 -6.655455380678176880e-02 -6.186469644308090210e-02 1.064547657966613770e+00 6.633958220481872559e-01 -5.936062932014465332e-01 -3.382047414779663086e-01 -3.052132129669189453e-01 4.833847123487511332e-01 1.463419871905528580e-01 -7.543633810478859170e-01 3.170879504719771869e-01 1.924269460904385054e-01 2.012453412142098386e-01 -2.427773571090390270e-01
1.661970474420578718e+09 -7.204671949148178101e-02 -4.971947148442268372e-02 1.057536244392395020e+00 6.667436957359313965e-01 -5.922584533691406250e-01 -3.369597494602203369e-01 -3.018955588340759277e-01 4.793044901982227435e-01 1.439946526109334157e-01 -7.422633454810189102e-01 3.120018400178798390e-01 1.893404059027574970e-01 1.980173534200820318e-01 -2.388831931959241595e-01
1.661970474452493429e+09 -7.763173431158065796e-02 -3.766574710607528687e-02 1.050199151039123535e+00 6.700565218925476074e-01 -5.909119248390197754e-01 -3.356899321079254150e-01 -2.985960543155670166e-01 4.755242265849842220e-01 1.417733097329903214e-01 -7.308127716843784150e-01 3.071887233315140353e-01 1.864195338111014622e-01 1.949626258329593964e-01 -2.351980460724435451e-01
1.661970474482413292e+09 -8.330792188644409180e-02 -2.571200206875801086e-02 1.042536377906799316e+00 6.733347773551940918e-01 -5.895670652389526367e-01 -3.343949317932128906e-01 -2.953150570392608643e-01 5.110810655402169278e-01 1.512257674998452872e-01 -7.795382819573274391e-01 3.276699298379782688e-01 1.988486911298163184e-01 2.079613770807929030e-01 -2.508794151646480119e-01
1.661970474513330698e+09 -8.907348662614822388e-02 -1.386671792715787888e-02 1.034548401832580566e+00 6.765791177749633789e-01 -5.882239341735839844e-01 -3.330742716789245605e-01 -2.920530438423156738e-01 4.983115456200514215e-01 1.463465012365970930e-01 -7.543866500433453748e-01 3.170977313259596975e-01 1.924328816671733722e-01 2.012515488020230614e-01 -2.427848457880516508e-01
1.661970474545245409e+09 -9.492645412683486938e-02 -2.138358308002352715e-03 1.026235699653625488e+00 6.797901988029479980e-01 -5.868823528289794922e-01 -3.317273557186126709e-01 -2.888103127479553223e-01 4.863387791666898274e-01 1.417733097329903214e-01 -7.308127716843784150e-01 3.071887233315140353e-01 1.864195338111014622e-01 1.949626258329576478e-01 -2.351980460724435451e-01
1.661970474575165749e+09 -1.008647382259368896e-01 9.464626200497150421e-03 1.017598986625671387e+00 6.829685568809509277e-01 -5.855426788330078125e-01 -3.303538262844085693e-01 -2.855873405933380127e-01 5.225884889912132403e-01 1.512233574314352791e-01 -7.795258585415426600e-01 3.276647077983702583e-01 1.988455221001149409e-01 2.079580628232177431e-01 -2.508754169270245304e-01
1.661970474607080221e+09 -1.068860813975334167e-01 2.093381062150001526e-02 1.008638978004455566e+00 6.861147880554199219e-01 -5.842048525810241699e-01 -3.289532065391540527e-01 -2.823845148086547852e-01 4.935244345178126935e-01 1.417743688572160599e-01 -7.308182312558056948e-01 3.071910181994222944e-01 1.864209264670589339e-01 1.949640823104904774e-01 -2.351998031305864711e-01
1.661970474638995171e+09 -1.129881069064140320e-01 3.226079791784286499e-02 9.993568658828735352e-01 6.892295479774475098e-01 -5.828689336776733398e-01 -3.275249898433685303e-01 -2.792021930217742920e-01 4.970972669349257855e-01 1.417722506245892578e-01 -7.308073121945218853e-01 3.071864284978931270e-01 1.864181411759514850e-01 1.949611693771893528e-01 -2.351962890405517037e-01
1.661970474670909643e+09 -1.191682666540145874e-01 4.343723133206367493e-02 9.897539019584655762e-01 6.923133134841918945e-01 -5.815349817276000977e-01 -3.260687589645385742e-01 -2.760407328605651855e-01 5.006775396969407321e-01 1.417743688572160599e-01 -7.308182312558056948e-01 3.071910181994292888e-01 1.864209264670589339e-01 1.949640823104904774e-01 -2.351998031305864711e-01
1.661970474702824354e+09 -1.254238933324813843e-01 5.445479229092597961e-02 9.798315763473510742e-01 6.953668594360351562e-01 -5.802028775215148926e-01 -3.245840966701507568e-01 -2.729005515575408936e-01 5.042379631145127439e-01 1.417733097329899050e-01 -7.308127716843784150e-01 3.071887233315140353e-01 1.864195338111005740e-01 1.949626258329559270e-01 -2.351980460724409361e-01
1.661970474734739304e+09 -1.317521631717681885e-01 6.530521064996719360e-02 9.695914983749389648e-01 6.983907222747802734e-01 -5.788726806640625000e-01 -3.230705261230468750e-01 -2.697818875312805176e-01 5.077903396654307455e-01 1.417722506245888414e-01 -7.308073121945218853e-01 3.071864284978931270e-01 1.864181411759523455e-01 1.949611693771893528e-01 -2.351962890405517037e-01
1.661970474766654253e+09 -1.381501108407974243e-01 7.598026841878890991e-02 9.590356349945068359e-01 7.013854980468750000e-01 -5.775443315505981445e-01 -3.215275406837463379e-01 -2.666851878166198730e-01 5.113345728994692641e-01 1.417722506245892578e-01 -7.308073121945288797e-01 3.071864284978931270e-01 1.864181411759514850e-01 1.949611693771893528e-01 -2.351962890405508433e-01
1.661970474798568487e+09 -1.446146667003631592e-01 8.647181093692779541e-02 9.481658935546875000e-01 7.043517827987670898e-01 -5.762177109718322754e-01 -3.199548125267028809e-01 -2.636106908321380615e-01 5.148834064099879759e-01 1.417754279972663900e-01 -7.308236909088055011e-01 3.071933131016256202e-01 1.864223191438243443e-01 1.949655388097830955e-01 -2.352015602149828688e-01
1.661970474829485655e+09 -1.511425822973251343e-01 9.677175432443618774e-02 9.369845986366271973e-01 7.072901129722595215e-01 -5.748929381370544434e-01 -3.183518648147583008e-01 -2.605589032173156738e-01 5.351267192287813002e-01 1.463476297916193325e-01 -7.543924675165095683e-01 3.171001766337369632e-01 1.924343656185727447e-01 2.012531007588138354e-01 -2.427867180299905780e-01
1.661970474860403538e+09 -1.577304899692535400e-01 1.068720817565917969e-01 9.254941344261169434e-01 7.102012038230895996e-01 -5.735696554183959961e-01 -3.167183101177215576e-01 -2.575300037860870361e-01 5.387421810934959199e-01 1.463442441787651538e-01 -7.543750153661802349e-01 3.170928408235448304e-01 1.924299138330332892e-01 2.012484449602457703e-01 -2.427811013907970883e-01
1.661970474892318010e+09 -1.643748879432678223e-01 1.167648583650588989e-01 9.136971831321716309e-01 7.130855321884155273e-01 -5.722478628158569336e-01 -3.150535821914672852e-01 -2.545242607593536377e-01 5.254204184126820554e-01 1.417743688572160599e-01 -7.308182312558056948e-01 3.071910181994222944e-01 1.864209264670589339e-01 1.949640823104887288e-01 -2.351998031305864711e-01
1.661970474924232721e+09 -1.710721403360366821e-01 1.264422237873077393e-01 9.015964865684509277e-01 7.159438133239746094e-01 -5.709275007247924805e-01 -3.133574426174163818e-01 -2.515420913696289062e-01 5.289069537017027089e-01 1.417733097329903214e-01 -7.308127716843784150e-01 3.071887233315140353e-01 1.864195338111014622e-01 1.949626258329593964e-01 -2.351980460724426569e-01
1.661970474956147671e+09 -1.778184920549392700e-01 1.358964145183563232e-01 8.891951441764831543e-01 7.187764644622802734e-01 -5.696083307266235352e-01 -3.116293847560882568e-01 -2.485837191343307495e-01 5.323783842260044752e-01 1.417722506245888414e-01 -7.308073121945218853e-01 3.071864284978931270e-01 1.864181411759514850e-01 1.949611693771893528e-01 -2.351962890405499551e-01
1.661970474988062143e+09 -1.846100389957427979e-01 1.451197713613510132e-01 8.764963150024414062e-01 7.215842604637145996e-01 -5.682902336120605469e-01 -3.098690211772918701e-01 -2.456494569778442383e-01 5.358489220058016977e-01 1.417743688572160599e-01 -7.308182312558126892e-01 3.071910181994292888e-01 1.864209264670589339e-01 1.949640823104904774e-01 -2.351998031305864711e-01
1.661970475017982244e+09 -1.914427876472473145e-01 1.541047394275665283e-01 8.635033369064331055e-01 7.243676185607910156e-01 -5.669729113578796387e-01 -3.080759942531585693e-01 -2.427395731210708618e-01 5.752466386647023810e-01 1.512245624560384083e-01 -7.795320701999369772e-01 3.276673187973646040e-01 1.988471066023398681e-01 2.079597199387995532e-01 -2.508774160299081513e-01
1.661970475048899651e+09 -1.983125656843185425e-01 1.628438532352447510e-01 8.502198457717895508e-01 7.271271944046020508e-01 -5.656563043594360352e-01 -3.062498271465301514e-01 -2.398543655872344971e-01 5.602346320623974307e-01 1.463465012365962048e-01 -7.543866500433453748e-01 3.170977313259596975e-01 1.924328816671733722e-01 2.012515488020230614e-01 -2.427848457880507627e-01
1.661970475078819990e+09 -2.052151411771774292e-01 1.713297665119171143e-01 8.366495966911315918e-01 7.298634648323059082e-01 -5.643400549888610840e-01 -3.043901622295379639e-01 -2.369939684867858887e-01 5.825497717620988780e-01 1.512233574314361950e-01 -7.795258585415426600e-01 3.276647077983702583e-01 1.988455221001149409e-01 2.079580628232177431e-01 -2.508754169270273060e-01
1.661970475109737158e+09 -2.121461182832717896e-01 1.795552521944046021e-01 8.227965235710144043e-01 7.325771450996398926e-01 -5.630241632461547852e-01 -3.024967014789581299e-01 -2.341587990522384644e-01 5.672790924039877725e-01 1.463476297916197766e-01 -7.543924675165095683e-01 3.171001766337441241e-01 1.924343656185736606e-01 2.012531007588138354e-01 -2.427867180299905780e-01
1.661970475140654564e+09 -2.191010266542434692e-01 1.875132322311401367e-01 8.086647391319274902e-01 7.352686524391174316e-01 -5.617080926895141602e-01 -3.005689680576324463e-01 -2.313489615917205811e-01 5.707704798884867259e-01 1.463465012365962048e-01 -7.543866500433453748e-01 3.170977313259596975e-01 1.924328816671724562e-01 2.012515488020230614e-01 -2.427848457880507627e-01
1.661970475171571732e+09 -2.260752320289611816e-01 1.951967328786849976e-01 7.942585945129394531e-01 7.379385828971862793e-01 -5.603917241096496582e-01 -2.986066341400146484e-01 -2.285647839307785034e-01 5.742515419174037961e-01 1.463476297916197766e-01 -7.543924675165095683e-01 3.171001766337369632e-01 1.924343656185727447e-01 2.012531007588120591e-01 -2.427867180299923822e-01
1.661970475203486204e+09 -2.330640554428100586e-01 2.025988996028900146e-01 7.795825600624084473e-01 7.405874729156494141e-01 -5.590747594833374023e-01 -2.966092824935913086e-01 -2.258064150810241699e-01 5.596576558475331309e-01 1.417743688572160599e-01 -7.308182312558056948e-01 3.071910181994222944e-01 1.864209264670589339e-01 1.949640823104904774e-01 -2.351998031305856107e-01
1.661970475235401154e+09 -2.400626540184020996e-01 2.097130715847015381e-01 7.646413445472717285e-01 7.432158589363098145e-01 -5.577569603919982910e-01 -2.945766746997833252e-01 -2.230741530656814575e-01 5.629812838408339015e-01 1.417722506245888414e-01 -7.308073121945218853e-01 3.071864284978931270e-01 1.864181411759514850e-01 1.949611693771876320e-01 -2.351962890405517037e-01
1.661970475265321016e+09 -2.470661103725433350e-01 2.165326923131942749e-01 7.494397163391113281e-01 7.458241581916809082e-01 -5.564378499984741211e-01 -2.925083339214324951e-01 -2.203681319952011108e-01 6.040577984908171993e-01 1.512257674998452872e-01 -7.795382819573274391e-01 3.276699298379782688e-01 1.988486911298163184e-01 2.079613770807929030e-01 -2.508794151646471238e-01
1.661970475295241117e+09 -2.540694177150726318e-01 2.230513840913772583e-01 7.339828014373779297e-01 7.484130859375000000e-01 -5.551172494888305664e-01 -2.904040217399597168e-01 -2.176885902881622314e-01 6.075663055561266734e-01 1.512245624560384083e-01 -7.795320701999369772e-01 3.276673187973646040e-01 1.988471066023389522e-01 2.079597199388014128e-01 -2.508774160299081513e-01
1.661970475326667786e+09 -2.610674500465393066e-01 2.292628735303878784e-01 7.182757258415222168e-01 7.509830594062805176e-01 -5.537945628166198730e-01 -2.882632911205291748e-01 -2.150356620550155640e-01 5.817663461794504443e-01 1.439749891198750242e-01 -7.421619841568876108e-01 3.119592339538321268e-01 1.893145501274848264e-01 1.979903127460859447e-01 -2.388505720016770584e-01
1.661970475358582497e+09 -2.680549919605255127e-01 2.351611256599426270e-01 7.023238539695739746e-01 7.535345554351806641e-01 -5.524697303771972656e-01 -2.860858440399169922e-01 -2.124095708131790161e-01 5.761255198040222680e-01 1.417733097329903214e-01 -7.308127716843784150e-01 3.071887233315140353e-01 1.864195338111005740e-01 1.949626258329585360e-01 -2.351980460724417965e-01
1.661970475389499903e+09 -2.750267684459686279e-01 2.407401949167251587e-01 6.861327886581420898e-01 7.560679912567138672e-01 -5.511422157287597656e-01 -2.838714718818664551e-01 -2.098104357719421387e-01 5.980469002442972970e-01 1.463465012365962048e-01 -7.543866500433453748e-01 3.170977313259596975e-01 1.924328816671742604e-01 2.012515488020221732e-01 -2.427848457880525668e-01
1.661970475420417070e+09 -2.819774150848388672e-01 2.459943890571594238e-01 6.697081327438354492e-01 7.585840225219726562e-01 -5.498116612434387207e-01 -2.816197276115417480e-01 -2.072385400533676147e-01 6.013704070450829331e-01 1.463476297916197766e-01 -7.543924675165095683e-01 3.171001766337441241e-01 1.924343656185718565e-01 2.012531007588129472e-01 -2.427867180299905780e-01
1.661970475452331781e+09 -2.889014184474945068e-01 2.509180903434753418e-01 6.530559062957763672e-01 7.610830068588256836e-01 -5.484776496887207031e-01 -2.793303728103637695e-01 -2.046939432621002197e-01 5.857618144706790986e-01 1.417733097329903214e-01 -7.308127716843784150e-01 3.071887233315140353e-01 1.864195338111023226e-01 1.949626258329593964e-01 -2.351980460724435451e-01
1.661970475484246492e+09 -2.957932651042938232e-01 2.555059790611267090e-01 6.361820101737976074e-01 7.635654211044311523e-01 -5.471396446228027344e-01 -2.770030200481414795e-01 -2.021767795085906982e-01 5.889322234111675769e-01 1.417733097329903214e-01 -7.308127716843784150e-01 3.071887233315140353e-01 1.864195338111005740e-01 1.949626258329585360e-01 -2.351980460724417965e-01
1.661970475515163660e+09 -2.957932651042938232e-01 2.555059790611267090e-01 6.361820101737976074e-01 7.635654211044311523e-01 -5.471396446228027344e-01 -2.770030200481414795e-01 -2.021767795085906982e-01 0.000000000000000000e+00 0.000000000000000000e+00 0.000000000000000000e+00 0.000000000000000000e+00 0.000000000000000000e+00 8.977399196993646005e-16 0.000000000000000000e+00
1.661970475545084000e+09 -2.967918813228607178e-01 2.650333344936370850e-01 6.413411498069763184e-01 7.580145597457885742e-01 -5.466406941413879395e-01 -2.861427068710327148e-01 -2.114715725183486938e-01 3.636476841251528591e-01 -9.505398571358587151e-03 -1.468841037111985881e-01 3.638628194261778748e-01 4.085648607352755368e-01 7.186200282093513358e-01 -2.650343977367575210e-01
1.661970475576000929e+09 -2.976497113704681396e-01 2.744404673576354980e-01 6.466049551963806152e-01 7.522713541984558105e-01 -5.461279153823852539e-01 -2.950780987739562988e-01 -2.208192795515060425e-01 3.497686355746369991e-01 -9.198997445247962187e-03 -1.421493780238046456e-01 3.521339080307552827e-01 3.953950044185340351e-01 6.954557196077312264e-01 -2.564911644031167004e-01
1.661970475607915878e+09 -2.983665168285369873e-01 2.837230861186981201e-01 6.519685983657836914e-01 7.463375926017761230e-01 -5.456032752990722656e-01 -3.038062453269958496e-01 -2.302151471376419067e-01 3.366680064728453381e-01 -8.911333351107835962e-03 -1.377041901318263040e-01 3.411222426538657593e-01 3.830305107385544305e-01 6.737079540727476390e-01 -2.484703666039726755e-01
1.661970475639831543e+09 -2.989420890808105469e-01 2.928769886493682861e-01 6.574270725250244141e-01 7.402153611183166504e-01 -5.450691580772399902e-01 -3.123243153095245361e-01 -2.396546900272369385e-01 3.344231939627216321e-01 -8.911133640953848925e-03 -1.377011040700776012e-01 3.411145978297988601e-01 3.830219267164689523e-01 6.736928557351681279e-01 -2.484647981830394037e-01
1.661970475670748711e+09 -2.993764579296112061e-01 3.018980920314788818e-01 6.629753112792968750e-01 7.339068055152893066e-01 -5.445276498794555664e-01 -3.206294178962707520e-01 -2.491330504417419434e-01 3.428392833979457821e-01 -9.198926506929933425e-03 -1.421482818350108535e-01 3.521311925405486987e-01 3.953919553192063452e-01 6.954503565820394639e-01 -2.564891864645281738e-01
1.661970475701665878e+09 -2.996698021888732910e-01 3.107824325561523438e-01 6.686081290245056152e-01 7.274140715599060059e-01 -5.439807176589965820e-01 -3.287189900875091553e-01 -2.586456537246704102e-01 3.403805236826469294e-01 -9.198926506929034838e-03 -1.421482818350072730e-01 3.521311925405558596e-01 3.953919553192063452e-01 6.954503565820394639e-01 -2.564891864645299502e-01
1.661970475732582808e+09 -2.998224198818206787e-01 3.195262253284454346e-01 6.743203997611999512e-01 7.207394838333129883e-01 -5.434307456016540527e-01 -3.365904390811920166e-01 -2.681877017021179199e-01 3.378550658856517841e-01 -9.198997445248860774e-03 -1.421493780238046456e-01 3.521339080307552827e-01 3.953950044185340351e-01 6.954557196077275627e-01 -2.564911644031184768e-01
1.661970475763500214e+09 -2.998348176479339600e-01 3.281257152557373047e-01 6.801067590713500977e-01 7.138853669166564941e-01 -5.428795218467712402e-01 -3.442411422729492188e-01 -2.777544260025024414e-01 3.352482180484667729e-01 -9.198855569705082294e-03 -1.421471856631235098e-01 3.521284770922229468e-01 3.953889062669047050e-01 6.954449936390612041e-01 -2.564872085564470772e-01
1.661970475795414925e+09 -2.997076511383056641e-01 3.365773558616638184e-01 6.859618425369262695e-01 7.068541049957275391e-01 -5.423294305801391602e-01 -3.516689538955688477e-01 -2.873412668704986572e-01 3.221847049770080185e-01 -8.911399923147537983e-03 -1.377052188498197327e-01 3.411247910046998899e-01 3.830333721647497525e-01 6.737129870023313982e-01 -2.484722227997454291e-01
1.661970475826839447e+09 -2.994416952133178711e-01 3.448777496814727783e-01 6.918802857398986816e-01 6.996483206748962402e-01 -5.417824387550354004e-01 -3.588714599609375000e-01 -2.969433367252349854e-01 3.245174427701610909e-01 -9.050408134143470007e-03 -1.398532714882431693e-01 3.464459691958376997e-01 3.890082789442915190e-01 6.842221817253841820e-01 -2.523481210279990838e-01
1.661970475858754158e+09 -2.990379631519317627e-01 3.530235290527343750e-01 6.978566646575927734e-01 6.922705769538879395e-01 -5.412405729293823242e-01 -3.658464848995208740e-01 -3.065558671951293945e-01 3.168154782774083578e-01 -8.911399923148408814e-03 -1.377052188498197327e-01 3.411247910046928955e-01 3.830333721647497525e-01 6.737129870023348399e-01 -2.484722227997488986e-01
1.661970475890669823e+09 -2.984974980354309082e-01 3.610116243362426758e-01 7.038854360580444336e-01 6.847234964370727539e-01 -5.407059192657470703e-01 -3.725920021533966064e-01 -3.161741197109222412e-01 3.140265996998177767e-01 -8.911133640952978094e-03 -1.377011040700776012e-01 3.411145978298057990e-01 3.830219267164689523e-01 6.736928557351681279e-01 -2.484647981830394037e-01
1.661970475922584295e+09 -2.978216409683227539e-01 3.688389658927917480e-01 7.099610567092895508e-01 6.770098209381103516e-01 -5.401805043220520020e-01 -3.791060149669647217e-01 -3.257934153079986572e-01 3.111951006244699780e-01 -8.911466496183640881e-03 -1.377062475831763444e-01 3.411273393936021803e-01 3.830362336336996520e-01 6.737180200071142266e-01 -2.484740790232569663e-01
1.661970475953011274e+09 -2.970117926597595215e-01 3.765027523040771484e-01 7.160779833793640137e-01 6.691324710845947266e-01 -5.396664142608642578e-01 -3.853867352008819580e-01 -3.354088664054870605e-01 3.233649199792764661e-01 -9.347124225925764265e-03 -1.444383372138917654e-01 3.578041413876210108e-01 4.017618492240529471e-01 7.066542896108157779e-01 -2.606213112676256660e-01
1.661970475984926462e+09 -2.960695326328277588e-01 3.840002417564392090e-01 7.222306728363037109e-01 6.610941290855407715e-01 -5.391654968261718750e-01 -3.914323151111602783e-01 -3.450157344341278076e-01 3.053256708184370338e-01 -8.911266780061028944e-03 -1.377031614292096862e-01 3.411196943410990112e-01 3.830276493551075245e-01 6.737029212183632820e-01 -2.484685104359277141e-01
1.661970476016840458e+09 -2.949965894222259521e-01 3.913289010524749756e-01 7.284134626388549805e-01 6.528979539871215820e-01 -5.386797785758972168e-01 -3.972411751747131348e-01 -3.546093106269836426e-01 3.023180910647628172e-01 -8.911599645238171136e-03 -1.377083050960119237e-01 3.411324362856495429e-01 3.830419566998600756e-01 6.737280862422740935e-01 -2.484777915534815973e-01
1.661970476048261881e+09 -2.937948107719421387e-01 3.984863162040710449e-01 7.346207499504089355e-01 6.445469856262207031e-01 -5.382112264633178711e-01 -4.028117656707763672e-01 -3.641847968101501465e-01 3.039340648561533742e-01 -9.051300875724791264e-03 -1.398670667590078409e-01 3.464801429831257384e-01 3.890466511216519874e-01 6.842896741062159949e-01 -2.523730129066050765e-01
1.661970476080176592e+09 -2.924662232398986816e-01 4.054702520370483398e-01 7.408469915390014648e-01 6.360442042350769043e-01 -5.377617478370666504e-01 -4.081426262855529785e-01 -3.737374842166900635e-01 2.961084729932437209e-01 -8.911399923147537983e-03 -1.377052188498197327e-01 3.411247910046928955e-01 3.830333721647480316e-01 6.737129870023348399e-01 -2.484722227997488986e-01
1.661970476112092972e+09 -2.910130321979522705e-01 4.122786521911621094e-01 7.470865845680236816e-01 6.273928880691528320e-01 -5.373331904411315918e-01 -4.132324159145355225e-01 -3.832626044750213623e-01 2.929129730052597025e-01 -8.910933939750991656e-03 -1.376980181466445630e-01 3.411069533483845340e-01 3.830133430791280436e-01 6.736777580743016358e-01 -2.484592300116826580e-01
1.661970476144528627e+09 -2.894374728202819824e-01 4.189096093177795410e-01 7.533339262008666992e-01 6.185961961746215820e-01 -5.369274616241455078e-01 -4.180798530578613281e-01 -3.927554488182067871e-01 2.850445686239517218e-01 -8.768275156842558760e-03 -1.354935543036230872e-01 3.356460327383521958e-01 3.768815259507748983e-01 6.628925755458290325e-01 -2.444815446651798230e-01
1.661970476176443338e+09 -2.877420485019683838e-01 4.253613352775573730e-01 7.595834732055664062e-01 6.096575260162353516e-01 -5.365462899208068848e-01 -4.226839840412139893e-01 -4.022113680839538574e-01 2.864165337201359796e-01 -8.911399923148408814e-03 -1.377052188498197327e-01 3.411247910046928955e-01 3.830333721647514733e-01 6.737129870023348399e-01 -2.484722227997488986e-01
1.661970476223321438e+09 -2.859292626380920410e-01 4.316322505474090576e-01 7.658296227455139160e-01 6.005802154541015625e-01 -5.361915230751037598e-01 -4.270436763763427734e-01 -4.116256833076477051e-01 1.927265208318000578e-01 -6.066900248256948923e-03 -9.375000938473951329e-02 2.322384919407804449e-01 2.607699441970778298e-01 4.586652516268979740e-01 -1.691604240847843776e-01
1.661970476268717051e+09 -2.840018272399902344e-01 4.377209246158599854e-01 7.720670104026794434e-01 5.913676619529724121e-01 -5.358651280403137207e-01 -4.311581254005432129e-01 -4.209937453269958496e-01 1.966497427173110879e-01 -6.265027303732850772e-03 -9.681160798536192491e-02 2.398227156288934292e-01 2.692859209044666802e-01 4.736439049811836388e-01 -1.746847042534724892e-01
1.661970476300631523e+09 -2.819626033306121826e-01 4.436261057853698730e-01 7.782900929450988770e-01 5.820234417915344238e-01 -5.355684161186218262e-01 -4.350262880325317383e-01 -4.303107261657714844e-01 2.762996123784972613e-01 -8.911466496183640881e-03 -1.377062475831763444e-01 3.411273393936091192e-01 3.830362336336979312e-01 6.737180200071160030e-01 -2.484740790232587149e-01
1.661970476346510172e+09 -2.798145115375518799e-01 4.493466913700103760e-01 7.844935059547424316e-01 5.725510716438293457e-01 -5.353033542633056641e-01 -4.386477172374725342e-01 -4.395722448825836182e-01 1.897956386551313823e-01 -6.199065596726738465e-03 -9.579232129895633163e-02 2.372977281173221931e-01 2.664507283100449042e-01 4.686571173790453071e-01 -1.728455261107961216e-01
1.661970476393381357e+09 -2.775606215000152588e-01 4.548817276954650879e-01 7.906718850135803223e-01 5.629541873931884766e-01 -5.350714921951293945e-01 -4.420218169689178467e-01 -4.487736821174621582e-01 1.833935269967447712e-01 -6.067795198749928801e-03 -9.376383878915148240e-02 2.322727502842851788e-01 2.608084113187394970e-01 4.587329110041726277e-01 -1.691853775533815607e-01
1.661970476424298525e+09 -2.752041220664978027e-01 4.602304995059967041e-01 7.968199849128723145e-01 5.532363653182983398e-01 -5.348745584487915039e-01 -4.451479315757751465e-01 -4.579104781150817871e-01 2.743788613588395986e-01 -9.198926506929933425e-03 -1.421482818350072730e-01 3.521311925405486987e-01 3.953919553192045688e-01 6.954503565820394639e-01 -2.564891864645299502e-01
1.661970476455216169e+09 -2.727483212947845459e-01 4.653923809528350830e-01 8.029325008392333984e-01 5.434015393257141113e-01 -5.347139835357666016e-01 -4.480259120464324951e-01 -4.669781029224395752e-01 2.706842815033311811e-01 -9.198784633573386244e-03 -1.421460895081422260e-01 3.521257616857841888e-01 3.953858572616298361e-01 6.954396307787928944e-01 -2.564852306788690806e-01
1.661970476486133337e+09 -2.701966464519500732e-01 4.703668951988220215e-01 8.090044260025024414e-01 -5.334532856941223145e-01 5.345914363861083984e-01 4.506552815437316895e-01 4.759720563888549805e-01 2.669647447826588027e-01 -9.198926506929933425e-03 -1.421482818350108535e-01 3.521311925405486987e-01 3.953919553192045688e-01 6.954503565820375766e-01 -2.564891864645263975e-01
1.661970476518048048e+09 -2.675525546073913574e-01 4.751538336277008057e-01 8.150305747985839844e-01 -5.233955979347229004e-01 5.345082879066467285e-01 4.530359804630279541e-01 4.848878979682922363e-01 2.549794705805954464e-01 -8.911399923148408814e-03 -1.377052188498197327e-01 3.411247910046928955e-01 3.830333721647514733e-01 6.737129870023348399e-01 -2.484722227997488986e-01
1.661970476549962759e+09 -2.648196816444396973e-01 4.797530472278594971e-01 8.210061192512512207e-01 -5.132323503494262695e-01 5.344660282135009766e-01 4.551679790019989014e-01 4.937213063240051270e-01 2.513105779222655767e-01 -8.911399923148408814e-03 -1.377052188498162355e-01 3.411247910046998899e-01 3.830333721647480316e-01 6.737129870023330636e-01 -2.484722227997488986e-01
1.661970476579882383e+09 -2.620017230510711670e-01 4.841645956039428711e-01 8.269259929656982422e-01 -5.029674768447875977e-01 5.344662070274353027e-01 4.570513665676116943e-01 5.024678111076354980e-01 2.641201782167724721e-01 -9.505625806525750884e-03 -1.468876151088266135e-01 3.638715178966642760e-01 4.085746278485770655e-01 7.186372074724469705e-01 -2.650407336242500689e-01
1.661970476611797333e+09 -2.591024935245513916e-01 4.883886873722076416e-01 8.327856063842773438e-01 -4.926047921180725098e-01 5.345098972320556641e-01 4.586860239505767822e-01 5.111231803894042969e-01 2.438839428583623736e-01 -8.911333351107835962e-03 -1.377041901318298012e-01 3.411222426538588204e-01 3.830305107385509333e-01 6.737079540727511917e-01 -2.484703666039726755e-01
1.661970476643712282e+09 -2.561258673667907715e-01 4.924257099628448486e-01 8.385801911354064941e-01 -4.821484684944152832e-01 5.345984697341918945e-01 4.600723683834075928e-01 5.196832418441772461e-01 2.401345082055202362e-01 -8.911333351107835962e-03 -1.377041901318298012e-01 3.411222426538588204e-01 3.830305107385544305e-01 6.737079540727511917e-01 -2.484703666039692060e-01
1.661970476675626755e+09 -2.530758082866668701e-01 4.962761998176574707e-01 8.443052768707275391e-01 -4.716026484966278076e-01 5.347334146499633789e-01 4.612109065055847168e-01 5.281435847282409668e-01 2.363689156644487865e-01 -8.911466496182771785e-03 -1.377062475831763444e-01 3.411273393936091192e-01 3.830362336336979312e-01 6.737180200071125613e-01 -2.484740790232587149e-01
