1.661969932979867220e+09 1.378528122206244648e-16 -2.367949187755584717e-01 1.128897309303283691e+00 -6.125128269195556641e-01 6.125135421752929688e-01 3.533097505569458008e-01 3.533093035221099854e-01 0.000000000000000000e+00 0.000000000000000000e+00 0.000000000000000000e+00 0.000000000000000000e+00 0.000000000000000000e+00 0.000000000000000000e+00 0.000000000000000000e+00
1.661969947551682234e+09 1.378528122206244648e-16 -2.367949187755584717e-01 1.128897309303283691e+00 -6.125128269195556641e-01 6.125135421752929688e-01 3.533097505569458008e-01 3.533093035221099854e-01 0.000000000000000000e+00 0.000000000000000000e+00 0.000000000000000000e+00 0.000000000000000000e+00 0.000000000000000000e+00 0.000000000000000000e+00 0.000000000000000000e+00
1.661969947587584972e+09 -3.120274748653173447e-03 -2.496357113122940063e-01 1.121142268180847168e+00 6.201897263526916504e-01 -6.063152551651000977e-01 -3.459396660327911377e-01 -3.578718006610870361e-01 4.267632355490061369e-01 1.972318265832688766e-01 5.900453663386251435e-01 -5.757818952245421507e-01 -6.056173152979797969e-01 -1.411092779386255713e-01 -8.577738369185514133e-02
1.661969947618502378e+09 -6.024057045578956604e-03 -2.623269557952880859e-01 1.113176822662353516e+00 6.277054548263549805e-01 -6.000178456306457520e-01 -3.385256826877593994e-01 -3.624428510665893555e-01 4.936582575854622790e-01 2.290348255256885179e-01 6.851882876750274853e-01 -6.686248776281066286e-01 -7.032711634197034156e-01 -1.638626960597742432e-01 -9.960871147547667448e-02
1.661969947649926901e+09 -8.716091513633728027e-03 -2.748606204986572266e-01 1.105005621910095215e+00 6.350581645965576172e-01 -5.936235189437866211e-01 -3.310691416263580322e-01 -3.670222759246826172e-01 4.837701932727898613e-01 2.253387535256495267e-01 6.741309943615864109e-01 -6.578348779716851613e-01 -6.919220559222548639e-01 -1.612183457022802191e-01 -9.800126610729104071e-02
1.661969947680844069e+09 -1.120133697986602783e-02 -2.872287929058074951e-01 1.096633434295654297e+00 6.422461271286010742e-01 -5.871348381042480469e-01 -3.235715031623840332e-01 -3.716099858283996582e-01 4.897191312465200008e-01 2.290365917339731994e-01 6.851935715231387558e-01 -6.686300337470165722e-01 -7.032765867144027405e-01 -1.638639596914140684e-01 -9.960947961076366264e-02
1.661969947712759018e+09 -1.348496414721012115e-02 -2.994237542152404785e-01 1.088064908981323242e+00 6.492676138877868652e-01 -5.805540084838867188e-01 -3.160342574119567871e-01 -3.762058913707733154e-01 4.724489680858487417e-01 2.218760435802415165e-01 6.637718348199590501e-01 -6.477261357391482788e-01 -6.812895067179901565e-01 -1.587409539518107870e-01 -9.649531139021365334e-02
1.661969947744673252e+09 -1.557234860956668854e-02 -3.114379942417144775e-01 1.079305052757263184e+00 6.561210155487060547e-01 -5.738835930824279785e-01 -3.084587454795837402e-01 -3.808098137378692627e-01 4.704630195236839674e-01 2.218810162238693817e-01 6.637867111478921167e-01 -6.477406524539436328e-01 -6.813047756486492190e-01 -1.587445116238387632e-01 -9.649747402475301883e-02
1.661969947776587725e+09 -1.746906526386737823e-02 -3.232641220092773438e-01 1.070358753204345703e+00 6.628046631813049316e-01 -5.671257972717285156e-01 -3.008464872837066650e-01 -3.854214549064636230e-01 4.684275745238103972e-01 2.218793586512278482e-01 6.637817522978248785e-01 -6.477358134767179365e-01 -6.812996859290513241e-01 -1.587433257154419464e-01 -9.649675313580251268e-02
1.661969947808502436e+09 -1.918088272213935852e-02 -3.348949849605560303e-01 1.061231017112731934e+00 6.693170666694641113e-01 -5.602831840515136719e-01 -2.931989133358001709e-01 -3.900407254695892334e-01 4.663568465938386365e-01 2.218777011033520874e-01 6.637767935218616966e-01 -6.477309745717774181e-01 -6.812945962854989324e-01 -1.587421398247672311e-01 -9.649603225762280745e-02
1.661969947839420319e+09 -2.071376331150531769e-02 -3.463236093521118164e-01 1.051926970481872559e+00 6.756566762924194336e-01 -5.533583164215087891e-01 -2.855175435543060303e-01 -3.946674764156341553e-01 4.792208103866074098e-01 2.290312931908382033e-01 6.851777202232784969e-01 -6.686145656288075001e-01 -7.032603170812304905e-01 -1.638601688549711777e-01 -9.960717524044285232e-02
1.661969947870337486e+09 -2.207384817302227020e-02 -3.575432002544403076e-01 1.042451620101928711e+00 6.818220019340515137e-01 -5.463535189628601074e-01 -2.778038084506988525e-01 -3.993014395236968994e-01 4.770250948065343222e-01 2.290365917339731994e-01 6.851935715231387558e-01 -6.686300337470310051e-01 -7.032765867144027405e-01 -1.638639596914104601e-01 -9.960947961076366264e-02
1.661969947902252436e+09 -2.326745539903640747e-02 -3.685472011566162109e-01 1.032810330390930176e+00 6.878117322921752930e-01 -5.392713546752929688e-01 -2.700591683387756348e-01 -4.039424061775207520e-01 4.599349632461333659e-01 2.218760435802415165e-01 6.637718348199590501e-01 -6.477261357391621566e-01 -6.812895067179901565e-01 -1.587409539518142565e-01 -9.649531139021365334e-02
1.661969947934167385e+09 -2.430107630789279938e-02 -3.793292939662933350e-01 1.023008465766906738e+00 6.936244368553161621e-01 -5.321143865585327148e-01 -2.622851431369781494e-01 -4.085901677608489990e-01 4.577216633491737463e-01 2.218760435802415165e-01 6.637718348199590501e-01 -6.477261357391482788e-01 -6.812895067179901565e-01 -1.587409539518107870e-01 -9.649531139021365334e-02
1.661969947966081619e+09 -2.518136426806449890e-02 -3.898832798004150391e-01 1.013051152229309082e+00 6.992587447166442871e-01 -5.248851776123046875e-01 -2.544832527637481689e-01 -4.132445156574249268e-01 4.554861794476121606e-01 2.218810162238693817e-01 6.637867111478921167e-01 -6.477406524539297550e-01 -6.813047756486492190e-01 -1.587445116238387632e-01 -9.649747402475301883e-02
1.661969947997996569e+09 -2.591513656079769135e-02 -4.002032577991485596e-01 1.002943754196166992e+00 7.047134637832641602e-01 -5.175862312316894531e-01 -2.466549575328826904e-01 -4.179052114486694336e-01 4.531964894905180508e-01 2.218760435802415165e-01 6.637718348199590501e-01 -6.477261357391621566e-01 -6.812895067179901565e-01 -1.587409539518107870e-01 -9.649531139021365334e-02
1.661969948029911280e+09 -2.650935761630535126e-02 -4.102835655212402344e-01 9.926919937133789062e-01 7.099873423576354980e-01 -5.102201104164123535e-01 -2.388017326593399048e-01 -4.225719273090362549e-01 4.508807495646035002e-01 2.218777011033520874e-01 6.637767935218477078e-01 -6.477309745717912959e-01 -6.812945962854989324e-01 -1.587421398247707283e-01 -9.649603225762280745e-02
1.661969948061825514e+09 -2.697113342583179474e-02 -4.201187193393707275e-01 9.823011755943298340e-01 7.150792479515075684e-01 -5.027896761894226074e-01 -2.309252023696899414e-01 -4.272444844245910645e-01 4.485386718255299776e-01 2.218810162238693817e-01 6.637867111478921167e-01 -6.477406524539297550e-01 -6.813047756486492190e-01 -1.587445116238352938e-01 -9.649747402475301883e-02
1.661969948091745615e+09 -2.697113342583179474e-02 -4.201187193393707275e-01 9.823011755943298340e-01 7.150792479515075684e-01 -5.027896761894226074e-01 -2.309252023696899414e-01 -4.272444844245910645e-01 0.000000000000000000e+00 0.000000000000000000e+00 0.000000000000000000e+00 0.000000000000000000e+00 0.000000000000000000e+00 0.000000000000000000e+00 0.000000000000000000e+00
1.661969948123661757e+09 -3.061053156852722168e-02 -4.088469147682189941e-01 9.867035746574401855e-01 7.147485017776489258e-01 -5.053293704986572266e-01 -2.364906221628189087e-01 -4.217215180397033691e-01 3.959266760907713678e-01 6.159700620147190268e-03 -8.410101842762500723e-01 4.451797460063718903e-01 4.667915777508819808e-01 3.649267883127476075e-01 4.566483021705312201e-02
1.661969948155575514e+09 -3.424053639173507690e-02 -3.973333239555358887e-01 9.908240437507629395e-01 7.142659425735473633e-01 -5.079696178436279297e-01 -2.419903278350830078e-01 -4.162111282348632812e-01 3.997052252934770733e-01 6.160160793813366197e-03 -8.410730137485394886e-01 4.452130041155344387e-01 4.668264504183533004e-01 3.649540509523274134e-01 4.566824170628162871e-02
1.661969948187489748e+09 -3.785898536443710327e-02 -3.855850398540496826e-01 9.946537613868713379e-01 7.136321067810058594e-01 -5.107091069221496582e-01 -2.474220991134643555e-01 -4.107160568237304688e-01 4.034450369667327840e-01 6.160068753579343338e-03 -8.410604471030691531e-01 4.452063520961689336e-01 4.668194754680300429e-01 3.649485980985392453e-01 4.566755936765851814e-02
1.661969948219404697e+09 -4.146371781826019287e-02 -3.736094534397125244e-01 9.981840848922729492e-01 7.128476500511169434e-01 -5.135465264320373535e-01 -2.527835667133331299e-01 -4.052390456199645996e-01 4.071782756136654857e-01 6.159930698386251700e-03 -8.410415978389859104e-01 4.451963744398217404e-01 4.668090134333343078e-01 3.649404191233762695e-01 4.566653589795410112e-02
1.661969948250322104e+09 -4.505255073308944702e-02 -3.614142239093780518e-01 1.001406431198120117e+00 7.119131088256835938e-01 -5.164804458618164062e-01 -2.580724656581878662e-01 -3.997827768325805664e-01 4.241745272285869506e-01 6.358679513071892157e-03 -8.681776207679282598e-01 4.595605379434207771e-01 4.818705039999349737e-01 3.767151418082949621e-01 4.713995667570990838e-02
1.661969948280241966e+09 -4.862331226468086243e-02 -3.490072786808013916e-01 1.004312396049499512e+00 7.108291983604431152e-01 -5.195094943046569824e-01 -2.632865309715270996e-01 -3.943499326705932617e-01 4.423003458079386996e-01 6.570681099476654435e-03 -8.971231011157952961e-01 4.748825183786265502e-01 4.979363099710631957e-01 3.892750148954465250e-01 4.871162663922317532e-02
1.661969948311159372e+09 -5.217381939291954041e-02 -3.363968133926391602e-01 1.006893754005432129e+00 7.095966339111328125e-01 -5.226323008537292480e-01 -2.684235572814941406e-01 -3.889433145523071289e-01 4.318814151083283925e-01 6.358679513071892157e-03 -8.681776207679425816e-01 4.595605379434207771e-01 4.818705039999349737e-01 3.767151418082949621e-01 4.713995667570990838e-02
1.661969948342076778e+09 -5.570188909769058228e-02 -3.235913515090942383e-01 1.009142875671386719e+00 7.082161307334899902e-01 -5.258471965789794922e-01 -2.734814584255218506e-01 -3.835655450820922852e-01 4.357306691810612920e-01 6.358679513072341451e-03 -8.681776207679425816e-01 4.595605379434207771e-01 4.818705039999349737e-01 3.767151418082985703e-01 4.713995667570990838e-02
1.661969948372993946e+09 -5.920533835887908936e-02 -3.105995655059814453e-01 1.011051654815673828e+00 7.066884636878967285e-01 -5.291528105735778809e-01 -2.784580290317535400e-01 -3.782193362712860107e-01 4.395806476616229141e-01 6.358728548201855561e-03 -8.681843157432572733e-01 4.595640818570049801e-01 4.818742199574290175e-01 3.767180468573542718e-01 4.714032019676758778e-02
1.661969948404909134e+09 -6.268198043107986450e-02 -2.974304258823394775e-01 1.012612819671630859e+00 7.050146460533142090e-01 -5.325474739074707031e-01 -2.833510637283325195e-01 -3.729072809219360352e-01 4.295605149610131623e-01 6.159884681363508169e-03 -8.410353149387017613e-01 4.451930486537551968e-01 4.668055261926394306e-01 3.649376928797886666e-01 4.566619475158023578e-02
1.661969948434828758e+09 -6.612963974475860596e-02 -2.840932309627532959e-01 1.013818979263305664e+00 7.031953930854797363e-01 -5.360293984413146973e-01 -2.881585359573364258e-01 -3.676320910453796387e-01 4.621816815279884416e-01 6.570733458839000257e-03 -8.971302499627277216e-01 4.748863025442974783e-01 4.979402778439988020e-01 3.892781168861285113e-01 4.871201480441807868e-02
1.661969948465745926e+09 -6.954612582921981812e-02 -2.705974280834197998e-01 1.014663100242614746e+00 7.012317776679992676e-01 -5.395971536636352539e-01 -2.928784489631652832e-01 -3.623963296413421631e-01 4.511118439399622315e-01 6.358728548201855561e-03 -8.681843157432717062e-01 4.595640818569906028e-01 4.818742199574290175e-01 3.767180468573560481e-01 4.714032019676758778e-02
1.661969948496663570e+09 -7.292927801609039307e-02 -2.569527029991149902e-01 1.015138387680053711e+00 6.991248130798339844e-01 -5.432488322257995605e-01 -2.975087165832519531e-01 -3.572026789188385010e-01 4.549480219928367375e-01 6.358630478698637685e-03 -8.681709258958689723e-01 4.595569940845081192e-01 4.818667880997514197e-01 3.767122368040397573e-01 4.713959316025885526e-02
1.661969948528578043e+09 -7.627690583467483521e-02 -2.431690394878387451e-01 1.015238165855407715e+00 6.968754529953002930e-01 -5.469828844070434570e-01 -3.020474016666412354e-01 -3.520536720752716064e-01 4.444600546529045570e-01 6.160022734493936399e-03 -8.410541639211606135e-01 4.452030261610135931e-01 4.668159880710232579e-01 3.649458717327523916e-01 4.566721820599312781e-02
1.661969948559999228e+09 -7.958686351776123047e-02 -2.292566150426864624e-01 1.014956355094909668e+00 6.944848895072937012e-01 -5.507971644401550293e-01 -3.064925074577331543e-01 -3.469518423080444336e-01 4.552191122025411318e-01 6.256730277081901104e-03 -8.542580569718832839e-01 4.521923657249334316e-01 4.741446342453835561e-01 3.706752366968209533e-01 4.638415784077702664e-02
1.661969948590916872e+09 -8.285698294639587402e-02 -2.152258306741714478e-01 1.014286637306213379e+00 6.919542551040649414e-01 -5.546900629997253418e-01 -3.108422160148620605e-01 -3.418997526168823242e-01 4.664773980906805617e-01 6.358630478698637685e-03 -8.681709258958546505e-01 4.595569940844937418e-01 4.818667880997514197e-01 3.767122368040415892e-01 4.713959316025874424e-02
1.661969948621834278e+09 -8.608512580394744873e-02 -2.010872811079025269e-01 1.013223409652709961e+00 6.892846822738647461e-01 -5.586595535278320312e-01 -3.150945007801055908e-01 -3.368999958038330078e-01 4.703278937173133167e-01 6.358679513071892157e-03 -8.681776207679425816e-01 4.595605379434207771e-01 4.818705039999331974e-01 3.767151418082949621e-01 4.713995667570990838e-02
1.661969948652751684e+09 -8.926914632320404053e-02 -1.868517845869064331e-01 1.011761307716369629e+00 6.864773631095886230e-01 -5.627039074897766113e-01 -3.192476928234100342e-01 -3.319550156593322754e-01 4.741770258872063937e-01 6.358679513071892157e-03 -8.681776207679425816e-01 4.595605379434207771e-01 4.818705039999349737e-01 3.767151418082967940e-01 4.713995667570990838e-02
1.661969948684666395e+09 -9.240692853927612305e-02 -1.725303828716278076e-01 1.009894967079162598e+00 6.835337281227111816e-01 -5.668209195137023926e-01 -3.232998847961425781e-01 -3.270672261714935303e-01 4.630913511030317897e-01 6.159976716096533800e-03 -8.410478808331358636e-01 4.451997002755788135e-01 4.668125007261267889e-01 3.649431454076966230e-01 4.566687704942502118e-02
1.661969948716581106e+09 -9.549635648727416992e-02 -1.581342667341232300e-01 1.007619500160217285e+00 6.804550290107727051e-01 -5.710086226463317871e-01 -3.272493779659271240e-01 -3.222391009330749512e-01 4.668277768703852915e-01 6.159976716096098384e-03 -8.410478808331358636e-01 4.451997002755788135e-01 4.668125007261250681e-01 3.649431454076966230e-01 4.566687704942480608e-02
1.661969948748495817e+09 -9.853532910346984863e-02 -1.436748504638671875e-01 1.004930496215820312e+00 6.772425770759582520e-01 -5.752650499343872070e-01 -3.310943841934204102e-01 -3.174731135368347168e-01 4.705672054940972515e-01 6.159976716096098384e-03 -8.410478808331358636e-01 4.451997002755788135e-01 4.668125007261285653e-01 3.649431454076966230e-01 4.566687704942524323e-02
1.661969948796367884e+09 -1.015217602252960205e-01 -1.291636824607849121e-01 1.001823544502258301e+00 6.738978624343872070e-01 -5.795880556106567383e-01 -3.348332345485687256e-01 -3.127715885639190674e-01 3.162087520043777578e-01 4.106651144064355288e-03 -5.606985872220905387e-01 2.967998001837192090e-01 3.112083338174178593e-01 2.432954302717988959e-01 3.044458469961668426e-02
1.661969948828282118e+09 -1.044535934925079346e-01 -1.146125271916389465e-01 9.982946515083312988e-01 6.704223155975341797e-01 -5.839754939079284668e-01 -3.384644091129302979e-01 -3.081369698047637939e-01 4.780715840462855803e-01 6.160068753579343338e-03 -8.410604471030831419e-01 4.452063520961689336e-01 4.668194754680283221e-01 3.649485980985392453e-01 4.566755936765851814e-02
1.661969948860196829e+09 -1.073287799954414368e-01 -1.000332757830619812e-01 9.943402409553527832e-01 6.668174862861633301e-01 -5.884252786636352539e-01 -3.419860899448394775e-01 -3.035714328289031982e-01 4.818220490107255061e-01 6.159976716096098384e-03 -8.410478808331358636e-01 4.451997002755788135e-01 4.668125007261250681e-01 3.649431454076966230e-01 4.566687704942480608e-02
1.661969948891114473e+09 -1.101452857255935669e-01 -8.543797582387924194e-02 9.899570345878601074e-01 6.630848050117492676e-01 -5.929352641105651855e-01 -3.453969657421112061e-01 -2.990774512290954590e-01 5.012462731374858205e-01 6.358630478698637685e-03 -8.681709258958617559e-01 4.595569940844937418e-01 4.818667880997514197e-01 3.767122368040397573e-01 4.713959316025874424e-02
1.661969948922043085e+09 -1.129011064767837524e-01 -7.083883881568908691e-02 9.851419925689697266e-01 6.592260003089904785e-01 -5.975029468536376953e-01 -3.486953973770141602e-01 -2.946571707725524902e-01 5.049610945617529767e-01 6.356375714722208546e-03 -8.678630733582413104e-01 4.593940356363431787e-01 4.816959186210673094e-01 3.765786550235461494e-01 4.712287750790936092e-02
1.661969948952949762e+09 -1.155942603945732117e-01 -5.624818056821823120e-02 9.798925518989562988e-01 6.552425622940063477e-01 -6.021263599395751953e-01 -3.518798649311065674e-01 -2.903128564357757568e-01 5.092230669345469973e-01 6.360886842883113623e-03 -8.684789969168381640e-01 4.597200681844682002e-01 4.820377788447263723e-01 3.768459133876995715e-01 4.715632067572847475e-02
1.661969948983866692e+09 -1.182227805256843567e-01 -4.167845845222473145e-02 9.742063879966735840e-01 6.511362791061401367e-01 -6.068031191825866699e-01 -3.549490571022033691e-01 -2.860467433929443359e-01 5.129659190502396937e-01 6.358777584088544377e-03 -8.681910108218512390e-01 4.595676258252475721e-01 4.818779359722313305e-01 3.767209519512185745e-01 4.714068372343191426e-02
1.661969949015781164e+09 -1.207847371697425842e-01 -2.714224532246589661e-02 9.680815339088439941e-01 6.469087600708007812e-01 -6.115309000015258789e-01 -3.579015433788299561e-01 -2.818610072135925293e-01 5.007314600736922916e-01 6.160022734493936399e-03 -8.410541639211744913e-01 4.452030261610274708e-01 4.668159880710266996e-01 3.649458717327523916e-01 4.566721820599312781e-02
1.661969949047696352e+09 -1.232782080769538879e-01 -1.265220995992422104e-02 9.615164399147033691e-01 6.425617933273315430e-01 -6.163072586059570312e-01 -3.607359528541564941e-01 -2.777576744556427002e-01 5.045291355120586907e-01 6.159884681363073620e-03 -8.410353149386878835e-01 4.451930486537482579e-01 4.668055261926394306e-01 3.649376928797886666e-01 4.566619475158013169e-02
1.661969949079120636e+09 -1.257013231515884399e-01 1.778876874595880508e-03 9.545099139213562012e-01 6.380971670150756836e-01 -6.211299300193786621e-01 -3.634510934352874756e-01 -2.737389206886291504e-01 5.162895786885314253e-01 6.256113162952907022e-03 -8.541737997490534973e-01 4.521477650652032110e-01 4.740978683884248812e-01 3.706386762385862621e-01 4.637958287623231840e-02
1.661969949110038757e+09 -1.280522346496582031e-01 1.613816060125827789e-02 9.470610618591308594e-01 6.335166096687316895e-01 -6.259965300559997559e-01 -3.660456240177154541e-01 -2.698068916797637939e-01 5.286961086226728002e-01 6.358532412219492121e-03 -8.681575364614710910e-01 4.595499065306059561e-01 4.818593564713070654e-01 3.767064269299372770e-01 4.713886614617535109e-02
1.661969949140955448e+09 -1.303291022777557373e-01 3.041271306574344635e-02 9.391693472862243652e-01 -6.288221478462219238e-01 6.309044361114501953e-01 3.685182929039001465e-01 2.659633755683898926e-01 5.326878157479335574e-01 6.358826620730630673e-03 -8.681977060036982774e-01 4.595711698481498297e-01 4.818816520443531259e-01 3.767238570898899241e-01 4.714104725570301968e-02
1.661969949172378302e+09 -1.325301229953765869e-01 4.458953812718391418e-02 9.308347105979919434e-01 -6.240156292915344238e-01 6.358513832092285156e-01 3.708680868148803711e-01 2.622105777263641357e-01 5.280219632071475599e-01 6.256397969731344183e-03 -8.542126856326357487e-01 4.521683488917728200e-01 4.741194514837169804e-01 3.706555494000196016e-01 4.638169428618279383e-02
1.661969949204292059e+09 -1.346535831689834595e-01 5.865558609366416931e-02 9.220573902130126953e-01 -6.190989017486572266e-01 6.408348083496093750e-01 3.730938136577606201e-01 2.585503160953521729e-01 5.237674211959509885e-01 6.160160793812931648e-03 -8.410730137485324942e-01 4.452130041155274998e-01 4.668264504183550767e-01 3.649540509523239162e-01 4.566824170628162871e-02
1.661969949236207008e+09 -1.366977095603942871e-01 7.259776443243026733e-02 9.128379821777343750e-01 -6.140740513801574707e-01 6.458522081375122070e-01 3.751944899559020996e-01 2.549845278263092041e-01 5.276288489491692824e-01 6.159930698386251700e-03 -8.410415978389790270e-01 4.451963744398217404e-01 4.668090134333325869e-01 3.649404191233771022e-01 4.566653589795410112e-02
1.661969949267629385e+09 -1.386608332395553589e-01 8.640295267105102539e-02 9.031775593757629395e-01 -6.089430451393127441e-01 6.509010195732116699e-01 3.771689832210540771e-01 2.515150904655456543e-01 5.398546179111187726e-01 6.256492911086337233e-03 -8.542256483806252021e-01 4.521752105837776869e-01 4.741266462855140973e-01 3.706611741285653627e-01 4.638239813222064245e-02
1.661969949298547029e+09 -1.405413150787353516e-01 1.000579968094825745e-01 8.930774331092834473e-01 -6.037078499794006348e-01 6.559787392616271973e-01 3.790163397789001465e-01 2.481437325477600098e-01 5.527028627634089641e-01 6.358630478698189259e-03 -8.681709258958617559e-01 4.595569940844937418e-01 4.818667880997505315e-01 3.767122368040406455e-01 4.713959316025874424e-02
1.661969949328466654e+09 -1.423375159502029419e-01 1.135497391223907471e-01 8.825394511222839355e-01 -5.983706116676330566e-01 6.610827445983886719e-01 3.807358443737030029e-01 2.448723614215850830e-01 5.753227277460339906e-01 6.570733458839463428e-03 -8.971302499627351601e-01 4.748863025442974783e-01 4.979402778440006894e-01 3.892781168861312868e-01 4.871201480441807868e-02
1.661969949359889269e+09 -1.440478712320327759e-01 1.268650293350219727e-01 8.715656995773315430e-01 -5.929334759712219238e-01 6.662104129791259766e-01 3.823263943195343018e-01 2.417026013135910034e-01 5.518042267504700282e-01 6.256445440048437161e-03 -8.542191669574531465e-01 4.521717797117437709e-01 4.741230488573199287e-01 3.706583617429532462e-01 4.638204620653155891e-02
1.661969949389809608e+09 -1.456708461046218872e-01 1.399907022714614868e-01 8.601588010787963867e-01 -5.873984694480895996e-01 6.713591814041137695e-01 3.837872445583343506e-01 2.386362105607986450e-01 5.837247181645994765e-01 6.570576383255298872e-03 -8.971088037636842927e-01 4.748749502282081369e-01 4.979283744149106683e-01 3.892688110623870879e-01 4.871085032739173870e-02
1.661969949436684132e+09 -1.472049504518508911e-01 1.529136598110198975e-01 8.483216166496276855e-01 -5.817679166793823242e-01 6.765263676643371582e-01 3.851176202297210693e-01 2.356748133897781372e-01 3.752978646693597153e-01 4.194045365943470383e-03 -5.726308928940294640e-01 3.031160385689601333e-01 3.178312022379751189e-01 2.484730346188538663e-01 3.109248019814265032e-02
1.661969949467108727e+09 -1.486487388610839844e-01 1.656207889318466187e-01 8.360575437545776367e-01 -5.760437846183776855e-01 6.817094087600708008e-01 3.863168954849243164e-01 2.328199446201324463e-01 5.823908290522339382e-01 6.461676069403838110e-03 -8.822401796749750336e-01 4.670044030944986990e-01 4.896757412992678304e-01 3.828170946185586732e-01 4.790351980123835202e-02
1.661969949499023199e+09 -1.500007957220077515e-01 1.780990511178970337e-01 8.233702182769775391e-01 -5.702285170555114746e-01 6.869055628776550293e-01 3.873842060565948486e-01 2.300731986761093140e-01 5.592027586719925392e-01 6.160022734493936399e-03 -8.410541639211744913e-01 4.452030261610274708e-01 4.668159880710249787e-01 3.649458717327515034e-01 4.566721820599312781e-02
1.661969949529941559e+09 -1.512597650289535522e-01 1.903354674577713013e-01 8.102638125419616699e-01 -5.643242597579956055e-01 6.921122074127197266e-01 3.883191049098968506e-01 2.274360656738281250e-01 5.813627035839475932e-01 6.358483380114912480e-03 -8.681508418991491505e-01 4.595463628356354913e-01 4.818556407430489852e-01 3.767035220600884471e-01 4.713850264754307351e-02
1.661969949560858011e+09 -1.524243354797363281e-01 2.023171186447143555e-01 7.967427968978881836e-01 -5.583333969116210938e-01 6.973265409469604492e-01 3.891208767890930176e-01 2.249100804328918457e-01 5.855596344115535645e-01 6.358875658129477942e-03 -8.682044012888077145e-01 4.595747139257129743e-01 4.818853681737858552e-01 3.767267622733670440e-01 4.714141079358103587e-02
1.661969949591775179e+09 -1.534932553768157959e-01 2.140311449766159058e-01 7.828120589256286621e-01 -5.522580742835998535e-01 7.025459408760070801e-01 3.897891342639923096e-01 2.224965244531631470e-01 5.897230368168865366e-01 6.358728548201855561e-03 -8.681843157432644897e-01 4.595640818570049801e-01 4.818742199574272411e-01 3.767180468573547159e-01 4.714032019676747676e-02
1.661969949622693539e+09 -1.544653028249740601e-01 2.254648208618164062e-01 7.684767842292785645e-01 -5.461007952690124512e-01 7.077676057815551758e-01 3.903232812881469727e-01 2.201968431472778320e-01 5.938961939619985531e-01 6.358483380114912480e-03 -8.681508418991563669e-01 4.595463628356427077e-01 4.818556407430489852e-01 3.767035220600886691e-01 4.713850264754307351e-02
1.661969949654607534e+09 -1.553393006324768066e-01 2.366054952144622803e-01 7.537427544593811035e-01 -5.398638844490051270e-01 7.129889130592346191e-01 3.907230198383331299e-01 2.180123180150985718e-01 5.794459133360052583e-01 6.160114773352337418e-03 -8.410667303788637028e-01 4.452096780810042009e-01 4.668229629171379291e-01 3.649513245050637900e-01 4.566790053442131014e-02
1.661969949686522722e+09 -1.553393006324768066e-01 2.366054952144622803e-01 7.537427544593811035e-01 -5.398638844490051270e-01 7.129889130592346191e-01 3.907230198383331299e-01 2.180123180150985718e-01 0.000000000000000000e+00 0.000000000000000000e+00 0.000000000000000000e+00 0.000000000000000000e+00 0.000000000000000000e+00 -6.522500139711128758e-16 -9.783750209566692151e-16
1.661969949718437433e+09 -1.589502841234207153e-01 2.478358000516891479e-01 7.575069665908813477e-01 -5.401245355606079102e-01 7.060995697975158691e-01 3.974362909793853760e-01 2.274496257305145264e-01 3.879896685909749454e-01 8.949031299809138973e-02 -3.282676202146400102e-01 5.123112967438204768e-01 3.532470825697653916e-01 5.956289132296167521e-01 -6.826917657303360754e-01
1.661969949749354601e+09 -1.625260263681411743e-01 2.588987648487091064e-01 7.612618803977966309e-01 -5.401707291603088379e-01 6.992304325103759766e-01 4.038774669170379639e-01 2.370136231184005737e-01 3.951783212878465235e-01 9.237772061078911023e-02 -3.388591847522490208e-01 5.288410359829786023e-01 3.646446102038063963e-01 6.148468978447589883e-01 -7.047188358729699065e-01
1.661969949780272245e+09 -1.660658866167068481e-01 2.697921395301818848e-01 7.650038003921508789e-01 -5.400040745735168457e-01 6.923878192901611328e-01 4.100428819656372070e-01 2.466973066329956055e-01 3.897392981495202413e-01 9.237629588615227372e-02 -3.388539585892110795e-01 5.288328797647079416e-01 3.646389863568901268e-01 6.148374151738652538e-01 -7.047079671236697873e-01
1.661969949810191870e+09 -1.695692390203475952e-01 2.805137634277343750e-01 7.687291502952575684e-01 -5.396263599395751953e-01 6.855781078338623047e-01 4.159292578697204590e-01 2.564935982227325439e-01 3.970223503262908515e-01 9.545766501390184899e-02 -3.501570111396081764e-01 5.464730037144025498e-01 3.768021425492365517e-01 6.353463672976484844e-01 -7.282147050063970672e-01
1.661969949842106819e+09 -1.730355769395828247e-01 2.910615205764770508e-01 7.724342942237854004e-01 -5.390393733978271484e-01 6.788075566291809082e-01 4.215332567691802979e-01 2.663953900337219238e-01 3.667449775990545557e-01 8.948964446645828186e-02 -3.282651679124742317e-01 5.123074695552007896e-01 3.532444436601310245e-01 5.956244636220893174e-01 -6.826866657253661819e-01
1.661969949872027397e+09 -1.764644235372543335e-01 3.014334738254547119e-01 7.761154770851135254e-01 -5.382454991340637207e-01 6.720823049545288086e-01 4.268520772457122803e-01 2.763954699039459229e-01 3.852732314613274700e-01 9.545462244154850895e-02 -3.501458504010622752e-01 5.464555856929926847e-01 3.767901325364059195e-01 6.353261165687870138e-01 -7.281914942361767951e-01
1.661969949901946783e+09 -1.798553764820098877e-01 3.116277456283569336e-01 7.797691822052001953e-01 -5.372469425201416016e-01 6.654085516929626465e-01 4.318826496601104736e-01 2.864866256713867188e-01 3.792773129921132580e-01 9.545842568729687172e-02 -3.501598014354153632e-01 5.464773583932537315e-01 3.768051451720744738e-01 6.353514301815788023e-01 -7.282205079301525830e-01
1.661969949933861732e+09 -1.832080781459808350e-01 3.216425776481628418e-01 7.833916544914245605e-01 -5.360462665557861328e-01 6.587923169136047363e-01 4.366223812103271484e-01 2.966614365577697754e-01 3.498396321472738713e-01 8.948964446645740756e-02 -3.282651679124742317e-01 5.123074695551937952e-01 3.532444436601292481e-01 5.956244636220910937e-01 -6.826866657253661819e-01
1.661969949965777397e+09 -1.865222901105880737e-01 3.314763307571411133e-01 7.869793176651000977e-01 -5.346460938453674316e-01 6.522396206855773926e-01 4.410688579082489014e-01 3.069126009941101074e-01 3.440283041780091144e-01 8.948763893148783954e-02 -3.282578112258091041e-01 5.122959883324025299e-01 3.532365271677881946e-01 5.956111151983841667e-01 -6.826713661676236944e-01
1.661969949997691154e+09 -1.897977590560913086e-01 3.411274552345275879e-01 7.905283570289611816e-01 -5.330494046211242676e-01 6.457562446594238281e-01 4.452196955680847168e-01 3.172326385974884033e-01 3.381632849697444043e-01 8.949298722451332067e-02 -3.282774297897191329e-01 5.123266060701634483e-01 3.532576386025955140e-01 5.956467123245632322e-01 -6.827121665122463101e-01
1.661969950027610540e+09 -1.930343806743621826e-01 3.505944907665252686e-01 7.940353155136108398e-01 -5.312592387199401855e-01 6.393482089042663574e-01 4.490729868412017822e-01 3.276141881942749023e-01 3.543472038554223436e-01 9.545842568729687172e-02 -3.501598014354153632e-01 5.464773583932537315e-01 3.768051451720744738e-01 6.353514301815788023e-01 -7.282205079301544703e-01
1.661969950074485302e+09 -1.962320506572723389e-01 3.598760962486267090e-01 7.974964380264282227e-01 -5.292787551879882812e-01 6.330209970474243164e-01 4.526265859603881836e-01 3.380497097969055176e-01 2.220653109941021497e-01 6.092953606903402097e-02 -2.235012163449506539e-01 3.488074696329622193e-01 2.405084990503328635e-01 4.055343213869114782e-01 -4.648111194446943317e-01
1.661969950105402946e+09 -1.993907690048217773e-01 3.689710199832916260e-01 8.009081482887268066e-01 -5.271114110946655273e-01 6.267803907394409180e-01 4.558789730072021484e-01 3.485316336154937744e-01 3.303759430608548264e-01 9.237629588615317577e-02 -3.388539585892110795e-01 5.288328797647151580e-01 3.646389863568901268e-01 6.148374151738670301e-01 -7.047079671236697873e-01
1.661969950137317419e+09 -2.025105953216552734e-01 3.778781592845916748e-01 8.042668700218200684e-01 -5.247607827186584473e-01 6.206317543983459473e-01 4.588285386562347412e-01 3.590524494647979736e-01 3.138876095981725789e-01 8.949098153971396519e-02 -3.282700725534493658e-01 5.123151239896294173e-01 3.532497215188279971e-01 5.956333629036262289e-01 -6.826968658115107891e-01
1.661969950169231892e+09 -2.055916190147399902e-01 3.865964114665985107e-01 8.075689673423767090e-01 -5.222305655479431152e-01 6.145806312561035156e-01 4.614740610122680664e-01 3.696044981479644775e-01 3.076528374439256863e-01 8.949098153971396519e-02 -3.282700725534458686e-01 5.123151239896364117e-01 3.532497215188279971e-01 5.956333629036262289e-01 -6.826968658115107891e-01
1.661969950201146841e+09 -2.086340487003326416e-01 3.951249122619628906e-01 8.108109831809997559e-01 -5.195247530937194824e-01 6.086322665214538574e-01 4.638142883777618408e-01 3.801804184913635254e-01 3.013576854498135615e-01 8.948964446645828186e-02 -3.282651679124742317e-01 5.123074695551937952e-01 3.532444436601310245e-01 5.956244636220893174e-01 -6.826866657253627402e-01
1.661969950233061552e+09 -2.116381227970123291e-01 4.034627974033355713e-01 8.139894008636474609e-01 -5.166473984718322754e-01 6.027917265892028809e-01 4.658483564853668213e-01 3.907723426818847656e-01 2.950131812356594496e-01 8.949031299809095952e-02 -3.282676202146435074e-01 5.123112967438204768e-01 3.532470825697653916e-01 5.956289132296185285e-01 -6.826917657303395170e-01
1.661969950264976978e+09 -2.146041542291641235e-01 4.116093218326568604e-01 8.171007037162780762e-01 -5.136026740074157715e-01 5.970640778541564941e-01 4.675753712654113770e-01 4.013727307319641113e-01 2.886080256278442668e-01 8.948830743315694392e-02 -3.282602634180595835e-01 5.122998153494826568e-01 3.532391659591432864e-01 5.956155646064745790e-01 -6.826764659440099914e-01
1.661969950296891689e+09 -2.175325155258178711e-01 4.195638597011566162e-01 8.201414942741394043e-01 -5.103949308395385742e-01 5.914542675018310547e-01 4.689949154853820801e-01 4.119739532470703125e-01 2.821693369563813558e-01 8.949031299809095952e-02 -3.282676202146400102e-01 5.123112967438204768e-01 3.532470825697653916e-01 5.956289132296167521e-01 -6.826917657303377407e-01
1.661969950328805685e+09 -2.204236537218093872e-01 4.273258447647094727e-01 8.231083750724792480e-01 -5.070287585258483887e-01 5.859671235084533691e-01 4.701066613197326660e-01 4.225684702396392822e-01 2.756867382121710452e-01 8.949231865292492372e-02 -3.282749773409811556e-01 5.123227786528066208e-01 3.532549995352378125e-01 5.956422624510970820e-01 -6.827070662024624648e-01
1.661969950359723091e+09 -2.232780754566192627e-01 4.348948895931243896e-01 8.259980678558349609e-01 -5.035088658332824707e-01 5.806071162223815918e-01 4.709103405475616455e-01 4.331486523151397705e-01 2.778377503199449539e-01 9.237700824297732927e-02 -3.388565716505793635e-01 5.288369578423914863e-01 3.646417982586641626e-01 6.148421564727494237e-01 -7.047134014564110371e-01
1.661969950390640974e+09 -2.260963320732116699e-01 4.422706067562103271e-01 8.288072347640991211e-01 -4.998398721218109131e-01 5.753788948059082031e-01 4.714059233665466309e-01 4.437067806720733643e-01 2.710613775102512224e-01 9.237558354031548402e-02 -3.388513455681468334e-01 5.288288017499266358e-01 3.646361744984831232e-01 6.148326739481082548e-01 -7.047025328747387185e-01
1.661969950421557426e+09 -2.288790494203567505e-01 4.494527578353881836e-01 8.315326571464538574e-01 -4.960269033908843994e-01 5.702866911888122559e-01 4.715937077999114990e-01 4.542354047298431396e-01 2.642721458893796393e-01 9.237985778014368154e-02 -3.388670242990612924e-01 5.288532707821042012e-01 3.646530462994516664e-01 6.148611223995473773e-01 -7.047351396255427947e-01
1.661969950452475548e+09 -2.316269278526306152e-01 4.564411640167236328e-01 8.341711759567260742e-01 -4.920749068260192871e-01 5.653347373008728027e-01 4.714740812778472900e-01 4.647268950939178467e-01 2.574315163984332022e-01 9.237487120546400421e-02 -3.388487325873821288e-01 5.288247237980243654e-01 3.646333626834422637e-01 6.148279327954696560e-01 -7.046970987096160544e-01
1.661969950484389544e+09 -2.343407124280929565e-01 4.632357954978942871e-01 8.367197513580322266e-01 -4.879892170429229736e-01 5.605270266532897949e-01 4.710476398468017578e-01 4.751737713813781738e-01 2.427681470563816113e-01 8.949231865292492372e-02 -3.282749773409811556e-01 5.123227786527996264e-01 3.532549995352413097e-01 5.956422624510970820e-01 -6.827070662024606884e-01
1.661969950515306950e+09 -2.370211929082870483e-01 4.698366224765777588e-01 8.391752243041992188e-01 -4.837749898433685303e-01 5.558674931526184082e-01 4.703151285648345947e-01 4.855684936046600342e-01 2.437331951812424236e-01 9.237700824297732927e-02 -3.388565716505757552e-01 5.288369578423987027e-01 3.646417982586641626e-01 6.148421564727476474e-01 -7.047134014564128135e-01
1.661969950545227528e+09 -2.396692484617233276e-01 4.762437641620635986e-01 8.415347337722778320e-01 -4.794377684593200684e-01 5.513598322868347168e-01 4.692774116992950439e-01 4.959035217761993408e-01 2.447584852711959247e-01 9.545462244154757914e-02 -3.501458504010659945e-01 5.464555856929926847e-01 3.767901325364059195e-01 6.353261165687889012e-01 -7.281914942361767951e-01
1.661969950576144934e+09 -2.422857880592346191e-01 4.824574589729309082e-01 8.437954187393188477e-01 -4.749831855297088623e-01 5.470075607299804688e-01 4.679359793663024902e-01 5.061716437339782715e-01 2.300013869381984932e-01 9.237700824297732927e-02 -3.388565716505757552e-01 5.288369578423914863e-01 3.646417982586641626e-01 6.148421564727476474e-01 -7.047134014564092608e-01
1.661969950608059406e+09 -2.448717951774597168e-01 4.884779155254364014e-01 8.459543585777282715e-01 -4.704166054725646973e-01 5.428138971328735352e-01 4.662917554378509521e-01 5.163654088973999023e-01 2.161673176425343845e-01 8.949098153971396519e-02 -3.282700725534458686e-01 5.123151239896294173e-01 3.532497215188279971e-01 5.956333629036278943e-01 -6.826968658115124544e-01
1.661969950639974594e+09 -2.474282830953598022e-01 4.943055510520935059e-01 8.480088710784912109e-01 -4.657440781593322754e-01 5.387823581695556641e-01 4.643464982509613037e-01 5.264772176742553711e-01 2.095287983710998059e-01 8.948897594481310114e-02 -3.282627156469511975e-01 5.123036424237553677e-01 3.532418047899238966e-01 5.956200140810423704e-01 -6.826815657965874529e-01
