1.661967647516289234e+09 1.378528122206244648e-16 -2.367949187755584717e-01 1.128897309303283691e+00 -6.125128269195556641e-01 6.125135421752929688e-01 3.533097505569458008e-01 3.533093035221099854e-01 0.000000000000000000e+00 0.000000000000000000e+00 0.000000000000000000e+00 0.000000000000000000e+00 0.000000000000000000e+00 0.000000000000000000e+00 0.000000000000000000e+00
1.661967652750885487e+09 1.378528122206244648e-16 -2.367949187755584717e-01 1.128897309303283691e+00 -6.125128269195556641e-01 6.125135421752929688e-01 3.533097505569458008e-01 3.533093035221099854e-01 0.000000000000000000e+00 0.000000000000000000e+00 0.000000000000000000e+00 0.000000000000000000e+00 0.000000000000000000e+00 0.000000000000000000e+00 0.000000000000000000e+00
1.661967652778810978e+09 -1.170641742646694183e-02 -2.343266606330871582e-01 1.138504624366760254e+00 6.138049960136413574e-01 -6.129549145698547363e-01 -3.606257438659667969e-01 -3.427517414093017578e-01 5.494559168617099143e-01 4.349465679275890118e-01 -1.614011406111349467e-01 6.386168881388448737e-01 8.351168636990677907e-01 -6.591544711759774744e-01 -8.249898554575273157e-02
1.661967652808732271e+09 -2.361441589891910553e-02 -2.321530282497406006e-01 1.148166775703430176e+00 6.152738332748413086e-01 -6.130894422531127930e-01 -3.679191768169403076e-01 -3.319562375545501709e-01 5.176291408411424211e-01 4.059348808215434423e-01 -1.506354058399100859e-01 5.960200389957271971e-01 7.794131268882175112e-01 -6.151877297819133839e-01 -7.699616075827683814e-02
1.661967652840151072e+09 -3.571292012929916382e-02 -2.302827686071395874e-01 1.157886862754821777e+00 6.169154644012451172e-01 -6.129098534584045410e-01 -3.751811683177947998e-01 -3.209296166896820068e-01 4.975287070358614394e-01 3.865868994401475689e-01 -1.434557049438534848e-01 5.676120721955275616e-01 7.422641372844468455e-01 -5.858661777196834120e-01 -7.332631035819492382e-02
1.661967652871069670e+09 -4.799033701419830322e-02 -2.287245094776153564e-01 1.167667984962463379e+00 6.187258958816528320e-01 -6.124091148376464844e-01 -3.824032843112945557e-01 -3.096791207790374756e-01 5.101931448601599861e-01 3.928411160239867472e-01 -1.457765364314467238e-01 5.767949204510003369e-01 7.542725128494657261e-01 -5.953443415423910201e-01 -7.451258601041767238e-02
1.661967652901987314e+09 -6.043455377221107483e-02 -2.274867147207260132e-01 1.177513003349304199e+00 6.207007169723510742e-01 -6.115801930427551270e-01 -3.895764946937561035e-01 -2.982119321823120117e-01 5.147828860176227872e-01 3.928532334568923257e-01 -1.457810330009794431e-01 5.768127120554498166e-01 7.542957788626012405e-01 -5.953627053154728621e-01 -7.451488439830138144e-02
1.661967652932904959e+09 -7.303293794393539429e-02 -2.265776246786117554e-01 1.187424302101135254e+00 6.228352785110473633e-01 -6.104167103767395020e-01 -3.966926336288452148e-01 -2.865357100963592529e-01 5.192994341698964345e-01 3.928532334568904938e-01 -1.457810330009938204e-01 5.768127120554427112e-01 7.542957788626049043e-01 -5.953627053154728621e-01 -7.451488439830138144e-02
1.661967652963823318e+09 -8.577236533164978027e-02 -2.260053008794784546e-01 1.197404265403747559e+00 6.251247525215148926e-01 -6.089118123054504395e-01 -4.037427902221679688e-01 -2.746582925319671631e-01 5.237410959295708546e-01 3.928441453121324645e-01 -1.457776605478135756e-01 5.767993682492091878e-01 7.542783292181923782e-01 -5.953489323794568522e-01 -7.451316059409615611e-02
1.661967652995738268e+09 -9.863919764757156372e-02 -2.257774919271469116e-01 1.207454681396484375e+00 6.275636553764343262e-01 -6.070597767829895020e-01 -4.107188284397125244e-01 -2.625876367092132568e-01 5.116237310898587021e-01 3.805770284714956597e-01 -1.412255458834239530e-01 5.587879880915772590e-01 7.307249162291064026e-01 -5.767583157148077344e-01 -7.218638123876951196e-02
1.661967653027653217e+09 -1.116193309426307678e-01 -2.259016633033752441e-01 1.217577219009399414e+00 6.301467418670654297e-01 -6.048544049263000488e-01 -4.176122546195983887e-01 -2.503319978713989258e-01 5.157775984620537324e-01 3.805770284714921625e-01 -1.412255458834378585e-01 5.587879880915772590e-01 7.307249162291029609e-01 -5.767583157148077344e-01 -7.218638123876951196e-02
1.661967653057572842e+09 -1.246981918811798096e-01 -2.263849228620529175e-01 1.227773308753967285e+00 6.328678131103515625e-01 -6.022903919219970703e-01 -4.244151115417480469e-01 -2.378998845815658569e-01 5.545080237047913529e-01 4.059575240511160144e-01 -1.506438083503411629e-01 5.960532852606197363e-01 7.794566029017340192e-01 -6.152220452291770059e-01 -7.700045563862999154e-02
1.661967653089487553e+09 -1.378607451915740967e-01 -2.272340357303619385e-01 1.238043785095214844e+00 6.357210278511047363e-01 -5.993621349334716797e-01 -4.311191439628601074e-01 -2.252999693155288696e-01 5.238008288117267375e-01 3.805798715689741596e-01 -1.412266009076862117e-01 5.587921625125182867e-01 7.307303751034245343e-01 -5.767626243829365729e-01 -7.218692050652140979e-02
1.661967653121403217e+09 -1.510915458202362061e-01 -2.284553200006484985e-01 1.248389124870300293e+00 6.386998295783996582e-01 -5.960647463798522949e-01 -4.377164542675018311e-01 -2.125410139560699463e-01 5.276276316165767755e-01 3.805684994339228466e-01 -1.412223809052546852e-01 5.587754652029419677e-01 7.307085400955030119e-01 -5.767453900966679203e-01 -7.218476348385620411e-02
1.661967653153316498e+09 -1.643746942281723022e-01 -2.300546318292617798e-01 1.258809804916381836e+00 6.417976617813110352e-01 -5.923934578895568848e-01 -4.441991150379180908e-01 -1.996320784091949463e-01 5.313928971252173117e-01 3.805969310459355048e-01 -1.412329313842022871e-01 5.588172103480405495e-01 7.307631300621901804e-01 -5.767884777436635968e-01 -7.219015628224001446e-02
1.661967653185230255e+09 -1.776939779520034790e-01 -2.320373952388763428e-01 1.269305467605590820e+00 6.450075507164001465e-01 -5.883438587188720703e-01 -4.505594670772552490e-01 -1.865823864936828613e-01 5.349788062491791507e-01 3.805912443836875769e-01 -1.412308211623152787e-01 5.588088608200282303e-01 7.307522114163310656e-01 -5.767798596992281812e-01 -7.218907765810241017e-02
1.661967653217144728e+09 -1.910327672958374023e-01 -2.344084680080413818e-01 1.279875755310058594e+00 6.483223438262939453e-01 -5.839117765426635742e-01 -4.567900300025939941e-01 -1.734013259410858154e-01 5.384267161267973778e-01 3.805827147089299034e-01 -1.412276559476838556e-01 5.587963369958435234e-01 7.307358340593059776e-01 -5.767669331154414714e-01 -7.218745978233032101e-02
1.661967653248062134e+09 -2.043741047382354736e-01 -2.371721863746643066e-01 1.290519714355468750e+00 6.517346501350402832e-01 -5.790935754776000977e-01 -4.628833532333374023e-01 -1.600984632968902588e-01 5.592124415722282693e-01 3.928562629319195532e-01 -1.457821571867245203e-01 5.768171601280542848e-01 7.543015955901523073e-01 -5.953672964357586972e-01 -7.451545901742712141e-02
1.661967653278979778e+09 -2.177007496356964111e-01 -2.403322905302047729e-01 1.301236033439636230e+00 6.552368998527526855e-01 -5.738857984542846680e-01 -4.688322842121124268e-01 -1.466835290193557739e-01 5.624741931290598851e-01 3.928532334568904938e-01 -1.457810330009794431e-01 5.768127120554498166e-01 7.542957788626012405e-01 -5.953627053154728621e-01 -7.451488439830160349e-02
1.661967653309897184e+09 -2.309951931238174438e-01 -2.438918799161911011e-01 1.312023162841796875e+00 6.588211059570312500e-01 -5.682852864265441895e-01 -4.746297001838684082e-01 -1.331663578748703003e-01 5.655851308133449384e-01 3.928562629319213295e-01 -1.457821571867101429e-01 5.768171601280542848e-01 7.543015955901540837e-01 -5.953672964357586972e-01 -7.451545901742757938e-02
1.661967653340815783e+09 -2.442396879196166992e-01 -2.478534728288650513e-01 1.322878956794738770e+00 6.624793410301208496e-01 -5.622892975807189941e-01 -4.802686870098114014e-01 -1.195569708943367004e-01 5.685003243650902371e-01 3.928411160239876354e-01 -1.457765364314467238e-01 5.767949204509931205e-01 7.542725128494657261e-01 -5.953443415423910201e-01 -7.451258601041745033e-02
1.661967653372240782e+09 -2.574162781238555908e-01 -2.522188723087310791e-01 1.333800911903381348e+00 6.662033200263977051e-01 -5.558954477310180664e-01 -4.857425391674041748e-01 -1.058655306696891785e-01 5.620565185368178174e-01 3.865106414595894657e-01 -1.434274069276134100e-01 5.675001052602053342e-01 7.421177185510857699e-01 -5.857506099866497395e-01 -7.331184603889773221e-02
1.661967653404156208e+09 -2.705068290233612061e-01 -2.569891810417175293e-01 1.344786167144775391e+00 6.699845790863037109e-01 -5.491018295288085938e-01 -4.910448789596557617e-01 -9.210228919982910156e-02 5.559205297799362233e-01 3.805713424039709469e-01 -1.412234358822294089e-01 5.587796394367871011e-01 7.307139987251491942e-01 -5.767496985716731306e-01 -7.218530272743720055e-02
1.661967653434076071e+09 -2.834931313991546631e-01 -2.621648013591766357e-01 1.355831623077392578e+00 6.738144755363464355e-01 -5.419066548347473145e-01 -4.961692094802856445e-01 -7.827762514352798462e-02 5.954791654806056433e-01 4.059542891493779226e-01 -1.506426079343151647e-01 5.960485355671287788e-01 7.794503917457082931e-01 -6.152171427880430699e-01 -7.699984205495888356e-02
1.661967653465496540e+09 -2.963568866252899170e-01 -2.677453756332397461e-01 1.366933465003967285e+00 6.776841878890991211e-01 -5.343087315559387207e-01 -5.011094808578491211e-01 -6.440203636884689331e-02 5.692119661372880834e-01 3.865663654853848663e-01 -1.434480851487775210e-01 5.675819229053373771e-01 7.422247111729108893e-01 -5.858350588441947338e-01 -7.332241555694382629e-02
1.661967653497411489e+09 -3.090797066688537598e-01 -2.737298011779785156e-01 1.378087878227233887e+00 6.815847754478454590e-01 -5.263071060180664062e-01 -5.058598518371582031e-01 -5.048611387610435486e-02 5.623467515196939326e-01 3.805770284714956597e-01 -1.412255458834308919e-01 5.587879880915772590e-01 7.307249162291064026e-01 -5.767583157148077344e-01 -7.218638123876951196e-02
1.661967653529327154e+09 -3.216432631015777588e-01 -2.801161706447601318e-01 1.389290332794189453e+00 6.855071187019348145e-01 -5.179014205932617188e-01 -5.104146599769592285e-01 -3.654053062200546265e-02 5.640939857320275141e-01 3.805684994339228466e-01 -1.412223809052616519e-01 5.587754652029419677e-01 7.307085400955030119e-01 -5.767453900966679203e-01 -7.218476348385641228e-02
1.661967653560752153e+09 -3.340292572975158691e-01 -2.869018018245697021e-01 1.400536060333251953e+00 6.894420385360717773e-01 -5.090911388397216797e-01 -5.147681236267089844e-01 -2.257606573402881622e-02 5.744905846744355893e-01 3.865106414595894657e-01 -1.434274069276204600e-01 5.675001052601982288e-01 7.421177185510857699e-01 -5.857506099866426341e-01 -7.331184603889752405e-02
1.661967653592667818e+09 -3.462194502353668213e-01 -2.940832376480102539e-01 1.411820054054260254e+00 6.933800578117370605e-01 -4.998770058155059814e-01 -5.189152359962463379e-01 -8.603551425039768219e-03 5.670264389137351646e-01 3.805684994339228466e-01 -1.412223809052546852e-01 5.587754652029349733e-01 7.307085400955030119e-01 -5.767453900966713620e-01 -7.218476348385641228e-02
1.661967653624581814e+09 -3.581958115100860596e-01 -3.016560971736907959e-01 1.423136711120605469e+00 6.973117589950561523e-01 -4.902594387531280518e-01 -5.228509902954101562e-01 5.366122815757989883e-03 5.682200106908097403e-01 3.805884011162856684e-01 -1.412297660750050088e-01 5.588046861495971074e-01 7.307467522157556905e-01 -5.767755507735858878e-01 -7.218853835812086284e-02
1.661967653656010151e+09 -3.699404597282409668e-01 -3.096152842044830322e-01 1.434480428695678711e+00 7.012275457382202148e-01 -4.802395999431610107e-01 -5.265704989433288574e-01 1.932203210890293121e-02 5.779799385821727808e-01 3.864695919300780158e-01 -1.434121741579574005e-01 5.674398336665652520e-01 7.420389016184525399e-01 -5.856884000902737863e-01 -7.330405992264395210e-02
1.661967653687925339e+09 -3.814357519149780273e-01 -3.179548084735870361e-01 1.445844769477844238e+00 7.051178216934204102e-01 -4.698187708854675293e-01 -5.300691723823547363e-01 3.325313702225685120e-02 5.699149612868642523e-01 3.805741854164934601e-01 -1.412244908749454297e-01 5.587838137329913524e-01 7.307194574363479189e-01 -5.767540071110538458e-01 -7.218584197907491895e-02
1.661967653718842506e+09 -3.926643431186676025e-01 -3.266679048538208008e-01 1.457223534584045410e+00 7.089726924896240234e-01 -4.589990973472595215e-01 -5.333428382873535156e-01 4.714845865964889526e-02 5.888790232329089713e-01 3.928592924536741249e-01 -1.457832813897864122e-01 5.768216082692687596e-01 7.543074124074186093e-01 -5.953718876268537796e-01 -7.451603364541570240e-02
1.661967653749273777e+09 -4.036091864109039307e-01 -3.357468545436859131e-01 1.468609809875488281e+00 7.127823829650878906e-01 -4.477826952934265137e-01 -5.363873243331909180e-01 6.099693849682807922e-02 5.986322480040914273e-01 3.991320892541613818e-01 -1.481110076740621562e-01 5.860317372093469812e-01 7.663514628194143530e-01 -6.048782094666156350e-01 -7.570583352138848809e-02
1.661967653781187296e+09 -4.142536818981170654e-01 -3.451832830905914307e-01 1.479996681213378906e+00 7.165369987487792969e-01 -4.361722171306610107e-01 -5.391988158226013184e-01 7.478749006986618042e-02 5.709556793075926118e-01 3.805940876935687833e-01 -1.412318762653762827e-01 5.588130355528491133e-01 7.307576706984753034e-01 -5.767841686892594133e-01 -7.218961696614191459e-02
1.661967653811107159e+09 -4.245815873146057129e-01 -3.549678623676300049e-01 1.491376638412475586e+00 7.202267050743103027e-01 -4.241708219051361084e-01 -5.417737364768981934e-01 8.850909024477005005e-02 6.089037381483104472e-01 4.059542891493779226e-01 -1.506426079343151647e-01 5.960485355671287788e-01 7.794503917457101805e-01 -6.152171427880430699e-01 -7.699984205495864764e-02
1.661967653843021870e+09 -4.345771968364715576e-01 -3.650905191898345947e-01 1.502742290496826172e+00 7.238415479660034180e-01 -4.117819368839263916e-01 -5.441086888313293457e-01 1.021506264805793762e-01 5.705439789284900698e-01 3.805798715689724387e-01 -1.412266009076792450e-01 5.587921625125182867e-01 7.307303751034245343e-01 -5.767626243829365729e-01 -7.218692050652161796e-02
1.661967653873939037e+09 -4.442252814769744873e-01 -3.755403161048889160e-01 1.514085888862609863e+00 7.273715138435363770e-01 -3.990095555782318115e-01 -5.462008118629455566e-01 1.157011240720748901e-01 5.884217534593861876e-01 3.928592924536741249e-01 -1.457832813897864122e-01 5.768216082692759761e-01 7.543074124074186093e-01 -5.953718876268537796e-01 -7.451603364541570240e-02
1.661967653903859138e+09 -4.442252814769744873e-01 -3.755403161048889160e-01 1.514085888862609863e+00 7.273715138435363770e-01 -3.990095555782318115e-01 -5.462008118629455566e-01 1.157011240720748901e-01 0.000000000000000000e+00 0.000000000000000000e+00 0.000000000000000000e+00 0.000000000000000000e+00 -3.710625904885805340e-15 0.000000000000000000e+00 -1.855312952442902670e-15
1.661967653934776545e+09 -4.418050348758697510e-01 -3.591500520706176758e-01 1.511047959327697754e+00 7.239450812339782715e-01 -4.111212193965911865e-01 -5.442230701446533203e-01 1.034608036279678345e-01 5.448131253804805452e-01 -2.056542206631158110e-01 -3.935129237983668316e-01 1.829748742426789143e-01 -8.647879665823472450e-01 5.213941458419746322e-01 3.493462066256831644e-01
1.661967653966691732e+09 -4.390734136104583740e-01 -3.428289294242858887e-01 1.508000731468200684e+00 7.203431725502014160e-01 -4.228713214397430420e-01 -5.422013401985168457e-01 9.112256765365600586e-02 5.272210918356985410e-01 -1.992247416961545337e-01 -3.812103167396335146e-01 1.772544319311520344e-01 -8.377516333425466533e-01 5.050935190744927361e-01 3.384244074987612372e-01
1.661967653998606682e+09 -4.360379576683044434e-01 -3.265848159790039062e-01 1.504948377609252930e+00 7.165763974189758301e-01 -4.342546164989471436e-01 -5.401375889778137207e-01 7.869308441877365112e-02 5.265502022997876619e-01 -1.992262299917890167e-01 -3.812131645468051500e-01 1.772557560989972691e-01 -8.377578917122914248e-01 5.050972923431750194e-01 3.384269356765521319e-01
1.661967654029524326e+09 -4.327065050601959229e-01 -3.104252815246582031e-01 1.501894950866699219e+00 7.126548290252685547e-01 -4.452666640281677246e-01 -5.380342602729797363e-01 6.617923080921173096e-02 5.427168799842185809e-01 -2.056526347794586373e-01 -3.935098892595640940e-01 1.829734632487227952e-01 -8.647812978492880331e-01 5.213901251588530794e-01 3.493435126744606767e-01
1.661967654059444427e+09 -4.290871620178222656e-01 -2.943575978279113770e-01 1.498844027519226074e+00 7.085891962051391602e-01 -4.559034109115600586e-01 -5.358934998512268066e-01 5.358786135911941528e-02 5.598400103369366443e-01 -2.125091428509001956e-01 -4.066296031634969443e-01 1.890738423125238876e-01 -8.936133133257290195e-01 5.387733967388859124e-01 3.609907090107809524e-01
1.661967654090361357e+09 -4.251884520053863525e-01 -2.783885598182678223e-01 1.495799303054809570e+00 7.043900489807128906e-01 -4.661605954170227051e-01 -5.337172150611877441e-01 4.092591628432273865e-02 5.407286414709163713e-01 -2.056573925038028550e-01 -3.935189930163862648e-01 1.829776962958771791e-01 -8.648013043570390579e-01 5.214021873942458196e-01 3.493515946527758764e-01
1.661967654121279001e+09 -4.210191071033477783e-01 -2.625246942043304443e-01 1.492763757705688477e+00 7.000678181648254395e-01 -4.760349690914154053e-01 -5.315077304840087891e-01 2.820044010877609253e-02 5.395344136063771057e-01 -2.056526347794604415e-01 -3.935098892595640940e-01 1.829734632487227952e-01 -8.647812978492808167e-01 5.213901251588530794e-01 3.493435126744624530e-01
1.661967654152196646e+09 -4.165881276130676270e-01 -2.467721551656723022e-01 1.489740371704101562e+00 6.956333518028259277e-01 -4.855233728885650635e-01 -5.292670726776123047e-01 1.541849225759506226e-02 5.382305609625742671e-01 -2.056526347794586373e-01 -3.935098892595497166e-01 1.829734632487227952e-01 -8.647812978492880331e-01 5.213901251588530794e-01 3.493435126744624530e-01
1.661967654184111118e+09 -4.119046926498413086e-01 -2.311367392539978027e-01 1.486731886863708496e+00 6.910970807075500488e-01 -4.946231245994567871e-01 -5.269973278045654297e-01 2.587176859378814697e-03 5.200380436722340516e-01 -1.992292066497648173e-01 -3.812188602888174627e-01 1.772584044940412884e-01 -8.377704087323156745e-01 5.051048390496698515e-01 3.384319921454586044e-01
1.661967654216025352e+09 -4.069782197475433350e-01 -2.156238406896591187e-01 1.483740448951721191e+00 6.864697337150573730e-01 -5.033318400382995605e-01 -5.247005224227905273e-01 -1.028627064079046249e-02 5.185455338718053531e-01 -1.992306950121088827e-01 -3.812217082236460941e-01 1.772597287212409611e-01 -8.377766673825992605e-01 5.051086124874779593e-01 3.384345204365741822e-01
1.661967654247940063e+09 -4.018183648586273193e-01 -2.002384960651397705e-01 1.480768322944641113e+00 6.817620396614074707e-01 -5.116475224494934082e-01 -5.223785638809204102e-01 -2.319465018808841705e-02 5.169236354224292507e-01 -1.992277183096548832e-01 -3.812160123965328551e-01 1.772570802866268724e-01 -8.377641501755425102e-01 5.051010656682336508e-01 3.384294638921147569e-01
1.661967654277860165e+09 -3.964348137378692627e-01 -1.849853992462158203e-01 1.477816939353942871e+00 6.769845485687255859e-01 -5.195686817169189453e-01 -5.200334787368774414e-01 -3.613067045807838440e-02 5.495412919315032507e-01 -2.125091428509001956e-01 -4.066296031635118213e-01 1.890738423125238876e-01 -8.936133133257327943e-01 5.387733967388859124e-01 3.609907090107809524e-01
1.661967654309775352e+09 -3.908374905586242676e-01 -1.698688566684722900e-01 1.474887967109680176e+00 6.721478700637817383e-01 -5.270941853523254395e-01 -5.176672935485839844e-01 -4.908704757690429688e-02 5.133446401107606416e-01 -1.992247416961562545e-01 -3.812103167396265202e-01 1.772544319311520344e-01 -8.377516333425431005e-01 5.050935190744927361e-01 3.384244074987595163e-01
1.661967654341690063e+09 -3.850363194942474365e-01 -1.548927873373031616e-01 1.471982359886169434e+00 6.672626137733459473e-01 -5.342230200767517090e-01 -5.152818560600280762e-01 -6.205639615654945374e-02 5.113978598602759718e-01 -1.992277183096566318e-01 -3.812160123965397940e-01 1.772570802866268724e-01 -8.377641501755529463e-01 5.051010656682336508e-01 3.384294638921181986e-01
1.661967654373603582e+09 -3.790414333343505859e-01 -1.400607824325561523e-01 1.469100832939147949e+00 6.623392105102539062e-01 -5.409548878669738770e-01 -5.128790736198425293e-01 -7.503131777048110962e-02 5.093502870364213786e-01 -1.992351602325698467e-01 -3.812302522834471463e-01 1.772637015215559608e-01 -8.377954438945055538e-01 5.051199331392124403e-01 3.384421055365784969e-01
1.661967654405518293e+09 -3.728628456592559814e-01 -1.253760457038879395e-01 1.466243982315063477e+00 6.573882102966308594e-01 -5.472896695137023926e-01 -5.104605555534362793e-01 -8.800447732210159302e-02 5.071559478893917783e-01 -1.992277183096583804e-01 -3.812160123965328551e-01 1.772570802866268724e-01 -8.377641501755493936e-01 5.051010656682336508e-01 3.384294638921181986e-01
1.661967654437433243e+09 -3.665107786655426025e-01 -1.108414381742477417e-01 1.463411808013916016e+00 6.524199247360229492e-01 -5.532276630401611328e-01 -5.080282092094421387e-01 -1.009683609008789062e-01 5.048692411051157736e-01 -1.992262299917890167e-01 -3.812131645468121444e-01 1.772557560989972691e-01 -8.377578917122948665e-01 5.050972923431715778e-01 3.384269356765521319e-01
1.661967654469349861e+09 -3.599953055381774902e-01 -9.645947068929672241e-02 1.460604190826416016e+00 6.474446654319763184e-01 -5.587696433067321777e-01 -5.055839419364929199e-01 -1.139155402779579163e-01 5.024554744755216351e-01 -1.992158123892986965e-01 -3.811932307900380845e-01 1.772464873395275531e-01 -8.377140850875453015e-01 5.050708806462317346e-01 3.384092392251972781e-01
1.661967654501262903e+09 -3.533265590667724609e-01 -8.223232626914978027e-02 1.457820415496826172e+00 6.424726843833923340e-01 -5.639165043830871582e-01 -5.031291842460632324e-01 -1.268386393785476685e-01 5.000222486025516222e-01 -1.992381371574087623e-01 -3.812359485360867217e-01 1.772663501540337194e-01 -8.378079620367082647e-01 5.051274805222875086e-01 3.384471624588089034e-01
1.661967654533177614e+09 -3.465146124362945557e-01 -6.816182285547256470e-02 1.455059885978698730e+00 6.375140547752380371e-01 -5.686696767807006836e-01 -5.006657242774963379e-01 -1.397300809621810913e-01 4.974062701998337999e-01 -1.992277183096583804e-01 -3.812160123965397940e-01 1.772570802866268724e-01 -8.377641501755493936e-01 5.051010656682300981e-01 3.384294638921164777e-01
1.661967654565092564e+09 -3.395694792270660400e-01 -5.424947664141654968e-02 1.452321171760559082e+00 6.325787901878356934e-01 -5.730309486389160156e-01 -4.981950223445892334e-01 -1.525824069976806641e-01 4.947174508312112140e-01 -1.992262299917872681e-01 -3.812131645468051500e-01 1.772557560989972691e-01 -8.377578917122914248e-01 5.050972923431750194e-01 3.384269356765521319e-01
1.661967654597007513e+09 -3.325010538101196289e-01 -4.049648344516754150e-02 1.449602842330932617e+00 6.276765465736389160e-01 -5.770025849342346191e-01 -4.957188069820404053e-01 -1.653882265090942383e-01 4.919392334143939949e-01 -1.992262299917872681e-01 -3.812131645468121444e-01 1.772557560989972691e-01 -8.377578917122948665e-01 5.050972923431750194e-01 3.384269356765521319e-01
1.661967654627924442e+09 -3.253191411495208740e-01 -2.690373733639717102e-02 1.446903109550476074e+00 6.228173375129699707e-01 -5.805866122245788574e-01 -4.932382702827453613e-01 -1.781398952007293701e-01 5.048589693134785117e-01 -2.056573925038046591e-01 -3.935189930163934258e-01 1.829776962958771791e-01 -8.648013043570427216e-01 5.214021873942493723e-01 3.493515946527776528e-01
1.661967654658841372e+09 -3.180333971977233887e-01 -1.347183249890804291e-02 1.444219946861267090e+00 6.180104613304138184e-01 -5.837861895561218262e-01 -4.907550811767578125e-01 -1.908301562070846558e-01 5.018101399480427993e-01 -2.056573925038028550e-01 -3.935189930163862648e-01 1.829776962958771791e-01 -8.648013043570390579e-01 5.214021873942529250e-01 3.493515946527758764e-01
1.661967654690756321e+09 -3.106533288955688477e-01 -2.010854368563741446e-04 1.441550612449645996e+00 6.132655739784240723e-01 -5.866043567657470703e-01 -4.882705807685852051e-01 -2.034514546394348145e-01 4.830850651855574940e-01 -1.992262299917890167e-01 -3.812131645468190833e-01 1.772557560989972691e-01 -8.377578917122914248e-01 5.050972923431750194e-01 3.384269356765504111e-01
1.661967654720676184e+09 -3.031882941722869873e-01 1.290845498442649841e-02 1.438892602920532227e+00 6.085917353630065918e-01 -5.890446901321411133e-01 -4.857859909534454346e-01 -2.159963697195053101e-01 5.119792450212057311e-01 -2.125108362452936550e-01 -4.066328434207476805e-01 1.890753489610406401e-01 -8.936204341477175239e-01 5.387776899934600960e-01 3.609935855912207447e-01
1.661967654752590895e+09 -2.956473827362060547e-01 2.585699409246444702e-02 1.436242699623107910e+00 6.039981842041015625e-01 -5.911107659339904785e-01 -4.833026826381683350e-01 -2.284575551748275757e-01 4.767968199164544507e-01 -1.992277183096583804e-01 -3.812160123965397940e-01 1.772570802866268724e-01 -8.377641501755529463e-01 5.051010656682336508e-01 3.384294638921173659e-01
1.661967654784505606e+09 -2.880395054817199707e-01 3.864498063921928406e-02 1.433597683906555176e+00 5.994935631752014160e-01 -5.928069353103637695e-01 -4.808218181133270264e-01 -2.408275753259658813e-01 4.735493217967941537e-01 -1.992277183096583804e-01 -3.812160123965397940e-01 1.772570802866268724e-01 -8.377641501755493936e-01 5.051010656682300981e-01 3.384294638921173659e-01
1.661967654816420078e+09 -2.803733944892883301e-01 5.127308517694473267e-02 1.430953979492187500e+00 5.950868129730224609e-01 -5.941373705863952637e-01 -4.783443808555603027e-01 -2.530990839004516602e-01 4.702437077843277247e-01 -1.992292066497630965e-01 -3.812188602888174627e-01 1.772584044940412884e-01 -8.377704087323191162e-01 5.051048390496698515e-01 3.384319921454586044e-01
1.661967654846340418e+09 -2.726574838161468506e-01 6.374219059944152832e-02 1.428307414054870605e+00 -5.907862782478332520e-01 5.951070189476013184e-01 4.758716523647308350e-01 2.652648389339447021e-01 4.979981702244931641e-01 -2.125074494834904570e-01 -4.066263629578858452e-01 1.890723356880184280e-01 -8.936061926172281789e-01 5.387691035527292227e-01 3.609878324761839896e-01
1.661967654878254890e+09 -2.648998796939849854e-01 7.605337351560592651e-02 1.425654053688049316e+00 -5.866003036499023438e-01 5.957208275794982910e-01 4.734045267105102539e-01 2.773174941539764404e-01 4.634704616381319919e-01 -1.992292066497648173e-01 -3.812188602888174627e-01 1.772584044940412884e-01 -8.377704087323191162e-01 5.051048390496698515e-01 3.384319921454594926e-01
1.661967654908174753e+09 -2.571085393428802490e-01 8.820789307355880737e-02 1.422989368438720703e+00 -5.825369358062744141e-01 5.959840416908264160e-01 4.709440767765045166e-01 2.892498373985290527e-01 4.906843470655021799e-01 -2.125108362452936550e-01 -4.066328434207550635e-01 1.890753489610406401e-01 -8.936204341477156365e-01 5.387776899934600960e-01 3.609935855912179137e-01
1.661967654940090418e+09 -2.492910027503967285e-01 1.002071723341941833e-01 1.420308709144592285e+00 -5.786038637161254883e-01 5.959025025367736816e-01 4.684909284114837646e-01 3.010547459125518799e-01 4.565130733328034429e-01 -1.992217651715985638e-01 -3.812046212529195399e-01 1.772517836548128944e-01 -8.377391168835480739e-01 5.050859727062487758e-01 3.384193512564912520e-01
1.661967654972005606e+09 -2.414545863866806030e-01 1.120527684688568115e-01 1.417607069015502930e+00 -5.748088955879211426e-01 5.954818725585937500e-01 4.660461843013763428e-01 3.127251565456390381e-01 4.530052084455450379e-01 -1.992247416961545337e-01 -3.812103167396265202e-01 1.772544319311520344e-01 -8.377516333425431005e-01 5.050935190744927361e-01 3.384244074987595163e-01
1.661967655002923489e+09 -2.336062490940093994e-01 1.237463802099227905e-01 1.414879560470581055e+00 -5.711592435836791992e-01 5.947284102439880371e-01 4.636104404926300049e-01 3.242539167404174805e-01 4.639678449557275708e-01 -2.056510489202627578e-01 -3.935068547675477091e-01 1.829720522765279911e-01 -8.647746292190643391e-01 5.213861045377412573e-01 3.493408187647862317e-01
1.661967655033839464e+09 -2.257525920867919922e-01 1.352898180484771729e-01 1.412120580673217773e+00 -5.676620602607727051e-01 5.936484336853027344e-01 4.611843824386596680e-01 3.356341123580932617e-01 4.603366027135795124e-01 -2.056637364787096134e-01 -3.935311320141035019e-01 1.829833406634318593e-01 -8.648279811407293405e-01 5.214182712429900057e-01 3.493623712055813901e-01
1.661967655063759565e+09 -2.178999185562133789e-01 1.466849744319915771e-01 1.409324645996093750e+00 -5.643241405487060547e-01 5.922487378120422363e-01 4.587686657905578613e-01 3.468587696552276611e-01 4.718725511554328067e-01 -2.125091428508992797e-01 -4.066296031635043828e-01 1.890738423125238876e-01 -8.936133133257290195e-01 5.387733967388822487e-01 3.609907090107791205e-01
1.661967655095675707e+09 -2.100541591644287109e-01 1.579338163137435913e-01 1.406486153602600098e+00 -5.611520409584045410e-01 5.905361771583557129e-01 4.563637375831604004e-01 3.579210638999938965e-01 4.388166884498325704e-01 -1.992187887359803955e-01 -3.811989259363902649e-01 1.772491354576059275e-01 -8.377266007985560980e-01 5.050784265635019921e-01 3.384142951653066889e-01
1.661967655126592875e+09 -2.022208869457244873e-01 1.690384000539779663e-01 1.403599023818969727e+00 -5.581522583961486816e-01 5.885177850723266602e-01 4.539702832698822021e-01 3.688142299652099609e-01 4.493526814744743247e-01 -2.056558065712294769e-01 -3.935159583839715203e-01 1.829762852583968757e-01 -8.647946354182676210e-01 5.213981665871074700e-01 3.493489006184563594e-01
1.661967655157018661e+09 -1.944053024053573608e-01 1.800007969141006470e-01 1.400657296180725098e+00 -5.553306341171264648e-01 5.862010717391967773e-01 4.515884220600128174e-01 3.795315921306610107e-01 4.529325649143701726e-01 -2.089771764520687580e-01 -3.998712958461060341e-01 1.859313777155340297e-01 -8.787611890647594182e-01 5.298188194988777688e-01 3.549909339544623510e-01
1.661967655187936544e+09 -1.866122484207153320e-01 1.908231228590011597e-01 1.397654771804809570e+00 -5.526928901672363281e-01 5.835934877395629883e-01 4.492186903953552246e-01 3.900665342807769775e-01 4.421397473067939510e-01 -2.056510489202627578e-01 -3.935068547675477091e-01 1.829720522765279911e-01 -8.647746292190661155e-01 5.213861045377412573e-01 3.493408187647880081e-01
1.661967655218853474e+09 -1.788461506366729736e-01 2.015074789524078369e-01 1.394585132598876953e+00 -5.502445101737976074e-01 5.807029008865356445e-01 4.468612074851989746e-01 4.004124999046325684e-01 4.386147233759689623e-01 -2.056573925038037709e-01 -3.935189930163934258e-01 1.829776962958771791e-01 -8.648013043570408342e-01 5.214021873942529250e-01 3.493515946527758764e-01
1.661967655250768185e+09 -1.711111068725585938e-01 2.120559513568878174e-01 1.391441822052001953e+00 -5.479908585548400879e-01 5.775372385978698730e-01 4.445162713527679443e-01 4.105632007122039795e-01 4.215278404733245887e-01 -1.992277183096566318e-01 -3.812160123965328551e-01 1.772570802866268724e-01 -8.377641501755511699e-01 5.051010656682300981e-01 3.384294638921181986e-01
1.661967655282192945e+09 -1.634107977151870728e-01 2.224706560373306274e-01 1.388218402862548828e+00 -5.459365248680114746e-01 5.741046667098999023e-01 4.421839416027069092e-01 4.205122292041778564e-01 4.247393279869505767e-01 -2.023339203590976687e-01 -3.871596329380586621e-01 1.800207334104766410e-01 -8.508259105686375445e-01 5.129762046231155503e-01 3.437059901870107015e-01
1.661967655313110113e+09 -1.557485312223434448e-01 2.327536195516586304e-01 1.384908199310302734e+00 -5.440862178802490234e-01 5.704135298728942871e-01 4.398643672466278076e-01 4.302534162998199463e-01 4.283747859288500326e-01 -2.056558065712285610e-01 -3.935159583839786812e-01 1.829762852583968757e-01 -8.647946354182695083e-01 5.213981665871056936e-01 3.493489006184545276e-01
1.661967655344027758e+09 -1.481272131204605103e-01 2.429068088531494141e-01 1.381504535675048828e+00 -5.424442887306213379e-01 5.664722323417663574e-01 4.375573694705963135e-01 4.397805929183959961e-01 4.251194852929680579e-01 -2.056526347794595255e-01 -3.935098892595568776e-01 1.829734632487227952e-01 -8.647812978492808167e-01 5.213901251588513031e-01 3.493435126744624530e-01
1.661967655375942707e+09 -1.405493617057800293e-01 2.529321312904357910e-01 1.378000736236572266e+00 -5.410145521163940430e-01 5.622895956039428711e-01 4.352628886699676514e-01 4.490877985954284668e-01 4.087852599130266662e-01 -1.992262299917881563e-01 -3.812131645468051500e-01 1.772557560989972691e-01 -8.377578917122948665e-01 5.050972923431732431e-01 3.384269356765521319e-01
1.661967655407856464e+09 -1.330171525478363037e-01 2.628314197063446045e-01 1.374390006065368652e+00 -5.398007631301879883e-01 5.578742623329162598e-01 4.329808652400970459e-01 4.581692218780517578e-01 4.058596945647423015e-01 -1.992336718035108978e-01 -3.812274042209599645e-01 1.772623772349978533e-01 -8.377891849636869281e-01 5.051161595322566367e-01 3.384395771321324076e-01
1.661967655439771175e+09 -1.255323290824890137e-01 2.726063728332519531e-01 1.370665550231933594e+00 -5.388061404228210449e-01 5.532352328300476074e-01 4.307109415531158447e-01 4.670190215110778809e-01 4.030272524820027735e-01 -1.992277183096574922e-01 -3.812160123965397940e-01 1.772570802866268724e-01 -8.377641501755511699e-01 5.051010656682318745e-01 3.384294638921181986e-01
1.661967655470689297e+09 -1.255323290824890137e-01 2.726063728332519531e-01 1.370665550231933594e+00 -5.388061404228210449e-01 5.532352328300476074e-01 4.307109415531158447e-01 4.670190215110778809e-01 0.000000000000000000e+00 0.000000000000000000e+00 0.000000000000000000e+00 0.000000000000000000e+00 0.000000000000000000e+00 0.000000000000000000e+00 0.000000000000000000e+00
1.661967655501605749e+09 -1.312617659568786621e-01 2.861464023590087891e-01 1.372163176536560059e+00 -5.366054773330688477e-01 5.509024858474731445e-01 4.336807429790496826e-01 4.695549905300140381e-01 4.780115432378519991e-01 1.148100394242928396e-01 -6.914477857032311769e-01 8.395653809328941231e-01 -4.295452470833609482e-01 1.168074076657480143e-01 4.083931407532077063e-01
1.661967655533520460e+09 -1.370965838432312012e-01 2.995496690273284912e-01 1.373364567756652832e+00 -5.344064831733703613e-01 5.485361814498901367e-01 4.366812705993652344e-01 4.720458686351776123e-01 4.595847682876427198e-01 1.112189021534911587e-01 -6.698200262624763868e-01 8.133046589101318169e-01 -4.161095235697046535e-01 1.131537948172775671e-01 3.956190328768168785e-01
1.661967655564439297e+09 -1.430346071720123291e-01 3.128092288970947266e-01 1.374270558357238770e+00 -5.322095751762390137e-01 5.461366772651672363e-01 4.397112429141998291e-01 4.744910001754760742e-01 4.708028950220104480e-01 1.148011862947828643e-01 -6.913944673973779764e-01 8.395006411149587011e-01 -4.295121243728201588e-01 1.167984005169588474e-01 4.083616491050539032e-01
1.661967655595356226e+09 -1.490736305713653564e-01 3.259182572364807129e-01 1.374882698059082031e+00 -5.300153493881225586e-01 5.437042713165283203e-01 4.427699148654937744e-01 4.768902063369750977e-01 4.672568279869211971e-01 1.148082686891561677e-01 -6.914371213841847830e-01 8.395524321705123416e-01 -4.295386221325654952e-01 1.168056061248547578e-01 4.083868420350142414e-01
1.661967655627270937e+09 -1.552112996578216553e-01 3.388698995113372803e-01 1.375202178955078125e+00 -5.278242826461791992e-01 5.412392616271972656e-01 4.458562135696411133e-01 4.792429506778717041e-01 4.491941677521725240e-01 1.112189021534911587e-01 -6.698200262624763868e-01 8.133046589101318169e-01 -4.161095235697064298e-01 1.131537948172758185e-01 3.956190328768185993e-01
1.661967655658186913e+09 -1.614451855421066284e-01 3.516574800014495850e-01 1.375230789184570312e+00 -5.256370306015014648e-01 5.387420058250427246e-01 4.489690959453582764e-01 4.815489947795867920e-01 4.601564622449088593e-01 1.148118102140519153e-01 -6.914584503512357649e-01 8.395783300947102790e-01 -4.295518722385146537e-01 1.168092092622157185e-01 4.083994396656960291e-01
1.661967655689104557e+09 -1.677728146314620972e-01 3.642742931842803955e-01 1.374969959259033203e+00 -5.234541296958923340e-01 5.362128019332885742e-01 4.521078467369079590e-01 4.838080406188964844e-01 4.566014977648986117e-01 1.148056126888626211e-01 -6.914211255224100849e-01 8.395330097758384458e-01 -4.295286850895327913e-01 1.168029039177080203e-01 4.083773943220202485e-01
1.661967655721020222e+09 -1.741915494203567505e-01 3.767138421535491943e-01 1.374421596527099609e+00 -5.212759375572204590e-01 5.336520671844482422e-01 4.552711844444274902e-01 4.860195815563201904e-01 4.389281711413902665e-01 1.112155788133204343e-01 -6.698000113211480810e-01 8.132803564939843355e-01 -4.160970897705165705e-01 1.131504136604372657e-01 3.956072113554837122e-01
1.661967655752934456e+09 -1.806987226009368896e-01 3.889696300029754639e-01 1.373587727546691895e+00 -5.191031694412231445e-01 5.310600399971008301e-01 4.584583044052124023e-01 4.881834983825683594e-01 4.355794993963928996e-01 1.112205638980577199e-01 -6.698300341817081671e-01 8.133168106628719807e-01 -4.161157407479600390e-01 1.131554854714738184e-01 3.956249439024259740e-01
1.661967655784849167e+09 -1.872915625572204590e-01 4.010352790355682373e-01 1.372470498085021973e+00 -5.169362425804138184e-01 5.284371972084045410e-01 4.616680741310119629e-01 4.902994930744171143e-01 4.322362690152780629e-01 1.112189021534920330e-01 -6.698200262624695034e-01 8.133046589101388113e-01 -4.161095235697064298e-01 1.131537948172775671e-01 3.956190328768151021e-01
1.661967655815766335e+09 -1.939672231674194336e-01 4.129045009613037109e-01 1.371071934700012207e+00 -5.147757530212402344e-01 5.257838368415832520e-01 4.648997485637664795e-01 4.923672676086425781e-01 4.427756847308423338e-01 1.148073833420695383e-01 -6.914317893480296240e-01 8.395459579390999183e-01 -4.295353097338014403e-01 1.168047053752470921e-01 4.083836927487775048e-01
1.661967655845685959e+09 -2.007227689027786255e-01 4.245710968971252441e-01 1.369394540786743164e+00 -5.126221776008605957e-01 5.231003761291503906e-01 4.681521058082580566e-01 4.943866133689880371e-01 4.540600093025090600e-01 1.186351499877787152e-01 -7.144846581096412352e-01 8.675370672370407155e-01 -4.438563480145382711e-01 1.206990642769321942e-01 4.219995198171272999e-01
1.661967655876603365e+09 -2.075551897287368774e-01 4.360289871692657471e-01 1.367440700531005859e+00 -5.104758739471435547e-01 5.203872919082641602e-01 4.714242219924926758e-01 4.963573515415191650e-01 4.360871033570442035e-01 1.148064980086393599e-01 -6.914264573940958059e-01 8.395394838075462829e-01 -4.295319973861278506e-01 1.168038046395316193e-01 4.083805435111120263e-01
1.661967655908517838e+09 -2.144613862037658691e-01 4.472721815109252930e-01 1.365213036537170410e+00 -5.083376765251159668e-01 5.176447033882141113e-01 4.747152328491210938e-01 4.982792437076568604e-01 4.192959424399376189e-01 1.112197330195678069e-01 -6.698250301847099575e-01 8.133107347411135946e-01 -4.161126321356086177e-01 1.131546401380614936e-01 3.956219883675429760e-01
1.661967655940432787e+09 -2.214382141828536987e-01 4.582948088645935059e-01 1.362714290618896484e+00 -5.062077641487121582e-01 5.148732066154479980e-01 4.780239164829254150e-01 5.001522302627563477e-01 4.161764490829137353e-01 1.112180712998283721e-01 -6.698150224149989063e-01 8.132985831699388601e-01 -4.161064150502419290e-01 1.131529495091217058e-01 3.956160774302483474e-01
1.661967655971351147e+09 -2.284824401140213013e-01 4.690911173820495605e-01 1.359947443008422852e+00 -5.040869116783142090e-01 5.120734572410583496e-01 4.813496768474578857e-01 5.019758939743041992e-01 4.264365941137899241e-01 1.148029568114552340e-01 -6.914051304007148291e-01 8.395135882797843951e-01 -4.295187485062609833e-01 1.168002018355871335e-01 4.083679470461435423e-01
1.661967656002270222e+09 -2.355907559394836426e-01 4.796554148197174072e-01 1.356915235519409180e+00 -5.019753575325012207e-01 5.092455148696899414e-01 4.846911728382110596e-01 5.037503838539123535e-01 4.233369530298480843e-01 1.148003010569254995e-01 -6.913891360190547175e-01 8.394941676822947896e-01 -4.295088123827182636e-01 1.167974998784779977e-01 4.083585002073538139e-01
1.661967656034185171e+09 -2.427597790956497192e-01 4.899821877479553223e-01 1.353621006011962891e+00 -4.998735189437866211e-01 5.063897967338562012e-01 4.880474209785461426e-01 5.054755806922912598e-01 4.071989268326832723e-01 1.112180712998283721e-01 -6.698150224150023480e-01 8.132985831699388601e-01 -4.161064150502453707e-01 1.131529495091234544e-01 3.956160774302518446e-01
1.661967656066098690e+09 -2.499860674142837524e-01 5.000660419464111328e-01 1.350067853927612305e+00 -4.977822601795196533e-01 5.035070776939392090e-01 4.914176762104034424e-01 5.071511864662170410e-01 4.043610008572253722e-01 1.112230566080185806e-01 -6.698450466213038412e-01 8.133350389728490892e-01 -4.161250668636990446e-01 1.131580215474994738e-01 3.956338107720329678e-01
