1.661967656199740171e+09 1.378528122206244648e-16 -2.367949187755584717e-01 1.128897309303283691e+00 -6.125128269195556641e-01 6.125135421752929688e-01 3.533097505569458008e-01 3.533093035221099854e-01 0.000000000000000000e+00 0.000000000000000000e+00 0.000000000000000000e+00 0.000000000000000000e+00 0.000000000000000000e+00 0.000000000000000000e+00 0.000000000000000000e+00
1.661967659380768776e+09 1.378528122206244648e-16 -2.367949187755584717e-01 1.128897309303283691e+00 -6.125128269195556641e-01 6.125135421752929688e-01 3.533097505569458008e-01 3.533093035221099854e-01 0.000000000000000000e+00 0.000000000000000000e+00 0.000000000000000000e+00 0.000000000000000000e+00 0.000000000000000000e+00 0.000000000000000000e+00 0.000000000000000000e+00
1.661967659414677143e+09 -2.171127870678901672e-02 -2.401250302791595459e-01 1.141000986099243164e+00 6.096547245979309082e-01 -6.044125556945800781e-01 -3.726137876510620117e-01 -3.523712456226348877e-01 7.396180258256874751e-01 8.099604640773312436e-01 3.246832433560454811e-01 1.390686966275956060e-01 2.531343948237589903e-01 4.375418718022407449e-01 4.082256103015856064e-01
1.661967659445594549e+09 -4.317858442664146423e-02 -2.443554103374481201e-01 1.153135061264038086e+00 6.065626740455627441e-01 -5.962258577346801758e-01 -3.919304907321929932e-01 -3.506947755813598633e-01 8.092378290004796915e-01 8.883163330583389028e-01 3.560932180462639263e-01 1.525222527647146498e-01 2.776227079638228235e-01 4.798698311301058950e-01 4.477175038619964353e-01
1.661967659476511717e+09 -6.436035782098770142e-02 -2.494753003120422363e-01 1.165291547775268555e+00 6.032359600067138672e-01 -5.879590511322021484e-01 -4.112328588962554932e-01 -3.482786118984222412e-01 8.070977152958749290e-01 8.883231833338953720e-01 3.560959640687829664e-01 1.525234289442140567e-01 2.776248488588840546e-01 4.798735316593549238e-01 4.477209564477012682e-01
1.661967659508426428e+09 -8.521545678377151489e-02 -2.554719150066375732e-01 1.177462697029113770e+00 5.996741056442260742e-01 -5.796174407005310059e-01 -4.304939210414886475e-01 -3.451225459575653076e-01 7.795885080747981810e-01 8.605572771702242330e-01 3.449656375062266633e-01 1.477560747928564622e-01 2.689472575872162152e-01 4.648743470152304491e-01 4.337267499500399026e-01
1.661967659540341854e+09 -1.057032346725463867e-01 -2.623303532600402832e-01 1.189640522003173828e+00 5.958766937255859375e-01 -5.712066292762756348e-01 -4.496864676475524902e-01 -3.412272632122039795e-01 7.770831600656504801e-01 8.605379912448265500e-01 3.449579064908552817e-01 1.477527634355266239e-01 2.689412302176452663e-01 4.648639287290626254e-01 4.337170297118106976e-01
1.661967659572257042e+09 -1.257836818695068359e-01 -2.700336575508117676e-01 1.201816916465759277e+00 5.918434858322143555e-01 -5.627321004867553711e-01 -4.687836170196533203e-01 -3.365945518016815186e-01 7.743953155532555810e-01 8.605444197905769421e-01 3.449604834574673817e-01 1.477538672048072099e-01 2.689432393108174835e-01 4.648674014392322751e-01 4.337202697428105824e-01
1.661967659604171276e+09 -1.454175114631652832e-01 -2.785629034042358398e-01 1.213983774185180664e+00 5.875745415687561035e-01 -5.541992783546447754e-01 -4.877581894397735596e-01 -3.312268853187561035e-01 7.715210817850274294e-01 8.605701349340844075e-01 3.449707917090013565e-01 1.477582824468459399e-01 2.689512759836899525e-01 4.648812927987773791e-01 4.337332303509117692e-01
1.661967659636085987e+09 -1.645662933588027954e-01 -2.878971099853515625e-01 1.226132988929748535e+00 5.830698609352111816e-01 -5.456138849258422852e-01 -5.065833926200866699e-01 -3.251282572746276855e-01 7.684103529569360491e-01 8.605572771702242330e-01 3.449656375062405966e-01 1.477560747928425289e-01 2.689472575872153826e-01 4.648743470152286728e-01 4.337267499500381818e-01
1.661967659668000460e+09 -1.831925064325332642e-01 -2.980133593082427979e-01 1.238256335258483887e+00 5.783295631408691406e-01 -5.369815230369567871e-01 -5.252323150634765625e-01 -3.183031380176544189e-01 7.651145591548882408e-01 8.605637060041253505e-01 3.449682145883616324e-01 1.477571786115980390e-01 2.689492667704415085e-01 4.648778198810577522e-01 4.337299901262697821e-01
1.661967659699427128e+09 -2.012597173452377319e-01 -3.088868260383605957e-01 1.250345468521118164e+00 5.733541846275329590e-01 -5.283076167106628418e-01 -5.436782240867614746e-01 -3.107571303844451904e-01 7.734338966205241972e-01 8.739213667999834456e-01 3.503228075878972447e-01 1.500506639843558754e-01 2.731238944612796038e-01 4.720936485131095872e-01 4.404623424723821956e-01
1.661967659731341839e+09 -2.187326550483703613e-01 -3.204908072948455811e-01 1.262392044067382812e+00 5.681440830230712891e-01 -5.195980668067932129e-01 -5.618948340415954590e-01 -3.024970591068267822e-01 7.579057367064715445e-01 8.605572771702206802e-01 3.449656375062405966e-01 1.477560747928564622e-01 2.689472575872153826e-01 4.648743470152286728e-01 4.337267499500381818e-01
1.661967659763257265e+09 -2.355772703886032104e-01 -3.327967524528503418e-01 1.274387955665588379e+00 -5.626999735832214355e-01 5.108581781387329102e-01 5.798556208610534668e-01 2.935304045677185059e-01 7.539948012889914342e-01 8.605379912448299917e-01 3.449579064908414039e-01 1.477527634355266239e-01 2.689412302176461544e-01 4.648639287290644018e-01 4.337170297118124185e-01
1.661967659793688536e+09 -2.517608702182769775e-01 -3.457744419574737549e-01 1.286324739456176758e+00 -5.570225715637207031e-01 5.020938515663146973e-01 5.975348353385925293e-01 2.838658094406127930e-01 7.864797330068339365e-01 9.025070678168430893e-01 3.617817596372828182e-01 1.549587753785698907e-01 2.820576936384513456e-01 4.875356875809595536e-01 4.548697311796809362e-01
1.661967659825602770e+09 -2.672522664070129395e-01 -3.593919277191162109e-01 1.298194050788879395e+00 -5.511128306388854980e-01 4.933105707168579102e-01 6.149066090583801270e-01 2.735126912593841553e-01 7.456564635871912872e-01 8.605701349340809658e-01 3.449707917090152343e-01 1.477582824468459399e-01 2.689512759836890643e-01 4.648812927987756582e-01 4.337332303509099929e-01
1.661967659856518984e+09 -2.820217311382293701e-01 -3.736155927181243896e-01 1.309987545013427734e+00 -5.449718832969665527e-01 4.845139980316162109e-01 6.319456100463867188e-01 2.624815404415130615e-01 7.651169189961541939e-01 8.883505854926772027e-01 3.561069485824503444e-01 1.525281338436200729e-01 2.776334127693315668e-01 4.798883343471123109e-01 4.477347673230330782e-01
1.661967659886942625e+09 -2.960412204265594482e-01 -3.884103298187255859e-01 1.321696877479553223e+00 -5.386008620262145996e-01 4.757097065448760986e-01 6.486269235610961914e-01 2.507837414741516113e-01 7.726275616290344539e-01 9.027333912355705037e-01 3.618724843391650792e-01 1.549976346862208809e-01 2.821284257842471832e-01 4.876579478351998342e-01 4.549837997297314640e-01
1.661967659918857574e+09 -3.092843890190124512e-01 -4.037396311759948730e-01 1.333313703536987305e+00 -5.320011973381042480e-01 4.669034183025360107e-01 6.649258136749267578e-01 2.384316325187683105e-01 7.316972285675970022e-01 8.605508484323755036e-01 3.449630604626094388e-01 1.477549709905929542e-01 2.689452484340073002e-01 4.648708742012855333e-01 4.337235098222194107e-01
1.661967659950772285e+09 -3.217266798019409180e-01 -4.195654988288879395e-01 1.344829678535461426e+00 -5.251743793487548828e-01 4.581006169319152832e-01 6.808181405067443848e-01 2.254383713006973267e-01 7.266986484452794270e-01 8.605572771702242330e-01 3.449656375062266633e-01 1.477560747928425289e-01 2.689472575872153826e-01 4.648743470152304491e-01 4.337267499500381818e-01
1.661967659980692387e+09 -3.333454132080078125e-01 -4.358487427234649658e-01 1.356236696243286133e+00 -5.181218981742858887e-01 4.493068456649780273e-01 6.962803006172180176e-01 2.118180394172668457e-01 7.696282266140231920e-01 9.179259336861202989e-01 3.679626136435487083e-01 1.576061658068903804e-01 2.868765032640984147e-01 4.958649823215334207e-01 4.626409449719695588e-01
1.661967660011117935e+09 -3.441198170185089111e-01 -4.525489211082458496e-01 1.367526412010192871e+00 -5.108457207679748535e-01 4.405277371406555176e-01 7.112888693809509277e-01 1.975856125354766846e-01 7.512429036065200183e-01 9.026767997398927879e-01 3.618497988981252966e-01 1.549879180322684125e-01 2.821107394222001630e-01 4.876273770233566229e-01 4.549552772290823000e-01
1.661967660042033911e+09 -3.540311753749847412e-01 -4.696246087551116943e-01 1.378690481185913086e+00 -5.033476948738098145e-01 4.317688047885894775e-01 7.258213758468627930e-01 1.827569305896759033e-01 7.336499165180675464e-01 8.883574362965213078e-01 3.561096948167554732e-01 1.525293101138257834e-01 2.776355538294965619e-01 4.798920351617440572e-01 4.477382201749975921e-01
1.661967660072951317e+09 -3.630627989768981934e-01 -4.870332479476928711e-01 1.389721035957336426e+00 -4.956299066543579102e-01 4.230355322360992432e-01 7.398556470870971680e-01 1.673486083745956421e-01 7.277842691622674609e-01 8.883163330583389028e-01 3.560932180462495489e-01 1.525222527647218385e-01 2.776227079638228235e-01 4.798698311301041186e-01 4.477175038619964353e-01
1.661967660104866266e+09 -3.712001144886016846e-01 -5.047315359115600586e-01 1.400609850883483887e+00 -4.876945316791534424e-01 4.143334925174713135e-01 7.533701658248901367e-01 1.513781249523162842e-01 6.992388744131817768e-01 8.605508484323755036e-01 3.449630604626094388e-01 1.477549709905790487e-01 2.689452484340073002e-01 4.648708742012881423e-01 4.337235098222211316e-01
1.661967660135783672e+09 -3.784307539463043213e-01 -5.226752758026123047e-01 1.411348938941955566e+00 -4.795438051223754883e-01 4.056678712368011475e-01 7.663439512252807617e-01 1.348636746406555176e-01 7.156691794591837352e-01 8.883163330583389028e-01 3.560932180462495489e-01 1.525222527647146498e-01 2.776227079638228235e-01 4.798698311301050068e-01 4.477175038619982117e-01
1.661967660165703773e+09 -3.847445547580718994e-01 -5.408197641372680664e-01 1.421930432319641113e+00 -4.711803793907165527e-01 3.970443308353424072e-01 7.787569165229797363e-01 1.178242787718772888e-01 7.330508490351329565e-01 9.179259336861221863e-01 3.679626136435487083e-01 1.576061658068978188e-01 2.868765032640974710e-01 4.958649823215324770e-01 4.626409449719676714e-01
1.661967660196620941e+09 -3.901335895061492920e-01 -5.591195821762084961e-01 1.432346463203430176e+00 -4.626066684722900391e-01 3.884680569171905518e-01 7.905893921852111816e-01 1.002796888351440430e-01 7.030138079332834966e-01 8.883231833338953720e-01 3.560959640687973438e-01 1.525234289442140567e-01 2.776248488588849428e-01 4.798735316593558675e-01 4.477209564477012682e-01
1.661967660228536129e+09 -3.945921957492828369e-01 -5.775290131568908691e-01 1.442589163780212402e+00 -4.538255929946899414e-01 3.799444437026977539e-01 8.018225431442260742e-01 8.225040882825851440e-02 6.747156509569790517e-01 8.605444197905803838e-01 3.449604834574673817e-01 1.477538672048072099e-01 2.689432393108174835e-01 4.648674014392327192e-01 4.337202697428105824e-01
1.661967660260450602e+09 -3.981170654296875000e-01 -5.960019826889038086e-01 1.452651143074035645e+00 -4.448397755622863770e-01 3.714786469936370850e-01 8.124384284019470215e-01 6.375757604837417603e-02 6.683119714058551875e-01 8.605637060041217978e-01 3.449682145883616324e-01 1.477571786115980390e-01 2.689492667704423967e-01 4.648778198810581963e-01 4.337299901262680057e-01
1.661967660292365313e+09 -4.007071554660797119e-01 -6.144922375679016113e-01 1.462524533271789551e+00 -4.356523752212524414e-01 3.630759418010711670e-01 8.224194049835205078e-01 4.482299089431762695e-02 6.617842049507411950e-01 8.605572771702276746e-01 3.449656375062405966e-01 1.477560747928494955e-01 2.689472575872153826e-01 4.648743470152286728e-01 4.337267499500399026e-01
1.661967660324279785e+09 -4.023638367652893066e-01 -6.329534053802490234e-01 1.472202181816101074e+00 -4.262664914131164551e-01 3.547415137290954590e-01 8.317491412162780762e-01 2.546914108097553253e-02 6.551797208642095027e-01 8.605637060041253505e-01 3.449682145883616324e-01 1.477571786115980390e-01 2.689492667704432849e-01 4.648778198810586404e-01 4.337299901262680057e-01
1.661967660355197430e+09 -4.030907750129699707e-01 -6.513392925262451172e-01 1.481676697731018066e+00 -4.166854321956634521e-01 3.464804291725158691e-01 8.404117226600646973e-01 5.719083361327648163e-03 6.694000737697767267e-01 8.883094828884329219e-01 3.560904720660674760e-01 1.525210766033552601e-01 2.776205671017801802e-01 4.798661306579258823e-01 4.477140513295401747e-01
1.661967660385117292e+09 -4.028939604759216309e-01 -6.696037650108337402e-01 1.490940809249877930e+00 -4.069124162197113037e-01 3.382976651191711426e-01 8.483923077583312988e-01 -1.440353225916624069e-02 6.845139294557163190e-01 9.179332482449715780e-01 3.679655457801260798e-01 1.576074217029701519e-01 2.868787892601551426e-01 4.958689336573240958e-01 4.626446315596275949e-01
1.661967660416034698e+09 -4.017817676067352295e-01 -6.877010464668273926e-01 1.499987721443176270e+00 -3.969510793685913086e-01 3.301982581615447998e-01 8.556767702102661133e-01 -3.487452492117881775e-02 6.553961383386612827e-01 8.883163330583389028e-01 3.560932180462495489e-01 1.525222527647146498e-01 2.776227079638228235e-01 4.798698311301045627e-01 4.477175038619964353e-01
1.661967660446951866e+09 -4.017817676067352295e-01 -6.877010464668273926e-01 1.499987721443176270e+00 -3.969510793685913086e-01 3.301982581615447998e-01 8.556767702102661133e-01 -3.487452492117881775e-02 0.000000000000000000e+00 0.000000000000000000e+00 0.000000000000000000e+00 0.000000000000000000e+00 0.000000000000000000e+00 0.000000000000000000e+00 0.000000000000000000e+00
1.661967660476871967e+09 -4.074301421642303467e-01 -6.730749011039733887e-01 1.504969477653503418e+00 -4.020426273345947266e-01 3.338198661804199219e-01 8.523238301277160645e-01 -2.168229967355728149e-02 5.498419558811696861e-01 -5.324350542443239132e-01 -7.649088227522178318e-01 5.209846997012477221e-01 -5.141745585334892565e-01 -2.469918739363725635e-01 -6.886944577616208214e-03
1.661967660507789373e+09 -4.128409922122955322e-01 -6.580256223678588867e-01 1.509675860404968262e+00 -4.070646166801452637e-01 3.375141322612762451e-01 8.487104177474975586e-01 -8.552024140954017639e-03 5.391971321941764206e-01 -5.152602597016987529e-01 -7.402351057046879790e-01 5.041792600407739577e-01 -4.975887940698943690e-01 -2.390246398958268403e-01 -6.664791927815791849e-03
1.661967660539704800e+09 -4.179945886135101318e-01 -6.425592303276062012e-01 1.514102220535278320e+00 -4.120151698589324951e-01 3.412794768810272217e-01 8.448381423950195312e-01 4.511789884418249130e-03 5.292940871866480546e-01 -4.991476711065650496e-01 -7.170873789058118675e-01 4.884131829131901914e-01 -4.820288059329440600e-01 -2.315501537226204443e-01 -6.456378706762648002e-03
1.661967660571619272e+09 -4.228713214397430420e-01 -6.266824603080749512e-01 1.518244266510009766e+00 -4.168921113014221191e-01 3.451138436794281006e-01 8.407086133956909180e-01 1.750472374260425568e-02 5.363573201730201800e-01 -4.991625867318386089e-01 -7.171088070467195319e-01 4.884277777684537525e-01 -4.820432100090520366e-01 -2.315570729481835899e-01 -6.456571637494441275e-03
1.661967660602537394e+09 -4.274518489837646484e-01 -6.104028820991516113e-01 1.522097706794738770e+00 -4.216936230659484863e-01 3.490154147148132324e-01 8.363236188888549805e-01 3.042238205671310425e-02 5.610033418068153255e-01 -5.152483397388740727e-01 -7.402179812034764828e-01 5.041675964243397257e-01 -4.975772829164226696e-01 -2.390191103313628884e-01 -6.664637745399200862e-03
1.661967660633453608e+09 -4.317170679569244385e-01 -5.937288403511047363e-01 1.525658488273620605e+00 -4.264177680015563965e-01 3.529821932315826416e-01 8.316850066184997559e-01 4.326038807630538940e-02 5.684850950157379623e-01 -5.152801275320521013e-01 -7.402636483008423474e-01 5.041987006008110672e-01 -4.976079805092944452e-01 -2.390338564051676939e-01 -6.665048914363689604e-03
1.661967660665368557e+09 -4.356480538845062256e-01 -5.766693949699401855e-01 1.528922796249389648e+00 -4.310628175735473633e-01 3.570123016834259033e-01 8.267947435379028320e-01 5.601444467902183533e-02 5.579902116357579045e-01 -4.991551288077791249e-01 -7.170980928161811985e-01 4.884204802317885785e-01 -4.820360078633933454e-01 -2.315536132837132388e-01 -6.456475170687267853e-03
1.661967660695288420e+09 -4.392262399196624756e-01 -5.592346191406250000e-01 1.531886577606201172e+00 -4.356268346309661865e-01 3.611035048961639404e-01 8.216547369956970215e-01 6.868023425340652466e-02 6.030525222310727518e-01 -5.324392969913636087e-01 -7.649149179832236412e-01 5.209888512053058029e-01 -5.141786557704548510e-01 -2.469938421088916369e-01 -6.886999456729605944e-03
1.661967660727203369e+09 -4.424333870410919189e-01 -5.414351224899291992e-01 1.534546375274658203e+00 -4.401082098484039307e-01 3.652538955211639404e-01 8.162671923637390137e-01 8.125355094671249390e-02 5.727928981169038147e-01 -4.991551288077721305e-01 -7.170980928161811985e-01 4.884204802317955174e-01 -4.820360078633933454e-01 -2.315536132837132388e-01 -6.456475170687267853e-03
1.661967660758120775e+09 -4.452516138553619385e-01 -5.232824087142944336e-01 1.536898851394653320e+00 -4.445053040981292725e-01 3.694614171981811523e-01 8.106343746185302734e-01 9.373023360967636108e-02 5.990215787827908311e-01 -5.152602597016987529e-01 -7.402351057046879790e-01 5.041792600407811742e-01 -4.975887940698943690e-01 -2.390246398958268403e-01 -6.664791927815791849e-03
1.661967660789037943e+09 -4.476633667945861816e-01 -5.047886371612548828e-01 1.538940548896789551e+00 -4.488162696361541748e-01 3.737237453460693359e-01 8.047583699226379395e-01 1.061061099171638489e-01 6.068404332494394815e-01 -5.152642331452017554e-01 -7.402408140478332621e-01 5.041831480328468063e-01 -4.975926312394061135e-01 -2.390264831408348833e-01 -6.664843323539964073e-03
1.661967660820953131e+09 -4.496516287326812744e-01 -4.859667718410491943e-01 1.540668368339538574e+00 -4.530397355556488037e-01 3.780388832092285156e-01 7.986416220664978027e-01 1.183771044015884399e-01 5.954936889839953507e-01 -4.991513999293091808e-01 -7.170927358209709945e-01 4.884168315452290243e-01 -4.820324068712681376e-01 -2.315518834902447198e-01 -6.456426938364646755e-03
1.661967660850872517e+09 -4.511997103691101074e-01 -4.668304324150085449e-01 1.542079448699951172e+00 -4.571740925312042236e-01 3.824046254158020020e-01 7.922866344451904297e-01 1.305391937494277954e-01 6.434169931217728067e-01 -5.324477826882978437e-01 -7.649271087366171784e-01 5.209971544119369469e-01 -5.141868504402841156e-01 -2.469977785480305943e-01 -6.887109217580292091e-03
1.661967660882786989e+09 -4.522914290428161621e-01 -4.473939538002014160e-01 1.543170928955078125e+00 -4.612179398536682129e-01 3.868187367916107178e-01 7.856958508491516113e-01 1.425884068012237549e-01 6.109356511743939677e-01 -4.991625867318386089e-01 -7.171088070467195319e-01 4.884277777684606914e-01 -4.820432100090520366e-01 -2.315570729481853107e-01 -6.456571637494441275e-03
1.661967660914209127e+09 -4.529111683368682861e-01 -4.276723861694335938e-01 1.543940305709838867e+00 -4.651697576045989990e-01 3.912788629531860352e-01 7.788717746734619141e-01 1.545208096504211426e-01 6.284199030549284526e-01 -5.069836616032382670e-01 -7.283447486415822736e-01 4.960806554494699983e-01 -4.895960517823398361e-01 -2.351851998404396737e-01 -6.557735730180193519e-03
1.661967660945127487e+09 -4.530437886714935303e-01 -4.076814353466033936e-01 1.544384956359863281e+00 -4.690282940864562988e-01 3.957829177379608154e-01 7.718172073364257812e-01 1.663325279951095581e-01 6.467463103016203307e-01 -5.152443665404892181e-01 -7.402122732124738480e-01 5.041637086721065808e-01 -4.975734459836189671e-01 -2.390172672000621112e-01 -6.664586352845585336e-03
1.661967660976043940e+09 -4.526746869087219238e-01 -3.874373733997344971e-01 1.544502854347229004e+00 -4.727921783924102783e-01 4.003284871578216553e-01 7.645348906517028809e-01 1.780198067426681519e-01 6.549189244116715436e-01 -5.152761538434152966e-01 -7.402579396055217753e-01 5.041948123688692052e-01 -4.976041431030473472e-01 -2.390320130464400616e-01 -6.664997515468666645e-03
1.661967661006961823e+09 -4.517898559570312500e-01 -3.669571280479431152e-01 1.544291615486145020e+00 -4.764601588249206543e-01 4.049131870269775391e-01 7.570276856422424316e-01 1.895788311958312988e-01 6.630608896570133748e-01 -5.152523129985362438e-01 -7.402236892825115877e-01 5.041714842365253579e-01 -4.975811199084022585e-01 -2.390209534910905931e-01 -6.664689138745428024e-03
1.661967661037878990e+09 -4.503759443759918213e-01 -3.462583124637603760e-01 1.543749451637268066e+00 -4.800311625003814697e-01 4.095348417758941650e-01 7.492982745170593262e-01 2.010059803724288940e-01 6.712818473526777074e-01 -5.152642331452017554e-01 -7.402408140478332621e-01 5.041831480328540227e-01 -4.975926312394097217e-01 -2.390264831408366875e-01 -6.664843323539964073e-03
1.661967661069793940e+09 -4.484201669692993164e-01 -3.253589868545532227e-01 1.542874693870544434e+00 -4.835039377212524414e-01 4.141909778118133545e-01 7.413498163223266602e-01 2.122976183891296387e-01 6.582763720462104784e-01 -4.991551288077721305e-01 -7.170980928161811985e-01 4.884204802317885785e-01 -4.820360078633915690e-01 -2.315536132837115180e-01 -6.456475170687267853e-03
1.661967661101708889e+09 -4.459104239940643311e-01 -3.042778074741363525e-01 1.541665673255920410e+00 -4.868774712085723877e-01 4.188792109489440918e-01 7.331852316856384277e-01 2.234501689672470093e-01 6.662848104917534764e-01 -4.991551288077721305e-01 -7.170980928161880819e-01 4.884204802317885785e-01 -4.820360078633933454e-01 -2.315536132837132388e-01 -6.456475170687267853e-03
1.661967661133623123e+09 -4.428352713584899902e-01 -2.830339670181274414e-01 1.540120959281921387e+00 -4.901506602764129639e-01 4.235970973968505859e-01 7.248077392578125000e-01 2.344601154327392578e-01 6.743313361024727559e-01 -4.991663157774446913e-01 -7.171141642820583195e-01 4.884314266185687536e-01 -4.820468111625879071e-01 -2.315588028191891690e-01 -6.456619871979025690e-03
1.661967661165537596e+09 -4.391839802265167236e-01 -2.616471648216247559e-01 1.538239359855651855e+00 -4.933226704597473145e-01 4.283423423767089844e-01 7.162204384803771973e-01 2.453241199254989624e-01 6.823765285751510756e-01 -4.991625867318386089e-01 -7.171088070467195319e-01 4.884277777684606914e-01 -4.820432100090520366e-01 -2.315570729481853107e-01 -6.456571637494441275e-03
1.661967661196454287e+09 -4.349465668201446533e-01 -2.401375621557235718e-01 1.536019802093505859e+00 -4.963925182819366455e-01 4.331123530864715576e-01 7.074265480041503906e-01 2.560386955738067627e-01 7.127246707027585781e-01 -5.152721802160585840e-01 -7.402522309982481064e-01 5.041909241968894895e-01 -4.976003057559821308e-01 -2.390301697161412997e-01 -6.664946117366383690e-03
1.661967661227371931e+09 -4.301136732101440430e-01 -2.185257375240325928e-01 1.533461451530456543e+00 -4.993593692779541016e-01 4.379047453403472900e-01 6.984294652938842773e-01 2.666006982326507568e-01 7.210410496494119581e-01 -5.152562863194773968e-01 -7.402293974495814943e-01 5.041753721086649209e-01 -4.975849569595590105e-01 -2.390227966792450309e-01 -6.664740532884285903e-03
1.661967661257291794e+09 -4.246768057346343994e-01 -1.968327313661575317e-01 1.530563592910766602e+00 -5.022225379943847656e-01 4.427171349525451660e-01 6.892324090003967285e-01 2.770068049430847168e-01 7.537104069121320915e-01 -5.324392969913636087e-01 -7.649149179832088752e-01 5.209888512053132414e-01 -5.141786557704548510e-01 -2.469938421088916369e-01 -6.886999456729605944e-03
1.661967661288209438e+09 -4.186282157897949219e-01 -1.750799268484115601e-01 1.527325630187988281e+00 -5.049812793731689453e-01 4.475469887256622314e-01 6.798388361930847168e-01 2.872540056705474854e-01 7.377368205774970100e-01 -5.152562863194773968e-01 -7.402293974495885998e-01 5.041753721086721374e-01 -4.975849569595590105e-01 -2.390227966792441427e-01 -6.664740532884285903e-03
1.661967661319127321e+09 -4.119608700275421143e-01 -1.532891094684600830e-01 1.523747324943542480e+00 -5.076347589492797852e-01 4.523916840553283691e-01 6.702523231506347656e-01 2.973390817642211914e-01 7.460807881634945460e-01 -5.152523129985362438e-01 -7.402236892825115877e-01 5.041714842365182525e-01 -4.975811199084004266e-01 -2.390209534910897049e-01 -6.664689138745428024e-03
1.661967661350045681e+09 -4.046686589717864990e-01 -1.314823776483535767e-01 1.519828438758850098e+00 -5.101825594902038574e-01 4.572489559650421143e-01 6.604763269424438477e-01 3.072591125965118408e-01 7.544144030494587261e-01 -5.152443665404892181e-01 -7.402122732124810645e-01 5.041637086721065808e-01 -4.975734459836189671e-01 -2.390172672000612231e-01 -6.664586352845585336e-03
1.661967661380962849e+09 -3.967461585998535156e-01 -1.096821203827857971e-01 1.515568971633911133e+00 -5.126240849494934082e-01 4.621160924434661865e-01 6.505145430564880371e-01 3.170111477375030518e-01 7.627817381081397619e-01 -5.152642331452017554e-01 -7.402408140478332621e-01 5.041831480328540227e-01 -4.975926312394079454e-01 -2.390264831408357993e-01 -6.664843323539964073e-03
1.661967661412383080e+09 -3.881888687610626221e-01 -8.791100978851318359e-02 1.510969161987304688e+00 -5.149589776992797852e-01 4.669907391071319580e-01 6.403704285621643066e-01 3.265924155712127686e-01 7.587609059704424341e-01 -5.070144377804712832e-01 -7.283889624274719754e-01 4.961107697654407733e-01 -4.896257724538395362e-01 -2.351994766346283960e-01 -6.558133814087751048e-03
1.661967661444298267e+09 -3.789930343627929688e-01 -6.619192659854888916e-02 1.506029248237609863e+00 -5.171867012977600098e-01 4.718704223632812500e-01 6.300477981567382812e-01 3.360001444816589355e-01 7.550449099122488184e-01 -4.991513999293091808e-01 -7.170927358209709945e-01 4.884168315452290243e-01 -4.820324068712681376e-01 -2.315518834902429712e-01 -6.456426938364646755e-03
1.661967661475216150e+09 -3.691558539867401123e-01 -4.454799741506576538e-02 1.500749826431274414e+00 -5.193067789077758789e-01 4.767523109912872314e-01 6.195505857467651367e-01 3.452315032482147217e-01 7.876893549742192135e-01 -5.152523129985362438e-01 -7.402236892825188042e-01 5.041714842365253579e-01 -4.975811199084013703e-01 -2.390209534910905931e-01 -6.664689138745428024e-03
1.661967661505645275e+09 -3.586753010749816895e-01 -2.300248481333255768e-02 1.495131731033325195e+00 -5.213192105293273926e-01 4.816343784332275391e-01 6.088821887969970703e-01 3.542841374874114990e-01 8.087392604761678427e-01 -5.235283885115231683e-01 -7.521132955869498371e-01 5.122695774808816438e-01 -5.055733575331757823e-01 -2.428601511237347133e-01 -6.771738576838872044e-03
1.661967661537559748e+09 -3.475501835346221924e-01 -1.578811556100845337e-03 1.489175558090209961e+00 -5.232234597206115723e-01 4.865136146545410156e-01 5.980468392372131348e-01 3.631552755832672119e-01 7.790819732251692553e-01 -4.991625867318386089e-01 -7.171088070467264153e-01 4.884277777684606914e-01 -4.820432100090511485e-01 -2.315570729481835899e-01 -6.456571637494441275e-03
1.661967661569475651e+09 -3.357803225517272949e-01 1.969949901103973389e-02 1.482882618904113770e+00 -5.250195860862731934e-01 4.913878142833709717e-01 5.870481729507446289e-01 3.718425631523132324e-01 7.869953499680637510e-01 -4.991402136281865021e-01 -7.170766653155553616e-01 4.884058858126280045e-01 -4.820216042176946325e-01 -2.315466942649022364e-01 -6.456282245720452485e-03
1.661967661600901127e+09 -3.233662247657775879e-01 4.080884903669357300e-02 1.476253986358642578e+00 -5.267073512077331543e-01 4.962544441223144531e-01 5.758903026580810547e-01 3.803436756134033203e-01 8.073170380570374727e-01 -5.069298122825411923e-01 -7.282673874307085127e-01 4.960279641926770844e-01 -4.895440492883699202e-01 -2.351602196207448758e-01 -6.557039199618902754e-03
1.661967661632815361e+09 -3.103094100952148438e-01 6.172559410333633423e-02 1.469291090965270996e+00 -5.282866954803466797e-01 5.011109113693237305e-01 5.645771622657775879e-01 3.886563181877136230e-01 8.028304883042503004e-01 -4.991663157774446913e-01 -7.171141642820513251e-01 4.884314266185618147e-01 -4.820468111625879071e-01 -2.315588028191882808e-01 -6.456619871979025690e-03
1.661967661664730072e+09 -2.966122031211853027e-01 8.242609351873397827e-02 1.461995482444763184e+00 -5.297577381134033203e-01 5.059547424316406250e-01 5.531126260757446289e-01 3.967782855033874512e-01 8.106543860931727519e-01 -4.991588577419482364e-01 -7.171034498914370392e-01 4.884241289728700197e-01 -4.820396089093209047e-01 -2.315553431030265841e-01 -6.456523403730526911e-03
1.661967661696154833e+09 -2.822778820991516113e-01 1.028867140412330627e-01 1.454368948936462402e+00 -5.311203598976135254e-01 5.107834339141845703e-01 5.415010452270507812e-01 4.047074019908905029e-01 8.312034842559468117e-01 -5.069413504596729236e-01 -7.282839634495416048e-01 4.960392542339626676e-01 -4.895551917499447181e-01 -2.351655720782302450e-01 -6.557188443711304063e-03
1.661967661727072001e+09 -2.673105001449584961e-01 1.230838969349861145e-01 1.446413278579711914e+00 5.323748588562011719e-01 -5.155945420265197754e-01 -5.297462344169616699e-01 -4.124417304992675781e-01 8.528410864907297606e-01 -5.152642331452017554e-01 -7.402408140478404786e-01 5.041831480328540227e-01 -4.975926312394097217e-01 -2.390264831408348833e-01 -6.664843323539964073e-03
1.661967661757989168e+09 -2.517150640487670898e-01 1.429941803216934204e-01 1.438130617141723633e+00 5.335214138031005859e-01 -5.203855633735656738e-01 -5.178524255752563477e-01 -4.199793636798858643e-01 8.607764343704911170e-01 -5.152642331452026436e-01 -7.402408140478332621e-01 5.041831480328468063e-01 -4.975926312394079454e-01 -2.390264831408366875e-01 -6.664843323539964073e-03
1.661967661787909985e+09 -2.354974597692489624e-01 1.625941991806030273e-01 1.429523229598999023e+00 5.345600843429565430e-01 -5.251540541648864746e-01 -5.058239102363586426e-01 -4.273183345794677734e-01 8.975776854620183265e-01 -5.324223264088957519e-01 -7.648905376420697122e-01 5.209722455860170687e-01 -5.141622672143691952e-01 -2.469859696070116351e-01 -6.886779945523545735e-03
1.661967661818826199e+09 -2.186643928289413452e-01 1.818607747554779053e-01 1.420593380928039551e+00 5.354913473129272461e-01 -5.298975706100463867e-01 -4.936646521091461182e-01 -4.344569742679595947e-01 8.764942310252998858e-01 -5.152801275320602059e-01 -7.402636483008423474e-01 5.041987006008039618e-01 -4.976079805092980535e-01 -2.390338564051694981e-01 -6.665048914363689604e-03
1.661967661850741386e+09 -2.012234628200531006e-01 2.007708996534347534e-01 1.411343693733215332e+00 5.363154411315917969e-01 -5.346136689186096191e-01 -4.813790619373321533e-01 -4.413935244083404541e-01 8.565651951878012760e-01 -4.991513999293091808e-01 -7.170927358209779889e-01 4.884168315452359632e-01 -4.820324068712664167e-01 -2.315518834902429712e-01 -6.456426938364646755e-03
1.661967661882656336e+09 -1.831831187009811401e-01 2.193018198013305664e-01 1.401776790618896484e+00 -5.370329022407531738e-01 5.392999053001403809e-01 4.689712524414062500e-01 4.481264352798461914e-01 8.640117628499820457e-01 -4.991551288077721305e-01 -7.170980928161811985e-01 4.884204802317885785e-01 -4.820360078633933454e-01 -2.315536132837132388e-01 -6.456475170687267853e-03
1.661967661913573265e+09 -1.645526885986328125e-01 2.374309897422790527e-01 1.391895771026611328e+00 -5.376440882682800293e-01 5.439538955688476562e-01 4.564456343650817871e-01 4.546540975570678711e-01 8.995061249052598296e-01 -5.152682066499879587e-01 -7.402465224790192311e-01 5.041870360848920152e-01 -4.975964684681064010e-01 -2.390283264142752107e-01 -6.664894720056821660e-03
1.661967661944491625e+09 -1.453423202037811279e-01 2.551362216472625732e-01 1.381703495979309082e+00 -5.381497144699096680e-01 5.485731959342956543e-01 4.438063502311706543e-01 4.609752893447875977e-01 9.069935341226739167e-01 -5.152443665404892181e-01 -7.402122732124810645e-01 5.041637086721065808e-01 -4.975734459836171908e-01 -2.390172672000594190e-01 -6.664586352845585336e-03
1.661967661974411249e+09 -1.255629658699035645e-01 2.723955512046813965e-01 1.371203184127807617e+00 -5.385501384735107422e-01 5.531556010246276855e-01 4.310578405857086182e-01 4.670885205268859863e-01 9.449658622634513616e-01 -5.324435398060209934e-01 -7.649210133113412136e-01 5.209930027755425019e-01 -5.141827530727193230e-01 -2.469958103127780080e-01 -6.887054336717626096e-03
1.661967662005327940e+09 -1.255629658699035645e-01 2.723955512046813965e-01 1.371203184127807617e+00 -5.385501384735107422e-01 5.531556010246276855e-01 4.310578405857086182e-01 4.670885205268859863e-01 0.000000000000000000e+00 0.000000000000000000e+00 0.000000000000000000e+00 0.000000000000000000e+00 0.000000000000000000e+00 0.000000000000000000e+00 0.000000000000000000e+00
1.661967662036245346e+09 -1.312908232212066650e-01 2.859447002410888672e-01 1.372676372528076172e+00 -5.363631248474121094e-01 5.508257150650024414e-01 4.340097606182098389e-01 4.696180820465087891e-01 4.781678545442968886e-01 1.147582026146699991e-01 -6.919447174382180599e-01 8.391799321900510478e-01 -4.295031223688051680e-01 1.163613521222371244e-01 4.077123738820724874e-01
1.661967662068160057e+09 -1.371240317821502686e-01 2.993574142456054688e-01 1.373852849006652832e+00 -5.341776609420776367e-01 5.484624505043029785e-01 4.369921684265136719e-01 4.721027016639709473e-01 4.597719918645433723e-01 1.111721159454845398e-01 -6.703220911641700752e-01 8.129563429449299106e-01 -4.160815508697147669e-01 1.127251685279795496e-01 3.949717429247386336e-01
1.661967662100075722e+09 -1.430604606866836548e-01 3.126267194747924805e-01 1.374733448028564453e+00 -5.319942831993103027e-01 5.460661649703979492e-01 4.400041103363037109e-01 4.745419621467590332e-01 4.563072120673702936e-01 1.111687940033350697e-01 -6.703020612206105344e-01 8.129320509368407333e-01 -4.160691179063792378e-01 1.127218001789528357e-01 3.949599407451240274e-01
1.661967662129995823e+09 -1.490978598594665527e-01 3.257457017898559570e-01 1.375319719314575195e+00 -5.298137068748474121e-01 5.436370968818664551e-01 4.430446624755859375e-01 4.769356250762939453e-01 4.830675060595246428e-01 1.185833541082637055e-01 -7.150088061838478781e-01 8.671517049947348177e-01 -4.438194367811971186e-01 1.202399402294559300e-01 4.213023531635418095e-01
1.661967662160912037e+09 -1.552339047193527222e-01 3.387075960636138916e-01 1.375612974166870117e+00 -5.276362895965576172e-01 5.411755442619323730e-01 4.461126923561096191e-01 4.792831242084503174e-01 4.639607487539315622e-01 1.147626275561614007e-01 -6.919713980137254250e-01 8.392122899824813187e-01 -4.295196835046852790e-01 1.163658388792885856e-01 4.077280947922875542e-01
1.661967662191829681e+09 -1.614661812782287598e-01 3.515056669712066650e-01 1.375614762306213379e+00 -5.254626870155334473e-01 5.386819243431091309e-01 4.492074847221374512e-01 4.815843105316162109e-01 4.604129196459883500e-01 1.147573176673187534e-01 -6.919393815700103367e-01 8.391734609309925430e-01 -4.294998102948843766e-01 1.163604548123473165e-01 4.077092298455058939e-01
1.661967662223744154e+09 -1.677921712398529053e-01 3.641332089900970459e-01 1.375326752662658691e+00 -5.232932567596435547e-01 5.361565351486206055e-01 4.523278176784515381e-01 4.838386476039886475e-01 4.426338590519360294e-01 1.111729464620417329e-01 -6.703270988371032857e-01 8.129624161738007171e-01 -4.160846592266421173e-01 1.127260106466887596e-01 3.949746935798527647e-01
1.661967662255659103e+09 -1.742092818021774292e-01 3.765836656093597412e-01 1.374750852584838867e+00 -5.211287140846252441e-01 5.335997343063354492e-01 4.554729163646697998e-01 4.860459566116333008e-01 4.392528257454393903e-01 1.111712854413342555e-01 -6.703170835660559046e-01 8.129502698068054034e-01 -4.160784425592219948e-01 1.127243264218505958e-01 3.949687923137098489e-01
1.661967662287573576e+09 -1.807148307561874390e-01 3.888505697250366211e-01 1.373888969421386719e+00 -5.189694762229919434e-01 5.310117602348327637e-01 4.586416184902191162e-01 4.882058799266815186e-01 4.359130597441348565e-01 1.111729464620426072e-01 -6.703270988371032857e-01 8.129624161738041588e-01 -4.160846592266455590e-01 1.127260106466904943e-01 3.949746935798527647e-01
1.661967662318490982e+09 -1.873060613870620728e-01 4.009275436401367188e-01 1.372743248939514160e+00 -5.168160796165466309e-01 5.283932089805603027e-01 4.618331193923950195e-01 4.903181791305541992e-01 4.465500344668569266e-01 1.147582026146699991e-01 -6.919447174382252763e-01 8.391799321900474951e-01 -4.295031223688051680e-01 1.163613521222371244e-01 4.077123738820724874e-01
1.661967662349408627e+09 -1.939800977706909180e-01 4.128082096576690674e-01 1.371315836906433105e+00 -5.146690607070922852e-01 5.257441997528076172e-01 4.650462865829467773e-01 4.923825860023498535e-01 4.431604652888295193e-01 1.147573176673178513e-01 -6.919393815700103367e-01 8.391734609309888793e-01 -4.294998102948807683e-01 1.163604548123455262e-01 4.077092298455058939e-01
1.661967662380325794e+09 -2.007340192794799805e-01 4.244864583015441895e-01 1.369609117507934570e+00 -5.125289559364318848e-01 5.230652093887329102e-01 4.682803750038146973e-01 4.943990111351013184e-01 4.398254018793507081e-01 1.147590875756698270e-01 -6.919500533887211757e-01 8.391864035489124962e-01 -4.295064344938154810e-01 1.163622494459679718e-01 4.077155179671297369e-01
1.661967662410246372e+09 -2.075648158788681030e-01 4.359561204910278320e-01 1.367625713348388672e+00 -5.103961825370788574e-01 5.203566551208496094e-01 4.715341925621032715e-01 4.963670372962951660e-01 4.510667594984319462e-01 1.185814642734633884e-01 -7.149974112580146368e-01 8.671378854035888262e-01 -4.438123637360517626e-01 1.202380239940344098e-01 4.212956389678160773e-01
1.661967662441164494e+09 -2.144694030284881592e-01 4.472112357616424561e-01 1.365368127822875977e+00 -5.082713365554809570e-01 5.176188945770263672e-01 4.748067259788513184e-01 4.982865452766418457e-01 4.332671608966786048e-01 1.147555478135598717e-01 -6.919287100804735191e-01 8.391605187122860299e-01 -4.294931863002741101e-01 1.163586602340788284e-01 4.077029419178401781e-01
1.661967662472081661e+09 -2.214446216821670532e-01 4.582458734512329102e-01 1.362838983535766602e+00 -5.061548352241516113e-01 5.148524641990661621e-01 4.780972599983215332e-01 5.001573562622070312e-01 4.300886470258875605e-01 1.147590875756698270e-01 -6.919500533887211757e-01 8.391864035489124962e-01 -4.295064344938118728e-01 1.163622494459661816e-01 4.077155179671297369e-01
1.661967662503000975e+09 -2.284872382879257202e-01 4.690542817115783691e-01 1.360041379928588867e+00 -5.040472149848937988e-01 5.120576024055480957e-01 4.814045429229736328e-01 5.019793510437011719e-01 4.269258666913856581e-01 1.147511234179931783e-01 -6.919020327966673989e-01 8.391281649119696207e-01 -4.294766272076149805e-01 1.163541740305767264e-01 4.076872229471836806e-01
1.661967662534913063e+09 -2.355939447879791260e-01 4.796307981014251709e-01 1.356978297233581543e+00 -5.019488334655761719e-01 5.092347264289855957e-01 4.847275614738464355e-01 5.037524104118347168e-01 4.106706993967250141e-01 1.111812523101596700e-01 -6.703771796818489559e-01 8.130231534535876659e-01 -4.161157453505070491e-01 1.127344325258712726e-01 3.950042025559064029e-01
1.661967662566827536e+09 -2.427613735198974609e-01 4.899698495864868164e-01 1.353652715682983398e+00 -4.998603761196136475e-01 5.063843727111816406e-01 4.880656003952026367e-01 5.054764151573181152e-01 4.077332163306289226e-01 1.111729464620417329e-01 -6.703270988371032857e-01 8.129624161738007171e-01 -4.160846592266455590e-01 1.127260106466904943e-01 3.949746935798527647e-01
1.661967662597745180e+09 -2.499860674142837524e-01 5.000660419464111328e-01 1.350067853927612305e+00 -4.977822601795196533e-01 5.035070776939392090e-01 4.914176762104034424e-01 5.071511864662170410e-01 4.179521137245408857e-01 1.147573176673187534e-01 -6.919393815700103367e-01 8.391734609309888793e-01 -4.294998102948807683e-01 1.163604548123455262e-01 4.077092298455058939e-01
