1.661967667269390583e+09 1.378528122206244648e-16 -2.367949187755584717e-01 1.128897309303283691e+00 -6.125128269195556641e-01 6.125135421752929688e-01 3.533097505569458008e-01 3.533093035221099854e-01 0.000000000000000000e+00 0.000000000000000000e+00 0.000000000000000000e+00 0.000000000000000000e+00 0.000000000000000000e+00 0.000000000000000000e+00 0.000000000000000000e+00
1.661967668992317915e+09 1.378528122206244648e-16 -2.367949187755584717e-01 1.128897309303283691e+00 -6.125128269195556641e-01 6.125135421752929688e-01 3.533097505569458008e-01 3.533093035221099854e-01 0.000000000000000000e+00 0.000000000000000000e+00 0.000000000000000000e+00 0.000000000000000000e+00 0.000000000000000000e+00 0.000000000000000000e+00 0.000000000000000000e+00
1.661967669021241665e+09 -2.697907853871583939e-03 -2.281168699264526367e-01 1.132436156272888184e+00 6.152943968772888184e-01 -6.105895042419433594e-01 -3.509964942932128906e-01 -3.541112840175628662e-01 3.371786266305331625e-01 1.614486218815865959e-01 -5.255678393241359769e-01 4.669256427456621728e-01 -3.130146170654702908e-01 -2.707017813774478115e-02 7.662399058686977793e-02
1.661967669052158117e+09 -5.475189536809921265e-03 -2.193740010261535645e-01 1.135846734046936035e+00 6.180611252784729004e-01 -6.086435317993164062e-01 -3.486866950988769531e-01 -3.549240529537200928e-01 3.165590762673529679e-01 1.510425421141239344e-01 -4.916926609826981487e-01 4.368302140745711770e-01 -2.928394366544870286e-01 -2.532538509004167090e-02 7.168523453645790633e-02
1.661967669083075523e+09 -8.332899771630764008e-03 -2.105689197778701782e-01 1.139127850532531738e+00 6.208129525184631348e-01 -6.066757440567016602e-01 -3.463804423809051514e-01 -3.557476997375488281e-01 3.176686670378730537e-01 1.510378830753693891e-01 -4.916774942943288873e-01 4.368167396661706281e-01 -2.928304037670311222e-01 -2.532460390647923651e-02 7.168302334296790257e-02
1.661967669114990473e+09 -1.127205044031143188e-02 -2.017042487859725952e-01 1.142278552055358887e+00 6.235495805740356445e-01 -6.046862006187438965e-01 -3.440779447555541992e-01 -3.565822839736938477e-01 3.088322102007570735e-01 1.463169972102754124e-01 -4.763094734658295804e-01 4.231634632169937738e-01 -2.836776078865205220e-01 -2.453305040886074456e-02 6.944247703248972170e-02
1.661967669146905422e+09 -1.429361384361982346e-02 -1.927826404571533203e-01 1.145297646522521973e+00 6.262709498405456543e-01 -6.026749014854431152e-01 -3.417792618274688721e-01 -3.574277162551879883e-01 3.099301150155772122e-01 1.463169972102762728e-01 -4.763094734658156471e-01 4.231634632170077071e-01 -2.836776078865205220e-01 -2.453305040886422442e-02 6.944247703248972170e-02
1.661967669178820848e+09 -1.739851757884025574e-02 -1.838067770004272461e-01 1.148184180259704590e+00 6.289769411087036133e-01 -6.006420254707336426e-01 -3.394846022129058838e-01 -3.582840263843536377e-01 3.110302351105358465e-01 1.463148111394826090e-01 -4.763023570935027151e-01 4.231571408805271384e-01 -2.836733695591559523e-01 -2.453268386918347824e-02 6.944143951686461425e-02
1.661967669209738970e+09 -2.058764733374118805e-02 -1.747793555259704590e-01 1.150937199592590332e+00 6.316674947738647461e-01 -5.985874533653259277e-01 -3.371939659118652344e-01 -3.591511249542236328e-01 3.222100173613210994e-01 1.510343889849228294e-01 -4.916661198921001841e-01 4.368066344053825323e-01 -2.928236294671290318e-01 -2.532401805043574955e-02 7.168136503737017329e-02
1.661967669240657330e+09 -2.386184409260749817e-02 -1.657031029462814331e-01 1.153555750846862793e+00 6.343423724174499512e-01 -5.965113639831542969e-01 -3.349075317382812500e-01 -3.600291311740875244e-01 3.233605091094308714e-01 1.510332243240311012e-01 -4.916623285416333311e-01 4.368032660890256436e-01 -2.928213714368144149e-01 -2.532382277111507388e-02 7.168081228588696341e-02
1.661967669271573782e+09 -2.722190693020820618e-02 -1.565807759761810303e-01 1.156038880348205566e+00 6.370015144348144531e-01 -5.944136977195739746e-01 -3.326254189014434814e-01 -3.609178364276885986e-01 3.245386521456574136e-01 1.510425421141230462e-01 -4.916926609826837713e-01 4.368302140745640161e-01 -2.928394366544870286e-01 -2.532538509003808003e-02 7.168523453645746224e-02
1.661967669302489281e+09 -3.066859021782875061e-02 -1.474151313304901123e-01 1.158385634422302246e+00 6.396446824073791504e-01 -5.922947525978088379e-01 -3.303478360176086426e-01 -3.618175089359283447e-01 3.257121712434037364e-01 1.510472014403186347e-01 -4.917078286067486093e-01 4.368436893142540467e-01 -2.928484700992336487e-01 -2.532616632179247179e-02 7.168744586636827121e-02
1.661967669333406210e+09 -3.420260176062583923e-02 -1.382089555263519287e-01 1.160595417022705078e+00 6.422718763351440430e-01 -5.901544690132141113e-01 -3.280747830867767334e-01 -3.627279400825500488e-01 3.268676303428248442e-01 1.510402125588185263e-01 -4.916850775215614866e-01 4.368234767664618268e-01 -2.928349201411011848e-01 -2.532499449223449620e-02 7.168412892266132208e-02
1.661967669364323854e+09 -3.782460466027259827e-02 -1.289650797843933105e-01 1.162667036056518555e+00 6.448829174041748047e-01 -5.879927277565002441e-01 -3.258064687252044678e-01 -3.636491298675537109e-01 3.280320901582993720e-01 1.510367183605897667e-01 -4.916737027684537908e-01 4.368133711939645725e-01 -2.928281456322375242e-01 -2.532440861812314953e-02 7.168247056590977551e-02
1.661967669395241261e+09 -4.153522104024887085e-02 -1.196863278746604919e-01 1.164600014686584473e+00 6.474778056144714355e-01 -5.858098268508911133e-01 -3.235428929328918457e-01 -3.645811080932617188e-01 3.292133913224494224e-01 1.510378830753702772e-01 -4.916774942943432647e-01 4.368167396661706281e-01 -2.928304037670328985e-01 -2.532460390647923651e-02 7.168302334296834666e-02
1.661967669426158905e+09 -4.533502459526062012e-02 -1.103755384683609009e-01 1.166393518447875977e+00 6.500561833381652832e-01 -5.836057066917419434e-01 -3.212842941284179688e-01 -3.655238151550292969e-01 3.303934468453437190e-01 1.510367183605906827e-01 -4.916737027684537908e-01 4.368133711939645725e-01 -2.928281456322393006e-01 -2.532440861811955865e-02 7.168247056591023347e-02
1.661967669456079721e+09 -4.922454059123992920e-02 -1.010355800390243530e-01 1.168046712875366211e+00 6.526181101799011230e-01 -5.813805460929870605e-01 -3.190308511257171631e-01 -3.664773404598236084e-01 3.426258198299522162e-01 1.560685878034110408e-01 -5.080540764130421216e-01 4.513660434089335483e-01 -3.025838726766161280e-01 -2.616810490116077553e-02 7.407061059663616609e-02
1.661967669487994671e+09 -5.320424959063529968e-02 -9.166932851076126099e-02 1.169559001922607422e+00 6.551633477210998535e-01 -5.791342854499816895e-01 -3.167825043201446533e-01 -3.674415349960327148e-01 3.223702090886949589e-01 1.463169972102754124e-01 -4.763094734658226415e-01 4.231634632169937738e-01 -2.836776078865188011e-01 -2.453305040886074456e-02 6.944247703248972170e-02
1.661967669517914534e+09 -5.727459117770195007e-02 -8.227967470884323120e-02 1.170929670333862305e+00 6.576918363571166992e-01 -5.768671035766601562e-01 -3.145395219326019287e-01 -3.684164881706237793e-01 3.450988172764914985e-01 1.560735623784975379e-01 -5.080702702748962629e-01 4.513804303801083329e-01 -3.025935173220620222e-01 -2.616893899086409486e-02 7.407297154459696609e-02
1.661967669549831390e+09 -6.143595278263092041e-02 -7.286952435970306396e-02 1.172158241271972656e+00 6.602034568786621094e-01 -5.745790004730224609e-01 -3.123019635677337646e-01 -3.694020509719848633e-01 3.246654068989170416e-01 1.463082533190250278e-01 -4.762810092523852012e-01 4.231381750045941081e-01 -2.836606553369136474e-01 -2.453158431586830238e-02 6.943832715599658478e-02
1.661967669581744194e+09 -6.568867713212966919e-02 -6.344180554151535034e-02 1.173243999481201172e+00 6.626980900764465332e-01 -5.722700357437133789e-01 -3.100699782371520996e-01 -3.703983426094055176e-01 3.258675446946395771e-01 1.463268353372739472e-01 -4.763414997729468747e-01 4.231919160691729465e-01 -2.836966819270352880e-01 -2.453469997295900165e-02 6.944714623648587382e-02
1.661967669613658428e+09 -7.003305107355117798e-02 -5.399943515658378601e-02 1.174186468124389648e+00 6.651754975318908691e-01 -5.699403285980224609e-01 -3.078437149524688721e-01 -3.714051842689514160e-01 3.270165775516603035e-01 1.463202764389478217e-01 -4.763201484230120686e-01 4.231729470759382217e-01 -2.836839656150345612e-01 -2.453360023891368660e-02 6.944403336405800820e-02
1.661967669645572901e+09 -7.446933537721633911e-02 -4.454535990953445435e-02 1.174985051155090332e+00 6.676357388496398926e-01 -5.675898790359497070e-01 -3.056232035160064697e-01 -3.724227547645568848e-01 3.281795154825074001e-01 1.463191833463919345e-01 -4.763165900507814188e-01 4.231697857423856735e-01 -2.836818463405321733e-01 -2.453341695949449661e-02 6.944351457911740466e-02
1.661967669677487135e+09 -7.899772375822067261e-02 -3.508252277970314026e-02 1.175639390945434570e+00 6.700785756111145020e-01 -5.652188658714294434e-01 -3.034086823463439941e-01 -3.734508752822875977e-01 3.293494261797326739e-01 1.463202764389482380e-01 -4.763201484230120686e-01 4.231729470759382217e-01 -2.836839656150362821e-01 -2.453360023891368660e-02 6.944403336405823024e-02
1.661967669709401846e+09 -8.361836522817611694e-02 -2.561388909816741943e-02 1.176148891448974609e+00 6.725038886070251465e-01 -5.628272294998168945e-01 -3.012001514434814453e-01 -3.744895458221435547e-01 3.305127800626818657e-01 1.463180902701683439e-01 -4.763130317317232909e-01 4.231666244560735590e-01 -2.836797270976946783e-01 -2.453323368280672240e-02 6.944299580192818400e-02
1.661967669741316795e+09 -8.833136409521102905e-02 -1.614241674542427063e-02 1.176513195037841797e+00 6.749116182327270508e-01 -5.604152083396911621e-01 -2.989978790283203125e-01 -3.755387961864471436e-01 3.316799795810811968e-01 1.463169972102749683e-01 -4.763094734658156471e-01 4.231634632170007682e-01 -2.836776078865188011e-01 -2.453305040886074456e-02 6.944247703248929149e-02
1.661967669771237612e+09 -9.313679486513137817e-02 -6.671078037470579147e-03 1.176731944084167480e+00 6.773016452789306641e-01 -5.579827427864074707e-01 -2.968018651008605957e-01 -3.765984773635864258e-01 3.550341838953486318e-01 1.560685878034115126e-01 -5.080540764130495601e-01 4.513660434089335483e-01 -3.025838726766170717e-01 -2.616810490116077553e-02 7.407061059663662406e-02
1.661967669803152323e+09 -9.803465008735656738e-02 2.797153778374195099e-03 1.176804780960083008e+00 6.796737909317016602e-01 -5.555298924446105957e-01 -2.946122884750366211e-01 -3.776687085628509521e-01 3.340242164105006739e-01 1.463180902701678998e-01 -4.763130317317163520e-01 4.231666244560735590e-01 -2.836797270976946783e-01 -2.453323368280672240e-02 6.944299580192796195e-02
1.661967669835067034e+09 -1.030248925089836121e-01 1.225929986685514450e-02 1.176731467247009277e+00 6.820279359817504883e-01 -5.530568361282348633e-01 -2.924292981624603271e-01 -3.787493705749511719e-01 3.351955186892073280e-01 1.463180902701678998e-01 -4.763130317317163520e-01 4.231666244560804979e-01 -2.836797270976946783e-01 -2.453323368280672240e-02 6.944299580192796195e-02
1.661967669865983963e+09 -1.081074476242065430e-01 2.171237953007221222e-02 1.176511645317077637e+00 6.843640804290771484e-01 -5.505636334419250488e-01 -2.902529537677764893e-01 -3.798404633998870850e-01 3.472225458093927131e-01 1.510402125588185263e-01 -4.916850775215542702e-01 4.368234767664618268e-01 -2.928349201411011848e-01 -2.532499449223808707e-02 7.168412892266154413e-02
1.661967669895904541e+09 -1.132821738719940186e-01 3.115340881049633026e-02 1.176145195960998535e+00 6.866819262504577637e-01 -5.480502843856811523e-01 -2.880834341049194336e-01 -3.809419572353363037e-01 3.600339413016702128e-01 1.560698314174529533e-01 -5.080581247817265167e-01 4.513696400657392083e-01 -3.025862837803398042e-01 -2.616831341859906374e-02 7.407120081951677759e-02
1.661967669926821470e+09 -1.185488998889923096e-01 4.057940468192100525e-02 1.175631642341613770e+00 6.889814138412475586e-01 -5.455169081687927246e-01 -2.859207987785339355e-01 -3.820537626743316650e-01 3.496398016656066532e-01 1.510402125588176381e-01 -4.916850775215614866e-01 4.368234767664618268e-01 -2.928349201411011848e-01 -2.532499449223449620e-02 7.168412892266086411e-02
1.661967669958735943e+09 -1.239073798060417175e-01 4.998738691210746765e-02 1.174971103668212891e+00 6.912625432014465332e-01 -5.429636836051940918e-01 -2.837652564048767090e-01 -3.831758797168731689e-01 3.398805288197109253e-01 1.463191833463919345e-01 -4.763165900507814188e-01 4.231697857423926679e-01 -2.836818463405338941e-01 -2.453341695949449661e-02 6.944351457911762671e-02
1.661967669990651131e+09 -1.293573528528213501e-01 5.937437340617179871e-02 1.174163341522216797e+00 6.935251355171203613e-01 -5.403905510902404785e-01 -2.816168963909149170e-01 -3.843083679676055908e-01 3.410414439826778832e-01 1.463159041667140559e-01 -4.763059152530781937e-01 4.231603020251453184e-01 -2.836754887070064290e-01 -2.453286713765301733e-02 6.944195827080207328e-02
1.661967670022564650e+09 -1.348984837532043457e-01 6.873738765716552734e-02 1.173208355903625488e+00 6.957690119743347168e-01 -5.377976298332214355e-01 -2.794757783412933350e-01 -3.854510188102722168e-01 3.422260485733844004e-01 1.463235558146104009e-01 -4.763308238587163901e-01 4.231824313599860665e-01 -2.836903236285330809e-01 -2.453415009361255283e-02 6.944558976538871276e-02
1.661967670053987265e+09 -1.405304074287414551e-01 7.807344943284988403e-02 1.172105789184570312e+00 6.979941129684448242e-01 -5.351849794387817383e-01 -2.773420512676239014e-01 -3.866038918495178223e-01 3.487565953645295758e-01 1.486095144280909774e-01 -4.837723635588906390e-01 4.297936534469180003e-01 -2.881223122803235892e-01 -2.491743801618390500e-02 7.053051244382307905e-02
1.661967670085901976e+09 -1.462526917457580566e-01 8.737958967685699463e-02 1.170855998992919922e+00 7.002003192901611328e-01 -5.325527787208557129e-01 -2.752159237861633301e-01 -3.877669274806976318e-01 3.445415146978292875e-01 1.463180902701687880e-01 -4.763130317317163520e-01 4.231666244560804979e-01 -2.836797270976955665e-01 -2.453323368280672240e-02 6.944299580192818400e-02
1.661967670117817402e+09 -1.520648896694183350e-01 9.665285050868988037e-02 1.169458746910095215e+00 7.023875117301940918e-01 -5.299010276794433594e-01 -2.730974256992340088e-01 -3.889400959014892578e-01 3.456952317203509928e-01 1.463148111394834694e-01 -4.763023570935027151e-01 4.231571408805271384e-01 -2.836733695591559523e-01 -2.453268386918347824e-02 6.944143951686461425e-02
1.661967670149243832e+09 -1.579664796590805054e-01 1.058902665972709656e-01 1.167914152145385742e+00 7.045556306838989258e-01 -5.272298455238342285e-01 -2.709867954254150391e-01 -3.901233673095703125e-01 3.522505485445775464e-01 1.485914754617536915e-01 -4.837136408491524708e-01 4.297414829430623584e-01 -2.880873385526150354e-01 -2.491441341289847566e-02 7.052195109736675294e-02
1.661967670181157827e+09 -1.639568954706192017e-01 1.150888949632644653e-01 1.166222214698791504e+00 7.067044377326965332e-01 -5.245392918586730957e-01 -2.688840031623840332e-01 -3.913167119026184082e-01 3.480249616058908035e-01 1.463213695478359500e-01 -4.763237068484095227e-01 4.231761084567182696e-01 -2.836860849212034519e-01 -2.453378352107479093e-02 6.944455215675016113e-02
1.661967670213072777e+09 -1.700355261564254761e-01 1.242458000779151917e-01 1.164383172988891602e+00 7.088339328765869141e-01 -5.218294858932495117e-01 -2.667891979217529297e-01 -3.925200104713439941e-01 3.491668102811235075e-01 1.463169972102754124e-01 -4.763094734658156471e-01 4.231634632169937738e-01 -2.836776078865188011e-01 -2.453305040886074456e-02 6.944247703248929149e-02
1.661967670244988680e+09 -1.762017309665679932e-01 1.333580464124679565e-01 1.162397146224975586e+00 7.109439969062805176e-01 -5.191004872322082520e-01 -2.647025585174560547e-01 -3.937332630157470703e-01 3.503054197654674740e-01 1.463126251340140793e-01 -4.762952409338399584e-01 4.231508187329842685e-01 -2.836691313584396856e-01 -2.453231734046220844e-02 6.944040203224223495e-02
1.661967670276901960e+09 -1.824547946453094482e-01 1.424227058887481689e-01 1.160264253616333008e+00 7.130343914031982422e-01 -5.163524746894836426e-01 -2.626242339611053467e-01 -3.949565291404724121e-01 3.514795734938192528e-01 1.463246489724974730e-01 -4.763343824436143126e-01 4.231855928824759805e-01 -2.836924430296987598e-01 -2.453433338398933183e-02 6.944610858133568043e-02
1.661967670308816910e+09 -1.887939721345901489e-01 1.514368802309036255e-01 1.157984852790832520e+00 7.151052951812744141e-01 -5.135852694511413574e-01 -2.605542540550231934e-01 -3.961894810199737549e-01 3.526019726236319096e-01 1.463169972102754124e-01 -4.763094734658156471e-01 4.231634632169937738e-01 -2.836776078865188011e-01 -2.453305040886074456e-02 6.944247703248972170e-02
1.661967670339734077e+09 -1.952184885740280151e-01 1.603976935148239136e-01 1.155559062957763672e+00 7.171562314033508301e-01 -5.107992887496948242e-01 -2.584927976131439209e-01 -3.974323570728302002e-01 3.651563101311802173e-01 1.510390478081115873e-01 -4.916812858787168450e-01 4.368201081903431149e-01 -2.928326619366538597e-01 -2.532479919785085923e-02 7.168357612855152938e-02
1.661967670369653940e+09 -2.017274796962738037e-01 1.693022400140762329e-01 1.152987241744995117e+00 7.191873788833618164e-01 -5.079944133758544922e-01 -2.564399540424346924e-01 -3.986850082874298096e-01 3.785355198636752294e-01 1.560735623784966219e-01 -5.080702702748962629e-01 4.513804303801083329e-01 -3.025935173220601349e-01 -2.616893899086780717e-02 7.407297154459696609e-02
1.661967670400571346e+09 -2.083200812339782715e-01 1.781476736068725586e-01 1.150269627571105957e+00 7.211984992027282715e-01 -5.051708221435546875e-01 -2.543958723545074463e-01 -3.999472856521606445e-01 3.674873874088995795e-01 1.510378830753693891e-01 -4.916774942943432647e-01 4.368167396661706281e-01 -2.928304037670328985e-01 -2.532460390647923651e-02 7.168302334296834666e-02
1.661967670431488752e+09 -2.149953693151473999e-01 1.869311481714248657e-01 1.147406697273254395e+00 7.231895327568054199e-01 -5.023286342620849609e-01 -2.523606717586517334e-01 -4.012193381786346436e-01 3.686466812669926818e-01 1.510378830753702772e-01 -4.916774942943432647e-01 4.368167396661777890e-01 -2.928304037670311222e-01 -2.532460390647923651e-02 7.168302334296790257e-02
1.661967670462405920e+09 -2.217523455619812012e-01 1.956498175859451294e-01 1.144398808479309082e+00 7.251603007316589355e-01 -4.994679093360900879e-01 -2.503344416618347168e-01 -4.025009274482727051e-01 3.698027937380785057e-01 1.510390478081115873e-01 -4.916812858787168450e-01 4.368201081903359539e-01 -2.928326619366538597e-01 -2.532479919785445011e-02 7.168357612855197347e-02
1.661967670492326498e+09 -2.285899966955184937e-01 2.043008804321289062e-01 1.141246438026428223e+00 7.271108031272888184e-01 -4.965887367725372314e-01 -2.483173310756683350e-01 -4.037921130657196045e-01 3.833058118006081316e-01 1.560698314174529533e-01 -5.080581247817265167e-01 4.513696400657465913e-01 -3.025862837803379723e-01 -2.616831341859906374e-02 7.407120081951701351e-02
1.661967670524241686e+09 -2.285899966955184937e-01 2.043008804321289062e-01 1.141246438026428223e+00 7.271108031272888184e-01 -4.965887367725372314e-01 -2.483173310756683350e-01 -4.037921130657196045e-01 0.000000000000000000e+00 0.000000000000000000e+00 0.000000000000000000e+00 0.000000000000000000e+00 0.000000000000000000e+00 0.000000000000000000e+00 -1.739333370589634270e-15
1.661967670556156397e+09 -2.293398827314376831e-01 2.121017426252365112e-01 1.146494030952453613e+00 7.225797176361083984e-01 -4.980708658695220947e-01 -2.529523074626922607e-01 -4.072088897228240967e-01 2.955217241446206344e-01 -1.982432679065177991e-02 -2.781081064483928444e-01 4.886307210182938565e-01 -1.843592633064040365e-01 1.492656134338914420e-01 3.707716820131843893e-01
1.661967670588071108e+09 -2.300764471292495728e-01 2.198378145694732666e-01 1.151707410812377930e+00 7.180302143096923828e-01 -4.994980990886688232e-01 -2.576121985912322998e-01 -4.105730056762695312e-01 2.932131545573077314e-01 -1.982432679065177991e-02 -2.781081064483928444e-01 4.886307210182938565e-01 -1.843592633064040365e-01 1.492656134338914420e-01 3.707716820131808921e-01
1.661967670619984865e+09 -2.307996898889541626e-01 2.275084108114242554e-01 1.156886100769042969e+00 7.134630680084228516e-01 -5.008703470230102539e-01 -2.622962892055511475e-01 -4.138841629028320312e-01 2.908875922394404956e-01 -1.982491919821784132e-02 -2.781164171137849861e-01 4.886453227013268785e-01 -1.843647724883084038e-01 1.492700739171999025e-01 3.707827617311503232e-01
1.661967670651899815e+09 -2.315096110105514526e-01 2.351128906011581421e-01 1.162029743194580078e+00 7.088791131973266602e-01 -5.021870732307434082e-01 -2.670037150382995605e-01 -4.171421229839324951e-01 2.885200518184612983e-01 -1.982417869429132368e-02 -2.781060288596519658e-01 4.886270707338867259e-01 -1.843578860623724947e-01 1.492644983547165294e-01 3.707689121871557969e-01
1.661967670683816671e+09 -2.322061955928802490e-01 2.426506280899047852e-01 1.167137742042541504e+00 7.042789459228515625e-01 -5.034485459327697754e-01 -2.717339694499969482e-01 -4.203467071056365967e-01 2.861200209935362282e-01 -1.982299400306753237e-02 -2.780894092671333251e-01 4.885978704218961188e-01 -1.843468688508560216e-01 1.492555783210504916e-01 3.707467550686481816e-01
1.661967670715731144e+09 -2.328894436359405518e-01 2.501209676265716553e-01 1.172209739685058594e+00 6.996635198593139648e-01 -5.046543478965759277e-01 -2.764862179756164551e-01 -4.234977364540100098e-01 2.837356160892904322e-01 -1.982447488922408838e-02 -2.781101840681752257e-01 4.886343713572401937e-01 -1.843606405710113694e-01 1.492667285297268609e-01 3.707744518805937139e-01
1.661967670747646093e+09 -2.335593849420547485e-01 2.575233280658721924e-01 1.177245140075683594e+00 6.950334906578063965e-01 -5.058043599128723145e-01 -2.812597155570983887e-01 -4.265950024127960205e-01 2.813006373825500672e-01 -1.982417869429219451e-02 -2.781060288596519658e-01 4.886270707338867259e-01 -1.843578860623724947e-01 1.492644983547165294e-01 3.707689121871540205e-01
1.661967670778562307e+09 -2.342159897089004517e-01 2.648570835590362549e-01 1.182243585586547852e+00 6.903897523880004883e-01 -5.068984627723693848e-01 -2.860538065433502197e-01 -4.296383857727050781e-01 2.878558576787297874e-01 -2.046459053763840727e-02 -2.870901283945863636e-01 5.044119649231045832e-01 -1.903134908553522908e-01 1.540864258611011617e-01 3.827464476084631029e-01
1.661967670809480429e+09 -2.348592877388000488e-01 2.721215784549713135e-01 1.187204480171203613e+00 6.857329607009887695e-01 -5.079365968704223633e-01 -2.908677458763122559e-01 -4.326276779174804688e-01 2.852783854941967623e-01 -2.046332807060955924e-02 -2.870724177142340294e-01 5.043808475902828992e-01 -1.903017503562230983e-01 1.540769202210074407e-01 3.827228358596920232e-01
1.661967670841394663e+09 -2.354892790317535400e-01 2.793162763118743896e-01 1.192127585411071777e+00 6.810640096664428711e-01 -5.089185237884521484e-01 -2.957007586956024170e-01 -4.355626702308654785e-01 2.738767942869857475e-01 -1.982462299000916847e-02 -2.781122617189997759e-01 4.886380217507269585e-01 -1.843620178562001832e-01 1.492678436422231747e-01 3.707772217893934297e-01
1.661967670871314764e+09 -2.361059635877609253e-01 2.864405810832977295e-01 1.197012305259704590e+00 6.763836145401000977e-01 -5.098441243171691895e-01 -3.005521297454833984e-01 -4.384432137012481689e-01 2.894392729374107853e-01 -2.114590645127680316e-02 -2.966480559164730302e-01 5.212050641106975579e-01 -1.966494891086047470e-01 1.592163371496701785e-01 3.954890062814508389e-01
1.661967670903229475e+09 -2.367093861103057861e-01 2.934938669204711914e-01 1.201858162879943848e+00 6.716925501823425293e-01 -5.107136368751525879e-01 -3.054212033748626709e-01 -4.412693381309509277e-01 2.688030003024455272e-01 -1.982432679065177991e-02 -2.781081064483928444e-01 4.886307210182938565e-01 -1.843592633064040365e-01 1.492656134338914420e-01 3.707716820131843893e-01
1.661967670935143471e+09 -2.372995167970657349e-01 3.004756271839141846e-01 1.206664919853210449e+00 6.669916510581970215e-01 -5.115265846252441406e-01 -3.103072047233581543e-01 -4.440407156944274902e-01 2.662452273651442769e-01 -1.982477109300707224e-02 -2.781143394008671055e-01 4.886416721987554834e-01 -1.843633951619657041e-01 1.492689587713807164e-01 3.707799917395775413e-01
1.661967670966060638e+09 -2.378764152526855469e-01 3.073852360248565674e-01 1.211431860923767090e+00 6.622816324234008789e-01 -5.122830271720886230e-01 -3.152094185352325439e-01 -4.467574059963226318e-01 2.721539088282252661e-01 -2.046395928465288491e-02 -2.870812727812538379e-01 5.043964057767730269e-01 -1.903076204247106384e-01 1.540816728944500724e-01 3.827346413699131422e-01
1.661967670996978283e+09 -2.384400665760040283e-01 3.142221868038177490e-01 1.216158628463745117e+00 6.575633883476257324e-01 -5.129829645156860352e-01 -3.201270401477813721e-01 -4.494191110134124756e-01 2.694546190455750501e-01 -2.046364367276367127e-02 -2.870768451794660781e-01 5.043886265635559862e-01 -1.903046853452030618e-01 1.540792965210807386e-01 3.827287385237618800e-01
1.661967671028892517e+09 -2.389905005693435669e-01 3.209859132766723633e-01 1.220844864845275879e+00 6.528376340866088867e-01 -5.136263370513916016e-01 -3.250594437122344971e-01 -4.520258605480194092e-01 2.584090138992715668e-01 -1.982462299000830111e-02 -2.781122617189997759e-01 4.886380217507269585e-01 -1.843620178562001832e-01 1.492678436422214261e-01 3.707772217893934297e-01
1.661967671060316324e+09 -2.395277619361877441e-01 3.276758491992950439e-01 1.225489974021911621e+00 6.481051445007324219e-01 -5.142130851745605469e-01 -3.300058841705322266e-01 -4.545775651931762695e-01 2.597446136078106482e-01 -2.013402314243933899e-02 -2.824527213691995220e-01 4.962641278556976787e-01 -1.872393304010989690e-01 1.515974462580762516e-01 3.765638906706691436e-01
1.661967671092232227e+09 -2.400518506765365601e-01 3.342915475368499756e-01 1.230093717575073242e+00 6.433666944503784180e-01 -5.147432088851928711e-01 -3.349656164646148682e-01 -4.570741355419158936e-01 2.530687280132285499e-01 -1.982358633098007389e-02 -2.780977188150888790e-01 4.886124701416263427e-01 -1.843523772920124260e-01 1.492600382046144203e-01 3.707578332968634593e-01
1.661967671125144720e+09 -2.405627965927124023e-01 3.408324122428894043e-01 1.234655618667602539e+00 6.386231780052185059e-01 -5.152166485786437988e-01 -3.399378955364227295e-01 -4.595154821872711182e-01 2.427931337851245153e-01 -1.922332851024410524e-02 -2.696769251271822210e-01 4.738172937484791958e-01 -1.787701907797837331e-01 1.447404470590076264e-01 3.595312930876515822e-01
1.661967671156060934e+09 -2.410606294870376587e-01 3.472979366779327393e-01 1.239175200462341309e+00 6.338752508163452148e-01 -5.156335234642028809e-01 -3.449220359325408936e-01 -4.619015753269195557e-01 2.556674205180045067e-01 -2.046459053763840727e-02 -2.870901283945791471e-01 5.044119649231045832e-01 -1.903134908553522908e-01 1.540864258610993576e-01 3.827464476084613265e-01
1.661967671187976599e+09 -2.415453940629959106e-01 3.536876738071441650e-01 1.243651986122131348e+00 6.291237473487854004e-01 -5.159936547279357910e-01 -3.499172925949096680e-01 -4.642322957515716553e-01 2.449264649480436262e-01 -1.982373441848927012e-02 -2.780997962796709078e-01 4.886161202078886934e-01 -1.843537544537349748e-01 1.492611532171510547e-01 3.707606029573644046e-01
1.661967671219890118e+09 -2.420170903205871582e-01 3.600010871887207031e-01 1.248085618019104004e+00 6.243695616722106934e-01 -5.162972807884216309e-01 -3.549229204654693604e-01 -4.665077328681945801e-01 2.421884748703069523e-01 -1.982506730564153469e-02 -2.781184948577400950e-01 4.886489732584424206e-01 -1.843661498352339723e-01 1.492711890796810659e-01 3.707855317641093884e-01
1.661967671251804113e+09 -2.424757927656173706e-01 3.662376999855041504e-01 1.252475738525390625e+00 6.196133494377136230e-01 -5.165443420410156250e-01 -3.599382340908050537e-01 -4.687277078628540039e-01 2.394124826734287392e-01 -1.982477109300620141e-02 -2.781143394008671055e-01 4.886416721987554834e-01 -1.843633951619657041e-01 1.492689587713807164e-01 3.707799917395775413e-01
1.661967671283718824e+09 -2.429215162992477417e-01 3.723970651626586914e-01 1.256821870803833008e+00 6.148558855056762695e-01 -5.167348384857177734e-01 -3.649625778198242188e-01 -4.708923995494842529e-01 2.366153574827085937e-01 -1.982432679065177991e-02 -2.781081064483928444e-01 4.886307210182868621e-01 -1.843592633064040365e-01 1.492656134338914420e-01 3.707716820131808921e-01
1.661967671315636635e+09 -2.433542907238006592e-01 3.784786760807037354e-01 1.261123538017272949e+00 6.100980043411254883e-01 -5.168689489364624023e-01 -3.699950575828552246e-01 -4.730016589164733887e-01 2.337799509084572402e-01 -1.982240171055139888e-02 -2.780811002157407841e-01 4.885832715746178390e-01 -1.843413607388737496e-01 1.492511187040008735e-01 3.707356775024452933e-01
1.661967671347549200e+09 -2.437741607427597046e-01 3.844820857048034668e-01 1.265380501747131348e+00 6.053405404090881348e-01 -5.169465541839599609e-01 -3.750351071357727051e-01 -4.750554859638214111e-01 2.309904038324882836e-01 -1.982565975746649126e-02 -2.781268061440099193e-01 4.886635760323704281e-01 -1.843716594287287958e-01 1.492756498962314604e-01 3.707966123098417333e-01
1.661967671379462957e+09 -2.441811859607696533e-01 3.904068470001220703e-01 1.269592285156250000e+00 6.005840897560119629e-01 -5.169680118560791016e-01 -3.800819516181945801e-01 -4.770539700984954834e-01 2.281345554349971660e-01 -1.982491919821784132e-02 -2.781164171137849861e-01 4.886453227013268785e-01 -1.843647724883101524e-01 1.492700739171999025e-01 3.707827617311503232e-01
1.661967671409382820e+09 -2.445753812789916992e-01 3.962525427341461182e-01 1.273758411407470703e+00 5.958296656608581543e-01 -5.169332027435302734e-01 -3.851349055767059326e-01 -4.789970517158508301e-01 2.402808278172695600e-01 -2.114607495395385423e-02 -2.966504197778511154e-01 5.212092173707602027e-01 -1.966510561242080790e-01 1.592176058765087110e-01 3.954921577640556074e-01
1.661967671441297770e+09 -2.449568063020706177e-01 4.020187258720397949e-01 1.277878642082214355e+00 5.910778641700744629e-01 -5.168423056602478027e-01 -3.901933133602142334e-01 -4.808848500251770020e-01 2.223794407469864565e-01 -1.982417869429219451e-02 -2.781060288596519658e-01 4.886270707338832842e-01 -1.843578860623724947e-01 1.492644983547165294e-01 3.707689121871540205e-01
1.661967671472214699e+09 -2.453255057334899902e-01 4.077049791812896729e-01 1.281952500343322754e+00 5.863295793533325195e-01 -5.166953802108764648e-01 -3.952562510967254639e-01 -4.827173054218292236e-01 2.265649954365800411e-01 -2.046411709424829362e-02 -2.870834866333670243e-01 5.044002954733629585e-01 -1.903090879984210004e-01 1.540828611086213773e-01 3.827375928612656852e-01
1.661967671503132343e+09 -2.456815242767333984e-01 4.133109152317047119e-01 1.285979628562927246e+00 5.815855264663696289e-01 -5.164927244186401367e-01 -4.003233015537261963e-01 -4.844945669174194336e-01 2.235506324923699772e-01 -2.046364367276367127e-02 -2.870768451794588616e-01 5.043886265635559862e-01 -1.903046853452030618e-01 1.540792965210807386e-01 3.827287385237637118e-01
1.661967671535048246e+09 -2.460249215364456177e-01 4.188360869884490967e-01 1.289959549903869629e+00 5.768464803695678711e-01 -5.162341594696044922e-01 -4.053934216499328613e-01 -4.862165749073028564e-01 2.136241268379462377e-01 -1.982358633098007389e-02 -2.780977188150888790e-01 4.886124701416263427e-01 -1.843523772920124260e-01 1.492600382046144203e-01 3.707578332968634593e-01
1.661967671566474676e+09 -2.463557422161102295e-01 4.242801070213317871e-01 1.293892145156860352e+00 5.721132159233093262e-01 -5.159201025962829590e-01 -4.104662239551544189e-01 -4.878835082054138184e-01 2.139598592979987113e-01 -2.013234291412502319e-02 -2.824291500711761382e-01 4.962227135276667811e-01 -1.872237048690198469e-01 1.515847951192661469e-01 3.765324655895128103e-01
1.661967671598388910e+09 -2.466740310192108154e-01 4.296426475048065186e-01 1.297776699066162109e+00 5.673865079879760742e-01 -5.155507326126098633e-01 -4.155408740043640137e-01 -4.894953966140747070e-01 2.077230413011257604e-01 -1.982462299000916847e-02 -2.781122617190067148e-01 4.886380217507269585e-01 -1.843620178561967138e-01 1.492678436422231747e-01 3.707772217893917088e-01
1.661967671630303860e+09 -2.469798624515533447e-01 4.349232614040374756e-01 1.301613092422485352e+00 5.626671314239501953e-01 -5.151261091232299805e-01 -4.206166267395019531e-01 -4.910523593425750732e-01 2.047392522430135087e-01 -1.982417869429132368e-02 -2.781060288596519658e-01 4.886270707338867259e-01 -1.843578860623724947e-01 1.492644983547165294e-01 3.707689121871557969e-01
1.661967671661724329e+09 -2.472732663154602051e-01 4.401216506958007812e-01 1.305400967597961426e+00 5.579558014869689941e-01 -5.146465301513671875e-01 -4.256929457187652588e-01 -4.925544559955596924e-01 2.049217355266172991e-01 -2.013616202050769535e-02 -2.824827268940173775e-01 4.963168469993915477e-01 -1.872592212144994772e-01 1.516135507619166545e-01 3.766038938156636151e-01
1.661967671693639278e+09 -2.475543171167373657e-01 4.452373981475830078e-01 1.309139847755432129e+00 5.532533526420593262e-01 -5.141119360923767090e-01 -4.307690262794494629e-01 -4.940018355846405029e-01 1.987357162513953834e-01 -1.982417869429219451e-02 -2.781060288596519658e-01 4.886270707338832842e-01 -1.843578860623724947e-01 1.492644983547147808e-01 3.707689121871522997e-01
1.661967671723559618e+09 -2.478230744600296021e-01 4.502702057361602783e-01 1.312829375267028809e+00 5.485603809356689453e-01 -5.135228037834167480e-01 -4.358441531658172607e-01 -4.953945279121398926e-01 2.087582748335823357e-01 -2.114573795128608588e-02 -2.966456920927675878e-01 5.212009109168398435e-01 -1.966479221179747716e-01 1.592150684430511942e-01 3.954858548490765568e-01
1.661967671755992413e+09 -2.480795979499816895e-01 4.552197158336639404e-01 1.316469430923461914e+00 5.438777804374694824e-01 -5.128792524337768555e-01 -4.409176707267761230e-01 -4.967328011989593506e-01 1.896002195531763246e-01 -1.950765170360609091e-02 -2.736655894465451211e-01 4.808253020627961116e-01 -1.814142964295078764e-01 1.468812348052362937e-01 3.648489510213285825e-01
1.661967671786907911e+09 -2.483239322900772095e-01 4.600856006145477295e-01 1.320059418678283691e+00 5.392062664031982422e-01 -5.121815204620361328e-01 -4.459889531135559082e-01 -4.980166256427764893e-01 1.957536498288248161e-01 -2.046506400293463326e-02 -2.870967704631238182e-01 5.044236349128072838e-01 -1.903178939160075078e-01 1.540899907785261702e-01 3.827553027653861628e-01
1.661967671818822145e+09 -2.485561668872833252e-01 4.648675322532653809e-01 1.323599100112915039e+00 5.345465540885925293e-01 -5.114298462867736816e-01 -4.510572552680969238e-01 -4.992462992668151855e-01 1.865626051798157659e-01 -1.982462299000916847e-02 -2.781122617189997759e-01 4.886380217507269585e-01 -1.843620178562001832e-01 1.492678436422214261e-01 3.707772217893917088e-01
1.661967671850737333e+09 -2.487763613462448120e-01 4.695652127265930176e-01 1.327088236808776855e+00 -5.298992991447448730e-01 5.106244087219238281e-01 4.561218023300170898e-01 5.004218816757202148e-01 1.834810281941592902e-01 -1.982403060014528012e-02 -2.781039513019517573e-01 4.886234205040176914e-01 -1.843565088389180207e-01 1.492633832922017345e-01 3.707661424025104902e-01
1.661967671882164478e+09 -2.489845603704452515e-01 4.741783440113067627e-01 1.330526351928710938e+00 -5.252656936645507812e-01 5.097658038139343262e-01 4.611824154853820801e-01 5.015434026718139648e-01 1.831908752717073541e-01 -2.013188471870915736e-02 -2.824227222181228680e-01 4.962114199105474577e-01 -1.872194438128835514e-01 1.515813451751371888e-01 3.765238960230959386e-01
1.661967671914078951e+09 -2.491808533668518066e-01 4.787066578865051270e-01 1.333913207054138184e+00 -5.206457376480102539e-01 5.088537335395812988e-01 4.662378132343292236e-01 5.026113986968994141e-01 1.772918244775162910e-01 -1.982447488922408838e-02 -2.781101840681752257e-01 4.886343713572366965e-01 -1.843606405710131180e-01 1.492667285297268609e-01 3.707744518805972112e-01
1.661967671945993900e+09 -2.493652999401092529e-01 4.831498265266418457e-01 1.337248563766479492e+00 -5.160406827926635742e-01 5.078889727592468262e-01 4.712876677513122559e-01 5.036256909370422363e-01 1.741757530880828631e-01 -1.982417869429219451e-02 -2.781060288596554075e-01 4.886270707338867259e-01 -1.843578860623724947e-01 1.492644983547165294e-01 3.707689121871557969e-01
1.661967671977908373e+09 -2.495379745960235596e-01 4.875076115131378174e-01 1.340531945228576660e+00 -5.114510655403137207e-01 5.068715214729309082e-01 4.763312041759490967e-01 5.045866370201110840e-01 1.710509787907177615e-01 -1.982447488922322101e-02 -2.781101840681752257e-01 4.886343713572401937e-01 -1.843606405710096208e-01 1.492667285297268609e-01 3.707744518805937139e-01
1.661967672009824514e+09 -2.496989518404006958e-01 4.917797446250915527e-01 1.343763113021850586e+00 -5.068775415420532227e-01 5.058017969131469727e-01 4.813677072525024414e-01 5.054944753646850586e-01 1.679046732749181758e-01 -1.982343824568335092e-02 -2.780956413815447448e-01 4.886088201298936506e-01 -1.843510001508616436e-01 1.492589232087346840e-01 3.707550636777438569e-01
1.661967672041738510e+09 -2.498482912778854370e-01 4.959659576416015625e-01 1.346941947937011719e+00 -5.023211240768432617e-01 5.046802163124084473e-01 4.863967895507812500e-01 5.063492059707641602e-01 1.647705245384479822e-01 -1.982477109300707224e-02 -2.781143394008706027e-01 4.886416721987554834e-01 -1.843633951619657041e-01 1.492689587713807164e-01 3.707799917395757650e-01
