1.661967717537013054e+09 1.378528122206244648e-16 -2.367949187755584717e-01 1.128897309303283691e+00 -6.125128269195556641e-01 6.125135421752929688e-01 3.533097505569458008e-01 3.533093035221099854e-01 0.000000000000000000e+00 0.000000000000000000e+00 0.000000000000000000e+00 0.000000000000000000e+00 0.000000000000000000e+00 0.000000000000000000e+00 0.000000000000000000e+00
1.661967720634299755e+09 1.378528122206244648e-16 -2.367949187755584717e-01 1.128897309303283691e+00 -6.125128269195556641e-01 6.125135421752929688e-01 3.533097505569458008e-01 3.533093035221099854e-01 0.000000000000000000e+00 0.000000000000000000e+00 0.000000000000000000e+00 0.000000000000000000e+00 0.000000000000000000e+00 0.000000000000000000e+00 0.000000000000000000e+00
1.661967720667211533e+09 -2.562236506491899490e-03 -2.258158922195434570e-01 1.134657979011535645e+00 6.132897734642028809e-01 -6.112460494041442871e-01 -3.526873290538787842e-01 -3.547755479812622070e-01 3.846812842747379668e-01 1.407760461763097881e-01 -5.584562307948430782e-01 5.299663918685446617e-01 -3.125998672990170646e-01 6.957986093599731470e-02 2.202984935844733150e-01
1.661967720699126720e+09 -5.235536489635705948e-03 -2.147342264652252197e-01 1.140228271484375000e+00 6.140649914741516113e-01 -6.099548339843750000e-01 -3.520910143852233887e-01 -3.562459945678710938e-01 3.975446087780682425e-01 1.451719454831853495e-01 -5.758946901389481177e-01 5.465152221415769951e-01 -3.223611695753157425e-01 7.175257476600485629e-02 2.271775757973706622e-01
1.661967720729046106e+09 -8.021485991775989532e-03 -2.035544812679290771e-01 1.145606160163879395e+00 6.148383021354675293e-01 -6.086402535438537598e-01 -3.515210151672363281e-01 -3.577203750610351562e-01 4.249735636219776902e-01 1.548557822176104826e-01 -6.143103091965298468e-01 5.829710550263974556e-01 -3.438645869559642798e-01 7.653890050543390999e-02 2.423316783784324469e-01
1.661967720760961056e+09 -1.092159654945135117e-02 -1.922812014818191528e-01 1.150789499282836914e+00 6.156098246574401855e-01 -6.073023676872253418e-01 -3.509772419929504395e-01 -3.591982126235961914e-01 3.992559125527048725e-01 1.451730299808768609e-01 -5.758989923232298302e-01 5.465193048484445759e-01 -3.223635777537197655e-01 7.175311078900457884e-02 2.271792729128546129e-01
1.661967720792875290e+09 -1.393729820847511292e-02 -1.809190213680267334e-01 1.155776262283325195e+00 6.163794994354248047e-01 -6.059411764144897461e-01 -3.504598140716552734e-01 -3.606792688369750977e-01 4.001208238570342912e-01 1.451762835711735977e-01 -5.759118992617678900e-01 5.465315533350090238e-01 -3.223708025048253600e-01 7.175471890605672476e-02 2.271843644114499294e-01
1.661967720824790239e+09 -1.706994697451591492e-02 -1.694726347923278809e-01 1.160564661026000977e+00 6.171475052833557129e-01 -6.045567989349365234e-01 -3.499684929847717285e-01 -3.621630370616912842e-01 4.009705056330205020e-01 1.451730299808760005e-01 -5.758989923232298302e-01 5.465193048484306981e-01 -3.223635777537197655e-01 7.175311078900457884e-02 2.271792729128528643e-01
1.661967720856705189e+09 -2.032081782817840576e-02 -1.579467505216598511e-01 1.165152549743652344e+00 6.179139018058776855e-01 -6.031492352485656738e-01 -3.495034873485565186e-01 -3.636492192745208740e-01 4.018276352204929736e-01 1.451730299808768609e-01 -5.758989923232437080e-01 5.465193048484445759e-01 -3.223635777537214864e-01 7.175311078900457884e-02 2.271792729128563615e-01
1.661967720888620853e+09 -2.369110286235809326e-02 -1.463461220264434814e-01 1.169538378715515137e+00 6.186786890029907227e-01 -6.017185449600219727e-01 -3.490646779537200928e-01 -3.651373684406280518e-01 4.026801695253116042e-01 1.451697765364112491e-01 -5.758860859632154439e-01 5.465070569108769760e-01 -3.223563533264426351e-01 7.175150274403081785e-02 2.271741816424702187e-01
1.661967720920535803e+09 -2.718191966414451599e-02 -1.346755772829055786e-01 1.173720359802246094e+00 6.194419264793395996e-01 -6.002648472785949707e-01 -3.486520648002624512e-01 -3.666272163391113281e-01 4.035507113078035113e-01 1.451730299808768609e-01 -5.758989923232437080e-01 5.465193048484375815e-01 -3.223635777537214864e-01 7.175311078900457884e-02 2.271792729128563615e-01
1.661967720952450275e+09 -3.079429827630519867e-02 -1.229399517178535461e-01 1.177696704864501953e+00 6.202036738395690918e-01 -5.987883210182189941e-01 -3.482656180858612061e-01 -3.681183159351348877e-01 4.044184267833115243e-01 1.451751990248706381e-01 -5.759075968846313343e-01 5.465274704451453802e-01 -3.223683942184755180e-01 7.175418285903381599e-02 2.271826672198928032e-01
1.661967720984366894e+09 -3.452919051051139832e-02 -1.111441180109977722e-01 1.181465983390808105e+00 6.209638714790344238e-01 -5.972888469696044922e-01 -3.479052484035491943e-01 -3.696102797985076904e-01 4.052558086643098800e-01 1.451654388372877746e-01 -5.758688783830470115e-01 5.464907271813849166e-01 -3.223467212604240739e-01 7.174935879617938550e-02 2.271673936369231761e-01
1.661967721016278505e+09 -3.838746249675750732e-02 -9.929300844669342041e-02 1.185026764869689941e+00 6.217227578163146973e-01 -5.957667231559753418e-01 -3.475710153579711914e-01 -3.711026906967163086e-01 4.061853823153444565e-01 1.451882146500867166e-01 -5.759592296531104161e-01 5.465764691499750416e-01 -3.223972960297273316e-01 7.176061595199699494e-02 2.272030351923305380e-01
1.661967721046198845e+09 -4.236989840865135193e-02 -8.739155530929565430e-02 1.188377380371093750e+00 6.224803328514099121e-01 -5.942217707633972168e-01 -3.472627997398376465e-01 -3.725953102111816406e-01 4.341411283598000104e-01 1.548508463785023825e-01 -6.142907288049861414e-01 5.829524735353337483e-01 -3.438536266918276740e-01 7.653646092136691392e-02 2.423239543518676542e-01
1.661967721077116013e+09 -4.647719860076904297e-02 -7.544474303722381592e-02 1.191516518592834473e+00 6.232365369796752930e-01 -5.926542878150939941e-01 -3.469806313514709473e-01 -3.740876317024230957e-01 4.210383283892795703e-01 1.498581616202701861e-01 -5.944848315137717387e-01 5.641569809858234530e-01 -3.327671341010743356e-01 7.406878037051529973e-02 2.345109708148606087e-01
1.661967721107036591e+09 -5.070997774600982666e-02 -6.345757842063903809e-02 1.194443106651306152e+00 6.239914894104003906e-01 -5.910641551017761230e-01 -3.467244207859039307e-01 -3.755794465541839600e-01 4.359893954292766161e-01 1.548496124678877539e-01 -6.142858339021302072e-01 5.829478283476502432e-01 -3.438508867349611142e-01 7.653585104965052177e-02 2.423220234221609981e-01
1.661967721137954473e+09 -5.506876856088638306e-02 -5.143508315086364746e-02 1.197155714035034180e+00 6.247452497482299805e-01 -5.894517302513122559e-01 -3.464940786361694336e-01 -3.770702481269836426e-01 4.228227498308840260e-01 1.498546947946094443e-01 -5.944710786741096431e-01 5.641439297520547402e-01 -3.327594358507616201e-01 7.406706685991698569e-02 2.345055456271852024e-01
1.661967721169869900e+09 -5.955401062965393066e-02 -3.938231617212295532e-02 1.199653148651123047e+00 6.254978775978088379e-01 -5.878167152404785156e-01 -3.462895154953002930e-01 -3.785596489906311035e-01 4.104762812268913930e-01 1.451708610016969325e-01 -5.758903880189576441e-01 5.465111394957354873e-01 -3.223587614328897177e-01 7.175203875101365814e-02 2.271758787072435948e-01
1.661967721201785564e+09 -6.416606903076171875e-02 -2.730434946715831757e-02 1.201934576034545898e+00 6.262493133544921875e-01 -5.861595869064331055e-01 -3.461108207702636719e-01 -3.800474405288696289e-01 4.113446702069039063e-01 1.451697765364112491e-01 -5.758860859632154439e-01 5.465070569108769760e-01 -3.223563533264408587e-01 7.175150274403255257e-02 2.271741816424710791e-01
1.661967721233699322e+09 -6.890521198511123657e-02 -1.520626898854970932e-02 1.203998684883117676e+00 6.269997358322143555e-01 -5.844801664352416992e-01 -3.459576964378356934e-01 -3.815331161022186279e-01 4.122398648420912415e-01 1.451784527123936019e-01 -5.759205042088642035e-01 5.465397192977282659e-01 -3.223756191854748043e-01 7.175579102413744137e-02 2.271877588706352202e-01
1.661967721265613794e+09 -7.377162575721740723e-02 -3.093184903264045715e-03 1.205844879150390625e+00 6.277491450309753418e-01 -5.827786326408386230e-01 -3.458302319049835205e-01 -3.830163776874542236e-01 4.131033635353715816e-01 1.451751990248697499e-01 -5.759075968846313343e-01 5.465274704451453802e-01 -3.223683942184737972e-01 7.175418285903033266e-02 2.271826672198928032e-01
1.661967721296529770e+09 -7.876542210578918457e-02 9.029786102473735809e-03 1.207472085952758789e+00 6.284975409507751465e-01 -5.810550451278686523e-01 -3.457283079624176025e-01 -3.844968378543853760e-01 4.273461003502539990e-01 1.498639400195121152e-01 -5.945077543273494802e-01 5.641787343840769520e-01 -3.327799653098296173e-01 7.407163639770604491e-02 2.345200133521585240e-01
1.661967721327446938e+09 -8.388660103082656860e-02 2.115751430392265320e-02 1.208879709243774414e+00 6.292449831962585449e-01 -5.793095231056213379e-01 -3.456518054008483887e-01 -3.859740793704986572e-01 4.282313503911688857e-01 1.498581616202701861e-01 -5.944848315137789552e-01 5.641569809858162365e-01 -3.327671341010743356e-01 7.406878037051708996e-02 2.345109708148597205e-01
1.661967721359362125e+09 -8.913508802652359009e-02 3.328486159443855286e-02 1.210066914558410645e+00 6.299915313720703125e-01 -5.775421857833862305e-01 -3.456006944179534912e-01 -3.874479532241821289e-01 4.157136098523781520e-01 1.451719454831857936e-01 -5.758946901389550010e-01 5.465152221415908729e-01 -3.223611695753157425e-01 7.175257476600485629e-02 2.271775757973715226e-01
1.661967721391277075e+09 -9.451074153184890747e-02 4.540668427944183350e-02 1.211033225059509277e+00 6.307372450828552246e-01 -5.757529735565185547e-01 -3.455747663974761963e-01 -3.889178335666656494e-01 4.165912179375164670e-01 1.451730299808760005e-01 -5.758989923232298302e-01 5.465193048484375815e-01 -3.223635777537197655e-01 7.175311078900457884e-02 2.271792729128537525e-01
1.661967721421197891e+09 -1.000132933259010315e-01 5.751783400774002075e-02 1.211777925491333008e+00 6.314821839332580566e-01 -5.739421248435974121e-01 -3.455739915370941162e-01 -3.903835117816925049e-01 4.452881689477954930e-01 1.548483785769393384e-01 -6.142809390772825395e-01 5.829431832339952990e-01 -3.438481468217621240e-01 7.653524118765527018e-02 2.423200925232305569e-01
1.661967721453111649e+09 -1.056424230337142944e-01 6.961316615343093872e-02 1.212300658226013184e+00 6.322262883186340332e-01 -5.721096992492675781e-01 -3.455982804298400879e-01 -3.918446302413940430e-01 4.183558616891196458e-01 1.451784527123936019e-01 -5.759205042088573201e-01 5.465397192977351493e-01 -3.223756191854765252e-01 7.175579102413744137e-02 2.271877588706352202e-01
1.661967721485026598e+09 -1.113977059721946716e-01 8.168753236532211304e-02 1.212600946426391602e+00 6.329696774482727051e-01 -5.702557563781738281e-01 -3.456474542617797852e-01 -3.933008313179016113e-01 4.192151154713035788e-01 1.451730299808764169e-01 -5.758989923232368247e-01 5.465193048484375815e-01 -3.223635777537197655e-01 7.175311078900457884e-02 2.271792729128554733e-01
1.661967721516941071e+09 -1.172786355018615723e-01 9.373578429222106934e-02 1.212678670883178711e+00 6.337124109268188477e-01 -5.683804154396057129e-01 -3.457215130329132080e-01 -3.947516977787017822e-01 4.200963316229529565e-01 1.451751990248706381e-01 -5.759075968846383287e-01 5.465274704451522636e-01 -3.223683942184737972e-01 7.175418285903206739e-02 2.271826672198928032e-01
1.661967721548856020e+09 -1.232846155762672424e-01 1.057527959346771240e-01 1.212533354759216309e+00 6.344544887542724609e-01 -5.664837360382080078e-01 -3.458202183246612549e-01 -3.961970210075378418e-01 4.209652295006384159e-01 1.451730299808768609e-01 -5.758989923232368247e-01 5.465193048484375815e-01 -3.223635777537232627e-01 7.175311078900457884e-02 2.271792729128554733e-01
1.661967721579772711e+09 -1.294149756431579590e-01 1.177334338426589966e-01 1.212164998054504395e+00 6.351959109306335449e-01 -5.645658373832702637e-01 -3.459435403347015381e-01 -3.976363539695739746e-01 4.354609568225628058e-01 1.498604729264929047e-01 -5.944940004270771183e-01 5.641656821438122416e-01 -3.327722664658349649e-01 7.406992275496199207e-02 2.345145877460989292e-01
1.661967721609692335e+09 -1.356689333915710449e-01 1.296725720167160034e-01 1.211573600769042969e+00 6.359367370605468750e-01 -5.626268386840820312e-01 -3.460912108421325684e-01 -3.990693092346191406e-01 4.509051911758796827e-01 1.548545482283354702e-01 -6.143054139816147563e-01 5.829664095425814985e-01 -3.438618468244244997e-01 7.653829059483611974e-02 2.423297473256283141e-01
1.661967721640609741e+09 -1.420456618070602417e-01 1.415651291608810425e-01 1.210758924484252930e+00 6.366770863533020020e-01 -5.606667399406433105e-01 -3.462632000446319580e-01 -4.004956781864166260e-01 4.372568953392840796e-01 1.498570059938928445e-01 -5.944802471631884799e-01 5.641526305074663350e-01 -3.327645679780601995e-01 7.406820919150614024e-02 2.345091623910774414e-01
1.661967721672032356e+09 -1.485441923141479492e-01 1.534059941768646240e-01 1.209721207618713379e+00 6.374169588088989258e-01 -5.586858391761779785e-01 -3.464594185352325439e-01 -4.019150435924530029e-01 4.311139595774122757e-01 1.474476233441846251e-01 -5.849222663159792113e-01 5.550822533788333235e-01 -3.274144198738270783e-01 7.287734956544160425e-02 2.307387527040853370e-01
1.661967721703947067e+09 -1.551635414361953735e-01 1.651901155710220337e-01 1.208460569381713867e+00 6.381562948226928711e-01 -5.566840171813964844e-01 -3.466795980930328369e-01 -4.033270478248596191e-01 4.253407584971555244e-01 1.451741144947718276e-01 -5.759032945717973417e-01 5.465233876162979287e-01 -3.223659859681060613e-01 7.175364682001300620e-02 2.271809700536968901e-01
1.661967721734864473e+09 -1.619025766849517822e-01 1.769124269485473633e-01 1.206977248191833496e+00 6.388952136039733887e-01 -5.546614527702331543e-01 -3.469236493110656738e-01 -4.047314524650573730e-01 4.399618287237493930e-01 1.498570059938928445e-01 -5.944802471631884799e-01 5.641526305074663350e-01 -3.327645679780601995e-01 7.406820919150793048e-02 2.345091623910765255e-01
1.661967721765290737e+09 -1.687601208686828613e-01 1.885679215192794800e-01 1.205271482467651367e+00 6.396337151527404785e-01 -5.526183247566223145e-01 -3.471914827823638916e-01 -4.061278104782104492e-01 4.479793401007812204e-01 1.522760052835458733e-01 -6.040763770608994498e-01 5.732592104995231086e-01 -3.381360702860192191e-01 7.526382193067492066e-02 2.382946210253168717e-01
1.661967721797204971e+09 -1.757348924875259399e-01 2.001515775918960571e-01 1.203343629837036133e+00 6.403719186782836914e-01 -5.505545735359191895e-01 -3.474827706813812256e-01 -4.075159132480621338e-01 4.279643031385469421e-01 1.451762835711727373e-01 -5.759118992617610067e-01 5.465315533350021404e-01 -3.223708025048236392e-01 7.175471890605672476e-02 2.271843644114481808e-01
1.661967721829119682e+09 -1.828255504369735718e-01 2.116584330797195435e-01 1.201194286346435547e+00 6.411098241806030273e-01 -5.484703779220581055e-01 -3.477974832057952881e-01 -4.088952541351318359e-01 4.288284331241403180e-01 1.451741144947718276e-01 -5.759032945717973417e-01 5.465233876162979287e-01 -3.223659859681078377e-01 7.175364682001475480e-02 2.271809700536951415e-01
1.661967721861036777e+09 -1.900306493043899536e-01 2.230835407972335815e-01 1.198823928833007812e+00 6.418473124504089355e-01 -5.463659763336181641e-01 -3.481355011463165283e-01 -4.102657437324523926e-01 4.296657948154446460e-01 1.451632700849343205e-01 -5.758602749785672881e-01 5.464825626825779992e-01 -3.223419054432726805e-01 7.174828687029910501e-02 2.271639997862675009e-01
1.661967721892951012e+09 -1.973486840724945068e-01 2.344219982624053955e-01 1.196233153343200684e+00 6.425845623016357422e-01 -5.442412495613098145e-01 -3.484964966773986816e-01 -4.116269052028656006e-01 4.305730990338763609e-01 1.451762835711735977e-01 -5.759118992617610067e-01 5.465315533350021404e-01 -3.223708025048236392e-01 7.175471890605672476e-02 2.271843644114499294e-01
1.661967721924865007e+09 -2.047780305147171021e-01 2.456689327955245972e-01 1.193422675132751465e+00 6.433216929435729980e-01 -5.420964360237121582e-01 -3.488803505897521973e-01 -4.129783809185028076e-01 4.314432528982357629e-01 1.451773681336811506e-01 -5.759162017031668190e-01 5.465356362858695416e-01 -3.223732108271581964e-01 7.175525496109411150e-02 2.271860616283618572e-01
1.661967721956780434e+09 -2.123170346021652222e-01 2.568194866180419922e-01 1.190393090248107910e+00 6.440585255622863770e-01 -5.399315953254699707e-01 -3.492869734764099121e-01 -4.143200516700744629e-01 4.322903924401470532e-01 1.451708610016960721e-01 -5.758903880189507607e-01 5.465111394957284929e-01 -3.223587614328897177e-01 7.175203875101365814e-02 2.271758787072444552e-01
1.661967721988694429e+09 -2.199639230966567993e-01 2.678688466548919678e-01 1.187145471572875977e+00 6.447952389717102051e-01 -5.377468466758728027e-01 -3.497161269187927246e-01 -4.156514108180999756e-01 4.331724731047271182e-01 1.451773681336811506e-01 -5.759162017031668190e-01 5.465356362858695416e-01 -3.223732108271564756e-01 7.175525496109237678e-02 2.271860616283618572e-01
1.661967722020607948e+09 -2.277168780565261841e-01 2.788122892379760742e-01 1.183680653572082520e+00 6.455317735671997070e-01 -5.355423092842102051e-01 -3.501676023006439209e-01 -4.169722199440002441e-01 4.340415893344523046e-01 1.451795373073113127e-01 -5.759248067788338421e-01 5.465438023706004067e-01 -3.223780275797759609e-01 7.175632709519386143e-02 2.271894561382662714e-01
1.661967722051526308e+09 -2.355739921331405640e-01 2.896451056003570557e-01 1.179999470710754395e+00 6.462681889533996582e-01 -5.333180427551269531e-01 -3.506412208080291748e-01 -4.182822406291961670e-01 4.489019010891685535e-01 1.498523836666139086e-01 -5.944619104678464661e-01 5.641352292650173572e-01 -3.327543038817630250e-01 7.406592456355935716e-02 2.345019289748526414e-01
1.661967722082442760e+09 -2.435332536697387695e-01 3.003625571727752686e-01 1.176103234291076660e+00 6.470046043395996094e-01 -5.310741662979125977e-01 -3.511367738246917725e-01 -4.195810258388519287e-01 4.498131505394881158e-01 1.498616286063417791e-01 -5.944985849897881369e-01 5.641700328234685591e-01 -3.327748327075850665e-01 7.407049396039994127e-02 2.345163962535580515e-01
1.661967722114357233e+09 -2.515926063060760498e-01 3.109600841999053955e-01 1.171992897987365723e+00 6.477409005165100098e-01 -5.288108587265014648e-01 -3.516540527343750000e-01 -4.208683967590332031e-01 4.366035861479601876e-01 1.451751990248697499e-01 -5.759075968846383287e-01 5.465274704451453802e-01 -3.223683942184755180e-01 7.175418285903033266e-02 2.271826672198928032e-01
1.661967722145274878e+09 -2.597499489784240723e-01 3.214330971240997314e-01 1.167669653892517090e+00 6.484771370887756348e-01 -5.265281796455383301e-01 -3.521929383277893066e-01 -4.221440255641937256e-01 4.515627425349224566e-01 1.498558503853402724e-01 -5.944756628833016698e-01 5.641482800962202004e-01 -3.327620018946211289e-01 7.406763802130796048e-02 2.345073539951870456e-01
1.661967722176193476e+09 -2.680030167102813721e-01 3.317770659923553467e-01 1.163134932518005371e+00 6.492133736610412598e-01 -5.242263078689575195e-01 -3.527532219886779785e-01 -4.234076440334320068e-01 4.524257760214763224e-01 1.498512281293483961e-01 -5.944573264707576632e-01 5.641308791221349983e-01 -3.327517379566239941e-01 7.406535342859410509e-02 2.345001206905170388e-01
1.661967722207110643e+09 -2.680030167102813721e-01 3.317770659923553467e-01 1.163134932518005371e+00 6.492133736610412598e-01 -5.242263078689575195e-01 -3.527532219886779785e-01 -4.234076440334320068e-01 0.000000000000000000e+00 0.000000000000000000e+00 0.000000000000000000e+00 0.000000000000000000e+00 0.000000000000000000e+00 0.000000000000000000e+00 0.000000000000000000e+00
1.661967722238028049e+09 -2.678182423114776611e-01 3.405832350254058838e-01 1.171291232109069824e+00 6.433707475662231445e-01 -5.243144035339355469e-01 -3.582943081855773926e-01 -4.275437295436859131e-01 3.882763707018899169e-01 -4.383604713920443569e-02 -3.415144601733324237e-01 7.215583159991459938e-01 -2.830158816280428646e-01 1.082008204934645640e-01 4.281475587831810592e-01
1.661967722269942760e+09 -2.675850987434387207e-01 3.492243587970733643e-01 1.179403424263000488e+00 6.375007033348083496e-01 -5.243273973464965820e-01 -3.638437688350677490e-01 -4.316148459911346436e-01 3.714455931440661107e-01 -4.246621160070680745e-02 -3.308424522030272708e-01 6.990102924235932491e-01 -2.741718996106323192e-01 1.048196458922100449e-01 4.147683473802953880e-01
1.661967722301857233e+09 -2.673040032386779785e-01 3.576992452144622803e-01 1.187470078468322754e+00 6.316042542457580566e-01 -5.242649316787719727e-01 -3.694006204605102539e-01 -4.356208443641662598e-01 3.667167966914344213e-01 -4.246652884655293531e-02 -3.308449237772443929e-01 6.990155144130858478e-01 -2.741739478247985917e-01 1.048204289523379379e-01 4.147714459268825316e-01
1.661967722333771944e+09 -2.669754326343536377e-01 3.660067319869995117e-01 1.195489287376403809e+00 6.256827712059020996e-01 -5.241267681121826172e-01 -3.749637901782989502e-01 -4.395616352558135986e-01 3.619393796901470006e-01 -4.246621160070680745e-02 -3.308424522030272708e-01 6.990102924235862547e-01 -2.741718996106323192e-01 1.048196458922100449e-01 4.147683473802971088e-01
1.661967722365685463e+09 -2.665998041629791260e-01 3.741456270217895508e-01 1.203459620475769043e+00 6.197376251220703125e-01 -5.239124894142150879e-01 -3.805321156978607178e-01 -4.434368312358856201e-01 3.571451776352778107e-01 -4.246779787733452605e-02 -3.308548104433695625e-01 6.990364031513298659e-01 -2.741821409874842796e-01 1.048235613098577185e-01 4.147838405761949399e-01
1.661967722397600174e+09 -2.661775648593902588e-01 3.821148276329040527e-01 1.211379289627075195e+00 6.137698888778686523e-01 -5.236221551895141602e-01 -3.861047327518463135e-01 -4.472466111183166504e-01 3.522862425630710059e-01 -4.246621160070680745e-02 -3.308424522030272708e-01 6.990102924235862547e-01 -2.741718996106323192e-01 1.048196458922100449e-01 4.147683473802971088e-01
1.661967722428517818e+09 -2.657091915607452393e-01 3.899132907390594482e-01 1.219246625900268555e+00 6.077808141708374023e-01 -5.232554674148559570e-01 -3.916804790496826172e-01 -4.509908258914947510e-01 3.586106751418670080e-01 -4.383570910154855477e-02 -3.415118266159042348e-01 7.215527517683970604e-01 -2.830136991770362820e-01 1.081999861127639490e-01 4.281442571625591054e-01
1.661967722459435463e+09 -2.651951611042022705e-01 3.975399136543273926e-01 1.227059960365295410e+00 6.017718315124511719e-01 -5.228120684623718262e-01 -3.972582519054412842e-01 -4.546692073345184326e-01 3.535389022454061836e-01 -4.383570910154944988e-02 -3.415118266159042348e-01 7.215527517683898440e-01 -2.830136991770326738e-01 1.081999861127639490e-01 4.281442571625608817e-01
1.661967722491349936e+09 -2.646360099315643311e-01 4.049937129020690918e-01 1.234817743301391602e+00 5.957440733909606934e-01 -5.222920179367065430e-01 -4.028371870517730713e-01 -4.582818448543548584e-01 3.375547307799385832e-01 -4.246652884655206794e-02 -3.308449237772374540e-01 6.990155144130858478e-01 -2.741739478247985917e-01 1.048204289523396726e-01 4.147714459268825316e-01
1.661967722521269798e+09 -2.640321552753448486e-01 4.122737050056457520e-01 1.242518305778503418e+00 5.896988511085510254e-01 -5.216951370239257812e-01 -4.084161818027496338e-01 -4.618286490440368652e-01 3.547548463916630479e-01 -4.529756309013740351e-02 -3.529007247567446659e-01 7.456154346762144947e-01 -2.924517740581523140e-01 1.118082904953344309e-01 4.424222146281192591e-01
1.661967722553184271e+09 -2.633841931819915771e-01 4.193789660930633545e-01 1.250159978866577148e+00 5.836374163627624512e-01 -5.210212469100952148e-01 -4.139941334724426270e-01 -4.653095602989196777e-01 3.275834313373204854e-01 -4.246652884655206794e-02 -3.308449237772374540e-01 6.990155144130822951e-01 -2.741739478247950945e-01 1.048204289523396726e-01 4.147714459268825316e-01
1.661967722585099459e+09 -2.626925706863403320e-01 4.263086020946502686e-01 1.257741093635559082e+00 5.775610804557800293e-01 -5.202704668045043945e-01 -4.195702075958251953e-01 -4.687246382236480713e-01 3.225500635657556625e-01 -4.246557712323596745e-02 -3.308375091653884548e-01 6.989998486786520582e-01 -2.741678032741159399e-01 1.048180798070475900e-01 4.147621504260101677e-01
1.661967722616016626e+09 -2.619578838348388672e-01 4.330617189407348633e-01 1.265260219573974609e+00 5.714710354804992676e-01 -5.194424986839294434e-01 -4.251431822776794434e-01 -4.720738232135772705e-01 3.277529632244978730e-01 -4.383638518207478435e-02 -3.415170937713781218e-01 7.215638803157196079e-01 -2.830180641127058583e-01 1.082016548870356615e-01 4.281508604547223373e-01
1.661967722646934032e+09 -2.611806392669677734e-01 4.396374821662902832e-01 1.272715568542480469e+00 5.653684735298156738e-01 -5.185374617576599121e-01 -4.307120442390441895e-01 -4.753572046756744385e-01 3.225144044178293035e-01 -4.383604713920443569e-02 -3.415144601733324237e-01 7.215583159991495465e-01 -2.830158816280428646e-01 1.082008204934645640e-01 4.281475587831774510e-01
1.661967722678356647e+09 -2.603613734245300293e-01 4.460351467132568359e-01 1.280105590820312500e+00 5.592549443244934082e-01 -5.175552964210510254e-01 -4.362759590148925781e-01 -4.785746932029724121e-01 3.121592564473421594e-01 -4.313125652425425088e-02 -3.360236323704606232e-01 7.099571894732864541e-01 -2.784655868302470805e-01 1.064611809093693046e-01 4.212638545959404568e-01
1.661967722708276749e+09 -2.595006823539733887e-01 4.522539079189300537e-01 1.287428617477416992e+00 5.531312823295593262e-01 -5.164961218833923340e-01 -4.418338537216186523e-01 -4.817265868186950684e-01 3.223836135728102570e-01 -4.529720213612294794e-02 -3.528979126643358444e-01 7.456094932333157121e-01 -2.924494436537182218e-01 1.118073995500263318e-01 4.424186891829615109e-01
1.661967722739194393e+09 -2.585991024971008301e-01 4.582930803298950195e-01 1.294683218002319336e+00 5.469992160797119141e-01 -5.153597593307495117e-01 -4.473846256732940674e-01 -4.848127365112304688e-01 3.066948500010256429e-01 -4.383570910154855477e-02 -3.415118266159042348e-01 7.215527517683898440e-01 -2.830136991770326738e-01 1.081999861127657531e-01 4.281442571625608817e-01
1.661967722770112276e+09 -2.576572597026824951e-01 4.641519486904144287e-01 1.301867723464965820e+00 5.408597588539123535e-01 -5.141463875770568848e-01 -4.529271721839904785e-01 -4.878331422805786133e-01 3.013883530880726025e-01 -4.383537106910702363e-02 -3.415091930990926117e-01 7.215471876234490489e-01 -2.830115167596889969e-01 1.081991517449317486e-01 4.281409555928605837e-01
1.661967722800033331e+09 -2.566756606101989746e-01 4.698298871517181396e-01 1.308980703353881836e+00 5.347141027450561523e-01 -5.128561854362487793e-01 -4.584609568119049072e-01 -4.907882213592529297e-01 3.059407646814649717e-01 -4.529575837758859080e-02 -3.528866647428423597e-01 7.455857284085939396e-01 -2.924401224073667205e-01 1.118038359107794838e-01 4.424045879641633205e-01
1.661967722831946611e+09 -2.556549608707427979e-01 4.753262698650360107e-01 1.316020369529724121e+00 5.285636782646179199e-01 -5.114890336990356445e-01 -4.639844000339508057e-01 -4.936778843402862549e-01 2.816814739826197234e-01 -4.246811514688102890e-02 -3.308572822022294857e-01 6.990416255309644944e-01 -2.741841893546643760e-01 1.048243444284910203e-01 4.147869393542708560e-01
1.661967722862863779e+09 -2.545957565307617188e-01 4.806405007839202881e-01 1.322985410690307617e+00 5.224096775054931641e-01 -5.100452303886413574e-01 -4.694969356060028076e-01 -4.965022802352905273e-01 2.854293748583079382e-01 -4.383638518207388229e-02 -3.415170937713817301e-01 7.215638803157196079e-01 -2.830180641127094665e-01 1.082016548870338712e-01 4.281508604547187291e-01
1.661967722893781662e+09 -2.534986436367034912e-01 4.857721030712127686e-01 1.329874157905578613e+00 5.162532329559326172e-01 -5.085250139236450195e-01 -4.749975502490997314e-01 -4.992617070674896240e-01 2.800897704650674447e-01 -4.383537106910612158e-02 -3.415091930990926117e-01 7.215471876234527127e-01 -2.830115167596854442e-01 1.081991517449335388e-01 4.281409555928605837e-01
1.661967722925697327e+09 -2.523642480373382568e-01 4.907205104827880859e-01 1.336685180664062500e+00 -5.100957155227661133e-01 5.069285035133361816e-01 4.804852008819580078e-01 5.019561648368835449e-01 2.661676455379174411e-01 -4.246494266472486401e-02 -3.308325662754529328e-01 6.989894052457812368e-01 -2.741637070599990400e-01 1.048165137686831727e-01 4.147559536568948269e-01
1.661967722956614971e+09 -2.511931657791137695e-01 4.954853057861328125e-01 1.343416929244995117e+00 -5.039382576942443848e-01 5.052556395530700684e-01 4.859588146209716797e-01 5.045859813690185547e-01 2.694298029841664666e-01 -4.383570910154855477e-02 -3.415118266159078431e-01 7.215527517683933967e-01 -2.830136991770326738e-01 1.081999861127657531e-01 4.281442571625608817e-01
