1.661967746116739988e+09 1.378528122206244648e-16 -2.367949187755584717e-01 1.128897309303283691e+00 -6.125128269195556641e-01 6.125135421752929688e-01 3.533097505569458008e-01 3.533093035221099854e-01 0.000000000000000000e+00 0.000000000000000000e+00 0.000000000000000000e+00 0.000000000000000000e+00 0.000000000000000000e+00 0.000000000000000000e+00 0.000000000000000000e+00
1.661967748562228680e+09 1.378528122206244648e-16 -2.367949187755584717e-01 1.128897309303283691e+00 -6.125128269195556641e-01 6.125135421752929688e-01 3.533097505569458008e-01 3.533093035221099854e-01 0.000000000000000000e+00 0.000000000000000000e+00 0.000000000000000000e+00 0.000000000000000000e+00 0.000000000000000000e+00 0.000000000000000000e+00 0.000000000000000000e+00
1.661967748592149019e+09 -2.357143536210060120e-02 -2.368979752063751221e-01 1.139484047889709473e+00 6.228600144386291504e-01 -5.896137356758117676e-01 -3.674038350582122803e-01 -3.597436845302581787e-01 8.636243755182461124e-01 9.608676237292352873e-01 1.888232557267417178e-01 1.411321802499880818e-01 5.669713814793586604e-01 7.953156552670439527e-01 -1.206451851324041424e+00
1.661967748623067617e+09 -4.697810485959053040e-02 -2.379721105098724365e-01 1.150186657905578613e+00 6.320807933807373047e-01 -5.665659308433532715e-01 -3.812826573848724365e-01 -3.661973178386688232e-01 8.331518579462845464e-01 9.298444073957864431e-01 1.827267814918461242e-01 1.365754920534106021e-01 5.486657633191354133e-01 7.696375607851334566e-01 -1.167499537961405931e+00
1.661967748653982878e+09 -7.017342001199722290e-02 -2.400068193674087524e-01 1.160993933677673340e+00 6.401770114898681641e-01 -5.434306263923645020e-01 -3.949407339096069336e-01 -3.726639449596405029e-01 8.303411937531026688e-01 9.299448008753133932e-01 1.827465101445804041e-01 1.365902378418133722e-01 5.487250016870152125e-01 7.697206570452052032e-01 -1.167625590599921104e+00
1.661967748685405731e+09 -9.311149269342422485e-02 -2.429889738559722900e-01 1.171894669532775879e+00 6.471537351608276367e-01 -5.202680826187133789e-01 -4.083722531795501709e-01 -3.791375458240509033e-01 8.137698005767157738e-01 9.149228164518207196e-01 1.797944905986144648e-01 1.343838096502226465e-01 5.398611009260632088e-01 7.572868741908989065e-01 -1.148764198592612695e+00
1.661967748717320681e+09 -1.157473102211952209e-01 -2.469028830528259277e-01 1.182877421379089355e+00 6.530196070671081543e-01 -4.971377551555633545e-01 -4.215719699859619141e-01 -3.856119513511657715e-01 7.978118236951370346e-01 9.008156404023605068e-01 1.770222430538203884e-01 1.323117484590153603e-01 5.315369937379230691e-01 7.456102834861362272e-01 -1.131051427091617656e+00
1.661967748749235392e+09 -1.380368471145629883e-01 -2.517303228378295898e-01 1.193930387496948242e+00 6.577863693237304688e-01 -4.740985035896301270e-01 -4.345346093177795410e-01 -3.920809328556060791e-01 7.941025447760138301e-01 9.008223699379960259e-01 1.770235654969927741e-01 1.323127368928153080e-01 5.315409645805468930e-01 7.456158535614647587e-01 -1.131059876601752334e+00
1.661967748781150103e+09 -1.599372923374176025e-01 -2.574506103992462158e-01 1.205041766166687012e+00 6.614689826965332031e-01 -4.512083232402801514e-01 -4.472551643848419189e-01 -3.985382616519927979e-01 7.900855192993184728e-01 9.008223699379994676e-01 1.770235654969788686e-01 1.323127368928013747e-01 5.315409645805485583e-01 7.456158535614665350e-01 -1.131059876601754111e+00
1.661967748813064814e+09 -1.814071089029312134e-01 -2.640407085418701172e-01 1.216199636459350586e+00 6.640855669975280762e-01 -4.285240471363067627e-01 -4.597286581993103027e-01 -4.049779474735260010e-01 7.857658380602365877e-01 9.008223699379960259e-01 1.770235654969927741e-01 1.323127368928153080e-01 5.315409645805468930e-01 7.456158535614647587e-01 -1.131059876601752334e+00
1.661967748844979763e+09 -2.024062871932983398e-01 -2.714752852916717529e-01 1.227391958236694336e+00 6.656574010848999023e-01 -4.061012566089630127e-01 -4.719504415988922119e-01 -4.113936424255371094e-01 7.811396316196534961e-01 9.008156404023621722e-01 1.770222430538064828e-01 1.323117484590014548e-01 5.315369937379230691e-01 7.456102834861362272e-01 -1.131051427091617656e+00
1.661967748876894474e+09 -2.228963822126388550e-01 -2.797268629074096680e-01 1.238606572151184082e+00 6.662088036537170410e-01 -3.839941918849945068e-01 -4.839160144329071045e-01 -4.177793860435485840e-01 7.762241996754787321e-01 9.008223699379976912e-01 1.770235654969927741e-01 1.323127368928153080e-01 5.315409645805485583e-01 7.456158535614665350e-01 -1.131059876601754111e+00
1.661967748908808947e+09 -2.428406924009323120e-01 -2.887657582759857178e-01 1.249831199645996094e+00 6.657670140266418457e-01 -3.622553646564483643e-01 -4.956208765506744385e-01 -4.241289198398590088e-01 7.710071901786924586e-01 9.008290995741815577e-01 1.770248879599238823e-01 1.323137253413835257e-01 5.315449354825011463e-01 7.456214237200163852e-01 -1.131068326238137134e+00
1.661967748940724134e+09 -2.622044086456298828e-01 -2.985604703426361084e-01 1.261053800582885742e+00 6.643619537353515625e-01 -3.409355282783508301e-01 -5.070610046386718750e-01 -4.304363131523132324e-01 7.654738200176941509e-01 9.008089109672675621e-01 1.770209206303924310e-01 1.323107600399694717e-01 5.315330229546257890e-01 7.456047134940295695e-01 -1.131042977707718222e+00
1.661967748970644236e+09 -2.809546589851379395e-01 -3.090775310993194580e-01 1.272261857986450195e+00 6.620263457298278809e-01 -3.200836479663848877e-01 -5.182323455810546875e-01 -4.366953074932098389e-01 8.103116907028341531e-01 9.608752804110186618e-01 1.888247603664514052e-01 1.411333048629596354e-01 5.669758993956055537e-01 7.953219927465670080e-01 -1.206461464945820516e+00
1.661967749002558947e+09 -2.990607321262359619e-01 -3.202818632125854492e-01 1.283443331718444824e+00 6.587957739830017090e-01 -2.997464835643768311e-01 -5.291310548782348633e-01 -4.429000914096832275e-01 7.535643324572671720e-01 9.008223699379976912e-01 1.770235654969788686e-01 1.323127368928013747e-01 5.315409645805477812e-01 7.456158535614656468e-01 -1.131059876601752334e+00
1.661967749033475876e+09 -3.164940178394317627e-01 -3.321367204189300537e-01 1.294585943222045898e+00 6.547080874443054199e-01 -2.799685597419738770e-01 -5.397534966468811035e-01 -4.490445256233215332e-01 7.712812232963141001e-01 9.298946014258753223e-01 1.827366452857331902e-01 1.365828645496221794e-01 5.486953809041998920e-01 7.696791066723561725e-01 -1.167562560878434796e+00
1.661967749064393759e+09 -3.332282602787017822e-01 -3.446040153503417969e-01 1.305677533149719238e+00 6.498034596443176270e-01 -2.607923150062561035e-01 -5.500963330268859863e-01 -4.551228880882263184e-01 7.643611508008636424e-01 9.298659184594296745e-01 1.827310087016976725e-01 1.365786515971919579e-01 5.486784561783489833e-01 7.696553656161583268e-01 -1.167526546949857469e+00
1.661967749096307755e+09 -3.492395281791687012e-01 -3.576442897319793701e-01 1.316705942153930664e+00 6.441244482994079590e-01 -2.422574013471603394e-01 -5.601562261581420898e-01 -4.611290693283081055e-01 7.335387625336229345e-01 9.008425591481982186e-01 1.770275329450502477e-01 1.323157022828121976e-01 5.315528774643994980e-01 7.456325642867961401e-01 -1.131085225889651102e+00
1.661967749127225161e+09 -3.645062744617462158e-01 -3.712170124053955078e-01 1.327659249305725098e+00 6.377155780792236328e-01 -2.244009673595428467e-01 -5.699301958084106445e-01 -4.670574963092803955e-01 7.497080018140384050e-01 9.298802597214647081e-01 1.827338269502490897e-01 1.365807580409190147e-01 5.486869184107600050e-01 7.696672359611788083e-01 -1.167544553636424176e+00
1.661967749158142090e+09 -3.790095150470733643e-01 -3.852806687355041504e-01 1.338525533676147461e+00 6.306234598159790039e-01 -2.072574794292449951e-01 -5.794152617454528809e-01 -4.729021787643432617e-01 7.419621892287414644e-01 9.298946014258753223e-01 1.827366452857188406e-01 1.365828645496078020e-01 5.486953809041998920e-01 7.696791066723557284e-01 -1.167562560878434796e+00
1.661967749189566374e+09 -3.927327692508697510e-01 -3.997929394245147705e-01 1.349293112754821777e+00 6.228963136672973633e-01 -1.908585727214813232e-01 -5.886086821556091309e-01 -4.786575138568878174e-01 7.220799503286980947e-01 9.148811668922587348e-01 1.797863059067506264e-01 1.343776921653699608e-01 5.398365251075629700e-01 7.572524006110462613e-01 -1.148711903992402084e+00
1.661967749220483780e+09 -3.927327692508697510e-01 -3.997929394245147705e-01 1.349293112754821777e+00 6.228963136672973633e-01 -1.908585727214813232e-01 -5.886086821556091309e-01 -4.786575138568878174e-01 0.000000000000000000e+00 0.000000000000000000e+00 0.000000000000000000e+00 0.000000000000000000e+00 -3.590931987227799002e-15 0.000000000000000000e+00 0.000000000000000000e+00
1.661967749251401424e+09 -3.959330022335052490e-01 -3.846655488014221191e-01 1.359390854835510254e+00 6.232651472091674805e-01 -1.957320123910903931e-01 -5.874006748199462891e-01 -4.776923358440399170e-01 5.973085086778575636e-01 -2.520493436604092086e-01 -8.433010510812559701e-01 8.765406208715461611e-01 -7.011088636224704906e-01 -1.848757571223437479e-01 9.294934240673986547e-01
1.661967749282824516e+09 -3.990186452865600586e-01 -3.692045807838439941e-01 1.369098544120788574e+00 6.235823035240173340e-01 -2.007160186767578125e-01 -5.861281156539916992e-01 -4.767726063728332520e-01 5.892135565536860131e-01 -2.479950741831783712e-01 -8.297363670322396301e-01 8.624412709857607329e-01 -6.898313723792000030e-01 -1.819019896516737289e-01 9.145423166224989631e-01
1.661967749314739227e+09 -4.019771218299865723e-01 -3.534187078475952148e-01 1.378411054611206055e+00 6.238425970077514648e-01 -2.058096826076507568e-01 -5.847922563552856445e-01 -4.758999943733215332e-01 5.817150960089840783e-01 -2.441749199700807560e-01 -8.169549805925229169e-01 8.491560931822826896e-01 -6.792051039655964129e-01 -1.790999434641513122e-01 9.004545663096606978e-01
1.661967749346653700e+09 -4.047959446907043457e-01 -3.373170495033264160e-01 1.387323498725891113e+00 6.240403652191162109e-01 -2.110120505094528198e-01 -5.833950638771057129e-01 -4.750764369964599609e-01 5.833808681805917606e-01 -2.441767440903827302e-01 -8.169610836933882680e-01 8.491624368430987779e-01 -6.792101779994940136e-01 -1.791012814387641094e-01 9.004612931981571533e-01
1.661967749378568649e+09 -4.074629843235015869e-01 -3.209092319011688232e-01 1.395831108093261719e+00 6.241701841354370117e-01 -2.163220047950744629e-01 -5.819383263587951660e-01 -4.743039608001708984e-01 5.851098581079766658e-01 -2.441730958770292059e-01 -8.169488775828293026e-01 8.491497496162464520e-01 -6.792000300075022867e-01 -1.790986055095307172e-01 9.004478395216838349e-01
1.661967749409991741e+09 -4.099662303924560547e-01 -3.042052388191223145e-01 1.403929591178894043e+00 6.242268085479736328e-01 -2.217379510402679443e-01 -5.804235339164733887e-01 -4.735838770866394043e-01 5.961112676091381291e-01 -2.479950741831748462e-01 -8.297363670322396301e-01 8.624412709857536274e-01 -6.898313723792035557e-01 -1.819019896516719526e-01 9.145423166224918576e-01
1.661967749441906929e+09 -4.122940003871917725e-01 -2.872155010700225830e-01 1.411614894866943359e+00 6.242048144340515137e-01 -2.272583395242691040e-01 -5.788526535034179688e-01 -4.729181528091430664e-01 5.888058454469375924e-01 -2.441712718112310221e-01 -8.169427746643194155e-01 8.491434061449878445e-01 -6.791949561252205170e-01 -1.790972675749010756e-01 9.004411128342032500e-01
1.661967749471827269e+09 -4.144348204135894775e-01 -2.699509263038635254e-01 1.418882966041564941e+00 6.240989565849304199e-01 -2.328812032938003540e-01 -5.772275924682617188e-01 -4.723083078861236572e-01 6.301400795919687159e-01 -2.604506537088692175e-01 -8.714099661509631112e-01 9.057574774563232900e-01 -7.244782279519842438e-01 -1.910380368310394261e-01 9.604753037667730364e-01
1.661967749503251791e+09 -4.163775444030761719e-01 -2.524227797985076904e-01 1.425730466842651367e+00 6.239039301872253418e-01 -2.386045604944229126e-01 -5.755501985549926758e-01 -4.717559814453125000e-01 6.020203480765131676e-01 -2.479837849169565511e-01 -8.296985956580613664e-01 8.624020108143938268e-01 -6.897999697796293184e-01 -1.818937090840284931e-01 9.145006847001010408e-01
1.661967749535166502e+09 -4.181112945079803467e-01 -2.346427440643310547e-01 1.432154059410095215e+00 6.236146092414855957e-01 -2.444261312484741211e-01 -5.738224387168884277e-01 -4.712626934051513672e-01 5.948402278081647010e-01 -2.441749199700772588e-01 -8.169549805925229169e-01 8.491560931822826896e-01 -6.792051039655964129e-01 -1.790999434641521726e-01 9.004545663096676922e-01
1.661967749567081213e+09 -4.196254611015319824e-01 -2.166228890419006348e-01 1.438150763511657715e+00 6.232258677482604980e-01 -2.503433227539062500e-01 -5.720463991165161133e-01 -4.708298146724700928e-01 5.969575563632616433e-01 -2.441749199700772588e-01 -8.169549805925159225e-01 8.491560931822826896e-01 -6.792051039655894185e-01 -1.790999434641504240e-01 9.004545663096606978e-01
1.661967749597000599e+09 -4.209098517894744873e-01 -1.983756422996520996e-01 1.443717956542968750e+00 6.227327585220336914e-01 -2.563533484935760498e-01 -5.702239274978637695e-01 -4.704588353633880615e-01 6.390775663599352896e-01 -2.604589555202745377e-01 -8.714377421656941403e-01 9.057863482909560560e-01 -7.245013205475633322e-01 -1.910441261294538451e-01 9.605059187209610272e-01
1.661967749628915548e+09 -4.219545125961303711e-01 -1.799138188362121582e-01 1.448853254318237305e+00 6.221302747726440430e-01 -2.624534666538238525e-01 -5.683573484420776367e-01 -4.701510965824127197e-01 6.013226990520735837e-01 -2.441730958770257365e-01 -8.169488775828293026e-01 8.491497496162533354e-01 -6.792000300075022867e-01 -1.790986055095307172e-01 9.004478395216768405e-01
1.661967749660830736e+09 -4.227499067783355713e-01 -1.612505763769149780e-01 1.453554511070251465e+00 6.214135885238647461e-01 -2.686405777931213379e-01 -5.664486289024353027e-01 -4.699078500270843506e-01 6.035586086946467255e-01 -2.441712718112293012e-01 -8.169427746643194155e-01 8.491434061449808501e-01 -6.791949561252239587e-01 -1.790972675749010756e-01 9.004411128342032500e-01
1.661967749692744970e+09 -4.232867956161499023e-01 -1.423993706703186035e-01 1.457819938659667969e+00 6.205780506134033203e-01 -2.749111652374267578e-01 -5.644999742507934570e-01 -4.697303175926208496e-01 6.058488822744877433e-01 -2.441785682379427613e-01 -8.169671868854621044e-01 8.491687805986968263e-01 -6.792152521092037487e-01 -1.791026194333635302e-01 9.004680201871474443e-01
1.661967749724659681e+09 -4.235563278198242188e-01 -1.233740150928497314e-01 1.461648106575012207e+00 6.196189522743225098e-01 -2.812618613243103027e-01 -5.625134706497192383e-01 -4.696196615695953369e-01 6.081379325984053175e-01 -2.441749199700772588e-01 -8.169549805925229169e-01 8.491560931822826896e-01 -6.792051039655928601e-01 -1.790999434641513122e-01 9.004545663096676922e-01
1.661967749756574154e+09 -4.235500693321228027e-01 -1.041886135935783386e-01 1.465037822723388672e+00 6.185319423675537109e-01 -2.876889705657958984e-01 -5.604916214942932129e-01 -4.695770442485809326e-01 6.104613599546407920e-01 -2.441767440903827302e-01 -8.169610836934021458e-01 8.491624368431057723e-01 -6.792101779994974553e-01 -1.791012814387623886e-01 9.004612931981537116e-01
1.661967749788488626e+09 -4.232599437236785889e-01 -8.485756814479827881e-02 1.467988133430480957e+00 6.173124313354492188e-01 -2.941884696483612061e-01 -5.584363341331481934e-01 -4.696033895015716553e-01 6.127953462188318046e-01 -2.441767440903844788e-01 -8.169610836934021458e-01 8.491624368430987779e-01 -6.792101779994940136e-01 -1.791012814387623886e-01 9.004612931981571533e-01
1.661967749820403814e+09 -4.226782321929931641e-01 -6.539554148912429810e-02 1.470498442649841309e+00 6.159563660621643066e-01 -3.007564544677734375e-01 -5.563501715660095215e-01 -4.696997404098510742e-01 6.151264175316315530e-01 -2.441712718112293012e-01 -8.169427746643194155e-01 8.491434061449878445e-01 -6.791949561252205170e-01 -1.790972675749010756e-01 9.004411128342032500e-01
1.661967749850323677e+09 -4.217977523803710938e-01 -4.581746831536293030e-02 1.472568273544311523e+00 6.144594550132751465e-01 -3.073886334896087646e-01 -5.542352795600891113e-01 -4.698670208454132080e-01 6.586548126606638354e-01 -2.604548045484174068e-01 -8.714238539369786318e-01 9.057719126435765933e-01 -7.244897740657550989e-01 -1.910410814317226869e-01 9.604906109999058472e-01
1.661967749882238388e+09 -4.206116199493408203e-01 -2.613852173089981079e-02 1.474197864532470703e+00 6.128178834915161133e-01 -3.140804469585418701e-01 -5.520942211151123047e-01 -4.701060354709625244e-01 6.198362930164220685e-01 -2.441749199700772588e-01 -8.169549805925229169e-01 8.491560931822826896e-01 -6.792051039655964129e-01 -1.790999434641513122e-01 9.004545663096642505e-01
1.661967749914153099e+09 -4.191134274005889893e-01 -6.374095566570758820e-03 1.475387454032897949e+00 6.110278964042663574e-01 -3.208275139331817627e-01 -5.499291419982910156e-01 -4.704175591468811035e-01 6.221830879303238415e-01 -2.441749199700772588e-01 -8.169549805925229169e-01 8.491560931822896841e-01 -6.792051039655928601e-01 -1.790999434641513122e-01 9.004545663096676922e-01
1.661967749944073200e+09 -4.172971844673156738e-01 1.346019934862852097e-02 1.476137399673461914e+00 6.090856790542602539e-01 -3.276248574256896973e-01 -5.477424263954162598e-01 -4.708023071289062500e-01 6.661539179374301733e-01 -2.604527291121071508e-01 -8.714169099886458492e-01 9.057646949924254010e-01 -7.244840009628689126e-01 -1.910395591192519948e-01 9.604829573223552242e-01
1.661967749974990129e+09 -4.151574075222015381e-01 3.334856033325195312e-02 1.476448893547058105e+00 6.069878935813903809e-01 -3.344678282737731934e-01 -5.455366373062133789e-01 -4.712608456611633301e-01 6.470747298086679811e-01 -2.520551747614753202e-01 -8.433205606486610106e-01 8.765608994284271871e-01 -7.011250836077408399e-01 -1.848800341786094315e-01 9.295149276746572653e-01
1.661967750006905079e+09 -4.126889705657958984e-01 5.327501147985458374e-02 1.476322770118713379e+00 6.047311425209045410e-01 -3.413510918617248535e-01 -5.433140993118286133e-01 -4.717938601970672607e-01 6.291458174558538508e-01 -2.441730958770292059e-01 -8.169488775828293026e-01 8.491497496162394576e-01 -6.792000300075057284e-01 -1.790986055095307172e-01 9.004478395216838349e-01
1.661967750037822485e+09 -4.098872840404510498e-01 7.322341948747634888e-02 1.475760698318481445e+00 6.023122668266296387e-01 -3.482696115970611572e-01 -5.410773754119873047e-01 -4.724017977714538574e-01 6.518021260914066417e-01 -2.520512873307875767e-01 -8.433075541700927324e-01 8.765473802862596697e-01 -7.011142702008394956e-01 -1.848771827857776939e-01 9.295005918259340305e-01
1.661967750068739891e+09 -4.067482054233551025e-01 9.317749738693237305e-02 1.474764466285705566e+00 5.997285842895507812e-01 -3.552180230617523193e-01 -5.388286709785461426e-01 -4.730850756168365479e-01 6.541309809710068590e-01 -2.520512873307875767e-01 -8.433075541700856270e-01 8.765473802862524533e-01 -7.011142702008394956e-01 -1.848771827857785821e-01 9.295005918259376942e-01
1.661967750100655079e+09 -4.032679796218872070e-01 1.131208613514900208e-01 1.473335862159729004e+00 5.969769954681396484e-01 -3.621907532215118408e-01 -5.365707278251647949e-01 -4.738440215587615967e-01 6.359069341183271051e-01 -2.441712718112275526e-01 -8.169427746643124211e-01 8.491434061449878445e-01 -6.791949561252205170e-01 -1.790972675749002152e-01 9.004411128341998083e-01
1.661967750132569075e+09 -3.994434475898742676e-01 1.330369859933853149e-01 1.471477508544921875e+00 5.940551757812500000e-01 -3.691822588443756104e-01 -5.343058705329895020e-01 -4.746789634227752686e-01 6.381207620789898227e-01 -2.441803924127597114e-01 -8.169732901687256632e-01 8.491751244490859385e-01 -6.792203262947343889e-01 -1.791039574479578456e-01 9.004747472766583272e-01
1.661967750163486958e+09 -3.952718675136566162e-01 1.529092937707901001e-01 1.469191789627075195e+00 5.909605026245117188e-01 -3.761868774890899658e-01 -5.320368409156799316e-01 -4.755901694297790527e-01 6.609015994024448615e-01 -2.520474000200074172e-01 -8.432945480927144244e-01 8.765338615610810402e-01 -7.011034571274783467e-01 -1.848743314808973803e-01 9.294862564194021903e-01
1.661967750194404364e+09 -3.907509744167327881e-01 1.727211177349090576e-01 1.466481685638427734e+00 5.876910090446472168e-01 -3.831986188888549805e-01 -5.297657847404479980e-01 -4.765776693820953369e-01 6.630896615876555877e-01 -2.520512873307894086e-01 -8.433075541700927324e-01 8.765473802862596697e-01 -7.011142702008394956e-01 -1.848771827857776939e-01 9.295005918259340305e-01
1.661967750224323750e+09 -3.858790099620819092e-01 1.924557387828826904e-01 1.463350415229797363e+00 5.842447280883789062e-01 -3.902117013931274414e-01 -5.274954438209533691e-01 -4.776416122913360596e-01 6.874095112597724544e-01 -2.604589555202727058e-01 -8.714377421656941403e-01 9.057863482909486175e-01 -7.245013205475633322e-01 -1.910441261294538451e-01 9.605059187209572524e-01
1.661967750256239176e+09 -3.806546926498413086e-01 2.120964229106903076e-01 1.459801435470581055e+00 5.806198716163635254e-01 -3.972198963165283203e-01 -5.252282023429870605e-01 -4.787819981575012207e-01 6.464325732038301853e-01 -2.441694477726820967e-01 -8.169366718369909242e-01 8.491370627685117523e-01 -6.791898823187475509e-01 -1.790959296602593065e-01 9.004343862472220517e-01
1.661967750286159039e+09 -3.750771880149841309e-01 2.316263914108276367e-01 1.455838561058044434e+00 5.768148899078369141e-01 -4.042172431945800781e-01 -5.229667425155639648e-01 -4.799987673759460449e-01 6.916402617887942306e-01 -2.604548045484192387e-01 -8.714238539369860703e-01 9.057719126435765933e-01 -7.244897740657587626e-01 -1.910410814317236305e-01 9.604906109999132857e-01
1.661967750318073750e+09 -3.691462278366088867e-01 2.510288953781127930e-01 1.451465606689453125e+00 5.728284716606140137e-01 -4.111973941326141357e-01 -5.207134485244750977e-01 -4.812917411327362061e-01 6.503166027108010505e-01 -2.441749199700772588e-01 -8.169549805925229169e-01 8.491560931822826896e-01 -6.792051039655928601e-01 -1.790999434641513122e-01 9.004545663096624741e-01
1.661967750348991394e+09 -3.628619909286499023e-01 2.702872455120086670e-01 1.446686983108520508e+00 5.686596035957336426e-01 -4.181541204452514648e-01 -5.184708237648010254e-01 -4.826607406139373779e-01 6.731987514391502003e-01 -2.520493436604109849e-01 -8.433010510812559701e-01 8.765406208715461611e-01 -7.011088636224669379e-01 -1.848757571223437479e-01 9.294934240673967674e-01
1.661967750379908562e+09 -3.562251329421997070e-01 2.893846631050109863e-01 1.441507101058959961e+00 5.643073320388793945e-01 -4.250810444355010986e-01 -5.162414312362670898e-01 -4.841054677963256836e-01 6.750554674042849035e-01 -2.520532310311433544e-01 -8.433140573592198264e-01 8.765541398052095756e-01 -7.011196768625980180e-01 -1.848786084711997180e-01 9.295077596950218624e-01
1.661967750411333084e+09 -3.492368161678314209e-01 3.083046078681945801e-01 1.435931086540222168e+00 5.597710609436035156e-01 -4.319717884063720703e-01 -5.140277147293090820e-01 -4.856255948543548584e-01 6.659095232250215046e-01 -2.479837849169565511e-01 -8.296985956580613664e-01 8.624020108143973795e-01 -6.897999697796293184e-01 -1.818937090840284931e-01 9.145006847000992645e-01
1.661967750441253185e+09 -3.418987393379211426e-01 3.270304501056671143e-01 1.429963707923889160e+00 5.550503730773925781e-01 -4.388198256492614746e-01 -5.118322372436523438e-01 -4.872206747531890869e-01 7.011639945301952892e-01 -2.604527291121053190e-01 -8.714169099886458492e-01 9.057646949924365032e-01 -7.244840009628670252e-01 -1.910395591192510512e-01 9.604829573223552242e-01
1.661967750473166943e+09 -3.342129886150360107e-01 3.455457985401153564e-01 1.423610448837280273e+00 5.501451492309570312e-01 -4.456185996532440186e-01 -5.096574425697326660e-01 -4.888902306556701660e-01 6.589574218205929146e-01 -2.441822166148306661e-01 -8.169793935431741705e-01 8.491814683942472408e-01 -6.792254005560806052e-01 -1.791052954825431420e-01 9.004814744666780335e-01
1.661967750504084826e+09 -3.261822164058685303e-01 3.638342618942260742e-01 1.416876912117004395e+00 5.450553894042968750e-01 -4.523616433143615723e-01 -5.075058341026306152e-01 -4.906336665153503418e-01 6.817564329215997088e-01 -2.520474000200074172e-01 -8.432945480927073190e-01 8.765338615610882567e-01 -7.011034571274783467e-01 -1.848743314808973803e-01 9.294862564194021903e-01
1.661967750535001516e+09 -3.178095221519470215e-01 3.818796575069427490e-01 1.409768819808959961e+00 5.397814512252807617e-01 -4.590422809123992920e-01 -5.053797364234924316e-01 -4.924503862857818604e-01 6.832860867434740193e-01 -2.520571185217904686e-01 -8.433270640383971894e-01 8.765676591558859698e-01 -7.011304904362807289e-01 -1.848814599080100263e-01 9.295220957648555604e-01
1.661967750566916943e+09 -3.090984523296356201e-01 3.996659219264984131e-01 1.402292370796203613e+00 5.343237519264221191e-01 -4.656541347503662109e-01 -5.032818913459777832e-01 -4.943397641181945801e-01 6.632877184065629761e-01 -2.441694477726829571e-01 -8.169366718369909242e-01 8.491370627685048689e-01 -6.791898823187457745e-01 -1.790959296602593065e-01 9.004343862472220517e-01
1.661967750598831177e+09 -3.000531196594238281e-01 4.171771705150604248e-01 1.394453883171081543e+00 5.286833047866821289e-01 -4.721902608871459961e-01 -5.012143850326538086e-01 -4.963008165359497070e-01 6.646230259826982900e-01 -2.441785682379427613e-01 -8.169671868854621044e-01 8.491687805987002680e-01 -6.792152521092073014e-01 -1.791026194333644184e-01 9.004680201871509970e-01
1.661967750629748583e+09 -2.906779646873474121e-01 4.343976974487304688e-01 1.386259794235229492e+00 5.228609442710876465e-01 -4.786442816257476807e-01 -4.991797804832458496e-01 -4.983328580856323242e-01 6.873308304264128532e-01 -2.520512873307884649e-01 -8.433075541700927324e-01 8.765473802862524533e-01 -7.011142702008394956e-01 -1.848771827857776939e-01 9.295005918259340305e-01
1.661967750660665512e+09 -2.809780538082122803e-01 4.513120055198669434e-01 1.377717018127441406e+00 -5.168580412864685059e-01 4.850095510482788086e-01 4.971804916858673096e-01 5.004349350929260254e-01 6.885412521004883324e-01 -2.520551747614779847e-01 -8.433205606486610106e-01 8.765608994284199706e-01 -7.011250836077445037e-01 -1.848800341786103196e-01 9.295149276746609290e-01
1.661967750692580462e+09 -2.709587514400482178e-01 4.679048061370849609e-01 1.368832588195800781e+00 -5.106760859489440918e-01 4.912794530391693115e-01 4.952187538146972656e-01 5.026060342788696289e-01 6.680976168002613624e-01 -2.441730958770265969e-01 -8.169488775828258609e-01 8.491497496162464520e-01 -6.792000300075022867e-01 -1.790986055095307172e-01 9.004478395216838349e-01
1.661967750724494934e+09 -2.606259882450103760e-01 4.841610789299011230e-01 1.359613776206970215e+00 -5.043168067932128906e-01 4.974474310874938965e-01 4.932970702648162842e-01 5.048452019691467285e-01 6.691195933776887816e-01 -2.441767440903827302e-01 -8.169610836934021458e-01 8.491624368431022196e-01 -6.792101779994940136e-01 -1.791012814387623886e-01 9.004612931981537116e-01
1.661967750754415035e+09 -2.499860674142837524e-01 5.000660419464111328e-01 1.350067853927612305e+00 -4.977822601795196533e-01 5.035070776939392090e-01 4.914176762104034424e-01 5.071511864662170410e-01 7.147229556459253619e-01 -2.604527291121062071e-01 -8.714169099886420744e-01 9.057646949924328394e-01 -7.244840009628689126e-01 -1.910395591192510512e-01 9.604829573223552242e-01
