1.661967613796738863e+09 1.378528122206244648e-16 -2.367949187755584717e-01 1.128897309303283691e+00 -6.125128269195556641e-01 6.125135421752929688e-01 3.533097505569458008e-01 3.533093035221099854e-01 0.000000000000000000e+00 0.000000000000000000e+00 0.000000000000000000e+00 0.000000000000000000e+00 0.000000000000000000e+00 0.000000000000000000e+00 0.000000000000000000e+00
1.661967615513670444e+09 1.378528122206244648e-16 -2.367949187755584717e-01 1.128897309303283691e+00 -6.125128269195556641e-01 6.125135421752929688e-01 3.533097505569458008e-01 3.533093035221099854e-01 0.000000000000000000e+00 0.000000000000000000e+00 0.000000000000000000e+00 0.000000000000000000e+00 0.000000000000000000e+00 0.000000000000000000e+00 0.000000000000000000e+00
1.661967615540599823e+09 -2.427665051072835922e-03 -2.243340313434600830e-01 1.136502504348754883e+00 6.155455112457275391e-01 -6.078528761863708496e-01 -3.507240116596221924e-01 -3.586241900920867920e-01 5.495433268436796803e-01 2.015139178852701218e-01 -7.534791428856997264e-01 7.558284644166114452e-01 -6.666810131565580333e-01 1.624576863036097385e-01 1.210286702522257590e-01
1.661967615570518732e+09 -5.019927397370338440e-03 -2.117460966110229492e-01 1.143895983695983887e+00 6.185398697853088379e-01 -6.031109094619750977e-01 -3.481744229793548584e-01 -3.639234602451324463e-01 4.955723555100065569e-01 1.813784238071944610e-01 -6.781906716041877781e-01 6.803052463232187597e-01 -6.000655072240093091e-01 1.462247341838109616e-01 1.089353513454468791e-01
1.661967615602433443e+09 -7.779518142342567444e-03 -1.990377157926559448e-01 1.151074051856994629e+00 6.214957237243652344e-01 -5.982879996299743652e-01 -3.456606864929199219e-01 -3.692061007022857666e-01 4.654297163810059978e-01 1.700358361358220716e-01 -6.357796891449258858e-01 6.377620279086826383e-01 -5.625401197970508749e-01 1.370804995367751189e-01 1.021230263333998273e-01
1.661967615634347677e+09 -1.070902589708566666e-02 -1.862156093120574951e-01 1.158033609390258789e+00 6.244124770164489746e-01 -5.933851599693298340e-01 -3.431828320026397705e-01 -3.744712471961975098e-01 4.662596062581497725e-01 1.700383766763371995e-01 -6.357891884604564003e-01 6.377715568427457793e-01 -5.625485248250626791e-01 1.370825476848056834e-01 1.021245521746096674e-01
1.661967615666262627e+09 -1.381089538335800171e-02 -1.732865422964096069e-01 1.164771318435668945e+00 6.272898316383361816e-01 -5.884027481079101562e-01 -3.407404422760009766e-01 -3.797177672386169434e-01 4.670436080830566161e-01 1.700345658940329296e-01 -6.357749395936066472e-01 6.377572635484221042e-01 -5.625359173772322974e-01 1.370794754857072029e-01 1.021222634298929455e-01
1.661967615698177099e+09 -1.708742231130599976e-02 -1.602573841810226440e-01 1.171283960342407227e+00 6.301274895668029785e-01 -5.833415985107421875e-01 -3.383333086967468262e-01 -3.849448263645172119e-01 4.678172397960572160e-01 1.700371063965891438e-01 -6.357844387672016984e-01 6.377667923401140193e-01 -5.625443222796582265e-01 1.370815236031382722e-01 1.021237892483044390e-01
1.661967615729095697e+09 -2.054075524210929871e-02 -1.471350938081741333e-01 1.177568316459655762e+00 6.329251527786254883e-01 -5.782021880149841309e-01 -3.359611928462982178e-01 -3.901513516902923584e-01 4.836474134890213494e-01 1.755139265676126381e-01 -6.562627750107096203e-01 6.583089793175325166e-01 -5.806636266870783825e-01 1.414968589934801069e-01 1.054131514395899166e-01
1.661967615759014845e+09 -2.417289279401302338e-02 -1.339266598224639893e-01 1.183621525764465332e+00 6.356824040412902832e-01 -5.729852914810180664e-01 -3.336237370967864990e-01 -3.953364789485931396e-01 5.005667845252886883e-01 1.813769784456232270e-01 -6.781852672638439827e-01 6.802998251323238987e-01 -6.000607254445233796e-01 1.462235689536434680e-01 1.089344832655094741e-01
1.661967615789933205e+09 -2.798568271100521088e-02 -1.206391751766204834e-01 1.189440727233886719e+00 6.383988857269287109e-01 -5.676916241645812988e-01 -3.313207626342773438e-01 -4.004992246627807617e-01 4.851030503818838380e-01 1.755152799958447640e-01 -6.562678356038261773e-01 6.583140556893865014e-01 -5.806681043177738255e-01 1.414979501082848368e-01 1.054139643046313607e-01
1.661967615821847916e+09 -3.198081627488136292e-02 -1.072797775268554688e-01 1.195022940635681152e+00 6.410743594169616699e-01 -5.623217821121215820e-01 -3.290519416332244873e-01 -4.056386649608612061e-01 4.706244616261873737e-01 1.700358361358220716e-01 -6.357796891449188914e-01 6.377620279086826383e-01 -5.625401197970544276e-01 1.370804995367733981e-01 1.021230263333998273e-01
1.661967615852764845e+09 -3.615983203053474426e-02 -9.385567158460617065e-02 1.200365662574768066e+00 6.437084674835205078e-01 -5.568764805793762207e-01 -3.268169462680816650e-01 -4.107537865638732910e-01 4.864797859615024311e-01 1.755234010035938153e-01 -6.562982008015334490e-01 6.583445155647219549e-01 -5.806949715522095046e-01 1.415044971505107774e-01 1.054188417581552600e-01
1.661967615882684946e+09 -4.052411764860153198e-02 -8.037409931421279907e-02 1.205466032028198242e+00 6.463008522987365723e-01 -5.513564348220825195e-01 -3.246154785156250000e-01 -4.158438742160797119e-01 5.033515831073278601e-01 1.813711972296774555e-01 -6.781636507637001099e-01 6.802781412326910360e-01 -6.000415990886711626e-01 1.462189082186597378e-01 1.089310110841063411e-01
1.661967615913602352e+09 -4.507489129900932312e-02 -6.684236973524093628e-02 1.210321903228759766e+00 6.488512158393859863e-01 -5.457624197006225586e-01 -3.224471211433410645e-01 -4.209077656269073486e-01 4.877407689813572644e-01 1.755206939175115444e-01 -6.562880787567554330e-01 6.583343619597635810e-01 -5.806860155311522886e-01 1.415023147357875322e-01 1.054172158901647977e-01
1.661967615945517540e+09 -4.981322214007377625e-02 -5.326781794428825378e-02 1.214930534362792969e+00 6.513592600822448730e-01 -5.400950908660888672e-01 -3.203116059303283691e-01 -4.259446859359741211e-01 4.730767986240644873e-01 1.700332956712221899e-01 -6.357701901132423172e-01 6.377524992593586184e-01 -5.625317150201941674e-01 1.370784514499428786e-01 1.021215005377840018e-01
1.661967615976434231e+09 -5.474002286791801453e-02 -3.965784236788749695e-02 1.219289779663085938e+00 6.538246870040893555e-01 -5.343552231788635254e-01 -3.182086050510406494e-01 -4.309537410736083984e-01 4.889422095460583262e-01 1.755247545779495266e-01 -6.563032619410124058e-01 6.583495924846491931e-01 -5.806994496663420158e-01 1.415055883831201344e-01 1.054196547109581272e-01
1.661967616007352352e+09 -5.985603854060173035e-02 -2.601985447108745575e-02 1.223397374153137207e+00 6.562472581863403320e-01 -5.285434126853942871e-01 -3.161374926567077637e-01 -4.359339773654937744e-01 4.894892952855848800e-01 1.755166334449502208e-01 -6.562728962749828643e-01 6.583191321395455153e-01 -5.806725820175295816e-01 1.414990412399155795e-01 1.054147771822092905e-01
1.661967616039267063e+09 -6.516185402870178223e-02 -1.236130576580762863e-02 1.227251410484313965e+00 6.586264371871948242e-01 -5.226607322692871094e-01 -3.140982091426849365e-01 -4.408846497535705566e-01 4.747427622959722870e-01 1.700358361358220716e-01 -6.357796891449188914e-01 6.377620279086756439e-01 -5.625401197970544276e-01 1.370804995367751189e-01 1.021230263333993832e-01
1.661967616070184231e+09 -7.065790891647338867e-02 1.310329767875373363e-03 1.230849742889404297e+00 6.609621644020080566e-01 -5.167076587677001953e-01 -3.120902478694915771e-01 -4.458047151565551758e-01 4.906012245775149272e-01 1.755220474501152372e-01 -6.562931397401198241e-01 6.583394387230893097e-01 -5.806904935071504070e-01 1.415034059347333728e-01 1.054180288178915154e-01
1.661967616101102829e+09 -7.634445279836654663e-02 1.498755626380443573e-02 1.234190464019775391e+00 6.632541418075561523e-01 -5.106850862503051758e-01 -3.101130723953247070e-01 -4.506935179233551025e-01 4.911065128215095776e-01 1.755139265676126381e-01 -6.562627750107096203e-01 6.583089793175325166e-01 -5.806636266870748297e-01 1.414968589934801069e-01 1.054131514395894725e-01
1.661967616133015871e+09 -8.222159743309020996e-02 2.866286225616931915e-02 1.237271904945373535e+00 6.655019521713256836e-01 -5.045937895774841309e-01 -3.081664144992828369e-01 -4.555500447750091553e-01 4.763047108054201950e-01 1.700447283597754655e-01 -6.358129379912275114e-01 6.377953804237135316e-01 -5.625695384939689569e-01 1.370876683226578407e-01 1.021283669771229780e-01
1.661967616164930582e+09 -8.828928321599960327e-02 4.232872277498245239e-02 1.240092277526855469e+00 6.677054166793823242e-01 -4.984344840049743652e-01 -3.062496483325958252e-01 -4.603734612464904785e-01 4.767711399308505738e-01 1.700358361358220716e-01 -6.357796891449188914e-01 6.377620279086756439e-01 -5.625401197970508749e-01 1.370804995367716494e-01 1.021230263333993832e-01
1.661967616196846247e+09 -9.454729408025741577e-02 5.597761273384094238e-02 1.242650270462036133e+00 6.698641777038574219e-01 -4.922080338001251221e-01 -3.043625354766845703e-01 -4.651630520820617676e-01 4.772417588238392905e-01 1.700307552825340851e-01 -6.357606913654070269e-01 6.377429708947607301e-01 -5.625233104944830087e-01 1.370764034243165952e-01 1.021199747877614555e-01
1.661967616228759289e+09 -1.009952351450920105e-01 6.960199773311614990e-02 1.244944214820861816e+00 6.719780564308166504e-01 -4.859152138233184814e-01 -3.025045096874237061e-01 -4.699179232120513916e-01 4.777577845485092012e-01 1.700447283597763537e-01 -6.358129379912275114e-01 6.377953804237205260e-01 -5.625695384939707333e-01 1.370876683226560921e-01 1.021283669771229780e-01
1.661967616259676695e+09 -1.076325774192810059e-01 8.319436013698577881e-02 1.246972918510437012e+00 6.740467548370361328e-01 -4.795569479465484619e-01 -3.006750941276550293e-01 -4.746372997760772705e-01 4.936310321538210366e-01 1.755206939175106284e-01 -6.562880787567483276e-01 6.583343619597491481e-01 -5.806860155311505123e-01 1.415023147357857281e-01 1.054172158901638956e-01
1.661967616290594101e+09 -1.144585981965065002e-01 9.674715995788574219e-02 1.248735189437866211e+00 6.760700345039367676e-01 -4.731339216232299805e-01 -2.988739013671875000e-01 -4.793203771114349365e-01 4.941142858977194963e-01 1.755206939175124325e-01 -6.562880787567554330e-01 6.583343619597635810e-01 -5.806860155311522886e-01 1.415023147357857281e-01 1.054172158901647977e-01
1.661967616320514202e+09 -1.214724332094192505e-01 1.102529093623161316e-01 1.250229716300964355e+00 6.780475378036499023e-01 -4.666470587253570557e-01 -2.971002757549285889e-01 -4.839664399623870850e-01 5.110808629765800637e-01 1.813711972296765396e-01 -6.781636507636926714e-01 6.802781412326910360e-01 -6.000415990886692752e-01 1.462189082186597378e-01 1.089310110841063411e-01
1.661967616352428913e+09 -1.286730617284774780e-01 1.237041056156158447e-01 1.251455783843994141e+00 6.799791455268859863e-01 -4.600971341133117676e-01 -2.953538894653320312e-01 -4.885745942592620850e-01 4.796043957359351628e-01 1.700358361358229597e-01 -6.357796891449258858e-01 6.377620279086756439e-01 -5.625401197970526512e-01 1.370804995367751189e-01 1.021230263333998273e-01
1.661967616383347750e+09 -1.360592842102050781e-01 1.370932906866073608e-01 1.252412319183349609e+00 6.818645596504211426e-01 -4.534849822521209717e-01 -2.936340570449829102e-01 -4.931440949440002441e-01 4.955321213006959602e-01 1.755125731602525108e-01 -6.562577144956459607e-01 6.583039030239603573e-01 -5.806591491254324833e-01 1.414957678955027776e-01 1.054123385870842089e-01
1.661967616414264202e+09 -1.436297595500946045e-01 1.504130065441131592e-01 1.253098726272583008e+00 6.837035417556762695e-01 -4.468114972114562988e-01 -2.919403910636901855e-01 -4.976742863655090332e-01 4.960520333621267763e-01 1.755261081731837869e-01 -6.563083231585586930e-01 6.583546694828941170e-01 -5.807039278495387258e-01 1.415066796325563925e-01 1.054204676762999365e-01
1.661967616446179628e+09 -1.513829678297042847e-01 1.636558622121810913e-01 1.253514170646667480e+00 -6.854959726333618164e-01 4.400776922702789307e-01 2.902724444866180420e-01 5.021643638610839844e-01 4.809949303000319309e-01 1.700320254673884923e-01 -6.357654407038453304e-01 6.377477350414627599e-01 -5.625275127259454777e-01 1.370774274294800366e-01 1.021207376570735931e-01
1.661967616477096558e+09 -1.593172550201416016e-01 1.768144816160202026e-01 1.253658294677734375e+00 -6.872412562370300293e-01 4.332841336727142334e-01 2.886292934417724609e-01 5.066136717796325684e-01 4.970187213817079952e-01 1.755234010035947034e-01 -6.562982008015406654e-01 6.583445155647291713e-01 -5.806949715522130573e-01 1.415044971505107774e-01 1.054188417581557180e-01
1.661967616508014441e+09 -1.674308031797409058e-01 1.898815035820007324e-01 1.253530740737915039e+00 -6.889393925666809082e-01 4.264318645000457764e-01 2.870107591152191162e-01 5.110214948654174805e-01 4.974978341542354299e-01 1.755179869149295080e-01 -6.562779570241815685e-01 6.583242086679826910e-01 -5.806770597863434302e-01 1.415001323883781081e-01 1.054155900723235256e-01
1.661967616539928436e+09 -1.757216155529022217e-01 2.028496861457824707e-01 1.253130912780761719e+00 -6.905905604362487793e-01 4.195220172405242920e-01 2.854162752628326416e-01 5.153869390487670898e-01 4.824565514085309426e-01 1.700396469750631301e-01 -6.357939382246640125e-01 6.377763214165514949e-01 -5.625527274332551286e-01 1.370835717817707466e-01 1.021253151123127090e-01
1.661967616570845366e+09 -1.841875612735748291e-01 2.157117426395416260e-01 1.252458930015563965e+00 -6.921939849853515625e-01 4.125549793243408203e-01 2.838450670242309570e-01 5.197095870971679688e-01 4.985249741022301229e-01 1.755234010035955916e-01 -6.562982008015406654e-01 6.583445155647291713e-01 -5.806949715522130573e-01 1.415044971505125815e-01 1.054188417581561621e-01
1.661967616601763248e+09 -1.928263753652572632e-01 2.284605205059051514e-01 1.251514554023742676e+00 -6.937494874000549316e-01 4.055319130420684814e-01 2.822965979576110840e-01 5.239886641502380371e-01 4.990297479785299473e-01 1.755179869149286198e-01 -6.562779570241887850e-01 6.583242086679826910e-01 -5.806770597863434302e-01 1.415001323883781081e-01 1.054155900723235256e-01
1.661967616632680416e+09 -2.016355991363525391e-01 2.410888969898223877e-01 1.250297904014587402e+00 -6.952570676803588867e-01 3.984538614749908447e-01 2.807703316211700439e-01 5.282235145568847656e-01 4.995716618265843567e-01 1.755220474501152372e-01 -6.562931397401126077e-01 6.583394387230964151e-01 -5.806904935071539597e-01 1.415034059347333728e-01 1.054180288178910713e-01
1.661967616663597822e+09 -2.106126546859741211e-01 2.535897791385650635e-01 1.248809218406677246e+00 -6.967166066169738770e-01 3.913215994834899902e-01 2.792656719684600830e-01 5.324134230613708496e-01 5.001090659286279161e-01 1.755206939175115444e-01 -6.562880787567483276e-01 6.583343619597563645e-01 -5.806860155311522886e-01 1.415023147357857281e-01 1.054172158901647977e-01
1.661967616695512533e+09 -2.197548002004623413e-01 2.659561932086944580e-01 1.247048616409301758e+00 -6.981276869773864746e-01 3.841359615325927734e-01 2.777820825576782227e-01 5.365578532218933105e-01 4.850188303698458325e-01 1.700358361358220716e-01 -6.357796891449258858e-01 6.377620279086756439e-01 -5.625401197970508749e-01 1.370804995367733981e-01 1.021230263333993832e-01
1.661967616726937771e+09 -2.290591597557067871e-01 2.781812250614166260e-01 1.245016694068908691e+00 -6.994903683662414551e-01 3.768980801105499268e-01 2.763188183307647705e-01 5.406560301780700684e-01 4.931327284173305237e-01 1.726842809952517099e-01 -6.456824689806979212e-01 6.476956842645402723e-01 -5.713021344544161328e-01 1.392156385320409140e-01 1.037136745771381069e-01
1.661967616758851528e+09 -2.385226935148239136e-01 2.902580201625823975e-01 1.242713809013366699e+00 -7.008042335510253906e-01 3.696087896823883057e-01 2.748753130435943604e-01 5.447075366973876953e-01 4.861494372034258493e-01 1.700409172927700441e-01 -6.357986880598537338e-01 6.377810860615537036e-01 -5.625569301042441239e-01 1.370845958940390130e-01 1.021260780614160063e-01
1.661967616789769411e+09 -2.481422573328018188e-01 3.021798133850097656e-01 1.240140676498413086e+00 -7.020692229270935059e-01 3.622689843177795410e-01 2.734509706497192383e-01 5.487117171287536621e-01 5.024079107205740025e-01 1.755179869149295080e-01 -6.562779570241815685e-01 6.583242086679826910e-01 -5.806770597863434302e-01 1.415001323883781081e-01 1.054155900723230677e-01
1.661967616820687056e+09 -2.579145431518554688e-01 3.139398992061614990e-01 1.237298130989074707e+00 -7.032851576805114746e-01 3.548797070980072021e-01 2.720451056957244873e-01 5.526679158210754395e-01 5.030267900050702234e-01 1.755193404057831252e-01 -6.562830178514457158e-01 6.583292852747286705e-01 -5.806815376242171478e-01 1.415012235536674268e-01 1.054164029749757037e-01
1.661967616852113485e+09 -2.678360641002655029e-01 3.255317211151123047e-01 1.234186887741088867e+00 -7.044518589973449707e-01 3.474417924880981445e-01 2.706570923328399658e-01 5.565756559371948242e-01 4.955060474182395591e-01 1.726777305946434471e-01 -6.456579764280858669e-01 6.476711153450014358e-01 -5.712804633571544333e-01 1.392103576912002427e-01 1.037097404256728111e-01
1.661967616884028912e+09 -2.779032886028289795e-01 3.369487822055816650e-01 1.230807900428771973e+00 -7.055691480636596680e-01 3.399564027786254883e-01 2.692863345146179199e-01 5.604343414306640625e-01 4.885465899724734662e-01 1.700320254673893805e-01 -6.357654407038523248e-01 6.377477350414627599e-01 -5.625275127259454777e-01 1.370774274294800366e-01 1.021207376570740233e-01
1.661967616913948298e+09 -2.881124615669250488e-01 3.481846451759338379e-01 1.227162480354309082e+00 -7.066368460655212402e-01 3.324242532253265381e-01 2.679320573806762695e-01 5.642435550689697266e-01 5.218303830510371277e-01 1.813755331070845134e-01 -6.781798630096090852e-01 6.802944040278287030e-01 -6.000559437412502639e-01 1.462224037420411515e-01 1.089336151994079321e-01
1.661967616944865704e+09 -2.984597682952880859e-01 3.592330217361450195e-01 1.223251700401306152e+00 -7.076550722122192383e-01 3.248466551303863525e-01 2.665937840938568115e-01 5.680024623870849609e-01 5.056756654621513691e-01 1.755206939175115444e-01 -6.562880787567554330e-01 6.583343619597563645e-01 -5.806860155311522886e-01 1.415023147357875322e-01 1.054172158901638956e-01
1.661967616975783587e+09 -3.089412152767181396e-01 3.700877428054809570e-01 1.219076991081237793e+00 -7.086231708526611328e-01 3.172242343425750732e-01 2.652706205844879150e-01 5.717109441757202148e-01 5.063772899950663708e-01 1.755179869149286198e-01 -6.562779570241815685e-01 6.583242086679826910e-01 -5.806770597863470940e-01 1.415001323883781081e-01 1.054155900723239697e-01
1.661967617006700277e+09 -3.195527195930480957e-01 3.807426989078521729e-01 1.214639663696289062e+00 -7.095414996147155762e-01 3.095581829547882080e-01 2.639620304107666016e-01 5.753682255744934082e-01 5.071277316899265308e-01 1.755247545779513307e-01 -6.563032619410196222e-01 6.583495924846635150e-01 -5.806994496663420158e-01 1.415055883831183303e-01 1.054196547109581272e-01
1.661967617037618399e+09 -3.302900195121765137e-01 3.911918997764587402e-01 1.209941387176513672e+00 -7.104097008705139160e-01 3.018494546413421631e-01 2.626672983169555664e-01 5.789739489555358887e-01 5.078538053181214096e-01 1.755166334449493049e-01 -6.562728962749756478e-01 6.583191321395382989e-01 -5.806725820175295816e-01 1.414990412399173836e-01 1.054147771822092905e-01
1.661967617069533348e+09 -3.302900195121765137e-01 3.911918997764587402e-01 1.209941387176513672e+00 -7.104097008705139160e-01 3.018494546413421631e-01 2.626672983169555664e-01 5.789739489555358887e-01 0.000000000000000000e+00 0.000000000000000000e+00 0.000000000000000000e+00 0.000000000000000000e+00 0.000000000000000000e+00 0.000000000000000000e+00 8.696731820839140416e-16
1.661967617100450754e+09 -3.267434835433959961e-01 3.984019458293914795e-01 1.217737674713134766e+00 -7.011489272117614746e-01 3.151439726352691650e-01 2.748170793056488037e-01 5.775378942489624023e-01 3.621179702744531936e-01 -1.238643098282840443e-01 -2.899619871709896435e-01 7.065291083587648124e-01 2.669870468105542960e-01 -3.153950838595093870e-02 8.962733867433820834e-01
1.661967617131367445e+09 -3.231119215488433838e-01 4.054537117481231689e-01 1.225494503974914551e+00 -6.916281580924987793e-01 3.281668126583099365e-01 2.869869768619537354e-01 5.758432745933532715e-01 3.588458084315471197e-01 -1.238671754214598908e-01 -2.899686954236893599e-01 7.065454538661531947e-01 2.669932235394351649e-01 -3.154023805053231266e-02 8.962941219729595455e-01
1.661967617163281918e+09 -3.193969428539276123e-01 4.123459458351135254e-01 1.233210682868957520e+00 -6.818550825119018555e-01 3.409124612808227539e-01 2.991713285446166992e-01 5.738892555236816406e-01 3.444480653643160473e-01 -1.199945622304227355e-01 -2.809030443255397524e-01 6.844558467091457210e-01 2.586458831251673973e-01 -3.055415645541173855e-02 8.682721667778880992e-01
1.661967617195196629e+09 -3.156001865863800049e-01 4.190775156021118164e-01 1.240884780883789062e+00 -6.718373298645019531e-01 3.533757030963897705e-01 3.113644719123840332e-01 5.716751217842102051e-01 3.412637711361194426e-01 -1.199936658120602795e-01 -2.809009458417114358e-01 6.844507334875139515e-01 2.586439509132879011e-01 -3.055392820084212521e-02 8.682656803579958948e-01
1.661967617227110863e+09 -3.117232322692871094e-01 4.256472587585449219e-01 1.248515486717224121e+00 -6.615828275680541992e-01 3.655514419078826904e-01 3.235606253147125244e-01 5.692003369331359863e-01 3.380876579811071259e-01 -1.199954586621822250e-01 -2.809051428407149942e-01 6.844609600071683841e-01 2.586478153659269585e-01 -3.055438471339001066e-02 8.682786532946953351e-01
1.661967617259024858e+09 -3.077678382396697998e-01 4.320540726184844971e-01 1.256101608276367188e+00 -6.510992646217346191e-01 3.774347305297851562e-01 3.357540667057037354e-01 5.664644241333007812e-01 3.349122579983020986e-01 -1.199963551073338630e-01 -2.809072413872447660e-01 6.844660733815903786e-01 2.586497476355532621e-01 -3.055461297477701441e-02 8.682851399084213773e-01
1.661967617290939569e+09 -3.037355840206146240e-01 4.382968842983245850e-01 1.263641715049743652e+00 -6.403950452804565430e-01 3.890210688114166260e-01 3.479392230510711670e-01 5.634670257568359375e-01 3.317285091917606121e-01 -1.199936658120594052e-01 -2.809009458417114358e-01 6.844507334875173932e-01 2.586439509132844039e-01 -3.055392820084386687e-02 8.682656803579958948e-01
1.661967617320859671e+09 -2.996282279491424561e-01 4.443746507167816162e-01 1.271134614944458008e+00 -6.294783353805541992e-01 4.003060162067413330e-01 3.601102232933044434e-01 5.602078437805175781e-01 3.504619027775941476e-01 -1.279929885540525558e-01 -2.996270786680831355e-01 7.300793279729634877e-01 2.758863313724341793e-01 -3.259079182243740380e-02 9.261482140398850094e-01
1.661967617351777077e+09 -2.954474687576293945e-01 4.502862989902496338e-01 1.278578996658325195e+00 -6.183571815490722656e-01 4.112852513790130615e-01 3.722613751888275146e-01 5.566869378089904785e-01 3.358901458068311308e-01 -1.238643098282840443e-01 -2.899619871709896435e-01 7.065291083587648124e-01 2.669870468105579042e-01 -3.153950838594914152e-02 8.962733867433820834e-01
1.661967617382695436e+09 -2.911949753761291504e-01 4.560308754444122314e-01 1.285973429679870605e+00 -6.070401072502136230e-01 4.219549298286437988e-01 3.843868970870971680e-01 5.529041886329650879e-01 3.326192279685050157e-01 -1.238604892436238891e-01 -2.899530433168427956e-01 7.065073155253239756e-01 2.669788116165995873e-01 -3.153853555235508477e-02 8.962457412629554199e-01
1.661967617413612366e+09 -2.868725359439849854e-01 4.616074264049530029e-01 1.293316721916198730e+00 -5.955354571342468262e-01 4.323112666606903076e-01 3.964810967445373535e-01 5.488599538803100586e-01 3.293853023556405080e-01 -1.238662202090015235e-01 -2.899664593049733896e-01 7.065400052796572128e-01 2.669911645980508896e-01 -3.153999482525333964e-02 8.962872101231660338e-01
1.661967617444530010e+09 -2.824818491935729980e-01 4.670149981975555420e-01 1.300607562065124512e+00 -5.838517546653747559e-01 4.423506557941436768e-01 4.085381329059600830e-01 5.445544123649597168e-01 3.261395707451887893e-01 -1.238633546600224344e-01 -2.899597511557238660e-01 7.065236600243609555e-01 2.669849879644369262e-01 -3.153926517192554013e-02 8.962664752133848722e-01
1.661967617476444483e+09 -2.780247032642364502e-01 4.722527265548706055e-01 1.307844758033752441e+00 -5.719978213310241699e-01 4.520700275897979736e-01 4.205524027347564697e-01 5.399879217147827148e-01 3.128309450342642295e-01 -1.199945622304244702e-01 -2.809030443255362552e-01 6.844558467091422793e-01 2.586458831251708945e-01 -3.055415645541173855e-02 8.682721667778898755e-01
1.661967617508359432e+09 -2.735028862953186035e-01 4.773197472095489502e-01 1.315026879310607910e+00 -5.599818229675292969e-01 4.614660739898681641e-01 4.325180053710937500e-01 5.351611971855163574e-01 3.097154604823635360e-01 -1.199927694070884870e-01 -2.808988473892502502e-01 6.844456203422919494e-01 2.586420187302668761e-01 -3.055369994968457417e-02 8.682591940350163906e-01
1.661967617540273905e+09 -2.689181268215179443e-01 4.822151958942413330e-01 1.322152733802795410e+00 -5.478129386901855469e-01 4.705360531806945801e-01 4.444293975830078125e-01 5.300748348236083984e-01 3.066279523931690898e-01 -1.199945622304244702e-01 -2.809030443255362552e-01 6.844558467091457210e-01 2.586458831251708945e-01 -3.055415645541173855e-02 8.682721667778880992e-01
1.661967617572189093e+09 -2.642722427845001221e-01 4.869382977485656738e-01 1.329221010208129883e+00 -5.354996919631958008e-01 4.792774915695190430e-01 4.562807977199554443e-01 5.247296094894409180e-01 3.035466384036543674e-01 -1.199918730155105501e-01 -2.808967489681310492e-01 6.844405072734538464e-01 2.586400865761210865e-01 -3.055347170193727091e-02 8.682527078089474770e-01
1.661967617604102373e+09 -2.595670819282531738e-01 4.914883077144622803e-01 1.336230516433715820e+00 -5.230509638786315918e-01 4.876877069473266602e-01 4.680662453174591064e-01 5.191265940666198730e-01 3.005119956733453002e-01 -1.199990445231550046e-01 -2.809135372149652587e-01 6.844814139632700023e-01 2.586555446176599382e-01 -3.055529777940860919e-02 8.683046003311204464e-01
1.661967617636017323e+09 -2.548044025897979736e-01 4.958644509315490723e-01 1.343179821968078613e+00 -5.104754567146301270e-01 4.957648515701293945e-01 4.797804355621337891e-01 5.132667422294616699e-01 2.974625609385411762e-01 -1.199927694070884870e-01 -2.808988473892502502e-01 6.844456203422885077e-01 2.586420187302668761e-01 -3.055369994968457417e-02 8.682591940350163906e-01
