1.661967622141610861e+09 1.378528122206244648e-16 -2.367949187755584717e-01 1.128897309303283691e+00 -6.125128269195556641e-01 6.125135421752929688e-01 3.533097505569458008e-01 3.533093035221099854e-01 0.000000000000000000e+00 0.000000000000000000e+00 0.000000000000000000e+00 0.000000000000000000e+00 0.000000000000000000e+00 0.000000000000000000e+00 0.000000000000000000e+00
1.661967624628998518e+09 1.378528122206244648e-16 -2.367949187755584717e-01 1.128897309303283691e+00 -6.125128269195556641e-01 6.125135421752929688e-01 3.533097505569458008e-01 3.533093035221099854e-01 0.000000000000000000e+00 0.000000000000000000e+00 0.000000000000000000e+00 0.000000000000000000e+00 0.000000000000000000e+00 0.000000000000000000e+00 0.000000000000000000e+00
1.661967624662907124e+09 -7.290313020348548889e-03 -2.329610884189605713e-01 1.126163125038146973e+00 -6.101492047309875488e-01 6.160668134689331055e-01 3.563550710678100586e-01 3.481244444847106934e-01 2.559487183601076299e-01 3.031313815081383423e-01 -2.235571108291946885e-01 1.646395372850824323e-02 -1.763205774252203650e-01 1.061367193907770679e-01 6.905872376332771179e-01
1.661967624694821596e+09 -1.466667093336582184e-02 -2.292127609252929688e-01 1.123401641845703125e+00 -6.077777743339538574e-01 6.195889711380004883e-01 3.593335747718811035e-01 3.429213166236877441e-01 2.733165053714275428e-01 3.220721391332070360e-01 -2.375257769254256746e-01 1.749268178553274600e-02 -1.873377321147410013e-01 1.127685298852824369e-01 7.337376545313918363e-01
1.661967624726736069e+09 -2.212795615196228027e-02 -2.255515158176422119e-01 1.120612859725952148e+00 -6.053986549377441406e-01 6.230803132057189941e-01 3.622455000877380371e-01 3.377004861831665039e-01 2.746895714047876136e-01 3.220721391332070360e-01 -2.375257769254395801e-01 1.749268178554666195e-02 -1.873377321147410013e-01 1.127685298852859064e-01 7.337376545313987197e-01
1.661967624756656408e+09 -2.967302314937114716e-02 -2.219789624214172363e-01 1.117796778678894043e+00 -6.030122637748718262e-01 6.265408992767333984e-01 3.650909662246704102e-01 3.324624896049499512e-01 2.944587463040062580e-01 3.435376267758233904e-01 -2.533564123946018265e-01 1.865853532913365476e-02 -1.998234310781076273e-01 1.202843351680504130e-01 7.826398557545525270e-01
1.661967624786576748e+09 -3.730069845914840698e-02 -2.184966653585433960e-01 1.114953398704528809e+00 -6.006189584732055664e-01 6.299710869789123535e-01 3.678701221942901611e-01 3.272076547145843506e-01 2.959178124618315753e-01 3.435376267758233904e-01 -2.533564123946018265e-01 1.865853532913365476e-02 -1.998234310781076273e-01 1.202843351680504130e-01 7.826398557545525270e-01
1.661967624817494631e+09 -4.500977694988250732e-02 -2.151062041521072388e-01 1.112082839012145996e+00 -5.982190966606140137e-01 6.333710551261901855e-01 3.705831468105316162e-01 3.219366371631622314e-01 2.877779365795145594e-01 3.324536314455827646e-01 -2.451820493176270210e-01 1.805653105845686501e-02 -1.933762712786736282e-01 1.164034472961272548e-01 7.573885416907716328e-01
1.661967624849410057e+09 -5.279902741312980652e-02 -2.118090987205505371e-01 1.109184980392456055e+00 -5.958130359649658203e-01 6.367409825325012207e-01 3.732301294803619385e-01 3.166497051715850830e-01 2.801456601530252777e-01 3.220625152001072578e-01 -2.375186793472472135e-01 1.749215908153478258e-02 -1.873321342204127826e-01 1.127651602154012278e-01 7.337157294989472556e-01
1.661967624880326748e+09 -6.066719070076942444e-02 -2.086068987846374512e-01 1.106259942054748535e+00 -5.934009552001953125e-01 6.400811672210693359e-01 3.758112192153930664e-01 3.113475143909454346e-01 2.905975828466434430e-01 3.324664502693828738e-01 -2.451915031036333847e-01 1.805722728634597332e-02 -1.933837275255409771e-01 1.164079356070935878e-01 7.574177452528461085e-01
1.661967624911244631e+09 -6.861297786235809326e-02 -2.055011093616485596e-01 1.103307723999023438e+00 -5.909833908081054688e-01 6.433918476104736328e-01 3.783264756202697754e-01 3.060304224491119385e-01 2.919854456336302140e-01 3.324536314455845409e-01 -2.451820493176413984e-01 1.805653105845686501e-02 -1.933762712786736282e-01 1.164034472961272548e-01 7.573885416907751855e-01
1.661967624943159580e+09 -7.663507014513015747e-02 -2.024932503700256348e-01 1.100328445434570312e+00 -5.885604619979858398e-01 6.466733217239379883e-01 3.807760775089263916e-01 3.006988465785980225e-01 2.842142215083942047e-01 3.220673270947621569e-01 -2.375222280833144406e-01 1.749242042962197846e-02 -1.873349331257581907e-01 1.127668450251715360e-01 7.337266918513799530e-01
1.661967624975074053e+09 -8.473212271928787231e-02 -1.995847672224044800e-01 1.097322106361389160e+00 -5.861326456069946289e-01 6.499256491661071777e-01 3.831600248813629150e-01 2.953532934188842773e-01 2.855665075065619840e-01 3.220721391332052597e-01 -2.375257769254256746e-01 1.749268178553274600e-02 -1.873377321147401409e-01 1.127685298852841717e-01 7.337376545313918363e-01
1.661967625005990982e+09 -9.290277212858200073e-02 -1.967771649360656738e-01 1.094288587570190430e+00 -5.837001204490661621e-01 6.531492471694946289e-01 3.854784071445465088e-01 2.899941504001617432e-01 2.961696984682763989e-01 3.324638864255404780e-01 -2.451896122881091489e-01 1.805708803648729821e-02 -1.933822362301686193e-01 1.164070379172121583e-01 7.574119043602666190e-01
1.661967625036908388e+09 -1.011456176638603210e-01 -1.940718442201614380e-01 1.091228008270263672e+00 -5.812631845474243164e-01 6.563443541526794434e-01 3.877313435077667236e-01 2.846218645572662354e-01 2.975501461932250069e-01 3.324587588564815732e-01 -2.451858307445536622e-01 1.805680954316978351e-02 -1.933792537084225993e-01 1.164052425789789541e-01 7.574002228453586838e-01
1.661967625068823099e+09 -1.094592213630676270e-01 -1.914702802896499634e-01 1.088140487670898438e+00 -5.788222551345825195e-01 6.595110893249511719e-01 3.899188041687011719e-01 2.792368233203887939e-01 2.895883256158693908e-01 3.220697330960104465e-01 -2.375240024911142722e-01 1.749255110660113272e-02 -1.873363326097946813e-01 1.127676874489353526e-01 7.337321731504410360e-01
1.661967625100252390e+09 -1.178421452641487122e-01 -1.889738440513610840e-01 1.085026025772094727e+00 -5.763774514198303223e-01 6.626499295234680176e-01 3.920409381389617920e-01 2.738394439220428467e-01 2.954152128118888720e-01 3.270440471555386419e-01 -2.411925216459938071e-01 1.776272068158778195e-02 -1.902297114572991388e-01 1.145093658356160782e-01 7.450645458938972565e-01
1.661967625132167578e+09 -1.262928992509841919e-01 -1.865839362144470215e-01 1.081884622573852539e+00 -5.739291906356811523e-01 6.657609343528747559e-01 3.940975964069366455e-01 2.684301733970642090e-01 2.922473160461159791e-01 3.220649211294613901e-01 -2.375204537020256246e-01 1.749228975460915408e-02 -1.873335336626310299e-01 1.127660026139941651e-01 7.337212106342205775e-01
1.661967625164081812e+09 -1.348099708557128906e-01 -1.843019276857376099e-01 1.078716158866882324e+00 -5.714776515960693359e-01 6.688444614410400391e-01 3.960888981819152832e-01 2.630093991756439209e-01 2.935832374482681972e-01 3.220745452063527026e-01 -2.375275513862492860e-01 1.749281246641685994e-02 -1.873391316405976226e-01 1.127693723342217402e-01 7.337431359942444553e-01
1.661967625195510387e+09 -1.433918476104736328e-01 -1.821291595697402954e-01 1.075520992279052734e+00 -5.690231919288635254e-01 6.719007492065429688e-01 3.980149626731872559e-01 2.575775682926177979e-01 2.994606454590034161e-01 3.270514900678340720e-01 -2.411980107377541260e-01 1.776312492796768353e-02 -1.902340407305900816e-01 1.145119718551254051e-01 7.450815021727764664e-01
1.661967625227425098e+09 -1.520369499921798706e-01 -1.800669729709625244e-01 1.072298884391784668e+00 -5.665658712387084961e-01 6.749300956726074219e-01 3.998755216598510742e-01 2.521350383758544922e-01 2.962175360068535768e-01 3.220697330960104465e-01 -2.375240024911142722e-01 1.749255110660113272e-02 -1.873363326097946813e-01 1.127676874489353526e-01 7.337321731504410360e-01
1.661967625259339809e+09 -1.607437133789062500e-01 -1.781166493892669678e-01 1.069050073623657227e+00 -5.641061067581176758e-01 6.779327988624572754e-01 4.016706943511962891e-01 2.466822415590286255e-01 2.975302431075791398e-01 3.220697330960087257e-01 -2.375240024911142722e-01 1.749255110660113272e-02 -1.873363326097938208e-01 1.127676874489336178e-01 7.337321731504340416e-01
1.661967625290766478e+09 -1.695104986429214478e-01 -1.762795001268386841e-01 1.065774440765380859e+00 -5.616441369056701660e-01 6.809090971946716309e-01 4.034004211425781250e-01 2.412195056676864624e-01 3.034801265914897073e-01 3.270713394902775573e-01 -2.412126495373103363e-01 1.776420300828818535e-02 -1.902455864227892146e-01 1.145189218204159393e-01 7.451267226898563578e-01
1.661967625321684599e+09 -1.783356964588165283e-01 -1.745567619800567627e-01 1.062472105026245117e+00 -5.591800808906555176e-01 6.838591694831848145e-01 4.050646126270294189e-01 2.357473671436309814e-01 3.098185153007476655e-01 3.324510677994444441e-01 -2.451801586479068207e-01 1.805639181932162246e-02 -1.933747800982967002e-01 1.164025496754646366e-01 7.573827012485933041e-01
1.661967625352600574e+09 -1.872176229953765869e-01 -1.729496866464614868e-01 1.059143066406250000e+00 -5.567144155502319336e-01 6.867834329605102539e-01 4.066632688045501709e-01 2.302661985158920288e-01 3.111818017998905783e-01 3.324741420381732149e-01 -2.451971757251928952e-01 1.805764504885153804e-02 -1.933882015496689033e-01 1.164106287598189737e-01 7.574352684711120887e-01
1.661967625384021997e+09 -1.961546093225479126e-01 -1.714594811201095581e-01 1.055787324905395508e+00 -5.542470812797546387e-01 6.896821856498718262e-01 4.081963598728179932e-01 2.247763872146606445e-01 3.074925922704598857e-01 3.271259378275582219e-01 -2.412529153998418385e-01 1.776716840398531033e-02 -1.902773443038371370e-01 1.145380385755799257e-01 7.452511074194563268e-01
1.661967625414939404e+09 -2.051449418067932129e-01 -1.700873374938964844e-01 1.052405118942260742e+00 -5.517784953117370605e-01 6.925555467605590820e-01 4.096637070178985596e-01 2.192784249782562256e-01 3.138361007430055527e-01 3.324587588564815732e-01 -2.451858307445465013e-01 1.805680954318414702e-02 -1.933792537084225993e-01 1.164052425789807582e-01 7.574002228453586838e-01
1.661967625445856810e+09 -2.141868770122528076e-01 -1.688344329595565796e-01 1.048996329307556152e+00 -5.493087172508239746e-01 6.954040527343750000e-01 4.110651612281799316e-01 2.137726098299026489e-01 3.151633904261692543e-01 3.324587588564815732e-01 -2.451858307445536622e-01 1.805680954316978351e-02 -1.933792537084225993e-01 1.164052425789789541e-01 7.574002228453622365e-01
1.661967625477771521e+09 -2.232786715030670166e-01 -1.677018851041793823e-01 1.045560956001281738e+00 -5.468379259109497070e-01 6.982277035713195801e-01 4.124006330966949463e-01 2.082594335079193115e-01 3.065967502234367426e-01 3.220697330960104465e-01 -2.375240024911142722e-01 1.749255110660113272e-02 -1.873363326097946813e-01 1.127676874489353526e-01 7.337321731504375943e-01
1.661967625507691860e+09 -2.324185222387313843e-01 -1.666908264160156250e-01 1.042099237442016602e+00 -5.443665385246276855e-01 7.010269761085510254e-01 4.136701524257659912e-01 2.027393877506256104e-01 3.283923198860868031e-01 3.435376267758215585e-01 -2.533564123946018265e-01 1.865853532913365476e-02 -1.998234310781076273e-01 1.202843351680504130e-01 7.826398557545525270e-01
1.661967625539607286e+09 -2.416046410799026489e-01 -1.658023297786712646e-01 1.038611054420471191e+00 -5.418945550918579102e-01 7.038021087646484375e-01 4.148734807968139648e-01 1.972128301858901978e-01 3.091353358014263808e-01 3.220625152001072578e-01 -2.375186793472541802e-01 1.749215908153478258e-02 -1.873321342204119222e-01 1.127651602154012278e-01 7.337157294989472556e-01
1.661967625570524454e+09 -2.508352100849151611e-01 -1.650374829769134521e-01 1.035096526145935059e+00 -5.394222140312194824e-01 7.065533995628356934e-01 4.160104095935821533e-01 1.916802525520324707e-01 3.204232328406833030e-01 3.324613226212402850e-01 -2.451877215017470857e-01 1.805694878874755313e-02 -1.933807449577956972e-01 1.164061402411722540e-01 7.574060635577715139e-01
1.661967625601442337e+09 -2.601083517074584961e-01 -1.643972992897033691e-01 1.031555771827697754e+00 -5.369496941566467285e-01 7.092811465263366699e-01 4.170808494091033936e-01 1.861420720815658569e-01 3.217152631688000586e-01 3.324536314455845409e-01 -2.451820493176342097e-01 1.805653105845686501e-02 -1.933762712786736282e-01 1.164034472961272548e-01 7.573885416907716328e-01
1.661967625632359982e+09 -2.694222033023834229e-01 -1.638827919960021973e-01 1.027988672256469727e+00 -5.344770550727844238e-01 7.119856476783752441e-01 4.180845916271209717e-01 1.805987656116485596e-01 3.230138944644716514e-01 3.324561951312632879e-01 -2.451839400165067018e-01 1.805667029973957033e-02 -1.933777624820487429e-01 1.164043449306319256e-01 7.573943822230260192e-01
1.661967625663277388e+09 -2.787748873233795166e-01 -1.634949445724487305e-01 1.024395465850830078e+00 -5.320047140121459961e-01 7.146671414375305176e-01 4.190216064453125000e-01 1.750508546829223633e-01 3.243052539507602083e-01 3.324587588564815732e-01 -2.451858307445465013e-01 1.805680954316978351e-02 -1.933792537084225993e-01 1.164052425789789541e-01 7.574002228453622365e-01
1.661967625695192099e+09 -2.881644666194915771e-01 -1.632347255945205688e-01 1.020776033401489258e+00 -5.295326113700866699e-01 7.173259258270263672e-01 4.198915660381317139e-01 1.694987863302230835e-01 3.154153533262334386e-01 3.220697330960104465e-01 -2.375240024911212111e-01 1.749255110661504867e-02 -1.873363326097946813e-01 1.127676874489353526e-01 7.337321731504410360e-01
1.661967625727106571e+09 -2.975890338420867920e-01 -1.631030291318893433e-01 1.017130613327026367e+00 -5.270609259605407715e-01 7.199623584747314453e-01 4.206942915916442871e-01 1.639430224895477295e-01 3.166552209276451979e-01 3.220721391332052597e-01 -2.375257769254256746e-01 1.749268178553274600e-02 -1.873377321147401409e-01 1.127685298852841717e-01 7.337376545313918363e-01
1.661967625757025957e+09 -3.070465922355651855e-01 -1.631007790565490723e-01 1.013459086418151855e+00 -5.245898365974426270e-01 7.225766777992248535e-01 4.214295446872711182e-01 1.583840996026992798e-01 3.390852287311482138e-01 3.435485769675272194e-01 -2.533644880785120290e-01 1.865913006613723404e-02 -1.998298004091697000e-01 1.202881692066720826e-01 7.826648022401413440e-01
1.661967625788941383e+09 -3.165351748466491699e-01 -1.632288098335266113e-01 1.009761691093444824e+00 -5.221194028854370117e-01 7.251693606376647949e-01 4.220972359180450439e-01 1.528225541114807129e-01 3.191032910715380089e-01 3.220625152001055369e-01 -2.375186793472541802e-01 1.749215908152086663e-02 -1.873321342204119222e-01 1.127651602154012278e-01 7.337157294989472556e-01
1.661967625820855618e+09 -3.260528147220611572e-01 -1.634879857301712036e-01 1.006038308143615723e+00 -5.196498632431030273e-01 7.277404069900512695e-01 4.226971268653869629e-01 1.472589224576950073e-01 3.203372353801481331e-01 3.220745452063527026e-01 -2.375275513862492860e-01 1.749281246643077242e-02 -1.873391316405976226e-01 1.127693723342234888e-01 7.337431359942444553e-01
1.661967625852770805e+09 -3.355974853038787842e-01 -1.638790965080261230e-01 1.002289175987243652e+00 -5.171812176704406738e-01 7.302902936935424805e-01 4.232287704944610596e-01 1.416936665773391724e-01 3.215413086007604671e-01 3.220649211294613901e-01 -2.375204537020256246e-01 1.749228975459523813e-02 -1.873335336626310299e-01 1.127660026139941651e-01 7.337212106342171358e-01
1.661967625884685516e+09 -3.451671302318572998e-01 -1.644029319286346436e-01 9.985142946243286133e-01 -5.147137641906738281e-01 7.328191995620727539e-01 4.236922264099121094e-01 1.361274123191833496e-01 3.227537923684951071e-01 3.220697330960104465e-01 -2.375240024911212111e-01 1.749255110660113272e-02 -1.873363326097946813e-01 1.127676874489336178e-01 7.337321731504375943e-01
1.661967625916599512e+09 -3.547596931457519531e-01 -1.650602072477340698e-01 9.947137236595153809e-01 -5.122474431991577148e-01 7.353275418281555176e-01 4.240871667861938477e-01 1.305607557296752930e-01 3.239624666332828196e-01 3.220769513154482788e-01 -2.375293258735856616e-01 1.749294314925351618e-02 -1.873405311873649892e-01 1.127702147957483497e-01 7.337486175389973386e-01
1.661967625948514223e+09 -3.643731474876403809e-01 -1.658516526222229004e-01 9.908875226974487305e-01 -5.097823143005371094e-01 7.378156185150146484e-01 4.244132041931152344e-01 1.249941736459732056e-01 3.251517480633950852e-01 3.220697330960104465e-01 -2.375240024911142722e-01 1.749255110660113272e-02 -1.873363326097946813e-01 1.127676874489336178e-01 7.337321731504410360e-01
1.661967625980429411e+09 -3.740053474903106689e-01 -1.667779386043548584e-01 9.870358109474182129e-01 -5.073186159133911133e-01 7.402836680412292480e-01 4.246702492237091064e-01 1.194283664226531982e-01 3.263347729014838272e-01 3.220649211294596137e-01 -2.375204537020325912e-01 1.749228975460915408e-02 -1.873335336626310299e-01 1.127660026139941651e-01 7.337212106342136941e-01
1.661967626012344360e+09 -3.836542367935180664e-01 -1.678397208452224731e-01 9.831586480140686035e-01 -5.048563480377197266e-01 7.427319884300231934e-01 4.248579740524291992e-01 1.138638928532600403e-01 3.275202105824792653e-01 3.220673270947621569e-01 -2.375222280833144406e-01 1.749242042962197846e-02 -1.873349331257581907e-01 1.127668450251698012e-01 7.337266918513869474e-01
1.661967626044258356e+09 -3.933176696300506592e-01 -1.690376102924346924e-01 9.792560935020446777e-01 -5.023956894874572754e-01 7.451608777046203613e-01 4.249761998653411865e-01 1.083014160394668579e-01 3.287059279992906591e-01 3.220769513154482788e-01 -2.375293258735926005e-01 1.749294314925351618e-02 -1.873405311873632684e-01 1.127702147957483497e-01 7.337486175389973386e-01
1.661967626076172113e+09 -4.029935300350189209e-01 -1.703721731901168823e-01 9.753282070159912109e-01 -4.999364912509918213e-01 7.475706934928894043e-01 4.250245392322540283e-01 1.027415394783020020e-01 3.298784247545382131e-01 3.220793574604945420e-01 -2.375311003874354121e-01 1.749307383404275981e-02 -1.873419307550436008e-01 1.127710572698590596e-01 7.337540991656524847e-01
1.661967626108086824e+09 -4.126796424388885498e-01 -1.718439757823944092e-01 9.713751673698425293e-01 -4.974790811538696289e-01 7.499615550041198730e-01 4.250028133392333984e-01 9.718499332666397095e-02 3.310300694604906835e-01 3.220697330960087257e-01 -2.375240024911142722e-01 1.749255110661504867e-02 -1.873363326097946813e-01 1.127676874489353526e-01 7.337321731504375943e-01
1.661967626139004946e+09 -4.223738312721252441e-01 -1.734535247087478638e-01 9.673969149589538574e-01 -4.950232505798339844e-01 7.523339390754699707e-01 4.249106347560882568e-01 9.163238108158111572e-02 3.428935462283420055e-01 3.324510677994444441e-01 -2.451801586479139816e-01 1.805639181932162246e-02 -1.933747800982967002e-01 1.164025496754646366e-01 7.573827012485933041e-01
1.661967626169922113e+09 -4.320739209651947021e-01 -1.752012968063354492e-01 9.633936882019042969e-01 -4.925692677497863770e-01 7.546880841255187988e-01 4.247479736804962158e-01 8.608446270227432251e-02 3.440886250536995261e-01 3.324613226212402850e-01 -2.451877215017470857e-01 1.805694878874755313e-02 -1.933807449577956972e-01 1.164061402411740581e-01 7.574060635577715139e-01
1.661967626200840473e+09 -4.320739209651947021e-01 -1.752012968063354492e-01 9.633936882019042969e-01 -4.925692677497863770e-01 7.546880841255187988e-01 4.247479736804962158e-01 8.608446270227432251e-02 0.000000000000000000e+00 0.000000000000000000e+00 0.000000000000000000e+00 0.000000000000000000e+00 0.000000000000000000e+00 0.000000000000000000e+00 0.000000000000000000e+00
1.661967626231759310e+09 -4.295733571052551270e-01 -1.627125293016433716e-01 9.728845953941345215e-01 -4.948418736457824707e-01 7.504393458366394043e-01 4.281472265720367432e-01 9.307140111923217773e-02 5.137300975920588986e-01 -2.716272747619057348e-01 -2.779057700210867954e-01 6.411533216148583847e-01 -1.276544961323047567e-01 -3.511748213317696099e-02 -5.036324330049292142e-01
1.661967626263672829e+09 -4.268506169319152832e-01 -1.502860933542251587e-01 9.823723435401916504e-01 -4.970597326755523682e-01 7.461713552474975586e-01 4.314244389533996582e-01 1.001646667718887329e-01 4.972716357965177858e-01 -2.631611809267392910e-01 -2.692439877004634274e-01 6.211698196330472932e-01 -1.236757537777870009e-01 -3.402293851911984690e-02 -4.879351896408669065e-01
1.661967626295097113e+09 -4.239067733287811279e-01 -1.379260420799255371e-01 9.918556213378906250e-01 -4.992225766181945801e-01 7.418847680091857910e-01 4.345771670341491699e-01 1.073619946837425232e-01 5.045346772129288837e-01 -2.672582556766420758e-01 -2.734357637811394848e-01 6.308406197657225878e-01 -1.256012232037655441e-01 -3.455263108940454658e-02 -4.955317011705143715e-01
1.661967626326014280e+09 -4.207430183887481689e-01 -1.256363987922668457e-01 1.001333475112915039e+00 -5.013301372528076172e-01 7.375802397727966309e-01 4.376030564308166504e-01 1.146609857678413391e-01 5.123048451974751005e-01 -2.716419373897132061e-01 -2.779207715664008815e-01 6.411879315137702928e-01 -1.276613870101304671e-01 -3.511937779910536545e-02 -5.036596194313384123e-01
1.661967626355934143e+09 -4.173605740070343018e-01 -1.134211942553520203e-01 1.010804772377014160e+00 -5.033823847770690918e-01 7.332581281661987305e-01 4.404999911785125732e-01 1.220592632889747620e-01 5.288357586612060235e-01 -2.806964521762046472e-01 -2.871845758221143741e-01 6.625603516290274886e-01 -1.319166648492400284e-01 -3.628999574061331918e-02 -5.204478720675913550e-01
1.661967626386851549e+09 -4.137607812881469727e-01 -1.012844070792198181e-01 1.020268321037292480e+00 -5.053790211677551270e-01 7.289193272590637207e-01 4.432654976844787598e-01 1.295543313026428223e-01 5.112220343472084760e-01 -2.716398426316806725e-01 -2.779186283893483878e-01 6.411829870137316645e-01 -1.276604025534649745e-01 -3.511910697715699137e-02 -5.036557354764322758e-01
1.661967626418766022e+09 -4.099450409412384033e-01 -8.923000097274780273e-02 1.029722929000854492e+00 -5.073198676109313965e-01 7.245643138885498047e-01 4.458976686000823975e-01 1.371437609195709229e-01 4.946944627766785008e-01 -2.631533170944684308e-01 -2.692359421006098041e-01 6.211512577188051942e-01 -1.236720580754800125e-01 -3.402192183922302104e-02 -4.879206090690819120e-01
1.661967626449683666e+09 -4.059148132801055908e-01 -7.726191729307174683e-02 1.039167642593383789e+00 -5.092046260833740234e-01 7.201936841011047363e-01 4.483942389488220215e-01 1.448249369859695435e-01 5.100518875949558995e-01 -2.716377479059551292e-01 -2.779164852453353540e-01 6.411780425899582525e-01 -1.276594181119843907e-01 -3.511883615938545672e-02 -5.036518515814419894e-01
1.661967626480601311e+09 -4.016716480255126953e-01 -6.538406759500503540e-02 1.048601269721984863e+00 -5.110333561897277832e-01 7.158080935478210449e-01 4.507531523704528809e-01 1.525953710079193115e-01 5.094369336107736901e-01 -2.716377479059551292e-01 -2.779164852453425705e-01 6.411780425899582525e-01 -1.276594181119807825e-01 -3.511883615938545672e-02 -5.036518515814419894e-01
1.661967626511518717e+09 -3.972171247005462646e-01 -5.360031500458717346e-02 1.058022618293762207e+00 -5.128057599067687988e-01 7.114080190658569336e-01 4.529724121093750000e-01 1.604523509740829468e-01 5.088042065433354688e-01 -2.716398426316806725e-01 -2.779186283893412268e-01 6.411829870137459864e-01 -1.276604025534667786e-01 -3.511910697715699137e-02 -5.036557354764322758e-01
1.661967626542435884e+09 -3.925529718399047852e-01 -4.191451519727706909e-02 1.067430615425109863e+00 -5.145215988159179688e-01 7.069941759109497070e-01 4.550499320030212402e-01 1.683932244777679443e-01 5.081510220622164065e-01 -2.716419373897132061e-01 -2.779207715664080425e-01 6.411879315137702928e-01 -1.276613870101322712e-01 -3.511937779910536545e-02 -5.036596194313384123e-01
1.661967626574350595e+09 -3.876808881759643555e-01 -3.033047355711460114e-02 1.076824069023132324e+00 -5.161808133125305176e-01 7.025672793388366699e-01 4.569839239120483398e-01 1.764152944087982178e-01 4.916109210353314385e-01 -2.631513512098345720e-01 -2.692339307757701805e-01 6.211466174135779061e-01 -1.236711341844124179e-01 -3.402166767874486436e-02 -4.879169640622907367e-01
1.661967626606266260e+09 -3.826027512550354004e-01 -1.885196752846240997e-02 1.086201906204223633e+00 -5.177831649780273438e-01 6.981278061866760254e-01 4.587724208831787109e-01 1.845158189535140991e-01 4.909199874934233043e-01 -2.631434879650126346e-01 -2.692258857769492253e-01 6.211280568859415263e-01 -1.236674387581867540e-01 -3.402065107479820827e-02 -4.879023845797060277e-01
1.661967626637182474e+09 -3.773204386234283447e-01 -7.482741959393024445e-03 1.095562934875488281e+00 -5.193286538124084473e-01 6.936762928962707520e-01 4.604136347770690918e-01 1.926919966936111450e-01 5.060709358039542360e-01 -2.716503167449291767e-01 -2.779293446052003014e-01 6.412077102765557646e-01 -1.276653249886303687e-01 -3.512046112866915731e-02 -5.036751558499735770e-01
1.661967626668101072e+09 -3.718358874320983887e-01 3.773501375690102577e-03 1.104906082153320312e+00 -5.208169817924499512e-01 6.892136335372924805e-01 4.619058370590209961e-01 2.009410411119461060e-01 5.052941508172107410e-01 -2.716293693261088715e-01 -2.779079129998349718e-01 6.411582656573747707e-01 -1.276554804978769497e-01 -3.511775293006575566e-02 -5.036363166004398373e-01
1.661967626700016022e+09 -3.661511540412902832e-01 1.491309516131877899e-02 1.114230155944824219e+00 -5.222481489181518555e-01 6.847401261329650879e-01 4.632473289966583252e-01 2.092600613832473755e-01 4.887841769874967102e-01 -2.631493853545726624e-01 -2.692319194809884575e-01 6.211419771776808263e-01 -1.236702103071520287e-01 -3.402141352206060343e-02 -4.879133191099556122e-01
1.661967626731930971e+09 -3.602683246135711670e-01 2.593241445720195770e-02 1.123534083366394043e+00 -5.236220359802246094e-01 6.802566051483154297e-01 4.644364118576049805e-01 2.176461666822433472e-01 4.880314247721503906e-01 -2.631493853545726624e-01 -2.692319194809954519e-01 6.211419771776739429e-01 -1.236702103071520287e-01 -3.402141352206234509e-02 -4.879133191099556122e-01
1.661967626763845444e+09 -3.541895449161529541e-01 3.682786971330642700e-02 1.132816553115844727e+00 -5.249383449554443359e-01 6.757636070251464844e-01 4.654713869094848633e-01 2.260964065790176392e-01 4.872641954066959658e-01 -2.631533170944684308e-01 -2.692359421006098041e-01 6.211512577187981998e-01 -1.236720580754817472e-01 -3.402192183922476271e-02 -4.879206090690819120e-01
1.661967626795273542e+09 -3.479170799255371094e-01 4.759592190384864807e-02 1.142076611518859863e+00 -5.261971354484558105e-01 6.712618470191955566e-01 4.663510322570800781e-01 2.346078753471374512e-01 4.940029657792154860e-01 -2.672258162552321736e-01 -2.734025745427032250e-01 6.307640492416233258e-01 -1.255859779085370387e-01 -3.454843714090372053e-02 -4.954715542477015622e-01
1.661967626827187777e+09 -3.414531648159027100e-01 5.823306739330291748e-02 1.151313066482543945e+00 -5.273982882499694824e-01 6.667518019676208496e-01 4.670735895633697510e-01 2.431775480508804321e-01 4.856697914734343646e-01 -2.631552830084750716e-01 -2.692379534554941167e-01 6.211558980933502561e-01 -1.236729819803516484e-01 -3.402217600350212340e-02 -4.879242541303339120e-01
1.661967626859102249e+09 -3.348002135753631592e-01 6.873584538698196411e-02 1.160524606704711914e+00 -5.285416841506958008e-01 6.622341871261596680e-01 4.676377773284912109e-01 2.518024444580078125e-01 4.848360236097601361e-01 -2.631533170944684308e-01 -2.692359421006028652e-01 6.211512577188051942e-01 -1.236720580754800125e-01 -3.402192183922476271e-02 -4.879206090690784148e-01
1.661967626890528917e+09 -3.279606401920318604e-01 7.910085469484329224e-02 1.169710397720336914e+00 -5.296272635459899902e-01 6.577095389366149902e-01 4.680423140525817871e-01 2.604794204235076904e-01 4.915068140421392506e-01 -2.672379801153790257e-01 -2.734150195629075353e-01 6.307927610097684434e-01 -1.255916944605287577e-01 -3.455000975227623394e-02 -4.954941076326176974e-01
1.661967626922444582e+09 -3.209368586540222168e-01 8.932472765445709229e-02 1.178869009017944336e+00 -5.306549668312072754e-01 6.531785726547241211e-01 4.682855606079101562e-01 2.692054510116577148e-01 4.831126107510972378e-01 -2.631434879650126346e-01 -2.692258857769422864e-01 6.211280568859485207e-01 -1.236674387581867540e-01 -3.402065107479820827e-02 -4.879023845797060277e-01
1.661967626954358816e+09 -3.137314915657043457e-01 9.940414130687713623e-02 1.187999486923217773e+00 -5.316246151924133301e-01 6.486419439315795898e-01 4.683666825294494629e-01 2.779774963855743408e-01 4.822558423621404744e-01 -2.631552830084750716e-01 -2.692379534554941167e-01 6.211558980933572505e-01 -1.236729819803499136e-01 -3.402217600350212340e-02 -4.879242541303304148e-01
1.661967626984781742e+09 -3.063471019268035889e-01 1.093358397483825684e-01 1.197100639343261719e+00 -5.325362086296081543e-01 6.441002488136291504e-01 4.682843387126922607e-01 2.867923378944396973e-01 5.049564629026616069e-01 -2.760549506904105277e-01 -2.824357889206727257e-01 6.516044780058509733e-01 -1.297353355479548276e-01 -3.568991665930101170e-02 -5.118419222853556327e-01
1.661967627016696692e+09 -2.987863719463348389e-01 1.191165968775749207e-01 1.206171274185180664e+00 -5.333898663520812988e-01 6.395539641380310059e-01 4.680373072624206543e-01 2.956469058990478516e-01 4.804366087350080416e-01 -2.631493853545726624e-01 -2.692319194809954519e-01 6.211419771776808263e-01 -1.236702103071520287e-01 -3.402141352206234509e-02 -4.879133191099591094e-01
1.661967627048611879e+09 -2.910519838333129883e-01 1.287432461977005005e-01 1.215210199356079102e+00 -5.341852903366088867e-01 6.350038647651672363e-01 4.676247537136077881e-01 3.045378625392913818e-01 4.795033959119420208e-01 -2.631474195286821471e-01 -2.692299082162570301e-01 6.211373370110985226e-01 -1.236692864436933492e-01 -3.402115936917711470e-02 -4.879096742120823671e-01
1.661967627080526114e+09 -2.831467688083648682e-01 1.382126957178115845e-01 1.224216341972351074e+00 -5.349225401878356934e-01 6.304505467414855957e-01 4.670454859733581543e-01 3.134621679782867432e-01 4.785730945935669500e-01 -2.631552830084750716e-01 -2.692379534554941167e-01 6.211558980933641338e-01 -1.236729819803516484e-01 -3.402217600350212340e-02 -4.879242541303304148e-01
1.661967627111949205e+09 -2.750734984874725342e-01 1.475218534469604492e-01 1.233188629150390625e+00 -5.356015563011169434e-01 6.258946061134338379e-01 4.662987291812896729e-01 3.224165737628936768e-01 4.850797247313428096e-01 -2.672683946110597231e-01 -2.734461370707106931e-01 6.308645518671042174e-01 -1.256059881176169457e-01 -3.455394190713481639e-02 -4.955505000787435166e-01
1.661967627143864155e+09 -2.668351233005523682e-01 1.566677242517471313e-01 1.242125868797302246e+00 -5.362223386764526367e-01 6.213367581367492676e-01 4.653835296630859375e-01 3.313977420330047607e-01 4.766285341946123744e-01 -2.631493853545726624e-01 -2.692319194809884575e-01 6.211419771776739429e-01 -1.236702103071520287e-01 -3.402141352206234509e-02 -4.879133191099556122e-01
1.661967627174780846e+09 -2.584345340728759766e-01 1.656473726034164429e-01 1.251026868820190430e+00 -5.367848873138427734e-01 6.167774796485900879e-01 4.642992019653320312e-01 3.404025435447692871e-01 4.909962660025666836e-01 -2.716461270027043517e-01 -2.779250580196847564e-01 6.411978207426362042e-01 -1.276633559690121267e-01 -3.511991945553300659e-02 -5.036673875208428353e-01
1.661967627206206560e+09 -2.498747408390045166e-01 1.744578778743743896e-01 1.259890437126159668e+00 -5.372890830039978027e-01 6.122175455093383789e-01 4.630448222160339355e-01 3.494276106357574463e-01 4.820214367173954462e-01 -2.672460899707025939e-01 -2.734233168724861662e-01 6.308119036407271452e-01 -1.255955057843218536e-01 -3.455105823939782356e-02 -4.955091443632698711e-01
1.661967627238121271e+09 -2.411587983369827271e-01 1.830964237451553345e-01 1.268715620040893555e+00 -5.377350449562072754e-01 6.076574921607971191e-01 4.616198241710662842e-01 3.584697246551513672e-01 4.736192657608201406e-01 -2.631513512098354046e-01 -2.692339307757771749e-01 6.211466174135709117e-01 -1.236711341844158873e-01 -3.402166767874486436e-02 -4.879169640622907367e-01
1.661967627269038677e+09 -2.322898060083389282e-01 1.915602385997772217e-01 1.277501225471496582e+00 -5.381227731704711914e-01 6.030979156494140625e-01 4.600236713886260986e-01 3.675254583358764648e-01 4.878322595127764782e-01 -2.716398426316797843e-01 -2.779186283893412268e-01 6.411829870137387699e-01 -1.276604025534649745e-01 -3.511910697715699137e-02 -5.036557354764358285e-01
1.661967627299956560e+09 -2.232709079980850220e-01 1.998465806245803833e-01 1.286245942115783691e+00 -5.384522080421447754e-01 5.985395312309265137e-01 4.582557678222656250e-01 3.765916824340820312e-01 4.867427366131029665e-01 -2.716356532125368539e-01 -2.779143421343897580e-01 6.411730982424412861e-01 -1.276584336856829427e-01 -3.511856534579066436e-02 -5.036479677463411297e-01
1.661967627331871033e+09 -2.141052931547164917e-01 2.079528123140335083e-01 1.294948816299438477e+00 -5.387234091758728027e-01 5.939829349517822266e-01 4.563156068325042725e-01 3.856649398803710938e-01 4.704858913357386485e-01 -2.631533170944684308e-01 -2.692359421006028652e-01 6.211512577187981998e-01 -1.236720580754800125e-01 -3.402192183922476271e-02 -4.879206090690819120e-01
1.661967627361790180e+09 -2.047962248325347900e-01 2.158763110637664795e-01 1.303608655929565430e+00 -5.389364361763000488e-01 5.894286632537841797e-01 4.542028009891510010e-01 3.947419226169586182e-01 5.007195373975464880e-01 -2.807031625862494995e-01 -2.871914413391148946e-01 6.625761909871751287e-01 -1.319198184869366242e-01 -3.629086329967955854e-02 -5.204603140439697517e-01
1.661967627392707348e+09 -1.953469812870025635e-01 2.236145585775375366e-01 1.312224388122558594e+00 -5.390911698341369629e-01 5.848774909973144531e-01 4.519169926643371582e-01 4.038192033767700195e-01 4.834387029953878812e-01 -2.716419373897132061e-01 -2.779207715664008815e-01 6.411879315137775093e-01 -1.276613870101322712e-01 -3.511937779910536545e-02 -5.036596194313347485e-01
1.661967627422627211e+09 -1.857609003782272339e-01 2.311650961637496948e-01 1.320794701576232910e+00 -5.391879081726074219e-01 5.803298950195312500e-01 4.494579732418060303e-01 4.128936529159545898e-01 4.983824237662581869e-01 -2.806964521762046472e-01 -2.871845758221218126e-01 6.625603516290200501e-01 -1.319166648492400284e-01 -3.628999574061331918e-02 -5.204478720675913550e-01
1.661967627454542160e+09 -1.760413646697998047e-01 2.385254800319671631e-01 1.329318761825561523e+00 -5.392264723777770996e-01 5.757865905761718750e-01 4.468254148960113525e-01 4.219616353511810303e-01 4.661231743106549752e-01 -2.631493853545726624e-01 -2.692319194809884575e-01 6.211419771776739429e-01 -1.236702103071520287e-01 -3.402141352206060343e-02 -4.879133191099556122e-01
1.661967627485459805e+09 -1.661917865276336670e-01 2.456933856010437012e-01 1.337795138359069824e+00 -5.392070412635803223e-01 5.712481737136840820e-01 4.440192878246307373e-01 4.310199022293090820e-01 4.800027113618435259e-01 -2.716377479059551292e-01 -2.779164852453425705e-01 6.411780425899582525e-01 -1.276594181119825866e-01 -3.511883615938545672e-02 -5.036518515814419894e-01
1.661967627516376972e+09 -1.562156379222869873e-01 2.526665329933166504e-01 1.346222996711730957e+00 -5.391296148300170898e-01 5.667152404785156250e-01 4.410395324230194092e-01 4.400651752948760986e-01 4.788482546353193259e-01 -2.716419373897132061e-01 -2.779207715664008815e-01 6.411879315137846147e-01 -1.276613870101304671e-01 -3.511937779910536545e-02 -5.036596194313347485e-01
1.661967627546297550e+09 -1.461164206266403198e-01 2.594426870346069336e-01 1.354600906372070312e+00 -5.389942526817321777e-01 5.621883869171142578e-01 4.378858804702758789e-01 4.490939080715179443e-01 4.935801418709667709e-01 -2.806897420869864379e-01 -2.871777106333710528e-01 6.625445130281492068e-01 -1.319135113623216005e-01 -3.628912822302533120e-02 -5.204354306860616841e-01
1.661967627578212023e+09 -1.358976662158966064e-01 2.660197317600250244e-01 1.362928032875061035e+00 -5.388010740280151367e-01 5.576683282852172852e-01 4.345586597919464111e-01 4.581028521060943604e-01 4.615977716551720178e-01 -2.631533170944684308e-01 -2.692359421006028652e-01 6.211512577187981998e-01 -1.236720580754800125e-01 -3.402192183922476271e-02 -4.879206090690801911e-01
1.661967627610127926e+09 -1.255629658699035645e-01 2.723955512046813965e-01 1.371203184127807617e+00 -5.385501384735107422e-01 5.531556010246276855e-01 4.310578405857086182e-01 4.670885205268859863e-01 4.604204629372251611e-01 -2.631415222272323051e-01 -2.692238746023645768e-01 6.211234169273567307e-01 -1.236665149361347443e-01 -3.402039693330435183e-02 -4.878987398452022672e-01
1.661967627642041206e+09 -1.255629658699035645e-01 2.723955512046813965e-01 1.371203184127807617e+00 -5.385501384735107422e-01 5.531556010246276855e-01 4.310578405857086182e-01 4.670885205268859863e-01 0.000000000000000000e+00 0.000000000000000000e+00 0.000000000000000000e+00 0.000000000000000000e+00 0.000000000000000000e+00 0.000000000000000000e+00 0.000000000000000000e+00
1.661967627673956156e+09 -1.297382563352584839e-01 2.823099792003631592e-01 1.372308969497680664e+00 -5.369518399238586426e-01 5.514562726020812988e-01 4.332120418548583984e-01 4.689414501190185547e-01 3.388512549335401802e-01 8.124055474559058188e-02 -4.898470995290371000e-01 5.940790433203587684e-01 -3.040573234086602072e-01 8.237546930827591152e-02 2.886310405369403309e-01
1.661967627705871105e+09 -1.339701116085052490e-01 2.921525537967681885e-01 1.373256206512451172e+00 -5.353542566299438477e-01 5.497391223907470703e-01 4.353825747966766357e-01 4.707704186439514160e-01 3.370070459871022939e-01 8.124055474559058188e-02 -4.898470995290440388e-01 5.940790433203587684e-01 -3.040573234086602072e-01 8.237546930827416292e-02 2.886310405369420518e-01
1.661967627737786055e+09 -1.382576972246170044e-01 3.019205629825592041e-01 1.374045133590698242e+00 -5.337576270103454590e-01 5.480042099952697754e-01 4.375691711902618408e-01 4.725753366947174072e-01 3.351632795717865987e-01 8.124055474559058188e-02 -4.898470995290440388e-01 5.940790433203587684e-01 -3.040573234086584864e-01 8.237546930827591152e-02 2.886310405369420518e-01
1.661967627769701004e+09 -1.426001936197280884e-01 3.116112351417541504e-01 1.374676227569580078e+00 -5.321622490882873535e-01 5.462516546249389648e-01 4.397714436054229736e-01 4.743559956550598145e-01 3.333199378563642679e-01 8.124055474559145618e-02 -4.898470995290371000e-01 5.940790433203517740e-01 -3.040573234086619836e-01 8.237546930827416292e-02 2.886310405369420518e-01
1.661967627801615953e+09 -1.469967067241668701e-01 3.212219476699829102e-01 1.375150084495544434e+00 -5.305682420730590820e-01 5.444815754890441895e-01 4.419890046119689941e-01 4.761122465133666992e-01 3.314813025827832438e-01 8.124055474559058188e-02 -4.898470995290440388e-01 5.940790433203657628e-01 -3.040573234086619836e-01 8.237546930827591152e-02 2.886310405369420518e-01
1.661967627832532883e+09 -1.514463275671005249e-01 3.307500183582305908e-01 1.375467181205749512e+00 -5.289758443832397461e-01 5.426941514015197754e-01 4.442214965820312500e-01 4.778439998626708984e-01 3.402872617983986325e-01 8.386305686369385781e-02 -5.056597076541921032e-01 6.132563317363142197e-01 -3.138725071818502799e-01 8.503460726489393828e-02 2.979482530735695911e-01
1.661967627863450289e+09 -1.559481471776962280e-01 3.401927947998046875e-01 1.375627994537353516e+00 -5.273852944374084473e-01 5.408895015716552734e-01 4.464685022830963135e-01 4.795510470867156982e-01 3.383928943469487471e-01 8.386176344918233605e-02 -5.056519088971554998e-01 6.132468735234899437e-01 -3.138676663464333161e-01 8.503329578163530689e-02 2.979436578369029642e-01
1.661967627895365238e+09 -1.605011969804763794e-01 3.495476543903350830e-01 1.375633358955383301e+00 -5.257967710494995117e-01 5.390676856040954590e-01 4.487296342849731445e-01 4.812332391738891602e-01 3.259921426563003322e-01 8.124055474559058188e-02 -4.898470995290440388e-01 5.940790433203657628e-01 -3.040573234086619836e-01 8.237546930827416292e-02 2.886310405369386101e-01
1.661967627927279711e+09 -1.651045233011245728e-01 3.588120043277740479e-01 1.375483870506286621e+00 -5.242105722427368164e-01 5.372288227081298828e-01 4.510046541690826416e-01 4.828906357288360596e-01 3.241810993993843870e-01 8.124176856841527905e-02 -4.898544183809563357e-01 5.940879195116245404e-01 -3.040618663579355840e-01 8.237670008796660337e-02 2.886353530006618984e-01
1.661967627959194660e+09 -1.697570830583572388e-01 3.679832816123962402e-01 1.375180125236511230e+00 -5.226267576217651367e-01 5.353731513023376465e-01 4.532930254936218262e-01 4.845229089260101318e-01 3.223688857334628399e-01 8.124055474559058188e-02 -4.898470995290440388e-01 5.940790433203553267e-01 -3.040573234086584864e-01 8.237546930827416292e-02 2.886310405369420518e-01
1.661967627991109848e+09 -1.744578778743743896e-01 3.770589232444763184e-01 1.374722957611083984e+00 -5.210455656051635742e-01 5.335007309913635254e-01 4.555943310260772705e-01 4.861299097537994385e-01 3.205689663382477184e-01 8.123994784777981149e-02 -4.898434401850893516e-01 5.940746053241886537e-01 -3.040550519849279931e-01 8.237485393222214458e-02 2.886288843534057791e-01
1.661967628021029472e+09 -1.792058497667312622e-01 3.860363960266113281e-01 1.374113202095031738e+00 -5.194672942161560059e-01 5.316117405891418457e-01 4.579083323478698730e-01 4.877116680145263672e-01 3.400440158507312960e-01 8.665844754087512203e-02 -5.225147626148070046e-01 6.336978836731113063e-01 -3.243347573455431232e-01 8.786904899973800587e-02 3.078797032266248346e-01
1.661967628052943707e+09 -1.839999109506607056e-01 3.949131965637207031e-01 1.373351454734802246e+00 -5.178920626640319824e-01 5.297062993049621582e-01 4.602346122264862061e-01 4.892680346965789795e-01 3.170170029215232943e-01 8.124237549343048259e-02 -4.898580778889372600e-01 5.940923577067266370e-01 -3.040641378834802455e-01 8.237731549160394462e-02 2.886375092808469156e-01
1.661967628083861589e+09 -1.888389736413955688e-01 4.036868810653686523e-01 1.372438788414001465e+00 -5.163201093673706055e-01 5.277845263481140137e-01 4.625728130340576172e-01 4.907989501953125000e-01 3.254156934431345349e-01 8.386047007456490232e-02 -5.056441103806817994e-01 6.132374156024225087e-01 -3.138628256603338551e-01 8.503198433882809548e-02 2.979390627419675197e-01
1.661967628114778519e+09 -1.937219053506851196e-01 4.123549759387969971e-01 1.371375918388366699e+00 -5.147515535354614258e-01 5.258466005325317383e-01 4.649223983287811279e-01 4.923041462898254395e-01 3.236229453094469632e-01 8.386305686369385781e-02 -5.056597076541849978e-01 6.132563317363105559e-01 -3.138725071818502799e-01 8.503460726489393828e-02 2.979482530735695911e-01
1.661967628146692753e+09 -1.986475586891174316e-01 4.209150969982147217e-01 1.370163917541503906e+00 -5.131866931915283203e-01 5.238926410675048828e-01 4.672831594944000244e-01 4.937837719917297363e-01 3.117796895369126520e-01 8.124237549343048259e-02 -4.898580778889372600e-01 5.940923577067266370e-01 -3.040641378834802455e-01 8.237731549160220990e-02 2.886375092808469156e-01
1.661967628177610159e+09 -2.036147713661193848e-01 4.293648004531860352e-01 1.368803620338439941e+00 -5.116257071495056152e-01 5.219228863716125488e-01 4.696546494960784912e-01 4.952375590801239014e-01 3.200627178183995114e-01 8.386176344918143399e-02 -5.056519088971627163e-01 6.132468735234971602e-01 -3.138676663464369243e-01 8.503329578163530689e-02 2.979436578368994115e-01
1.661967628208527565e+09 -2.086223363876342773e-01 4.377017915248870850e-01 1.367296218872070312e+00 -5.100687742233276367e-01 5.199373364448547363e-01 4.720364511013031006e-01 4.966655373573303223e-01 3.183129852866957710e-01 8.386176344918143399e-02 -5.056519088971554998e-01 6.132468735234936075e-01 -3.138676663464333161e-01 8.503329578163530689e-02 2.979436578368994115e-01
1.661967628240442276e+09 -2.136690616607666016e-01 4.459236860275268555e-01 1.365642428398132324e+00 -5.085160732269287109e-01 5.179363489151000977e-01 4.744282364845275879e-01 4.980674982070922852e-01 3.066909236043302567e-01 8.124116165246900167e-02 -4.898507589276659413e-01 5.940834813828368421e-01 -3.040595948663262771e-01 8.237608469352225571e-02 2.886331967526938880e-01
1.661967628271359921e+09 -2.187536954879760742e-01 4.540282487869262695e-01 1.363843679428100586e+00 -5.069678425788879395e-01 5.159198641777038574e-01 4.768295288085937500e-01 4.994435906410217285e-01 3.148732519422520193e-01 8.386111675688719125e-02 -5.056480096088570297e-01 6.132421445264928384e-01 -3.138652459847229292e-01 8.503264005517606472e-02 2.979413602717161380e-01
1.661967628302277327e+09 -2.238750010728836060e-01 4.620131552219390869e-01 1.361900925636291504e+00 -5.054241418838500977e-01 5.138881206512451172e-01 4.792400896549224854e-01 5.007936358451843262e-01 3.131897844769884198e-01 8.386176344918143399e-02 -5.056519088971554998e-01 6.132468735234971602e-01 -3.138676663464369243e-01 8.503329578163530689e-02 2.979436578368994115e-01
1.661967628334191561e+09 -2.290316820144653320e-01 4.698761701583862305e-01 1.359815239906311035e+00 -5.038855075836181641e-01 5.118414759635925293e-01 4.816596806049346924e-01 5.021174550056457520e-01 3.017975545365321755e-01 8.124237549342960829e-02 -4.898580778889338183e-01 5.940923577067230843e-01 -3.040641378834767483e-01 8.237731549160220990e-02 2.886375092808434184e-01
1.661967628366106987e+09 -2.342224568128585815e-01 4.776151180267333984e-01 1.357587814331054688e+00 -5.023516416549682617e-01 5.097797513008117676e-01 4.840874373912811279e-01 5.034152269363403320e-01 3.002018162635319842e-01 8.123934095903648234e-02 -4.898397808958180888e-01 5.940701673943251659e-01 -3.040527805951340756e-01 8.237423856536250921e-02 2.886267282020842373e-01
1.661967628398020506e+09 -2.394459992647171021e-01 4.852278530597686768e-01 1.355219960212707520e+00 -5.008229613304138184e-01 5.077032446861267090e-01 4.865231513977050781e-01 5.046868324279785156e-01 2.986605668124958091e-01 8.124419632288384929e-02 -4.898690567409313412e-01 5.941056726898998885e-01 -3.040709526637547788e-01 8.237916175768646154e-02 2.886439783147107252e-01
1.661967628428937912e+09 -2.447009980678558350e-01 4.927121698856353760e-01 1.352712869644165039e+00 -4.992997944355010986e-01 5.056122541427612305e-01 4.889667034149169922e-01 5.059322118759155273e-01 3.067003454570534915e-01 8.386176344918143399e-02 -5.056519088971590525e-01 6.132468735234971602e-01 -3.138676663464369243e-01 8.503329578163350277e-02 2.979436578368994115e-01
