1.661967628543631554e+09 1.378528122206244648e-16 -2.367949187755584717e-01 1.128897309303283691e+00 -6.125128269195556641e-01 6.125135421752929688e-01 3.533097505569458008e-01 3.533093035221099854e-01 0.000000000000000000e+00 0.000000000000000000e+00 0.000000000000000000e+00 0.000000000000000000e+00 0.000000000000000000e+00 0.000000000000000000e+00 0.000000000000000000e+00
1.661967630383738279e+09 1.378528122206244648e-16 -2.367949187755584717e-01 1.128897309303283691e+00 -6.125128269195556641e-01 6.125135421752929688e-01 3.533097505569458008e-01 3.533093035221099854e-01 0.000000000000000000e+00 0.000000000000000000e+00 0.000000000000000000e+00 0.000000000000000000e+00 0.000000000000000000e+00 0.000000000000000000e+00 0.000000000000000000e+00
1.661967630406677008e+09 -3.753641620278358459e-03 -2.263358235359191895e-01 1.133987307548522949e+00 -6.099505424499511719e-01 6.136286258697509766e-01 3.571957945823669434e-01 3.518968522548675537e-01 5.328344178398237707e-01 2.164863000499891998e-01 -7.465638600889820120e-01 6.585782072701992229e-01 -3.892421459039564768e-02 2.655376029999376164e-01 5.013929780592728536e-01
1.661967630436597347e+09 -7.613960653543472290e-03 -2.158043235540390015e-01 1.138904929161071777e+00 -6.073871254920959473e-01 6.147286891937255859e-01 3.610821962356567383e-01 3.504413962364196777e-01 4.093318845316353261e-01 1.659713924890199588e-01 -5.723606686073640093e-01 5.049055857036418571e-01 -2.984163938141875388e-02 2.035770656984703109e-01 3.843979537434858984e-01
1.661967630467514277e+09 -1.158218551427125931e-02 -2.052042782306671143e-01 1.143648266792297363e+00 -6.048226356506347656e-01 6.158136725425720215e-01 3.649684488773345947e-01 3.489429652690887451e-01 3.969412724008320459e-01 1.606213988849782837e-01 -5.539109474214856110e-01 4.886302408165059119e-01 -2.887971107901382214e-02 1.970148745697284098e-01 3.720071039524907031e-01
1.661967630498431444e+09 -1.565947569906711578e-02 -1.945395171642303467e-01 1.148215889930725098e+00 -6.022570729255676270e-01 6.168835163116455078e-01 3.688541948795318604e-01 3.474013209342956543e-01 3.977512271739356287e-01 1.606201602486942714e-01 -5.539066759221532577e-01 4.886264727311032119e-01 -2.887948837233679511e-02 1.970133552841679403e-01 3.720042352095897509e-01
1.661967630529349089e+09 -1.984692737460136414e-02 -1.838139742612838745e-01 1.152606368064880371e+00 -5.996906757354736328e-01 6.179383397102355957e-01 3.727388083934783936e-01 3.458164334297180176e-01 3.985644846890699644e-01 1.606176830334332672e-01 -5.538981331211242365e-01 4.886189367346843726e-01 -2.887904296928658909e-02 1.970103167833384405e-01 3.719984978565274436e-01
1.661967630561264038e+09 -2.414556965231895447e-02 -1.730315685272216797e-01 1.156817913055419922e+00 -5.971234440803527832e-01 6.189782023429870605e-01 3.766219913959503174e-01 3.441881537437438965e-01 3.869066299769077788e-01 1.555985679205253436e-01 -5.365894630017790101e-01 4.733501653048949320e-01 -2.797660658572038994e-02 1.908539743452501436e-01 3.603739790158338452e-01
1.661967630593179226e+09 -2.855635806918144226e-02 -1.621962785720825195e-01 1.160849332809448242e+00 -5.945554375648498535e-01 6.200029850006103516e-01 3.805032074451446533e-01 3.425164520740509033e-01 3.877088025538202865e-01 1.555974055401051770e-01 -5.365854544746166965e-01 4.733466291993276842e-01 -2.797639758983988187e-02 1.908525485935480548e-01 3.603712868852905760e-01
1.661967630625095844e+09 -3.308018296957015991e-02 -1.513120979070663452e-01 1.164699196815490723e+00 -5.919867157936096191e-01 6.210126876831054688e-01 3.843819200992584229e-01 3.408010900020599365e-01 3.885020198590857787e-01 1.555904316222664063e-01 -5.365614045692856937e-01 4.733254136752582664e-01 -2.797514368012628955e-02 1.908439945306552865e-01 3.603551349466563858e-01
1.661967630656013012e+09 -3.771787136793136597e-02 -1.403830945491790771e-01 1.168366193771362305e+00 -5.894175171852111816e-01 6.220075488090515137e-01 3.882577717304229736e-01 3.390420973300933838e-01 4.019030699381652694e-01 1.606201602486933555e-01 -5.539066759221532577e-01 4.886264727311103728e-01 -2.887948837233657307e-02 1.970133552841679403e-01 3.720042352095897509e-01
1.661967630686928749e+09 -4.247016832232475281e-02 -1.294132918119430542e-01 1.171849012374877930e+00 -5.868477225303649902e-01 6.229873895645141602e-01 3.921302556991577148e-01 3.372393846511840820e-01 4.027704246634360996e-01 1.606275923529704441e-01 -5.539323059063865351e-01 4.886490821152186803e-01 -2.888082466392493525e-02 1.970224713490362489e-01 3.720214483306760744e-01
1.661967630718842506e+09 -4.733775183558464050e-02 -1.184068247675895691e-01 1.175146460533142090e+00 -5.842775702476501465e-01 6.239521503448486328e-01 3.959988653659820557e-01 3.353928625583648682e-01 3.910017587493064273e-01 1.556043800831448942e-01 -5.366095065359874905e-01 4.733678466253178341e-01 -2.797765161196447831e-02 1.908611034233021198e-01 3.603874402719247638e-01
1.661967630750757933e+09 -5.232124030590057373e-02 -1.073677912354469299e-01 1.178257346153259277e+00 -5.817070007324218750e-01 6.249021887779235840e-01 3.998630940914154053e-01 3.335024118423461914e-01 3.918142923117009513e-01 1.555962431770508692e-01 -5.365814460073443648e-01 4.733430931465782421e-01 -2.797618859708169217e-02 1.908511228631510903e-01 3.603685947949677448e-01
1.661967630782673120e+09 -5.742116272449493408e-02 -9.630033373832702637e-02 1.181180477142333984e+00 -5.791360735893249512e-01 6.258372664451599121e-01 4.037224352359771729e-01 3.315680027008056641e-01 3.926550808611993792e-01 1.555974055401051770e-01 -5.365854544746166965e-01 4.733466291993137509e-01 -2.797639758983988187e-02 1.908525485935480548e-01 3.603712868852905760e-01
1.661967630814587355e+09 -6.263798475265502930e-02 -8.520862460136413574e-02 1.183915019035339355e+00 -5.765650272369384766e-01 6.267574429512023926e-01 4.075765311717987061e-01 3.295896053314208984e-01 3.935115910980701015e-01 1.556020551659935136e-01 -5.366014889426193868e-01 4.733607739386544444e-01 -2.797723359209847160e-02 1.908582517281728619e-01 3.603820556488143700e-01
1.661967630846502066e+09 -6.797210872173309326e-02 -7.409685105085372925e-02 1.186459898948669434e+00 -5.739939212799072266e-01 6.276626586914062500e-01 4.114247560501098633e-01 3.275671303272247314e-01 3.943553839103579040e-01 1.555997303183135061e-01 -5.365934715888326378e-01 4.733537014633089623e-01 -2.797681558472383048e-02 1.908554001182543591e-01 3.603766711866018824e-01
1.661967630878417015e+09 -7.342384755611419678e-02 -6.296920776367187500e-02 1.188814163208007812e+00 -5.714227557182312012e-01 6.285530924797058105e-01 4.152668118476867676e-01 3.255004882812500000e-01 3.952075026916154199e-01 1.555985679205270922e-01 -5.365894630017790101e-01 4.733501653049088653e-01 -2.797660658572060852e-02 1.908539743452518922e-01 3.603739790158355660e-01
1.661967630910331726e+09 -7.899345457553863525e-02 -5.182991921901702881e-02 1.190976858139038086e+00 -5.688515901565551758e-01 6.294287443161010742e-01 4.191020131111145020e-01 3.233896493911743164e-01 3.960703748874407348e-01 1.555997303183143665e-01 -5.365934715888326378e-01 4.733537014633159568e-01 -2.797681558472383048e-02 1.908554001182543591e-01 3.603766711866053796e-01
1.661967630942246914e+09 -8.468109369277954102e-02 -4.068322107195854187e-02 1.192947268486022949e+00 -5.662806034088134766e-01 6.302894949913024902e-01 4.229300022125244141e-01 3.212346434593200684e-01 3.969299894323304323e-01 1.555974055401051770e-01 -5.365854544746166965e-01 4.733466291993207453e-01 -2.797639758983988187e-02 1.908525485935498034e-01 3.603712868852905760e-01
1.661967630974161148e+09 -9.048687666654586792e-02 -2.953336201608181000e-02 1.194724559783935547e+00 -5.637097954750061035e-01 6.311354637145996094e-01 4.267503023147583008e-01 3.190354108810424805e-01 3.978122974404441625e-01 1.556020551659935136e-01 -5.366014889426193868e-01 4.733607739386474500e-01 -2.797723359209857916e-02 1.908582517281728619e-01 3.603820556488126492e-01
1.661967631005079985e+09 -9.641081839799880981e-02 -1.838460005819797516e-02 1.196308135986328125e+00 -5.611392259597778320e-01 6.319667696952819824e-01 4.305622279644012451e-01 3.167917132377624512e-01 4.115233693965798523e-01 1.606114903295685903e-01 -5.538767772713550919e-01 4.886000977605350903e-01 -2.887792952176551631e-02 1.970027209412916758e-01 3.719841552480954716e-01
1.661967631035995245e+09 -1.024528890848159790e-01 -7.241202984005212784e-03 1.197697162628173828e+00 -5.585690140724182129e-01 6.327832341194152832e-01 4.343653917312622070e-01 3.145038187503814697e-01 4.124795943761224160e-01 1.606300698739053512e-01 -5.539408497615536664e-01 4.886566190415482236e-01 -2.888127012193560800e-02 1.970255102248012757e-01 3.720271863916985167e-01
1.661967631065915108e+09 -1.086129546165466309e-01 3.892553038895130157e-03 1.198891043663024902e+00 -5.559992790222167969e-01 6.335850358009338379e-01 4.381594955921173096e-01 3.121715486049652100e-01 4.271460735946039922e-01 1.659740375989870176e-01 -5.723697904017047700e-01 5.049136324566267930e-01 -2.984211497191991899e-02 2.035803101354656808e-01 3.844040799489912841e-01
1.661967631097831488e+09 -1.148908212780952454e-01 1.501238811761140823e-02 1.199889421463012695e+00 -5.534300804138183594e-01 6.343721151351928711e-01 4.419437646865844727e-01 3.097949922084808350e-01 4.013160568952630070e-01 1.555915938984929747e-01 -5.365654127371282112e-01 4.733289494638738826e-01 -2.797535265727275552e-02 1.908454201545528861e-01 3.603578268358818559e-01
1.661967631129259109e+09 -1.212862133979797363e-01 2.611401863396167755e-02 1.200691819190979004e+00 -5.508614182472229004e-01 6.351445317268371582e-01 4.457178115844726562e-01 3.073740005493164062e-01 4.084654565651957281e-01 1.580113331391963527e-01 -5.449100048315553835e-01 4.806900967089111631e-01 -2.841042152507732010e-02 1.938134220914565775e-01 3.659620625946465866e-01
1.661967631161174536e+09 -1.277988106012344360e-01 3.719315677881240845e-02 1.201297640800476074e+00 -5.482934117317199707e-01 6.359022855758666992e-01 4.494811594486236572e-01 3.049086630344390869e-01 4.031209836409102021e-01 1.555962431770508692e-01 -5.365814460073443648e-01 4.733430931465782421e-01 -2.797618859708169217e-02 1.908511228631493695e-01 3.603685947949677448e-01
1.661967631193088531e+09 -1.344281584024429321e-01 4.824552312493324280e-02 1.201706528663635254e+00 -5.457261204719543457e-01 6.366454362869262695e-01 4.532333016395568848e-01 3.023989498615264893e-01 4.040416011754384140e-01 1.556032176158853031e-01 -5.366054977093550615e-01 4.733643102555672999e-01 -2.797744260047014056e-02 1.908596775650863442e-01 3.603847479402570997e-01
1.661967631225002527e+09 -1.411737948656082153e-01 5.926682800054550171e-02 1.201918244361877441e+00 -5.431597232818603516e-01 6.373739838600158691e-01 4.569737017154693604e-01 2.998448312282562256e-01 4.049486275201379382e-01 1.556032176158861913e-01 -5.366054977093550615e-01 4.733643102555672999e-01 -2.797744260047025158e-02 1.908596775650845956e-01 3.603847479402553788e-01
1.661967631255920887e+09 -1.480351537466049194e-01 7.025279849767684937e-02 1.201932668685913086e+00 -5.405942797660827637e-01 6.380879282951354980e-01 4.607019722461700439e-01 2.972464561462402344e-01 4.189292729648103064e-01 1.606139673538100610e-01 -5.538853194136469371e-01 4.886076331758659741e-01 -2.887837489047070591e-02 1.970057592078217346e-01 3.719898921587492802e-01
1.661967631286836386e+09 -1.550115793943405151e-01 8.119915425777435303e-02 1.201749444007873535e+00 -5.380296111106872559e-01 6.387874484062194824e-01 4.644173383712768555e-01 2.946036756038665771e-01 4.199119344377456042e-01 1.606288311038842065e-01 -5.539365778010252317e-01 4.886528505493176744e-01 -2.888104739121248599e-02 1.970239907752045216e-01 3.720243173390614944e-01
1.661967631318751335e+09 -1.621023565530776978e-01 9.210163354873657227e-02 1.201368451118469238e+00 -5.354660749435424805e-01 6.394723653793334961e-01 4.681195914745330811e-01 2.919166088104248047e-01 4.076799482679061004e-01 1.555985679205262318e-01 -5.365894630017790101e-01 4.733501653049018709e-01 -2.797660658572050096e-02 1.908539743452501436e-01 3.603739790158355660e-01
1.661967631350666523e+09 -1.693067103624343872e-01 1.029559820890426636e-01 1.200789570808410645e+00 -5.329036116600036621e-01 6.401427984237670898e-01 4.718080163002014160e-01 2.891851663589477539e-01 4.085986364535789117e-01 1.555974055401051770e-01 -5.365854544746166965e-01 4.733466291993207453e-01 -2.797639758983988187e-02 1.908525485935480548e-01 3.603712868852905760e-01
1.661967631382581234e+09 -1.766237616539001465e-01 1.137579530477523804e-01 1.200012922286987305e+00 -5.303424596786499023e-01 6.407986879348754883e-01 4.754823148250579834e-01 2.864095568656921387e-01 4.095291288243618766e-01 1.555997303183135061e-01 -5.365934715888257545e-01 4.733537014633159568e-01 -2.797681558472371946e-02 1.908554001182561077e-01 3.603766711866036587e-01
1.661967631414495468e+09 -1.840526014566421509e-01 1.245033219456672668e-01 1.199038505554199219e+00 -5.277824997901916504e-01 6.414402127265930176e-01 4.791419208049774170e-01 2.835897505283355713e-01 4.104633100187032868e-01 1.556020551659944018e-01 -5.366014889426262702e-01 4.733607739386474500e-01 -2.797723359209869018e-02 1.908582517281728619e-01 3.603820556488126492e-01
1.661967631459374666e+09 -1.915922164916992188e-01 1.351878643035888672e-01 1.197866439819335938e+00 -5.252239108085632324e-01 6.420673131942749023e-01 4.827862381935119629e-01 2.807258069515228271e-01 2.925479526490802340e-01 1.106508279477975143e-01 -3.815849280793953691e-01 3.366135588533625267e-01 -1.989500753927838858e-02 1.357220092746353191e-01 2.562727901796074126e-01
1.661967631490292072e+09 -1.992415189743041992e-01 1.458074003458023071e-01 1.196496844291687012e+00 -5.226665735244750977e-01 6.426801085472106934e-01 4.864146709442138672e-01 2.778175771236419678e-01 4.256213988447116181e-01 1.606189216315109525e-01 -5.539024044886927678e-01 4.886227047038370075e-01 -2.887926566909411116e-02 1.970118360220375342e-01 3.720013665109369039e-01
1.661967631522206545e+09 -2.069993466138839722e-01 1.563577204942703247e-01 1.194929957389831543e+00 -5.201109051704406738e-01 6.432784199714660645e-01 4.900269806385040283e-01 2.748654186725616455e-01 4.132590729305540278e-01 1.556008927334708580e-01 -5.365974802357790230e-01 4.733572376745640575e-01 -2.797702458684994328e-02 1.908568259125629496e-01 3.603793633975974631e-01
1.661967631553123951e+09 -2.148645073175430298e-01 1.668346971273422241e-01 1.193166017532348633e+00 -5.175567269325256348e-01 6.438625454902648926e-01 4.936225712299346924e-01 2.718692719936370850e-01 4.275552227551688844e-01 1.606189216315109525e-01 -5.539024044886999842e-01 4.886227047038370075e-01 -2.887926566909411116e-02 1.970118360220357578e-01 3.720013665109350720e-01
1.661967631584041119e+09 -2.228356897830963135e-01 1.772341877222061157e-01 1.191205501556396484e+00 -5.150041580200195312e-01 6.444323062896728516e-01 4.972007870674133301e-01 2.688291072845458984e-01 4.285282044604468710e-01 1.606201602486942714e-01 -5.539066759221532577e-01 4.886264727311103728e-01 -2.887948837233679511e-02 1.970133552841679403e-01 3.720042352095915827e-01
1.661967631614467621e+09 -2.309115380048751831e-01 1.875520646572113037e-01 1.189048528671264648e+00 -5.124533176422119141e-01 6.449878215789794922e-01 5.007612705230712891e-01 2.657451629638671875e-01 4.364270064532764226e-01 1.632103613942346987e-01 -5.628391144421722725e-01 4.965061862580472107e-01 -2.934520627318361330e-02 2.001904422560260299e-01 3.780032691707969628e-01
1.661967631645385742e+09 -2.390906065702438354e-01 1.977842450141906738e-01 1.186695814132690430e+00 -5.099042654037475586e-01 6.455290913581848145e-01 5.043035149574279785e-01 2.626174092292785645e-01 4.304600922232899585e-01 1.606152058945832795e-01 -5.538895905835992117e-01 4.886114009706930550e-01 -2.887859757997491075e-02 1.970072783762319701e-01 3.719927606804346309e-01
1.661967631676303625e+09 -2.473714053630828857e-01 2.079266905784606934e-01 1.184147715568542480e+00 -5.073570013046264648e-01 6.460562348365783691e-01 5.078268051147460938e-01 2.594459056854248047e-01 4.314388797956349442e-01 1.606164444544572467e-01 -5.538938618194244601e-01 4.886151688236296531e-01 -2.887882027291325052e-02 1.970087975680683001e-01 3.719956292463603709e-01
1.661967631708218336e+09 -2.557523548603057861e-01 2.179753631353378296e-01 1.181404948234558105e+00 -5.048117041587829590e-01 6.465691328048706055e-01 5.113309025764465332e-01 2.562308609485626221e-01 4.189079796788085508e-01 1.555997303183143665e-01 -5.365934715888326378e-01 4.733537014633159568e-01 -2.797681558472393804e-02 1.908554001182561077e-01 3.603766711866036587e-01
1.661967631739646196e+09 -2.642318308353424072e-01 2.279262840747833252e-01 1.178467988967895508e+00 -5.022683739662170410e-01 6.470678448677062988e-01 5.148152112960815430e-01 2.529722452163696289e-01 4.263591200861724384e-01 1.580101344308786349e-01 -5.449058710258170013e-01 4.806864500893616166e-01 -2.841020599744433286e-02 1.938119517807110059e-01 3.659592863268958940e-01
1.661967631770563126e+09 -2.728081047534942627e-01 2.377754598855972290e-01 1.175337553024291992e+00 -4.997271001338958740e-01 6.475525498390197754e-01 5.182791948318481445e-01 2.496702671051025391e-01 4.343819753941164930e-01 1.606213988849782837e-01 -5.539109474214856110e-01 4.886302408164987510e-01 -2.887971107901404419e-02 1.970148745697284098e-01 3.720071039524888712e-01
1.661967631801481247e+09 -2.814794182777404785e-01 2.475189864635467529e-01 1.172014474868774414e+00 -4.971879124641418457e-01 6.480231881141662598e-01 5.217223167419433594e-01 2.463249415159225464e-01 4.353424809883997826e-01 1.606152058945832795e-01 -5.538895905835992117e-01 4.886114009707002159e-01 -2.887859757997491075e-02 1.970072783762310820e-01 3.719927606804346309e-01
1.661967631832908392e+09 -2.902439534664154053e-01 2.571529746055603027e-01 1.168499469757080078e+00 -4.946509301662445068e-01 6.484797596931457520e-01 5.251441001892089844e-01 2.429364323616027832e-01 4.292537901761421804e-01 1.580137306103976125e-01 -5.449182726311962988e-01 4.806973901140194627e-01 -2.841085259015375605e-02 1.938163627798782096e-01 3.659676152565243812e-01
1.661967631863826036e+09 -2.990997433662414551e-01 2.666735351085662842e-01 1.164793252944946289e+00 -4.921163022518157959e-01 6.489222645759582520e-01 5.285441279411315918e-01 2.395049482583999634e-01 4.373047823286275171e-01 1.606176830334332672e-01 -5.538981331211242365e-01 4.886189367346772117e-01 -2.887904296928658909e-02 1.970103167833384405e-01 3.719984978565274436e-01
1.661967631894742489e+09 -3.080448806285858154e-01 2.760769128799438477e-01 1.160897016525268555e+00 -4.895839095115661621e-01 6.493508815765380859e-01 5.319216847419738770e-01 2.360304594039916992e-01 4.382984417499667940e-01 1.606238762148601562e-01 -5.539194906177935529e-01 4.886377771616255417e-01 -2.888015650267301143e-02 1.970179132111514742e-01 3.720128415710191039e-01
1.661967631926169872e+09 -3.170773088932037354e-01 2.853593230247497559e-01 1.156811594963073730e+00 -4.870540201663970947e-01 6.497654914855957031e-01 5.352765321731567383e-01 2.325131297111511230e-01 4.321332127911520771e-01 1.580125318657034095e-01 -5.449141387000147052e-01 4.806937433838037177e-01 -2.841063705598065661e-02 1.938148924245133020e-01 3.659648389045241923e-01
1.661967631958084583e+09 -3.170773088932037354e-01 2.853593230247497559e-01 1.156811594963073730e+00 -4.870540201663970947e-01 6.497654914855957031e-01 5.352765321731567383e-01 2.325131297111511230e-01 0.000000000000000000e+00 0.000000000000000000e+00 0.000000000000000000e+00 0.000000000000000000e+00 4.348398394850396483e-16 0.000000000000000000e+00 0.000000000000000000e+00
1.661967631990000010e+09 -3.162114024162292480e-01 2.926072478294372559e-01 1.162298202514648438e+00 -4.890526235103607178e-01 6.458273530006408691e-01 5.352495312690734863e-01 2.392540723085403442e-01 2.861168933352942756e-01 -4.138092694427951412e-02 -2.683424763452028072e-01 5.542131564260251997e-01 -5.599707880986442010e-01 -8.461638689326786422e-02 1.011192950568209070e-01
1.661967632021914721e+09 -3.152908384799957275e-01 2.997831404209136963e-01 1.167763590812683105e+00 -4.909632205963134766e-01 6.418908238410949707e-01 5.351608395576477051e-01 2.460370361804962158e-01 2.841024323265305407e-01 -4.138185435187488603e-02 -2.683484902958156448e-01 5.542255771601449776e-01 -5.599833378697803843e-01 -8.461828327127982052e-02 1.011215612893377608e-01
1.661967632053828955e+09 -3.143159747123718262e-01 3.068858385086059570e-01 1.173207879066467285e+00 -4.927850663661956787e-01 6.379562616348266602e-01 5.350103378295898438e-01 2.528608441352844238e-01 2.820736292760148700e-01 -4.138247264670089770e-02 -2.683524997459836858e-01 5.542338579588663716e-01 -5.599917046963858169e-01 -8.461954757051053100e-02 1.011230721674551969e-01
1.661967632085743427e+09 -3.132872581481933594e-01 3.139142394065856934e-01 1.178631067276000977e+00 -4.945177435874938965e-01 6.340240836143493652e-01 5.347981452941894531e-01 2.597242295742034912e-01 2.800256242537483287e-01 -4.138216349697795143e-02 -2.683504950059232841e-01 5.542297175285780808e-01 -5.599875212518307110e-01 -8.461891541617397317e-02 1.011223167227546654e-01
1.661967632115664244e+09 -3.122050464153289795e-01 3.208671808242797852e-01 1.184033155441284180e+00 -4.961608052253723145e-01 6.300944089889526367e-01 5.345242619514465332e-01 2.666259706020355225e-01 2.964872461824701877e-01 -4.413950153025242296e-02 -2.862309769237342816e-01 5.911586393193224431e-01 -5.973000916934174676e-01 -9.025716470268929648e-02 1.078602053769472657e-01
1.661967632147578955e+09 -3.110697567462921143e-01 3.277435600757598877e-01 1.189414381980895996e+00 -4.977137148380279541e-01 6.261676549911499023e-01 5.341886878013610840e-01 2.735646963119506836e-01 2.758970024819080158e-01 -4.138185435187575339e-02 -2.683484902958156448e-01 5.542255771601449776e-01 -5.599833378697803843e-01 -8.461828327127894622e-02 1.011215612893412302e-01
1.661967632179493666e+09 -3.098818361759185791e-01 3.345421850681304932e-01 1.194774746894836426e+00 -4.991759657859802246e-01 6.222442388534545898e-01 5.337913632392883301e-01 2.805392146110534668e-01 2.738161234143171030e-01 -4.138185435187488603e-02 -2.683484902958156448e-01 5.542255771601449776e-01 -5.599833378697769426e-01 -8.461828327127982052e-02 1.011215612893412302e-01
1.661967632211406946e+09 -3.086417615413665771e-01 3.412618637084960938e-01 1.200114130973815918e+00 -5.005471110343933105e-01 6.183243393898010254e-01 5.333324670791625977e-01 2.875482141971588135e-01 2.717315315336349402e-01 -4.138370929178038921e-02 -2.683605190057665735e-01 5.542504202986613393e-01 -5.600084390996817874e-01 -8.462207628231890877e-02 1.011260940591297425e-01
1.661967632243321657e+09 -3.073499500751495361e-01 3.479014635086059570e-01 1.205432772636413574e+00 -5.018268227577209473e-01 6.144082546234130859e-01 5.328121781349182129e-01 2.945905029773712158e-01 2.696157481283030233e-01 -4.138185435187575339e-02 -2.683484902958156448e-01 5.542255771601449776e-01 -5.599833378697803843e-01 -8.461828327127982052e-02 1.011215612893412302e-01
1.661967632275236368e+09 -3.060069084167480469e-01 3.544597625732421875e-01 1.210730433464050293e+00 -5.030146837234497070e-01 6.104962229728698730e-01 5.322304368019104004e-01 3.016645908355712891e-01 2.674939931413544691e-01 -4.138185435187575339e-02 -2.683484902958156448e-01 5.542255771601519720e-01 -5.599833378697803843e-01 -8.461828327127982052e-02 1.011215612893412302e-01
1.661967632306153774e+09 -3.046131134033203125e-01 3.609355688095092773e-01 1.216007351875305176e+00 -5.041100382804870605e-01 6.065886616706848145e-01 5.315870642662048340e-01 3.087692856788635254e-01 2.739245859246490222e-01 -4.271671170324708305e-02 -2.770046261942972210e-01 5.721032701146464561e-01 -5.780467593115881098e-01 -8.734782111471887933e-02 1.043834465185865812e-01
1.661967632336073875e+09 -3.031690716743469238e-01 3.673276603221893311e-01 1.221263289451599121e+00 -5.051127672195434570e-01 6.026856899261474609e-01 5.308824777603149414e-01 3.159032166004180908e-01 2.807655588660913915e-01 -4.414055670822580185e-02 -2.862378194256130493e-01 5.911727712771761567e-01 -5.973143704659110709e-01 -9.025932234763121842e-02 1.078627838318263615e-01
1.661967632366991758e+09 -3.016753196716308594e-01 3.736348152160644531e-01 1.226498246192932129e+00 -5.060223937034606934e-01 5.987876653671264648e-01 5.301166176795959473e-01 3.230651617050170898e-01 2.694764941050273865e-01 -4.271605289632159769e-02 -2.770003540357180438e-01 5.720944467389246224e-01 -5.780378442712279519e-01 -8.734647397568920391e-02 1.043818366442617329e-01
1.661967632398906708e+09 -3.001323938369750977e-01 3.798558115959167480e-01 1.231712341308593750e+00 -5.068386197090148926e-01 5.948947072029113770e-01 5.292895436286926270e-01 3.302536010742187500e-01 2.588898824040405389e-01 -4.138154521139070924e-02 -2.683464856156601575e-01 5.542214368535794966e-01 -5.599791545502317280e-01 -8.461765113583044617e-02 1.011208058672111443e-01
1.661967632429824352e+09 -2.985408008098602295e-01 3.859894275665283203e-01 1.236905217170715332e+00 -5.075610876083374023e-01 5.910071730613708496e-01 5.284014940261840820e-01 3.374674320220947266e-01 2.649846892689385336e-01 -4.271638229724462194e-02 -2.770024900985354477e-01 5.720988583927651971e-01 -5.780423017570351929e-01 -8.734714754001166037e-02 1.043826415752187459e-01
1.661967632459743738e+09 -2.969011664390563965e-01 3.920344114303588867e-01 1.242076992988586426e+00 -5.081893801689147949e-01 5.871252417564392090e-01 5.274524092674255371e-01 3.447050750255584717e-01 2.714846246847668620e-01 -4.414161193664862398e-02 -2.862446622546467867e-01 5.911869039106948387e-01 -5.973286499210985756e-01 -9.026148009573116415e-02 1.078653624099833314e-01
1.661967632490660667e+09 -2.952139973640441895e-01 3.979895114898681641e-01 1.247227430343627930e+00 -5.087232589721679688e-01 5.832492113113403320e-01 5.264423489570617676e-01 3.519651591777801514e-01 2.604439683198478961e-01 -4.271737053049615152e-02 -2.770088984846568736e-01 5.721120937625443492e-01 -5.780556746269446267e-01 -8.734916829530287030e-02 1.043850564425737593e-01
1.661967632521578074e+09 -2.934799492359161377e-01 4.038535058498382568e-01 1.252356529235839844e+00 -5.091625452041625977e-01 5.793791413307189941e-01 5.253716707229614258e-01 3.592464923858642578e-01 2.581487953938240154e-01 -4.271671170324708305e-02 -2.770046261942972210e-01 5.721032701146464561e-01 -5.780467593115881098e-01 -8.734782111472066957e-02 1.043834465185901755e-01
1.661967632552495003e+09 -2.916995882987976074e-01 4.096251130104064941e-01 1.257464051246643066e+00 -5.095068216323852539e-01 5.755153298377990723e-01 5.242402553558349609e-01 3.665474951267242432e-01 2.558465061921637584e-01 -4.271737053049615152e-02 -2.770088984846568736e-01 5.721120937625371328e-01 -5.780556746269409629e-01 -8.734916829530287030e-02 1.043850564425737593e-01
1.661967632584409952e+09 -2.898735702037811279e-01 4.153030812740325928e-01 1.262549877166748047e+00 -5.097559094429016113e-01 5.716580152511596680e-01 5.230482816696166992e-01 3.738669753074645996e-01 2.456003249926954901e-01 -4.138154521139158354e-02 -2.683464856156601575e-01 5.542214368535794966e-01 -5.599791545502335044e-01 -8.461765113583044617e-02 1.011208058672146276e-01
1.661967632616325140e+09 -2.880024909973144531e-01 4.208861589431762695e-01 1.267613768577575684e+00 -5.099095106124877930e-01 5.678073167800903320e-01 5.217959880828857422e-01 3.812034726142883301e-01 2.433403591885765771e-01 -4.138123607552533084e-02 -2.683444809654561003e-01 5.542172966088803054e-01 -5.599749712931886281e-01 -8.461701900982827873e-02 1.011200504563746078e-01
1.661967632647243977e+09 -2.860870361328125000e-01 4.263730645179748535e-01 1.272655606269836426e+00 -5.099675059318542480e-01 5.639634132385253906e-01 5.204834342002868652e-01 3.885555267333984375e-01 2.488400057722549574e-01 -4.271473534343042666e-02 -2.769918101138768018e-01 5.720768008039374131e-01 -5.780200150154516381e-01 -8.734377982228511139e-02 1.043786170445718947e-01
1.661967632678160667e+09 -2.841278314590454102e-01 4.317625761032104492e-01 1.277675032615661621e+00 -5.099296569824218750e-01 5.601266026496887207e-01 5.191106796264648438e-01 3.959218263626098633e-01 2.465018297418644644e-01 -4.271769995174030249e-02 -2.770110346792563072e-01 5.721165056885497702e-01 -5.780601323877460063e-01 -8.734984190117833780e-02 1.043858614231900905e-01
1.661967632710074186e+09 -2.821255624294281006e-01 4.370534121990203857e-01 1.282671928405761719e+00 -5.097957849502563477e-01 5.562967658042907715e-01 5.176780223846435547e-01 4.033009111881256104e-01 2.365114714047545641e-01 -4.138340012358214526e-02 -2.683585141458883494e-01 5.542462796209142173e-01 -5.600042554050936872e-01 -8.462144409019933811e-02 1.011253385692818113e-01
1.661967632741989374e+09 -2.800809741020202637e-01 4.422442913055419922e-01 1.287645936012268066e+00 -5.095657110214233398e-01 5.524743795394897461e-01 5.161855220794677734e-01 4.106913208961486816e-01 2.341950026244857541e-01 -4.138123607552533084e-02 -2.683444809654561003e-01 5.542172966088768638e-01 -5.599749712931902934e-01 -8.461701900982653013e-02 1.011200504563711244e-01
1.661967632773903847e+09 -2.779946923255920410e-01 4.473339915275573730e-01 1.292596817016601562e+00 -5.092393159866333008e-01 5.486593842506408691e-01 5.146333575248718262e-01 4.180917441844940186e-01 2.318884461713112966e-01 -4.138216349697882573e-02 -2.683504950059232841e-01 5.542297175285711974e-01 -5.599875212518272694e-01 -8.461891541617397317e-02 1.011223167227546654e-01
1.661967632805819988e+09 -2.758674919605255127e-01 4.523212611675262451e-01 1.297524213790893555e+00 -5.088164210319519043e-01 5.448520779609680176e-01 5.130216479301452637e-01 4.255007207393646240e-01 2.295535717042387069e-01 -4.137999957825055225e-02 -2.683364626641408512e-01 5.542007362486143229e-01 -5.599582388900005148e-01 -8.461449060025248714e-02 1.011170289258752630e-01
1.661967632837246895e+09 -2.737000882625579834e-01 4.572047889232635498e-01 1.302427887916564941e+00 -5.082970857620239258e-01 5.410524010658264160e-01 5.113506317138671875e-01 4.329167902469635010e-01 2.307598679101389161e-01 -4.202417818700571878e-02 -2.725137611406822091e-01 5.628281954773959317e-01 -5.686753274102053224e-01 -8.593171741008845399e-02 1.026911571926407835e-01
1.661967632869161844e+09 -2.714932262897491455e-01 4.619833827018737793e-01 1.307307362556457520e+00 -5.076809525489807129e-01 5.372607707977294922e-01 5.096204280853271484e-01 4.403384327888488770e-01 2.248901643857311727e-01 -4.138154521139158354e-02 -2.683464856156601575e-01 5.542214368535794966e-01 -5.599791545502335044e-01 -8.461765113583218090e-02 1.011208058672146276e-01
1.661967632899081469e+09 -2.692476809024810791e-01 4.666558206081390381e-01 1.312162399291992188e+00 -5.069680809974670410e-01 5.334770679473876953e-01 5.078312158584594727e-01 4.477643072605133057e-01 2.373860620399319832e-01 -4.414126018823488068e-02 -2.862423812752835639e-01 5.911821929577779633e-01 -5.973238900268448281e-01 -9.026076083490101876e-02 1.078645028702324982e-01
1.661967632930995464e+09 -2.669642269611358643e-01 4.712207913398742676e-01 1.316992521286010742e+00 -5.061585903167724609e-01 5.297014117240905762e-01 5.059832930564880371e-01 4.551931023597717285e-01 2.201954919294090152e-01 -4.138278180104207338e-02 -2.683545045159975162e-01 5.542379984510111823e-01 -5.599958882034470342e-01 -8.462017973429405981e-02 1.011238276234395772e-01
1.661967632961912870e+09 -2.646436095237731934e-01 4.756771326065063477e-01 1.321797251701354980e+00 -5.052523016929626465e-01 5.259339809417724609e-01 5.040767192840576172e-01 4.626232087612152100e-01 2.248556976762971227e-01 -4.271671170324797817e-02 -2.770046261942972210e-01 5.721032701146500088e-01 -5.780467593115881098e-01 -8.734782111472066957e-02 1.043834465185901755e-01
1.661967632992829800e+09 -2.622866928577423096e-01 4.800236225128173828e-01 1.326576352119445801e+00 -5.042490959167480469e-01 5.221748948097229004e-01 5.021117329597473145e-01 4.700532853603363037e-01 2.224199584049303680e-01 -4.271737053049525640e-02 -2.770088984846568736e-01 5.721120937625371328e-01 -5.780556746269428503e-01 -8.734916829530287030e-02 1.043850564425773397e-01
1.661967633024744749e+09 -2.598942518234252930e-01 4.842590093612670898e-01 1.331329107284545898e+00 -5.031491518020629883e-01 5.184241533279418945e-01 5.000885128974914551e-01 4.774817824363708496e-01 2.130915378636491220e-01 -4.138154521139158354e-02 -2.683464856156601575e-01 5.542214368535830493e-01 -5.599791545502335044e-01 -8.461765113583218090e-02 1.011208058672111443e-01
1.661967633055662394e+09 -2.574671208858489990e-01 4.883821308612823486e-01 1.336055159568786621e+00 -5.019524097442626953e-01 5.146819949150085449e-01 4.980072677135467529e-01 4.849072098731994629e-01 2.175158386912408870e-01 -4.271638229724372682e-02 -2.770024900985354477e-01 5.720988583927651971e-01 -5.780423017570316402e-01 -8.734714754000987014e-02 1.043826415752187459e-01
1.661967633086578846e+09 -2.550061345100402832e-01 4.923917949199676514e-01 1.340754032135009766e+00 -5.006589889526367188e-01 5.109483003616333008e-01 4.958682656288146973e-01 4.923283159732818604e-01 2.150733654593683930e-01 -4.271802937806704753e-02 -2.770131709068031078e-01 5.721209176826129728e-01 -5.780645902173067174e-01 -8.735051551744310583e-02 1.043866664162255570e-01
1.661967633118494272e+09 -2.525121569633483887e-01 4.962868094444274902e-01 1.345425128936767578e+00 -4.992688596248626709e-01 5.072232484817504883e-01 4.936716556549072266e-01 4.997434318065643311e-01 2.059645734066485323e-01 -4.138092694427864676e-02 -2.683424763452028072e-01 5.542131564260251997e-01 -5.599707880986442010e-01 -8.461638689326873852e-02 1.011192950568174376e-01
