1.661967633261112690e+09 1.378528122206244648e-16 -2.367949187755584717e-01 1.128897309303283691e+00 -6.125128269195556641e-01 6.125135421752929688e-01 3.533097505569458008e-01 3.533093035221099854e-01 0.000000000000000000e+00 0.000000000000000000e+00 0.000000000000000000e+00 0.000000000000000000e+00 0.000000000000000000e+00 0.000000000000000000e+00 0.000000000000000000e+00
1.661967635319662571e+09 1.378528122206244648e-16 -2.367949187755584717e-01 1.128897309303283691e+00 -6.125128269195556641e-01 6.125135421752929688e-01 3.533097505569458008e-01 3.533093035221099854e-01 0.000000000000000000e+00 0.000000000000000000e+00 0.000000000000000000e+00 0.000000000000000000e+00 0.000000000000000000e+00 0.000000000000000000e+00 0.000000000000000000e+00
1.661967635342109203e+09 -3.026397665962576866e-03 -2.281459569931030273e-01 1.139589071273803711e+00 6.109559535980224609e-01 -6.086920499801635742e-01 -3.578604161739349365e-01 -3.579982221126556396e-01 6.273146213324780618e-01 2.040703645679576572e-01 -5.249084115139212026e-01 7.972816320709298354e-01 -2.304720232925133172e-01 4.007927442198803147e-01 1.725651914609976634e-01
1.661967635373025417e+09 -6.148128770291805267e-03 -2.195277810096740723e-01 1.150224447250366211e+00 6.093622446060180664e-01 -6.048282980918884277e-01 -3.624365925788879395e-01 -3.626294732093811035e-01 4.541396054853977793e-01 1.481647285716583273e-01 -3.811083127214396349e-01 5.788641425767477866e-01 -1.673335804872575494e-01 2.909944728454389451e-01 1.252904840341014792e-01
1.661967635404940605e+09 -9.365002624690532684e-03 -2.109425216913223267e-01 1.160802125930786133e+00 6.077317595481872559e-01 -6.009225845336914062e-01 -3.670372962951660156e-01 -3.672026991844177246e-01 4.385979837144031723e-01 1.435270404098555053e-01 -3.691792825985776294e-01 5.607451785885009254e-01 -1.620958901625819404e-01 2.818860862889674412e-01 1.213687801293132085e-01
1.661967635436856270e+09 -1.267679408192634583e-02 -2.023922950029373169e-01 1.171320557594299316e+00 6.060645580291748047e-01 -5.969752073287963867e-01 -3.716618120670318604e-01 -3.717174828052520752e-01 4.372121069660159787e-01 1.435248960388468553e-01 -3.691737668619981538e-01 5.607368007546009725e-01 -1.620934683629927375e-01 2.818818747595583929e-01 1.213669668146029335e-01
1.661967635467772484e+09 -1.608324609696865082e-02 -1.938792020082473755e-01 1.181778311729431152e+00 6.043609380722045898e-01 -5.929864048957824707e-01 -3.763091564178466797e-01 -3.761734068393707275e-01 4.498712964172355555e-01 1.481647285716583273e-01 -3.811083127214252575e-01 5.788641425767622195e-01 -1.673335804872566335e-01 2.909944728454371132e-01 1.252904840341014792e-01
1.661967635498689890e+09 -1.958406716585159302e-02 -1.854053288698196411e-01 1.192174077033996582e+00 6.026210188865661621e-01 -5.889564156532287598e-01 -3.809785246849060059e-01 -3.805701434612274170e-01 4.483315475433617414e-01 1.481590157340466063e-01 -3.810936181991614324e-01 5.788418231159885297e-01 -1.673271285497315852e-01 2.909832528730115775e-01 1.252856531664829354e-01
1.661967635530604601e+09 -2.317893132567405701e-02 -1.769727915525436401e-01 1.202506422996520996e+00 6.008449792861938477e-01 -5.848855376243591309e-01 -3.856689631938934326e-01 -3.849072754383087158e-01 4.327974900218848342e-01 1.435291848449430641e-01 -3.691847985000198396e-01 5.607535566727469556e-01 -1.620983120345401429e-01 2.818902979442217682e-01 1.213705934982071410e-01
1.661967635562519073e+09 -2.686748281121253967e-02 -1.685836613178253174e-01 1.212773799896240234e+00 5.990329384803771973e-01 -5.807741284370422363e-01 -3.903798162937164307e-01 -3.891844749450683594e-01 4.312256121802384712e-01 1.435302570865169824e-01 -3.691875565125442571e-01 5.607577458087532607e-01 -1.620995229976591734e-01 2.818924038190448456e-01 1.213715002029748247e-01
1.661967635594433784e+09 -3.064932860434055328e-02 -1.602399796247482300e-01 1.222975015640258789e+00 5.971851348876953125e-01 -5.766223073005676270e-01 -3.951100409030914307e-01 -3.934014141559600830e-01 4.296054084806021356e-01 1.435291848449439245e-01 -3.691847985000268340e-01 5.607535566727399612e-01 -1.620983120345401429e-01 2.818902979442217682e-01 1.213705934982071410e-01
1.661967635626348495e+09 -3.452404960989952087e-02 -1.519438326358795166e-01 1.233108639717102051e+00 5.953017473220825195e-01 -5.724304914474487305e-01 -3.998588025569915771e-01 -3.975577354431152344e-01 4.279403719962673880e-01 1.435291848449430641e-01 -3.691847985000268340e-01 5.607535566727399612e-01 -1.620983120345410033e-01 2.818902979442234891e-01 1.213705934982071410e-01
1.661967635657266378e+09 -3.849118947982788086e-02 -1.436972469091415405e-01 1.243173241615295410e+00 5.933828949928283691e-01 -5.681989192962646484e-01 -4.046251773834228516e-01 -4.016530513763427734e-01 4.399706940864734905e-01 1.481567307223525809e-01 -3.810877407075367596e-01 5.788328958136159663e-01 -1.673245479140294811e-01 2.909787651262987218e-01 1.252837209237425420e-01
1.661967635688183784e+09 -4.255025833845138550e-02 -1.355022490024566650e-01 1.253167510032653809e+00 5.914289355278015137e-01 -5.639278292655944824e-01 -4.094083607196807861e-01 -4.056872129440307617e-01 4.381652967013960898e-01 1.481590157340474945e-01 -3.810936181991614324e-01 5.788418231159957461e-01 -1.673271285497325012e-01 2.909832528730115775e-01 1.252856531664829354e-01
1.661967635720098734e+09 -4.670073837041854858e-02 -1.273608803749084473e-01 1.263090014457702637e+00 5.894397497177124023e-01 -5.596176385879516602e-01 -4.142074584960937500e-01 -4.096597731113433838e-01 4.226677656682290563e-01 1.435281126193893586e-01 -3.691820405287025708e-01 5.607493675993230342e-01 -1.620971010895148334e-01 2.818881921008640212e-01 1.213696868069864127e-01
1.661967635751016140e+09 -5.094207823276519775e-02 -1.192751228809356689e-01 1.272939443588256836e+00 5.874158740043640137e-01 -5.552684664726257324e-01 -4.190215468406677246e-01 -4.135704934597015381e-01 4.344009542944397562e-01 1.481590157340474945e-01 -3.810936181991686489e-01 5.788418231160028515e-01 -1.673271285497325012e-01 2.909832528730115775e-01 1.252856531664838236e-01
1.661967635781933546e+09 -5.527369678020477295e-02 -1.112469807267189026e-01 1.282714366912841797e+00 5.853571891784667969e-01 -5.508807897567749023e-01 -4.238497316837310791e-01 -4.174191355705261230e-01 4.324500012070573995e-01 1.481590157340474945e-01 -3.810936181991614324e-01 5.788418231159957461e-01 -1.673271285497306970e-01 2.909832528730098011e-01 1.252856531664820472e-01
1.661967635813848257e+09 -5.969497561454772949e-02 -1.032784134149551392e-01 1.292413592338562012e+00 5.832641124725341797e-01 -5.464547872543334961e-01 -4.286911785602569580e-01 -4.212054610252380371e-01 4.170074362362335973e-01 1.435291848449430641e-01 -3.691847985000198396e-01 5.607535566727399612e-01 -1.620983120345410033e-01 2.818902979442234891e-01 1.213705934982071410e-01
1.661967635845763445e+09 -6.420527398586273193e-02 -9.537139534950256348e-02 1.302035689353942871e+00 5.811367630958557129e-01 -5.419908165931701660e-01 -4.335449635982513428e-01 -4.249291121959686279e-01 4.150279991096403331e-01 1.435270404098555053e-01 -3.691792825985985016e-01 5.607451785885009254e-01 -1.620958901625819404e-01 2.818860862889656649e-01 1.213687801293127644e-01
1.661967635875682592e+09 -6.880391389131546021e-02 -8.752785623073577881e-02 1.311579346656799316e+00 5.789753794670104980e-01 -5.374891757965087891e-01 -4.384102523326873779e-01 -4.285899400711059570e-01 4.405682326279693473e-01 1.531023721678546334e-01 -3.938088861838605625e-01 5.981550011651438625e-01 -1.729100330619464387e-01 3.006919697411229997e-01 1.294658350918002077e-01
1.661967635907597065e+09 -7.349018752574920654e-02 -7.974973320960998535e-02 1.321043252944946289e+00 5.767802000045776367e-01 -5.329501032829284668e-01 -4.432861208915710449e-01 -4.321877062320709229e-01 4.109691509062211034e-01 1.435302570865169824e-01 -3.691875565125442571e-01 5.607577458087463773e-01 -1.620995229976583130e-01 2.818924038190448456e-01 1.213715002029752688e-01
1.661967635938514233e+09 -7.826336473226547241e-02 -7.203893363475799561e-02 1.330426096916198730e+00 5.745513439178466797e-01 -5.283741354942321777e-01 -4.481716454029083252e-01 -4.357222616672515869e-01 4.220644940604184603e-01 1.481601582663258920e-01 -3.810965570129604685e-01 5.788462868704539188e-01 -1.673284188974331621e-01 2.909854967982782314e-01 1.252866193102035175e-01
1.661967635969432592e+09 -8.312267065048217773e-02 -6.439734250307083130e-02 1.339726686477661133e+00 5.722891688346862793e-01 -5.237612128257751465e-01 -4.530658721923828125e-01 -4.391931891441345215e-01 4.198493398153261835e-01 1.481544457811404814e-01 -3.810818633972100078e-01 5.788239687865910366e-01 -1.673219673579286471e-01 2.909742775180136354e-01 1.252817887406020014e-01
1.661967636001347542e+09 -8.806732296943664551e-02 -5.682683363556861877e-02 1.348943471908569336e+00 5.699936747550964355e-01 -5.191119313240051270e-01 -4.579680562019348145e-01 -4.426004886627197266e-01 4.045650770992271217e-01 1.435281126193893586e-01 -3.691820405287025708e-01 5.607493675993230342e-01 -1.620971010895156939e-01 2.818881921008623004e-01 1.213696868069864127e-01
1.661967636033261776e+09 -9.309647977352142334e-02 -4.932926967740058899e-02 1.358075499534606934e+00 5.676653385162353516e-01 -5.144265890121459961e-01 -4.628772437572479248e-01 -4.459440112113952637e-01 4.023700556341855972e-01 1.435313293441115023e-01 -3.691903145662835950e-01 5.607619350073433928e-01 -1.621007339788697321e-01 2.818945097253339749e-01 1.213724069212902129e-01
1.661967636065176487e+09 -9.820930659770965576e-02 -4.190647602081298828e-02 1.367121338844299316e+00 5.653042197227478027e-01 -5.097054243087768555e-01 -4.677924513816833496e-01 -4.492235183715820312e-01 4.001205800262903622e-01 1.435291848449426200e-01 -3.691847985000198396e-01 5.607535566727399612e-01 -1.620983120345401429e-01 2.818902979442200474e-01 1.213705934982067108e-01
1.661967636095097065e+09 -1.034049019217491150e-01 -3.456027433276176453e-02 1.376079797744750977e+00 5.629105567932128906e-01 -5.049488544464111328e-01 -4.727128744125366211e-01 -4.524387717247009277e-01 4.243581795749538643e-01 1.530950522992292895e-01 -3.937900580672902828e-01 5.981264032018064336e-01 -1.729017661833328889e-01 3.006775935712175940e-01 1.294596452928380714e-01
1.661967636127010822e+09 -1.086823716759681702e-01 -2.729245647788047791e-02 1.384949564933776855e+00 5.604846477508544922e-01 -5.001571178436279297e-01 -4.776376783847808838e-01 -4.555898010730743408e-01 3.955415809898344404e-01 1.435334739073637067e-01 -3.691958307973692288e-01 5.607703135923154392e-01 -1.621031559955747881e-01 2.818987216323027845e-01 1.213742203985631318e-01
1.661967636158925533e+09 -1.140407621860504150e-01 -2.010479569435119629e-02 1.393729448318481445e+00 5.580267310142517090e-01 -4.953305721282958984e-01 -4.825658500194549561e-01 -4.586763679981231689e-01 3.931839841842414973e-01 1.435291848449434804e-01 -3.691847985000268340e-01 5.607535566727469556e-01 -1.620983120345401429e-01 2.818902979442234891e-01 1.213705934982071410e-01
1.661967636190840483e+09 -1.194791272282600403e-01 -1.299904566258192062e-02 1.402418255805969238e+00 5.555370450019836426e-01 -4.904695451259613037e-01 -4.874965250492095947e-01 -4.616984128952026367e-01 3.908038358216813224e-01 1.435281126193893586e-01 -3.691820405287025708e-01 5.607493675993230342e-01 -1.620971010895148334e-01 2.818881921008605240e-01 1.213696868069864127e-01
1.661967636221760035e+09 -1.249964535236358643e-01 -5.976934451609849930e-03 1.411014795303344727e+00 5.530157089233398438e-01 -4.855744242668151855e-01 -4.924287497997283936e-01 -4.646557569503784180e-01 4.008991245785746282e-01 1.481487337364409129e-01 -3.810671709144671793e-01 5.788016524236461180e-01 -1.673155163158979719e-01 2.909630591028619651e-01 1.252769585434820032e-01
1.661967636252191305e+09 -1.305917352437973022e-01 9.598279721103608608e-04 1.419517874717712402e+00 5.504631400108337402e-01 -4.806454479694366455e-01 -4.973617792129516602e-01 -4.675483703613281250e-01 4.047744405899505460e-01 1.505258362191829735e-01 -3.871815378430613075e-01 5.880887439180644272e-01 -1.700001570766037085e-01 2.956316714678488555e-01 1.272870747400461355e-01
1.661967636284103632e+09 -1.362639218568801880e-01 7.809556555002927780e-03 1.427926301956176758e+00 5.478795766830444336e-01 -4.756829738616943359e-01 -5.022944808006286621e-01 -4.703761637210845947e-01 3.835208051047733213e-01 1.435399079816516710e-01 -3.692123804797359798e-01 5.607954508495552881e-01 -1.621104224799675697e-01 2.819113581084329856e-01 1.213796611555473109e-01
1.661967636316018581e+09 -1.420119553804397583e-01 1.457058917731046677e-02 1.436238765716552734e+00 5.452650785446166992e-01 -4.706875383853912354e-01 -5.072264075279235840e-01 -4.731391966342926025e-01 3.809906421183373304e-01 1.435281126193893586e-01 -3.691820405287025708e-01 5.607493675993230342e-01 -1.620971010895148334e-01 2.818881921008614122e-01 1.213696868069864127e-01
1.661967636348932028e+09 -1.478347182273864746e-01 2.124128863215446472e-02 1.444454431533813477e+00 5.426201224327087402e-01 -4.656591713428497314e-01 -5.121561884880065918e-01 -4.758371412754058838e-01 3.669900002551871876e-01 1.391738924826987356e-01 -3.579821449428361446e-01 5.437378836225825740e-01 -1.571795525425295492e-01 2.733365347290718783e-01 1.176876880359148392e-01
1.661967636377854824e+09 -1.537310928106307983e-01 2.782003767788410187e-02 1.452571868896484375e+00 5.399448275566101074e-01 -4.605985283851623535e-01 -5.170831680297851562e-01 -4.784701466560363770e-01 4.148111418576190257e-01 1.583765419734737834e-01 -4.073750700860817031e-01 6.187606325577557076e-01 -1.788665500156089994e-01 3.110504017180101277e-01 1.339257581395752184e-01
1.661967636409769773e+09 -1.596999466419219971e-01 3.430524840950965881e-02 1.460590124130249023e+00 5.372395515441894531e-01 -4.555056691169738770e-01 -5.220063328742980957e-01 -4.810380935668945312e-01 3.733496439634892416e-01 1.435281126193893586e-01 -3.691820405287095652e-01 5.607493675993230342e-01 -1.620971010895148334e-01 2.818881921008623004e-01 1.213696868069864127e-01
1.661967636440685987e+09 -1.657400876283645630e-01 4.069535434246063232e-02 1.468508005142211914e+00 5.345044732093811035e-01 -4.503811299800872803e-01 -5.269249081611633301e-01 -4.835410416126251221e-01 3.827300812943068564e-01 1.481647285716583273e-01 -3.811083127214252575e-01 5.788641425767550031e-01 -1.673335804872566335e-01 2.909944728454371132e-01 1.252904840341014792e-01
1.661967636471604824e+09 -1.718503236770629883e-01 4.698881879448890686e-02 1.476324558258056641e+00 -5.317398905754089355e-01 4.452252388000488281e-01 5.318379998207092285e-01 4.859789311885833740e-01 3.799978948156431668e-01 1.481521609104043125e-01 -3.810759862681512566e-01 5.788150420349079672e-01 -1.673193868814227270e-01 2.909697900481444943e-01 1.252798566170585937e-01
1.661967636503518105e+09 -1.780294626951217651e-01 5.318412557244300842e-02 1.484038472175598145e+00 -5.289461016654968262e-01 4.400382936000823975e-01 5.367446541786193848e-01 4.883517920970916748e-01 3.655162050173389465e-01 1.435356185347034241e-01 -3.692013471933051072e-01 5.607786924276741969e-01 -1.621055780846568650e-01 2.819029336651390771e-01 1.213760339300282987e-01
1.661967636533437252e+09 -1.842762380838394165e-01 5.927978456020355225e-02 1.491648912429809570e+00 -5.261234045028686523e-01 4.348207414150238037e-01 5.416440367698669434e-01 4.906596243381500244e-01 3.870455122329827802e-01 1.531023721678546334e-01 -3.938088861838679455e-01 5.981550011651364240e-01 -1.729100330619455228e-01 3.006919697411229997e-01 1.294658350918002077e-01
1.661967636565351725e+09 -1.905893832445144653e-01 6.527433544397354126e-02 1.499154686927795410e+00 -5.232719182968139648e-01 4.295728504657745361e-01 5.465352535247802734e-01 4.929024279117584229e-01 3.601706073479142289e-01 1.435302570865161220e-01 -3.691875565125442571e-01 5.607577458087532607e-01 -1.620995229976591734e-01 2.818924038190457337e-01 1.213715002029748247e-01
1.661967636596269131e+09 -1.969676315784454346e-01 7.116635143756866455e-02 1.506554722785949707e+00 -5.203921198844909668e-01 4.242950081825256348e-01 5.514174103736877441e-01 4.950803220272064209e-01 3.690057289596109236e-01 1.481590157340474945e-01 -3.810936181991614324e-01 5.788418231159957461e-01 -1.673271285497315852e-01 2.909832528730115775e-01 1.252856531664838236e-01
1.661967636626189232e+09 -2.034096568822860718e-01 7.695440948009490967e-02 1.513848185539245605e+00 -5.174843072891235352e-01 4.189877212047576904e-01 5.562896728515625000e-01 4.971933364868164062e-01 3.784199451456900509e-01 1.530974921776664943e-01 -3.937963339061117396e-01 5.981359355524007437e-01 -1.729045217217041741e-01 3.006823854751105585e-01 1.294617084933941675e-01
1.661967636657106400e+09 -2.099141478538513184e-01 8.263714611530303955e-02 1.521034002304077148e+00 -5.145485401153564453e-01 4.136509895324707031e-01 5.611511468887329102e-01 4.992413818836212158e-01 3.634085262873276156e-01 1.481601582663258920e-01 -3.810965570129604685e-01 5.788462868704610242e-01 -1.673284188974331621e-01 2.909854967982782314e-01 1.252866193102039616e-01
1.661967636688024044e+09 -2.164797484874725342e-01 8.821319788694381714e-02 1.528111100196838379e+00 -5.115852355957031250e-01 4.082854986190795898e-01 5.660009384155273438e-01 5.012248158454895020e-01 3.605807801667891832e-01 1.481578732193901682e-01 -3.810906794306872514e-01 5.788373594303811709e-01 -1.673258382219316998e-01 2.909810089823526291e-01 1.252846870376625732e-01
1.661967636718941450e+09 -2.231050729751586914e-01 9.368124604225158691e-02 1.535078644752502441e+00 -5.085948109626770020e-01 4.028916656970977783e-01 5.708383321762084961e-01 5.031434297561645508e-01 3.577529579023271400e-01 1.481590157340474945e-01 -3.810936181991686489e-01 5.788418231159957461e-01 -1.673271285497315852e-01 2.909832528730120216e-01 1.252856531664829354e-01
1.661967636750364065e+09 -2.297887504100799561e-01 9.903998672962188721e-02 1.541935563087463379e+00 -5.055772662162780762e-01 3.974696397781372070e-01 5.756622552871704102e-01 5.049975514411926270e-01 3.492045474896834367e-01 1.457769331644668820e-01 -3.749664415248767924e-01 5.695352749416818794e-01 -1.646368634021028177e-01 2.863048596528993683e-01 1.232713257281708719e-01
1.661967636781281948e+09 -2.365293651819229126e-01 1.042881682515144348e-01 1.548680901527404785e+00 -5.025330781936645508e-01 3.920198678970336914e-01 5.804717540740966797e-01 5.067873001098632812e-01 3.520551773418462149e-01 1.481567307223534968e-01 -3.810877407075367596e-01 5.788328958136087499e-01 -1.673245479140303693e-01 2.909787651263009423e-01 1.252837209237425420e-01
1.661967636812199593e+09 -2.433254867792129517e-01 1.094245389103889465e-01 1.555313944816589355e+00 -4.994626641273498535e-01 3.865428566932678223e-01 5.852664709091186523e-01 5.085124969482421875e-01 3.492055233070803788e-01 1.481578732193901682e-01 -3.810906794306944123e-01 5.788373594303883873e-01 -1.673258382219316998e-01 2.909810089823526291e-01 1.252846870376625732e-01
1.661967636842627764e+09 -2.501756846904754639e-01 1.144478917121887207e-01 1.561833620071411133e+00 -4.963660538196563721e-01 3.810386955738067627e-01 5.900449752807617188e-01 5.101736187934875488e-01 3.519171564543753239e-01 1.505411689194443015e-01 -3.872209765109708712e-01 5.881486471789459936e-01 -1.700174734491168849e-01 2.956617847820844358e-01 1.273000403186680396e-01
1.661967636874541998e+09 -2.501756846904754639e-01 1.144478917121887207e-01 1.561833620071411133e+00 -4.963660538196563721e-01 3.810386955738067627e-01 5.900449752807617188e-01 5.101736187934875488e-01 0.000000000000000000e+00 0.000000000000000000e+00 0.000000000000000000e+00 0.000000000000000000e+00 0.000000000000000000e+00 0.000000000000000000e+00 -8.696926730336238249e-16
1.661967636905459404e+09 -2.454783022403717041e-01 1.238257512450218201e-01 1.552702903747558594e+00 -5.006136894226074219e-01 3.894069194793701172e-01 5.830734372138977051e-01 5.077140331268310547e-01 4.497822518085203836e-01 -1.596552752713189527e-01 -2.923428346122239896e-01 6.873843752749383973e-02 -3.510636123840870648e-01 -5.067341159189792110e-01 4.154552908912623188e-01
1.661967636936376810e+09 -2.406029850244522095e-01 1.330626904964447021e-01 1.543508768081665039e+00 -5.046420693397521973e-01 3.978318870067596436e-01 5.759881138801574707e-01 5.052759051322937012e-01 4.500639042530651390e-01 -1.596552752713189527e-01 -2.923428346122168286e-01 6.873843752749383973e-02 -3.510636123840906730e-01 -5.067341159189828748e-01 4.154552908912632070e-01
1.661967636967803717e+09 -2.355521023273468018e-01 1.421557515859603882e-01 1.534255146980285645e+00 -5.084499716758728027e-01 4.063085615634918213e-01 5.687908530235290527e-01 5.028607845306396484e-01 4.429991598752445747e-01 -1.570669058776672233e-01 -2.876033028662239310e-01 6.762403358711431556e-02 -3.453720853864631901e-01 -4.985188215972922166e-01 4.087198306470203324e-01
1.661967636999718428e+09 -2.303281277418136597e-01 1.511021107435226440e-01 1.524945259094238281e+00 -5.120357275009155273e-01 4.148314893245697021e-01 5.614830255508422852e-01 5.004708170890808105e-01 4.364267529193967543e-01 -1.546661970070135061e-01 -2.832073940236767839e-01 6.659042554349932364e-02 -3.400932023243069535e-01 -4.908991479906297806e-01 4.024727010078166800e-01
1.661967637030635118e+09 -2.249336242675781250e-01 1.598990112543106079e-01 1.515582799911499023e+00 -5.153982043266296387e-01 4.233954250812530518e-01 5.540665388107299805e-01 4.981077313423156738e-01 4.506781340416353143e-01 -1.596589688862750378e-01 -2.923495979456897653e-01 6.874002778701064631e-02 -3.510717342191302381e-01 -5.067458391815299334e-01 4.154649024238192823e-01
1.661967637061065435e+09 -2.193712741136550903e-01 1.685438454151153564e-01 1.506171345710754395e+00 -5.185361504554748535e-01 4.319951534271240234e-01 5.465430617332458496e-01 4.957733154296875000e-01 4.580071025263033335e-01 -1.622108304320073469e-01 -2.970222806149492856e-01 6.983871353441784002e-02 -3.566829846524554037e-01 -5.148452602756756757e-01 4.221053618699266985e-01
1.661967637091982365e+09 -2.136438190937042236e-01 1.770340800285339355e-01 1.496714472770690918e+00 -5.214485526084899902e-01 4.406252205371856689e-01 5.389144420623779297e-01 4.934694468975067139e-01 4.508817958640276569e-01 -1.596577376623005695e-01 -2.923473434664232706e-01 6.873949769232942653e-02 -3.510690268990283025e-01 -5.067419313670779024e-01 4.154616985302195808e-01
1.661967637123897076e+09 -2.077541053295135498e-01 1.853673160076141357e-01 1.487215399742126465e+00 -5.241345167160034180e-01 4.492803514003753662e-01 5.311824083328247070e-01 4.911978542804718018e-01 4.368344989067394213e-01 -1.546661970070135061e-01 -2.832073940236767839e-01 6.659042554349932364e-02 -3.400932023243051772e-01 -4.908991479906289479e-01 4.024727010078175682e-01
1.661967637154813766e+09 -2.017050683498382568e-01 1.935412138700485229e-01 1.477677941322326660e+00 5.265933275222778320e-01 -4.579552710056304932e-01 -5.233489274978637695e-01 -4.889605045318603516e-01 4.509389818213303536e-01 -1.596589688862750378e-01 -2.923495979456825489e-01 6.874002778701064631e-02 -3.510717342191302381e-01 -5.067458391815299334e-01 4.154649024238201704e-01
1.661967637185731173e+09 -1.954997181892395020e-01 2.015536278486251831e-01 1.468105435371398926e+00 5.288242697715759277e-01 -4.666446447372436523e-01 -5.154159069061279297e-01 -4.867589771747589111e-01 4.508954314720790002e-01 -1.596552752713198409e-01 -2.923428346122239896e-01 6.873843752749383973e-02 -3.510636123840888967e-01 -5.067341159189810984e-01 4.154552908912623188e-01
1.661967637215651274e+09 -1.891411244869232178e-01 2.094024568796157837e-01 1.458501458168029785e+00 5.308268070220947266e-01 -4.753429293632507324e-01 -5.073852539062500000e-01 -4.845949411392211914e-01 4.658459045191341019e-01 -1.649769481517738834e-01 -3.020872851611108301e-01 7.102964574602679826e-02 -3.627653598031100879e-01 -5.236247147276011926e-01 4.293033591797713600e-01
1.661967637247566700e+09 -1.826324760913848877e-01 2.170857340097427368e-01 1.448869228363037109e+00 5.326005816459655762e-01 -4.840449094772338867e-01 -4.992589652538299561e-01 -4.824703037738800049e-01 4.366124568936172179e-01 -1.546627307871401569e-01 -2.832010470705824123e-01 6.658893318730954580e-02 -3.400855805049303737e-01 -4.908881464633670921e-01 4.024636812032186262e-01
1.661967637279481411e+09 -1.759769916534423828e-01 2.246016412973403931e-01 1.439212441444396973e+00 5.341453552246093750e-01 -4.927453398704528809e-01 -4.910390973091125488e-01 -4.803867042064666748e-01 4.364679232474705239e-01 -1.546661970070126457e-01 -2.832073940236767839e-01 6.659042554349932364e-02 -3.400932023243051772e-01 -4.908991479906297806e-01 4.024727010078157918e-01
1.661967637311395407e+09 -1.691779792308807373e-01 2.319484204053878784e-01 1.429534316062927246e+00 5.354609489440917969e-01 -5.014387369155883789e-01 -4.827277362346649170e-01 -4.783457815647125244e-01 4.362864324566592122e-01 -1.546696633822582656e-01 -2.832137412612596994e-01 6.659191796657543128e-02 -3.401008244853201412e-01 -4.909101500110245042e-01 4.024817212167180469e-01
1.661967637342312098e+09 -1.622388064861297607e-01 2.391244620084762573e-01 1.419838190078735352e+00 5.365473628044128418e-01 -5.101198554039001465e-01 -4.743269979953765869e-01 -4.763493239879608154e-01 4.501215655482231348e-01 -1.596589688862750378e-01 -2.923495979456825489e-01 6.874002778701064631e-02 -3.510717342191302381e-01 -5.067458391815299334e-01 4.154649024238201704e-01
1.661967637373229742e+09 -1.551629304885864258e-01 2.461282908916473389e-01 1.410127401351928711e+00 5.374047160148620605e-01 -5.187833309173583984e-01 -4.658388793468475342e-01 -4.743987917900085449e-01 4.498269567918990464e-01 -1.596540441043108882e-01 -2.923405802372751605e-01 6.873790745733908414e-02 -3.510609051892494836e-01 -5.067302082853334388e-01 4.154520871459015940e-01
1.661967637405145407e+09 -1.479538381099700928e-01 2.529585063457489014e-01 1.400405287742614746e+00 5.380332469940185547e-01 -5.274239182472229004e-01 -4.572657346725463867e-01 -4.724958837032318115e-01 4.354465571681033209e-01 -1.546615754150393596e-01 -2.831989314827619286e-01 6.658843575011069715e-02 -3.400830399743881571e-01 -4.908844793971919862e-01 4.024606746915261324e-01
1.661967637435064316e+09 -1.406150609254837036e-01 2.596138715744018555e-01 1.390675067901611328e+00 5.384333133697509766e-01 -5.360363125801086426e-01 -4.486096203327178955e-01 -4.706421494483947754e-01 4.641304904136283049e-01 -1.649835215147051060e-01 -3.020993215661083586e-01 7.103247586045643991e-02 -3.627798138731800903e-01 -5.236455780986836173e-01 4.293204643985227831e-01
1.661967637466979265e+09 -1.331502199172973633e-01 2.660932242870330811e-01 1.380939960479736328e+00 -5.386054515838623047e-01 5.446152687072753906e-01 4.398729801177978516e-01 4.688392281532287598e-01 4.347069569466347483e-01 -1.546650415831259950e-01 -2.832052783410286545e-01 6.658992808399673280e-02 -3.400906616798880511e-01 -4.908954807600847681e-01 4.024696943613633171e-01
1.661967637498893976e+09 -1.255629658699035645e-01 2.723955512046813965e-01 1.371203184127807617e+00 -5.385501384735107422e-01 5.531556010246276855e-01 4.310578405857086182e-01 4.670885205268859863e-01 4.342722690132983510e-01 -1.546661970070135061e-01 -2.832073940236767839e-01 6.659042554349932364e-02 -3.400932023243051772e-01 -4.908991479906297806e-01 4.024727010078157918e-01
1.661967637530808687e+09 -1.255629658699035645e-01 2.723955512046813965e-01 1.371203184127807617e+00 -5.385501384735107422e-01 5.531556010246276855e-01 4.310578405857086182e-01 4.670885205268859863e-01 0.000000000000000000e+00 0.000000000000000000e+00 0.000000000000000000e+00 0.000000000000000000e+00 0.000000000000000000e+00 0.000000000000000000e+00 0.000000000000000000e+00
1.661967637562722921e+09 -1.293036937713623047e-01 2.812876403331756592e-01 1.372202038764953613e+00 -5.371171236038208008e-01 5.516328811645507812e-01 4.329883754253387451e-01 4.687508642673492432e-01 3.038911630440712108e-01 7.283799182169575781e-02 -4.391831043142191415e-01 5.326345275991327677e-01 -2.726092270679472129e-01 7.385552423385217946e-02 2.587784565966226302e-01
1.661967637594637632e+09 -1.330899447202682495e-01 2.901222109794616699e-01 1.373073220252990723e+00 -5.356847047805786133e-01 5.500958561897277832e-01 4.349321126937866211e-01 4.703940153121948242e-01 3.024037739311331019e-01 7.283690355048969001e-02 -4.391765424868724343e-01 5.326265695156415791e-01 -2.726051540180863819e-01 7.385442075970978515e-02 2.587745901920681657e-01
1.661967637626552343e+09 -1.369211524724960327e-01 2.988972663879394531e-01 1.373817205429077148e+00 -5.342530608177185059e-01 5.485444664955139160e-01 4.368889629840850830e-01 4.720177948474884033e-01 3.009212612445475443e-01 7.283690355048969001e-02 -4.391765424868654955e-01 5.326265695156485735e-01 -2.726051540180863819e-01 7.385442075970978515e-02 2.587745901920698866e-01
1.661967637658467293e+09 -1.407966911792755127e-01 3.076108396053314209e-01 1.374434232711791992e+00 -5.328222513198852539e-01 5.469789505004882812e-01 4.388582706451416016e-01 4.736221432685852051e-01 2.994367861415684340e-01 7.283635942708145683e-02 -4.391732616467286521e-01 5.326225905630819213e-01 -2.726031175387997885e-01 7.385386903500634759e-02 2.587726570331217446e-01
1.661967637690381765e+09 -1.447159498929977417e-01 3.162610530853271484e-01 1.374924540519714355e+00 -5.313925147056579590e-01 5.453993082046508789e-01 4.408401250839233398e-01 4.752068817615509033e-01 2.979626522095092933e-01 7.283744768202773945e-02 -4.391798233760286219e-01 5.326305485276650042e-01 -2.726071905278036889e-01 7.385497249265833564e-02 2.587765233799015907e-01
1.661967637721299648e+09 -1.486782878637313843e-01 3.248459100723266602e-01 1.375288724899291992e+00 -5.299640297889709473e-01 5.438056588172912598e-01 4.428340494632720947e-01 4.767720103263854980e-01 3.060417387223123842e-01 7.518524903236876999e-02 -4.533360989619965031e-01 5.497990622642353609e-01 -2.813942574885741621e-01 7.623557216584785079e-02 2.671177803893496905e-01
1.661967637752217293e+09 -1.526830345392227173e-01 3.333635628223419189e-01 1.375527143478393555e+00 -5.285369157791137695e-01 5.421980023384094238e-01 4.448398947715759277e-01 4.783174097537994385e-01 3.045238625929786447e-01 7.518582881651900141e-02 -4.533395948217334159e-01 5.498033019892711870e-01 -2.813964274345785443e-01 7.623616004946676128e-02 2.671198402436088526e-01
1.661967637784132719e+09 -1.567295342683792114e-01 3.418120443820953369e-01 1.375640034675598145e+00 -5.271113514900207520e-01 5.405765771865844727e-01 4.468573927879333496e-01 4.798429012298583984e-01 2.935329942281818538e-01 7.283527120465364824e-02 -4.391667001134947346e-01 5.326146328362931781e-01 -2.725990446715020332e-01 7.385276561032536047e-02 2.587687908018681537e-01
1.661967637816046953e+09 -1.608170717954635620e-01 3.501895070075988770e-01 1.375627994537353516e+00 -5.256873965263366699e-01 5.389413833618164062e-01 4.488860666751861572e-01 4.813484251499176025e-01 2.920790729470579827e-01 7.283799182169488351e-02 -4.391831043142122026e-01 5.326345275991327677e-01 -2.726092270679437157e-01 7.385552423385043086e-02 2.587784565966208539e-01
1.661967637847962141e+09 -1.649449616670608521e-01 3.584940731525421143e-01 1.375491619110107422e+00 -5.242651700973510742e-01 5.372925400733947754e-01 4.509259462356567383e-01 4.828338325023651123e-01 2.906110601314043085e-01 7.283581531180283175e-02 -4.391699808556031037e-01 5.326186116699569428e-01 -2.726010810899379688e-01 7.385331731854435922e-02 2.587707239030529460e-01
1.661967637877882004e+09 -1.691124588251113892e-01 3.667238950729370117e-01 1.375231146812438965e+00 -5.228450298309326172e-01 5.356301069259643555e-01 4.529765844345092773e-01 4.842991828918457031e-01 3.084417358684415911e-01 7.769316144540772129e-02 -4.684577783405593499e-01 5.681384029018726745e-01 -2.907805687716548126e-01 7.877851962176975198e-02 2.760278791893609474e-01
1.661967637909796953e+09 -1.733188480138778687e-01 3.748771250247955322e-01 1.374847292900085449e+00 -5.214269757270812988e-01 5.339542627334594727e-01 4.550376534461975098e-01 4.857442677021026611e-01 2.877142579999165672e-01 7.283635942708145683e-02 -4.391732616467286521e-01 5.326225905630819213e-01 -2.726031175387997885e-01 7.385386903500634759e-02 2.587726570331200238e-01
1.661967637940713406e+09 -1.775633543729782104e-01 3.829519450664520264e-01 1.374340653419494629e+00 -5.200111865997314453e-01 5.322650074958801270e-01 4.571089744567871094e-01 4.871690869331359863e-01 2.955215631425173184e-01 7.518872787140384872e-02 -4.533570749291891411e-01 5.498245015952761827e-01 -2.814072776666019515e-01 7.623909960357785898e-02 2.671301399914436936e-01
1.661967637972140789e+09 -1.818452179431915283e-01 3.909465372562408447e-01 1.373711585998535156e+00 -5.185977816581726074e-01 5.305624604225158691e-01 4.591902792453765869e-01 4.885734915733337402e-01 2.892653084854713286e-01 7.396634634087326243e-02 -4.459866175372697028e-01 5.408857240044019354e-01 -2.768322959038417852e-01 7.499964164361673513e-02 2.627872689439102460e-01
1.661967638004055500e+09 -1.861636489629745483e-01 3.988591134548187256e-01 1.372960925102233887e+00 -5.171869397163391113e-01 5.288468003273010254e-01 4.612812697887420654e-01 4.899574220180511475e-01 2.834275137867590666e-01 7.283690355048969001e-02 -4.391765424868654955e-01 5.326265695156485735e-01 -2.726051540180881028e-01 7.385442075970978515e-02 2.587745901920698866e-01
1.661967638035969734e+09 -1.905178427696228027e-01 4.066879153251647949e-01 1.372089147567749023e+00 -5.157787799835205078e-01 5.271180868148803711e-01 4.633817076683044434e-01 4.913208782672882080e-01 2.820217347108589512e-01 7.283799182169575781e-02 -4.391831043142191415e-01 5.326345275991293260e-01 -2.726092270679472129e-01 7.385552423385217946e-02 2.587784565966208539e-01
1.661967638067885160e+09 -1.949069797992706299e-01 4.144311845302581787e-01 1.371096968650817871e+00 -5.143734812736511230e-01 5.253764390945434570e-01 4.654912352561950684e-01 4.926636517047882080e-01 2.806117955280877374e-01 7.283527120465364824e-02 -4.391667001134947346e-01 5.326146328362931781e-01 -2.725990446714985360e-01 7.385276561032362574e-02 2.587687908018681537e-01
1.661967638099800110e+09 -1.993302404880523682e-01 4.220871925354003906e-01 1.369985103607177734e+00 -5.129712224006652832e-01 5.236218571662902832e-01 4.676096439361572266e-01 4.939858913421630859e-01 2.792284549746659739e-01 7.283635942708145683e-02 -4.391732616467217132e-01 5.326225905630784796e-01 -2.726031175387997885e-01 7.385386903500634759e-02 2.587726570331200238e-01
1.661967638131714821e+09 -2.037867754697799683e-01 4.296541810035705566e-01 1.368754148483276367e+00 -5.115719437599182129e-01 5.218546986579895020e-01 4.697366356849670410e-01 4.952872395515441895e-01 2.778547160107308067e-01 7.283690355048969001e-02 -4.391765424868724343e-01 5.326265695156485735e-01 -2.726051540180881028e-01 7.385442075970978515e-02 2.587745901920698866e-01
1.661967638163627863e+09 -2.082757204771041870e-01 4.371304810047149658e-01 1.367404818534851074e+00 -5.101760625839233398e-01 5.200747847557067871e-01 4.718717932701110840e-01 4.965678453445434570e-01 2.765074190906821050e-01 7.284071264199196150e-02 -4.391995097404820525e-01 5.326544238482832094e-01 -2.726194102251037199e-01 7.385828306347250183e-02 2.587881231134937510e-01
1.661967638195542812e+09 -2.127961963415145874e-01 4.445144534111022949e-01 1.365937948226928711e+00 -5.087834596633911133e-01 5.182824134826660156e-01 4.740151464939117432e-01 4.978276491165161133e-01 2.751437599119633814e-01 7.283635942708058253e-02 -4.391732616467286521e-01 5.326225905630784796e-01 -2.726031175387997885e-01 7.385386903500459899e-02 2.587726570331200238e-01
1.661967638227457762e+09 -2.173473238945007324e-01 4.518043696880340576e-01 1.364354372024536133e+00 -5.073944926261901855e-01 5.164775848388671875e-01 4.761662781238555908e-01 4.990666508674621582e-01 2.738093912428493093e-01 7.283635942708145683e-02 -4.391732616467217132e-01 5.326225905630819213e-01 -2.726031175387997885e-01 7.385386903500634759e-02 2.587726570331200238e-01
1.661967638259374857e+09 -2.219281941652297974e-01 4.589986205101013184e-01 1.362654685974121094e+00 -5.060091018676757812e-01 5.146605968475341797e-01 4.783247113227844238e-01 5.002846121788024902e-01 2.724741274804538538e-01 7.283146268221819819e-02 -4.391437362911237985e-01 5.325867826650052539e-01 -2.725847905943174498e-01 7.384890388357923108e-02 2.587552599022221456e-01
1.661967638291291714e+09 -2.265379130840301514e-01 4.660955965518951416e-01 1.360839843750000000e+00 -5.046276450157165527e-01 5.128313302993774414e-01 4.804905056953430176e-01 5.014816522598266602e-01 2.711755001924233688e-01 7.283200673246643941e-02 -4.391470166901394467e-01 5.325907610825860727e-01 -2.725868267997879624e-01 7.384945553410411645e-02 2.587571928012495359e-01
1.661967638321210146e+09 -2.311755269765853882e-01 4.730936586856842041e-01 1.358910679817199707e+00 -5.032501220703125000e-01 5.109900832176208496e-01 4.826631247997283936e-01 5.026577115058898926e-01 2.879181226345217115e-01 7.769687624430060557e-02 -4.684801770485570449e-01 5.681655677111114855e-01 -2.907944720716988951e-01 7.878228631567214812e-02 2.760410771084692017e-01
1.661967638352125406e+09 -2.358401119709014893e-01 4.799913167953491211e-01 1.356867909431457520e+00 -5.018766522407531738e-01 5.091368556022644043e-01 4.848424792289733887e-01 5.038127303123474121e-01 2.773302263568414583e-01 7.519162714986388218e-02 -4.533745563847113025e-01 5.498457028362025989e-01 -2.814181287353956229e-01 7.624203938438924022e-02 2.671404405335971455e-01
1.661967638383042812e+09 -2.405306994915008545e-01 4.867869317531585693e-01 1.354712605476379395e+00 -5.005073547363281250e-01 5.072717666625976562e-01 4.870280027389526367e-01 5.049467086791992188e-01 2.760222813982922130e-01 7.518640860961119110e-02 -4.533430907353831474e-01 5.498075417796852715e-01 -2.813985974140462698e-01 7.623674794215436201e-02 2.671219001296334383e-01
1.661967638414957285e+09 -2.452463507652282715e-01 4.934790134429931641e-01 1.352445602416992188e+00 -4.991426169872283936e-01 5.053951740264892578e-01 4.892199635505676270e-01 5.060594677925109863e-01 2.661720674047406421e-01 7.283744768202773945e-02 -4.391798233760355608e-01 5.326305485276650042e-01 -2.726071905278002472e-01 7.385497249266007036e-02 2.587765233799033116e-01
