1.661970757925930023e+09 1.378528122206244648e-16 -2.367949187755584717e-01 1.128897309303283691e+00 -6.125128269195556641e-01 6.125135421752929688e-01 3.533097505569458008e-01 3.533093035221099854e-01 0.000000000000000000e+00 0.000000000000000000e+00 0.000000000000000000e+00 0.000000000000000000e+00 0.000000000000000000e+00 0.000000000000000000e+00 0.000000000000000000e+00
1.661970778280344486e+09 1.378528122206244648e-16 -2.367949187755584717e-01 1.128897309303283691e+00 -6.125128269195556641e-01 6.125135421752929688e-01 3.533097505569458008e-01 3.533093035221099854e-01 0.000000000000000000e+00 0.000000000000000000e+00 0.000000000000000000e+00 0.000000000000000000e+00 0.000000000000000000e+00 0.000000000000000000e+00 0.000000000000000000e+00
1.661970778313256264e+09 7.822012412361800671e-04 -2.289894372224807739e-01 1.114354491233825684e+00 -6.025107502937316895e-01 6.290297508239746094e-01 3.584881722927093506e-01 3.358402252197265625e-01 5.020588103307551675e-01 -1.352709481545029679e-01 -5.609443012512687066e-01 -2.276793423543740646e-01 8.143375654598892233e-01 1.925565811368857294e-01 6.932020446767580557e-01
1.661970778345171213e+09 1.691433717496693134e-03 -2.215753346681594849e-01 1.099753260612487793e+00 -5.917384028434753418e-01 6.454629302024841309e-01 3.631226420402526855e-01 3.183789551258087158e-01 5.138959122823737458e-01 -1.394959863227062669e-01 -5.784647749032915121e-01 -2.347906543151665193e-01 8.397724969275145446e-01 1.985708725715364942e-01 7.148534423862705767e-01
1.661970778375091791e+09 2.724603051319718361e-03 -2.145505547523498535e-01 1.085101604461669922e+00 -5.801985263824462891e-01 6.617823839187622070e-01 3.672110736370086670e-01 3.009480535984039307e-01 5.441559932436155211e-01 -1.487941625640968601e-01 -6.170226400309781756e-01 -2.504407453407479500e-01 8.957479617773795866e-01 2.118067155391246126e-01 7.625023638304766482e-01
1.661970778407006025e+09 3.878570394590497017e-03 -2.079130411148071289e-01 1.070407152175903320e+00 -5.678949356079101562e-01 6.779575347900390625e-01 3.707519769668579102e-01 2.835699915885925293e-01 5.065214859033920769e-01 -1.394991126801818637e-01 -5.784777393456322914e-01 -2.347959163985903486e-01 8.397913177487638103e-01 1.985753229041106738e-01 7.148694635454663215e-01
1.661970778438920736e+09 5.150150042027235031e-03 -2.016607224941253662e-01 1.055677652359008789e+00 -5.548326969146728516e-01 6.939576268196105957e-01 3.737447857856750488e-01 2.662672400474548340e-01 5.029654117177749795e-01 -1.394970284262953830e-01 -5.784690963195092683e-01 -2.347924083167675646e-01 8.397787704408637977e-01 1.985723559935620441e-01 7.148587826928808342e-01
1.661970778470835447e+09 6.536107044667005539e-03 -1.957915723323822021e-01 1.040920019149780273e+00 -5.410183668136596680e-01 7.097523808479309082e-01 3.761897385120391846e-01 2.490622252225875854e-01 4.995268914444880304e-01 -1.394970284262953830e-01 -5.784690963194952795e-01 -2.347924083167675646e-01 8.397787704408637977e-01 1.985723559935620441e-01 7.148587826928808342e-01
1.661970778501753807e+09 8.033154532313346863e-03 -1.903035491704940796e-01 1.026141405105590820e+00 -5.264596939086914062e-01 7.253112792968750000e-01 3.780877590179443359e-01 2.319771796464920044e-01 5.121754183264090043e-01 -1.439923521961103403e-01 -5.971103957659767980e-01 -2.423586475835512177e-01 8.668408341330960942e-01 2.049713957580368839e-01 7.378952710980716256e-01
1.661970778532181501e+09 9.637950919568538666e-03 -1.851947009563446045e-01 1.011348485946655273e+00 -5.111655592918395996e-01 7.406043410301208496e-01 3.794407248497009277e-01 2.150343209505081177e-01 5.170397827010630998e-01 -1.463143181491102784e-01 -6.067391711002679822e-01 -2.462668310358047119e-01 8.808191800162512575e-01 2.082766865948806057e-01 7.497942898323110006e-01
1.661970778563099146e+09 1.134709548205137253e-02 -1.804631054401397705e-01 9.965476393699645996e-01 -4.951463341712951660e-01 7.556018233299255371e-01 3.802510499954223633e-01 1.982556134462356567e-01 5.056165773922375317e-01 -1.439956833475523890e-01 -5.971242094520862187e-01 -2.423642543629798973e-01 8.668608878237945570e-01 2.049761376123782064e-01 7.379123417331314716e-01
1.661970778594015598e+09 1.315712649375200272e-02 -1.761068850755691528e-01 9.817453622817993164e-01 -4.784134030342102051e-01 7.702741026878356934e-01 3.805221617221832275e-01 1.816627979278564453e-01 5.025083032912701642e-01 -1.440012356091391332e-01 -5.971472336826368910e-01 -2.423735995718654390e-01 8.668943127036008445e-01 2.049840411905211324e-01 7.379407945468141605e-01
1.661970778625438452e+09 1.506451610475778580e-02 -1.721242666244506836e-01 9.669476747512817383e-01 -4.609796106815338135e-01 7.845921516418457031e-01 3.802582323551177979e-01 1.652775704860687256e-01 4.914418221507118045e-01 -1.416805558938654397e-01 -5.875237921449545375e-01 -2.384675810320607270e-01 8.529237100329635224e-01 2.016805812977398027e-01 7.260483671955282325e-01
1.661970778657353163e+09 1.706567220389842987e-02 -1.685135215520858765e-01 9.521605968475341797e-01 -4.428588449954986572e-01 7.985273003578186035e-01 3.794642090797424316e-01 1.491212099790573120e-01 4.810482856623084502e-01 -1.394970284262945226e-01 -5.784690963194952795e-01 -2.347924083167675646e-01 8.397787704408603560e-01 1.985723559935620441e-01 7.148587826928808342e-01
1.661970778689267874e+09 1.915692538022994995e-02 -1.652730256319046021e-01 9.373899102210998535e-01 -4.240661859512329102e-01 8.120513558387756348e-01 3.781456947326660156e-01 1.332147717475891113e-01 4.783338950427528657e-01 -1.394970284262953830e-01 -5.784690963195022739e-01 -2.347924083167675646e-01 8.397787704408637977e-01 1.985723559935602955e-01 7.148587826928808342e-01
1.661970778720689058e+09 2.133453451097011566e-02 -1.624012142419815063e-01 9.226413369178771973e-01 -4.046181142330169678e-01 8.251367807388305664e-01 3.763092160224914551e-01 1.175790205597877502e-01 4.831945711910718977e-01 -1.416880812288026370e-01 -5.875549983559342770e-01 -2.384802471908529231e-01 8.529690129085213401e-01 2.016912935222584802e-01 7.260869311121407321e-01
1.661970778751606703e+09 2.359468303620815277e-02 -1.598966121673583984e-01 9.079205393791198730e-01 -3.845320045948028564e-01 8.377564549446105957e-01 3.739618957042694092e-01 1.022343561053276062e-01 4.884726288317689513e-01 -1.439956833475523890e-01 -5.971242094520862187e-01 -2.423642543629798973e-01 8.668608878237981097e-01 2.049761376123782064e-01 7.379123417331314716e-01
1.661970778782524347e+09 2.593346685171127319e-02 -1.577578336000442505e-01 8.932330012321472168e-01 -3.638264238834381104e-01 8.498837947845458984e-01 3.711116909980773926e-01 8.720077574253082275e-02 4.859872232043022100e-01 -1.439956833475519449e-01 -5.971242094520934351e-01 -2.423642543629798973e-01 8.668608878237945570e-01 2.049761376123817869e-01 7.379123417331351353e-01
1.661970778813946962e+09 2.834690548479557037e-02 -1.559835821390151978e-01 8.785841464996337891e-01 -3.425211310386657715e-01 8.614932298660278320e-01 3.677672445774078369e-01 7.249799370765686035e-02 4.758348854395247907e-01 -1.416816308927720258e-01 -5.875282499721431462e-01 -2.384693904009416443e-01 8.529301815776925144e-01 2.016821115458586056e-01 7.260538760756666266e-01
1.661970778844864368e+09 3.083092905580997467e-02 -1.545726060867309570e-01 8.639794588088989258e-01 -3.206369876861572266e-01 8.725596070289611816e-01 3.639379441738128662e-01 5.814522132277488708e-02 4.813298139744096038e-01 -1.439967937656168873e-01 -5.971288141561544860e-01 -2.423661233471047782e-01 8.668675725935518495e-01 2.049777182792511254e-01 7.379180321203376858e-01
1.661970778875781536e+09 3.338137641549110413e-02 -1.535237431526184082e-01 8.494243025779724121e-01 -2.981957495212554932e-01 8.830586671829223633e-01 3.596338629722595215e-01 4.416124895215034485e-02 4.791544005403574613e-01 -1.439979042008074084e-01 -5.971334189312484941e-01 -2.423679923600551012e-01 8.668742574664124456e-01 2.049792989704955493e-01 7.379237225953070300e-01
1.661970778905701637e+09 3.599400445818901062e-02 -1.528359204530715942e-01 8.349241018295288086e-01 -2.752203345298767090e-01 8.929669260978698730e-01 3.548657596111297607e-01 3.056439757347106934e-02 4.929708327452260175e-01 -1.487965338991811826e-01 -6.170324735312331388e-01 -2.504447366191411839e-01 8.957622373277928096e-01 2.118100911063353353e-01 7.625145158435404635e-01
1.661970778936619043e+09 3.866446763277053833e-02 -1.525080800056457520e-01 8.204842209815979004e-01 -2.517344951629638672e-01 9.022617340087890625e-01 3.496450781822204590e-01 1.737249642610549927e-02 4.750850425401469956e-01 -1.439967937656168873e-01 -5.971288141561615914e-01 -2.423661233471047782e-01 8.668675725935518495e-01 2.049777182792475172e-01 7.379180321203376858e-01
1.661970778966538906e+09 4.138834401965141296e-02 -1.525392383337020874e-01 8.061101436614990234e-01 -2.277630716562271118e-01 9.109214544296264648e-01 3.439839184284210205e-01 4.602827597409486771e-03 4.889701723653881449e-01 -1.487977195950677956e-01 -6.170373903988953801e-01 -2.504467323060450279e-01 8.957693752736329840e-01 2.118117789302846610e-01 7.625205919953208511e-01
1.661970778997456312e+09 4.416109994053840637e-02 -1.529284417629241943e-01 7.918073534965515137e-01 -2.033317536115646362e-01 9.189251661300659180e-01 3.378949463367462158e-01 -7.727835793048143387e-03 4.713938133299895861e-01 -1.439967937656164432e-01 -5.971288141561544860e-01 -2.423661233471047782e-01 8.668675725935518495e-01 2.049777182792493213e-01 7.379180321203412385e-01
1.661970779029370785e+09 4.697812721133232117e-02 -1.536747664213180542e-01 7.775813937187194824e-01 -1.784671097993850708e-01 9.262530803680419922e-01 3.313915729522705078e-01 -1.960330642759799957e-02 4.550093480450936867e-01 -1.394980705454533509e-01 -5.784734178002867155e-01 -2.347941623445753134e-01 8.397850440479461831e-01 1.985738394377532523e-01 7.148641230792741608e-01
1.661970779061285973e+09 4.983471333980560303e-02 -1.547772735357284546e-01 7.634378075599670410e-01 -1.531965285539627075e-01 9.328864812850952148e-01 3.244876563549041748e-01 -3.100798465311527252e-02 4.534278426100180059e-01 -1.394949442346887225e-01 -5.784604535516321144e-01 -2.347889003397715946e-01 8.397662235078964255e-01 1.985693891716709403e-01 7.148481021594589313e-01
1.661970779092202902e+09 5.272606015205383301e-02 -1.562350690364837646e-01 7.493824362754821777e-01 -1.275481879711151123e-01 9.388073086738586426e-01 3.171978592872619629e-01 -4.192689433693885803e-02 4.665256445657643414e-01 -1.439990146531238968e-01 -5.971380237773482591e-01 -2.423698614018315600e-01 8.668809424423712384e-01 2.049808796861264382e-01 7.379294131580379501e-01
1.661970779123120785e+09 5.564728751778602600e-02 -1.580471992492675781e-01 7.354210615158081055e-01 -1.015510261058807373e-01 9.439989924430847168e-01 3.095371723175048828e-01 -5.234567448496818542e-02 4.650501038996215919e-01 -1.439945729466131086e-01 -5.971196048190422490e-01 -2.423623854076797923e-01 8.668542031571307982e-01 2.049745569698870340e-01 7.379066514336900529e-01
1.661970779155035734e+09 5.859341099858283997e-02 -1.602126955986022949e-01 7.215595841407775879e-01 -7.523468136787414551e-02 9.484458565711975098e-01 3.015212416648864746e-01 -6.225062161684036255e-02 4.491815071693561756e-01 -1.394959863227071273e-01 -5.784647749032845176e-01 -2.347906543151665193e-01 8.397724969275180973e-01 1.985708725715347456e-01 7.148534423862705767e-01
1.661970779185952425e+09 6.155938655138015747e-02 -1.627305299043655396e-01 7.078041434288024902e-01 -4.862944781780242920e-02 9.521334767341613770e-01 2.931662499904632568e-01 -7.162873446941375732e-02 4.623734444775858266e-01 -1.440001251225676848e-01 -5.971426286944772066e-01 -2.423717304724347654e-01 8.668876275214273397e-01 2.049824604261318017e-01 7.379351038085467662e-01
1.661970779216869831e+09 6.454007327556610107e-02 -1.655996292829513550e-01 6.941609382629394531e-01 -2.176619879901409149e-02 9.550483822822570801e-01 2.844887077808380127e-01 -8.046764135360717773e-02 4.611218721815088517e-01 -1.439967937656168873e-01 -5.971288141561615914e-01 -2.423661233471047782e-01 8.668675725935555132e-01 2.049777182792493213e-01 7.379180321203341331e-01
1.661970779248784781e+09 6.753025203943252563e-02 -1.688188016414642334e-01 6.806362867355346680e-01 5.323577672243118286e-03 9.571784734725952148e-01 2.755058109760284424e-01 -8.875574171543121338e-02 4.455724841617295096e-01 -1.394959863227071273e-01 -5.784647749032845176e-01 -2.347906543151665193e-01 8.397724969275145446e-01 1.985708725715347456e-01 7.148534423862775711e-01
1.661970779280699253e+09 7.052466273307800293e-02 -1.723867505788803101e-01 6.672367453575134277e-01 3.260791301727294922e-02 9.585127830505371094e-01 2.662350833415985107e-01 -9.648214280605316162e-02 4.445025939134802928e-01 -1.394980705454529346e-01 -5.784734178002867155e-01 -2.347941623445753134e-01 8.397850440479461831e-01 1.985738394377532523e-01 7.148641230792777135e-01
1.661970779311616659e+09 7.351794838905334473e-02 -1.763020753860473633e-01 6.539689302444458008e-01 6.005438417196273804e-02 9.590415954589843750e-01 2.566945850849151611e-01 -1.036366894841194153e-01 4.577874938542916827e-01 -1.439967937656168873e-01 -5.971288141561544860e-01 -2.423661233471047782e-01 8.668675725935518495e-01 2.049777182792493213e-01 7.379180321203376858e-01
1.661970779342534304e+09 7.650471478700637817e-02 -1.805632114410400391e-01 6.408396959304809570e-01 8.763011544942855835e-02 9.587564468383789062e-01 2.469025254249572754e-01 -1.102099418640136719e-01 4.567892753197163036e-01 -1.439956833475515008e-01 -5.971242094520934351e-01 -2.423642543629798973e-01 8.668608878237945570e-01 2.049761376123800105e-01 7.379123417331314716e-01
1.661970779374449015e+09 7.947950065135955811e-02 -1.851684302091598511e-01 6.278561353683471680e-01 1.153019219636917114e-01 9.576500058174133301e-01 2.368777543306350708e-01 -1.161933317780494690e-01 4.416027436016459196e-01 -1.394970284262953830e-01 -5.784690963195022739e-01 -2.347924083167675646e-01 8.397787704408637977e-01 1.985723559935620441e-01 7.148587826928808342e-01
1.661970779405366182e+09 8.243682980537414551e-02 -1.901158392429351807e-01 6.150252819061279297e-01 1.430362761020660400e-01 9.557163715362548828e-01 2.266393005847930908e-01 -1.215789690613746643e-01 4.549588477151607635e-01 -1.439979042008074084e-01 -5.971334189312484941e-01 -2.423679923600551012e-01 8.668742574664087819e-01 2.049792989704973534e-01 7.379237225953070300e-01
1.661970779436283588e+09 8.537116646766662598e-02 -1.954032927751541138e-01 6.023545265197753906e-01 1.707993894815444946e-01 9.529509544372558594e-01 2.162065207958221436e-01 -1.263598203659057617e-01 4.541061464834000305e-01 -1.439967937656159713e-01 -5.971288141561544860e-01 -2.423661233471047782e-01 8.668675725935518495e-01 2.049777182792493213e-01 7.379180321203376858e-01
1.661970779468198061e+09 8.827695995569229126e-02 -2.010284662246704102e-01 5.898513197898864746e-01 1.985573172569274902e-01 9.493502974510192871e-01 2.055991441011428833e-01 -1.305296421051025391e-01 4.391381737599440171e-01 -1.394980705454537950e-01 -5.784734178002867155e-01 -2.347941623445753134e-01 8.397850440479461831e-01 1.985738394377532523e-01 7.148641230792777135e-01
1.661970779499115705e+09 9.114864468574523926e-02 -2.069887518882751465e-01 5.775234699249267578e-01 2.262759059667587280e-01 9.449124336242675781e-01 1.948370486497879028e-01 -1.340829879045486450e-01 4.525240540521967558e-01 -1.439956833475523890e-01 -5.971242094520934351e-01 -2.423642543629798973e-01 8.668608878237945570e-01 2.049761376123800105e-01 7.379123417331314716e-01
1.661970779529036045e+09 9.398065507411956787e-02 -2.132812887430191040e-01 5.653786659240722656e-01 2.539209723472595215e-01 9.396365880966186523e-01 1.839404851198196411e-01 -1.370153129100799561e-01 4.668486456376120253e-01 -1.487953482221903989e-01 -6.170275567419231111e-01 -2.504427409640424540e-01 8.957550994957091950e-01 2.118084033092809682e-01 7.625084397885893983e-01
1.661970779559953451e+09 9.676742553710937500e-02 -2.199029475450515747e-01 5.534249544143676758e-01 2.814582288265228271e-01 9.335232973098754883e-01 1.729297339916229248e-01 -1.393227130174636841e-01 4.510875638797201548e-01 -1.439967937656168873e-01 -5.971288141561615914e-01 -2.423661233471047782e-01 8.668675725935518495e-01 2.049777182792493213e-01 7.379180321203376858e-01
1.661970779591868401e+09 9.676742553710937500e-02 -2.199029475450515747e-01 5.534249544143676758e-01 2.814582288265228271e-01 9.335232973098754883e-01 1.729297339916229248e-01 -1.393227130174636841e-01 0.000000000000000000e+00 0.000000000000000000e+00 0.000000000000000000e+00 0.000000000000000000e+00 0.000000000000000000e+00 -1.739346364167828083e-15 0.000000000000000000e+00
1.661970779623782873e+09 1.022740304470062256e-01 -2.038376182317733765e-01 5.563761591911315918e-01 2.626257240772247314e-01 9.384036064147949219e-01 1.835704892873764038e-01 -1.293377280235290527e-01 5.401115569198131627e-01 1.447543580048905355e-02 -2.854491254637301356e-01 7.015221903670442183e-01 -7.643969018169566310e-01 4.195029538391709667e-01 -5.426650596947040217e-01
1.661970779654699802e+09 1.077447608113288879e-01 -1.877347379922866821e-01 5.595171451568603516e-01 2.437334358692169189e-01 9.427142143249511719e-01 1.941590011119842529e-01 -1.191058829426765442e-01 5.593839388546546498e-01 1.494248976917419980e-02 -2.946592210175396631e-01 7.241569992700379599e-01 -7.890603808005860476e-01 4.330383335103727971e-01 -5.601742990219655827e-01
1.661970779685617447e+09 1.131731867790222168e-01 -1.716009229421615601e-01 5.628505349159240723e-01 2.247948497533798218e-01 9.464517831802368164e-01 2.046844512224197388e-01 -1.086302101612091064e-01 5.610347270094161454e-01 1.494214408625722454e-02 -2.946524043048894814e-01 7.241402464592465726e-01 -7.890421265003849660e-01 4.330283155042303767e-01 -5.601613398238239894e-01
1.661970779717039585e+09 1.185529008507728577e-01 -1.554429382085800171e-01 5.663785934448242188e-01 2.058236300945281982e-01 9.496135711669921875e-01 2.151361405849456787e-01 -9.791414439678192139e-02 5.534835200320874504e-01 1.470224259691385246e-02 -2.899216541378999423e-01 7.125139147483217084e-01 -7.763737717977753361e-01 4.260758903892220006e-01 -5.511677483472190442e-01
1.661970779748954296e+09 1.238775253295898438e-01 -1.392678469419479370e-01 5.701034069061279297e-01 1.868334561586380005e-01 9.521970152854919434e-01 2.255032956600189209e-01 -8.696138858795166016e-02 5.461921442946817695e-01 1.447532766186810337e-02 -2.854469930184480586e-01 7.015169496514569447e-01 -7.643911913963543636e-01 4.194998199458956356e-01 -5.426610057199565684e-01
1.661970779780869007e+09 1.291407495737075806e-01 -1.230828836560249329e-01 5.740267634391784668e-01 1.678380817174911499e-01 9.542003870010375977e-01 2.357753217220306396e-01 -7.577601820230484009e-02 5.472586960011506241e-01 1.447532766186810337e-02 -2.854469930184480586e-01 7.015169496514291891e-01 -7.643911913963543636e-01 4.194998199458956356e-01 -5.426610057199531267e-01
1.661970779811786652e+09 1.343362927436828613e-01 -1.068954989314079285e-01 5.781499147415161133e-01 1.488511860370635986e-01 9.556220173835754395e-01 2.459416240453720093e-01 -6.436234712600708008e-02 5.658123041147030685e-01 1.494214408625722454e-02 -2.946524043048894814e-01 7.241402464592465726e-01 -7.890421265003778606e-01 4.330283155042268239e-01 -5.601613398238239894e-01
1.661970779842703819e+09 1.394579708576202393e-01 -9.071330726146697998e-02 5.824739933013916016e-01 1.298865526914596558e-01 9.564610719680786133e-01 2.559917569160461426e-01 -5.272506177425384521e-02 5.665297452761710595e-01 1.494237453975804514e-02 -2.946569487449447466e-01 7.241514149136476508e-01 -7.890542959400043133e-01 4.330349941234892253e-01 -5.601699792226270125e-01
1.661970779874618530e+09 1.444996744394302368e-01 -7.454411685466766357e-02 5.869997143745422363e-01 1.109579205513000488e-01 9.567168951034545898e-01 2.659152448177337646e-01 -4.086912423372268677e-02 5.493146763602723137e-01 1.447532766186810337e-02 -2.854469930184480586e-01 7.015169496514430669e-01 -7.643911913963543636e-01 4.194998199458956356e-01 -5.426610057199565684e-01
1.661970779906533480e+09 1.494553536176681519e-01 -5.839588493108749390e-02 5.917273759841918945e-01 9.207899123430252075e-02 9.563893079757690430e-01 2.757019102573394775e-01 -2.879982441663742065e-02 5.496065477840612612e-01 1.447521952486283819e-02 -2.854448606050265513e-01 7.015117090141428369e-01 -7.643854810610707373e-01 4.194966860994433500e-01 -5.426569518057789976e-01
1.661970779938447952e+09 1.543190777301788330e-01 -4.227669537067413330e-02 5.966570377349853516e-01 7.326344400644302368e-02 9.554787874221801758e-01 2.853414714336395264e-01 -1.652272976934909821e-02 5.497136380913304476e-01 1.447543580048905355e-02 -2.854491254637301356e-01 7.015221903670442183e-01 -7.643969018169566310e-01 4.195029538391675250e-01 -5.426650596947040217e-01
1.661970779970363140e+09 1.590850502252578735e-01 -2.619476616382598877e-02 6.017883419990539551e-01 5.452490970492362976e-02 9.539861679077148438e-01 2.948239743709564209e-01 -4.043713212013244629e-03 5.496009143767016658e-01 1.447511138947322161e-02 -2.854427282234648922e-01 7.015064684551416407e-01 -7.643797708111039757e-01 4.194935522998131661e-01 -5.426528979521700879e-01
1.661970780002277136e+09 1.637475490570068359e-01 -1.015842054039239883e-02 6.071205139160156250e-01 3.587693348526954651e-02 9.519125819206237793e-01 3.041394352912902832e-01 8.631057105958461761e-03 5.493195602655945864e-01 1.447565208257815643e-02 -2.854533904498859909e-01 7.015326720331421795e-01 -7.644083229141247493e-01 4.195092217661952061e-01 -5.426731678259141267e-01
1.661970780033194542e+09 1.683010011911392212e-01 5.823932588100433350e-03 6.126525402069091797e-01 1.733301952481269836e-02 9.492598772048950195e-01 3.132781088352203369e-01 2.149513363838195801e-02 5.665071718065677331e-01 1.494225931211906784e-02 -2.946546765073949636e-01 7.241458306433988801e-01 -7.890482111732725068e-01 4.330316547881088440e-01 -5.601656594899124819e-01
1.661970780064112425e+09 1.727399528026580811e-01 2.174380607903003693e-02 6.183829307556152344e-01 -1.093448023311793804e-03 9.460302591323852539e-01 3.222304880619049072e-01 3.454179316759109497e-02 5.657696393905663479e-01 1.494202886217247360e-02 -2.946501321374274673e-01 7.241346623612173738e-01 -7.890360419213251486e-01 4.330249762718491602e-01 -5.601570202243492114e-01
1.661970780095030546e+09 1.770591288805007935e-01 3.759266063570976257e-02 6.243098378181457520e-01 -1.938917674124240875e-02 9.422262310981750488e-01 3.309870362281799316e-01 4.776401445269584656e-02 5.648267402775245527e-01 1.494191363986477686e-02 -2.946478600050081442e-01 7.241290783493381511e-01 -7.890299574361196999e-01 4.330216370909746315e-01 -5.601527006914973628e-01
1.661970780125947952e+09 1.812533736228942871e-01 5.336191505193710327e-02 6.304310560226440430e-01 -3.754099458456039429e-02 9.378509521484375000e-01 3.395385146141052246e-01 6.115452572703361511e-02 5.636909611448522872e-01 1.494225931211906784e-02 -2.946546765073949636e-01 7.241458306433844472e-01 -7.890482111732725068e-01 4.330316547881088440e-01 -5.601656594899124819e-01
1.661970780157861948e+09 1.853177249431610107e-01 6.904296576976776123e-02 6.367440819740295410e-01 -5.553585290908813477e-02 9.329078793525695801e-01 3.478759527206420898e-01 7.470580190420150757e-02 5.447726982907267201e-01 1.447565208257815643e-02 -2.854533904498789965e-01 7.015326720331560573e-01 -7.644083229141247493e-01 4.195092217661934297e-01 -5.426731678259141267e-01
1.661970780188779354e+09 1.892473548650741577e-01 8.462721854448318481e-02 6.432458758354187012e-01 -7.336086779832839966e-02 9.274010658264160156e-01 3.559904396533966064e-01 8.841004967689514160e-02 5.607639156460553220e-01 1.494225931211906784e-02 -2.946546765073949636e-01 7.241458306433844472e-01 -7.890482111732689541e-01 4.330316547881088440e-01 -5.601656594899161457e-01
1.661970780219205856e+09 1.930376440286636353e-01 1.001060679554939270e-01 6.499331593513488770e-01 -9.100326150655746460e-02 9.213347434997558594e-01 3.638733327388763428e-01 1.022592112421989441e-01 5.680043301398868261e-01 1.518333903381705041e-02 -2.994086608899172441e-01 7.358292629593101708e-01 -8.017787841865253728e-01 4.400182254694253725e-01 -5.692034213486570904e-01
1.661970780251121521e+09 1.966841667890548706e-01 1.154709532856941223e-01 6.568022966384887695e-01 -1.084505021572113037e-01 9.147138595581054688e-01 3.715161085128784180e-01 1.162450090050697327e-01 5.395774198511185116e-01 1.447489512354079022e-02 -2.854384635559183425e-01 7.014959875720295779e-01 -7.643683505671128309e-01 4.194872848410146626e-01 -5.426447904266522571e-01
1.661970780283034801e+09 2.001826465129852295e-01 1.307133734226226807e-01 6.638491749763488770e-01 -1.256901472806930542e-01 9.075434803962707520e-01 3.789107203483581543e-01 1.303589046001434326e-01 5.374913205553806250e-01 1.447597651783035476e-02 -2.854597881680815408e-01 7.015483951196241907e-01 -7.644254551998147518e-01 4.195186240079309403e-01 -5.426853304770410391e-01
1.661970780313951969e+09 2.035290449857711792e-01 1.458248794078826904e-01 6.710693836212158203e-01 -1.427100449800491333e-01 8.998294472694396973e-01 3.860491514205932617e-01 1.445922106504440308e-01 5.524069577737587000e-01 1.494237453975804514e-02 -2.946569487449447466e-01 7.241514149136404344e-01 -7.890542959400078660e-01 4.330349941234892253e-01 -5.601699792226270125e-01
1.661970780345375299e+09 2.067195326089859009e-01 1.607971042394638062e-01 6.784582734107971191e-01 -1.594981551170349121e-01 8.915776610374450684e-01 3.929236531257629395e-01 1.589359194040298462e-01 5.409454128593572664e-01 1.470168484448033941e-02 -2.899106555091423565e-01 7.124868844250880073e-01 -7.763443188515507520e-01 4.260597265378123222e-01 -5.511468389416681601e-01
1.661970780377290249e+09 2.097504884004592896e-01 1.756217777729034424e-01 6.860106587409973145e-01 -1.760427355766296387e-01 8.827946782112121582e-01 3.995267450809478760e-01 1.733808666467666626e-01 5.298902670204341803e-01 1.447521952486283819e-02 -2.854448606050265513e-01 7.015117090141428369e-01 -7.643854810610707373e-01 4.194966860994433500e-01 -5.426569518057789976e-01
1.661970780409204960e+09 2.126184850931167603e-01 1.902907490730285645e-01 6.937211751937866211e-01 -1.923322230577468872e-01 8.734872341156005859e-01 4.058513045310974121e-01 1.879176944494247437e-01 5.269773218655275926e-01 1.447532766186810337e-02 -2.854469930184480586e-01 7.015169496514430669e-01 -7.643911913963578053e-01 4.194998199458956356e-01 -5.426610057199600101e-01
1.661970780440628290e+09 2.153203785419464111e-01 2.047960311174392700e-01 7.015839815139770508e-01 -2.083553075790405273e-01 8.636627793312072754e-01 4.118902981281280518e-01 2.025368511676788330e-01 5.320590007145489242e-01 1.470168484448033941e-02 -2.899106555091423565e-01 7.124868844250880073e-01 -7.763443188515541937e-01 4.260597265378140430e-01 -5.511468389416717129e-01
1.661970780472542763e+09 2.178532034158706665e-01 2.191297411918640137e-01 7.095929980278015137e-01 -2.241008728742599487e-01 8.533286452293395996e-01 4.176371097564697266e-01 2.172285318374633789e-01 5.205692452184625951e-01 1.447543580048905355e-02 -2.854491254637301356e-01 7.015221903670372239e-01 -7.643969018169566310e-01 4.195029538391692459e-01 -5.426650596947040217e-01
1.661970780504457474e+09 2.202142626047134399e-01 2.332841753959655762e-01 7.177419066429138184e-01 -2.395581901073455811e-01 8.424930572509765625e-01 4.230854213237762451e-01 2.319828718900680542e-01 5.170763682340440148e-01 1.447532766186810337e-02 -2.854469930184480586e-01 7.015169496514430669e-01 -7.643911913963543636e-01 4.194998199458956356e-01 -5.426610057199565684e-01
1.661970780535880804e+09 2.224010825157165527e-01 2.472518235445022583e-01 7.260239720344543457e-01 -2.547167241573333740e-01 8.311642408370971680e-01 4.282291233539581299e-01 2.467897832393646240e-01 5.214295714307217722e-01 1.470168484448033941e-02 -2.899106555091423565e-01 7.124868844250880073e-01 -7.763443188515541937e-01 4.260597265378140430e-01 -5.511468389416717129e-01
1.661970780567795277e+09 2.244114428758621216e-01 2.610253691673278809e-01 7.344321608543395996e-01 -2.695662081241607666e-01 8.193510174751281738e-01 4.330623745918273926e-01 2.616390287876129150e-01 5.095465979370532583e-01 1.447543580048905355e-02 -2.854491254637371300e-01 7.015221903670372239e-01 -7.643969018169566310e-01 4.195029538391709667e-01 -5.426650596947040217e-01
1.661970780599710226e+09 2.262433916330337524e-01 2.745977044105529785e-01 7.429592609405517578e-01 -2.840967476367950439e-01 8.070623278617858887e-01 4.375797808170318604e-01 2.765202522277832031e-01 5.055017901753479093e-01 1.447521952486283819e-02 -2.854448606050265513e-01 7.015117090141428369e-01 -7.643854810610707373e-01 4.194966860994416291e-01 -5.426569518057789976e-01
1.661970780631131887e+09 2.278951853513717651e-01 2.879619002342224121e-01 7.515977621078491211e-01 -2.982985675334930420e-01 7.943075895309448242e-01 4.417761266231536865e-01 2.914228737354278564e-01 5.091569700689194677e-01 1.470246570973704307e-02 -2.899260538230655770e-01 7.125247274519103113e-01 -7.763855536020127790e-01 4.260823562732001246e-01 -5.511761125536708272e-01
1.661970780663046598e+09 2.293653637170791626e-01 3.011113703250885010e-01 7.603399157524108887e-01 -3.121624290943145752e-01 7.810965180397033691e-01 4.456465840339660645e-01 3.063363432884216309e-01 4.969056872614833753e-01 1.447532766186810337e-02 -2.854469930184480586e-01 7.015169496514430669e-01 -7.643911913963543636e-01 4.194998199458947474e-01 -5.426610057199565684e-01
1.661970780694961548e+09 2.306527495384216309e-01 3.140396475791931152e-01 7.691776156425476074e-01 -3.256793022155761719e-01 7.674391865730285645e-01 4.491866528987884521e-01 3.212499320507049561e-01 4.923440785560669886e-01 1.447521952486283819e-02 -2.854448606050265513e-01 7.015117090141428369e-01 -7.643854810610699602e-01 4.194966860994416291e-01 -5.426569518057789976e-01
1.661970780726876020e+09 2.317563742399215698e-01 3.267406523227691650e-01 7.781026959419250488e-01 -3.388403952121734619e-01 7.533458471298217773e-01 4.523920416831970215e-01 3.361526131629943848e-01 4.876305885263942930e-01 1.447543580048905355e-02 -2.854491254637301356e-01 7.015221903670372239e-01 -7.643969018169584073e-01 4.195029538391709667e-01 -5.426650596947040217e-01
1.661970780758790970e+09 2.326755821704864502e-01 3.392085134983062744e-01 7.871067523956298828e-01 -3.516375422477722168e-01 7.388272285461425781e-01 4.552590548992156982e-01 3.510337471961975098e-01 4.827415412574166953e-01 1.447521952486283819e-02 -2.854448606050265513e-01 7.015117090141428369e-01 -7.643854810610690720e-01 4.194966860994416291e-01 -5.426569518057789976e-01
1.661970780790705442e+09 2.334099262952804565e-01 3.514376282691955566e-01 7.961810827255249023e-01 -3.640625476837158203e-01 7.238941192626953125e-01 4.577839076519012451e-01 3.658820688724517822e-01 4.777075860844813837e-01 1.447543580048905355e-02 -2.854491254637336328e-01 7.015221903670442183e-01 -7.643969018169584073e-01 4.195029538391701340e-01 -5.426650596947040217e-01
1.661970780822619915e+09 2.339592874050140381e-01 3.634227216243743896e-01 8.053168654441833496e-01 -3.761078417301177979e-01 7.085577249526977539e-01 4.599635601043701172e-01 3.806866407394409180e-01 4.725133015657886904e-01 1.447543580048905355e-02 -2.854491254637301356e-01 7.015221903670442183e-01 -7.643969018169566310e-01 4.195029538391692459e-01 -5.426650596947040217e-01
1.661970780854535103e+09 2.343237549066543579e-01 3.751588463783264160e-01 8.145052790641784668e-01 -3.877661228179931641e-01 6.928295493125915527e-01 4.617951512336730957e-01 3.954362273216247559e-01 4.671634053046893054e-01 1.447511138947322161e-02 -2.854427282234648922e-01 7.015064684551346463e-01 -7.643797708111039757e-01 4.194935522998131661e-01 -5.426528979521700879e-01
1.661970780885452747e+09 2.345037162303924561e-01 3.866413235664367676e-01 8.237370848655700684e-01 -3.990304172039031982e-01 6.767212748527526855e-01 4.632761478424072266e-01 4.101198017597198486e-01 4.765729852127886246e-01 1.494214408625722454e-02 -2.946524043048894814e-01 7.241402464592465726e-01 -7.890421265003787488e-01 4.330283155042303767e-01 -5.601613398238204367e-01
1.661970780915372372e+09 2.344998121261596680e-01 3.978658318519592285e-01 8.330031037330627441e-01 -4.098941683769226074e-01 6.602447628974914551e-01 4.644043743610382080e-01 4.247260093688964844e-01 4.864707950049408369e-01 1.544056482339642607e-02 -3.044810385160003907e-01 7.482951812094967847e-01 -8.153619743116373719e-01 4.474727145790756144e-01 -5.788464780677126109e-01
1.661970780946290255e+09 2.343129515647888184e-01 4.088283479213714600e-01 8.422940373420715332e-01 -4.203512072563171387e-01 6.434121727943420410e-01 4.651780724525451660e-01 4.392436742782592773e-01 4.648203223684056473e-01 1.494202886217247360e-02 -2.946501321374274673e-01 7.241346623612316957e-01 -7.890360419213288123e-01 4.330249762718509365e-01 -5.601570202243492114e-01
1.661970780977207184e+09 2.339442968368530273e-01 4.195252060890197754e-01 8.516004085540771484e-01 -4.303956627845764160e-01 6.262359023094177246e-01 4.655957520008087158e-01 4.536615610122680664e-01 4.587565327119201286e-01 1.494248976917419980e-02 -2.946592210175396631e-01 7.241569992700307434e-01 -7.890603808005869357e-01 4.330383335103727971e-01 -5.601742990219655827e-01
1.661970781008124352e+09 2.333952784538269043e-01 4.299530684947967529e-01 8.609127998352050781e-01 -4.400222301483154297e-01 6.087284088134765625e-01 4.656562209129333496e-01 4.679684340953826904e-01 4.525482632259452687e-01 1.494237453975804514e-02 -2.946569487449447466e-01 7.241514149136476508e-01 -7.890542959400047573e-01 4.330349941234874489e-01 -5.601699792226270125e-01
1.661970781040038586e+09 2.326675802469253540e-01 4.401089847087860107e-01 8.702216744422912598e-01 -4.492257535457611084e-01 5.909025073051452637e-01 4.653588533401489258e-01 4.821530878543853760e-01 4.322809975226797885e-01 1.447554394072572692e-02 -2.854512579408735595e-01 7.015274311609479563e-01 -7.644026123228794267e-01 4.195060877792705090e-01 -5.426691137300228007e-01
1.661970781069959402e+09 2.317631393671035767e-01 4.499903023242950439e-01 8.795173764228820801e-01 -4.580017328262329102e-01 5.727711319923400879e-01 4.647031128406524658e-01 4.962042272090911865e-01 4.544206412640778847e-01 1.543994964674585274e-02 -3.044689075073501727e-01 7.482653679398012514e-01 -8.153294889942873658e-01 4.474548865547173238e-01 -5.788234159037546345e-01
1.661970781100876331e+09 2.306841462850570679e-01 4.595947265625000000e-01 8.887904286384582520e-01 -4.663459956645965576e-01 5.543474555015563965e-01 4.636892974376678467e-01 5.101106762886047363e-01 4.332247699077831915e-01 1.494248976917419980e-02 -2.946592210175396631e-01 7.241569992700379599e-01 -7.890603808005862696e-01 4.330383335103727971e-01 -5.601742990219655827e-01
1.661970781131793976e+09 2.294330596923828125e-01 4.689203500747680664e-01 8.980312347412109375e-01 -4.742542505264282227e-01 5.356442332267761230e-01 4.623170197010040283e-01 5.238616466522216797e-01 4.265545393654004980e-01 1.494214408625722454e-02 -2.946524043048894814e-01 7.241402464592465726e-01 -7.890421265003783047e-01 4.330283155042286003e-01 -5.601613398238204367e-01
1.661970781163708925e+09 2.294330596923828125e-01 4.689203500747680664e-01 8.980312347412109375e-01 -4.742542505264282227e-01 5.356442332267761230e-01 4.623170197010040283e-01 5.238616466522216797e-01 0.000000000000000000e+00 0.000000000000000000e+00 0.000000000000000000e+00 0.000000000000000000e+00 0.000000000000000000e+00 0.000000000000000000e+00 0.000000000000000000e+00
1.661970781195623398e+09 2.396814674139022827e-01 4.849710464477539062e-01 8.744285702705383301e-01 -4.697110652923583984e-01 5.315505862236022949e-01 4.661815762519836426e-01 5.286780595779418945e-01 9.502655392596984774e-01 -1.750776220344832934e-01 -1.317571981872090570e+00 8.648139635580651685e-01 -1.056821017773034027e-01 1.002815922394481030e+00 9.500926265729149611e-02
1.661970781227537870e+09 2.499187290668487549e-01 4.999886155128479004e-01 8.499851226806640625e-01 -4.651797413825988770e-01 5.273821353912353516e-01 4.700561463832855225e-01 5.334070920944213867e-01 9.544256349426677444e-01 -1.750776220344832934e-01 -1.317571981872090570e+00 8.648139635580581741e-01 -1.056821017773034027e-01 1.002815922394481030e+00 9.500926265729149611e-02
