1.661970935564174175e+09 1.378528122206244648e-16 -2.367949187755584717e-01 1.128897309303283691e+00 -6.125128269195556641e-01 6.125135421752929688e-01 3.533097505569458008e-01 3.533093035221099854e-01 0.000000000000000000e+00 0.000000000000000000e+00 0.000000000000000000e+00 0.000000000000000000e+00 0.000000000000000000e+00 0.000000000000000000e+00 0.000000000000000000e+00
1.661970945390078783e+09 1.517306000284389216e-16 -2.367949187755584717e-01 1.128897309303283691e+00 -6.125128269195556641e-01 6.125135421752929688e-01 3.533097505569458008e-01 3.533093035221099854e-01 1.412367447251255538e-18 0.000000000000000000e+00 0.000000000000000000e+00 0.000000000000000000e+00 0.000000000000000000e+00 -1.129893957801004431e-17 0.000000000000000000e+00
1.661970945420996428e+09 3.364806994795799255e-03 -2.218548655509948730e-01 1.128508925437927246e+00 -6.110615134239196777e-01 6.128783226013183594e-01 3.535805940628051758e-01 3.549151122570037842e-01 4.954841330010551492e-01 -1.487374295627295340e-01 -8.288602738303700868e-01 3.730275260878507249e-01 7.121462223362520771e-02 5.549986080774246267e-01 -9.502606304972938123e-02
1.661970945451913357e+09 6.881025619804859161e-03 -2.068513333797454834e-01 1.127738595008850098e+00 -6.095871925354003906e-01 6.132595539093017578e-01 3.538303971290588379e-01 3.565392792224884033e-01 4.990565537102011340e-01 -1.487408705674620191e-01 -8.288794493138738062e-01 3.730361559901315127e-01 7.121626976681742771e-02 5.550114478370046234e-01 -9.502826145488868503e-02
1.661970945483828306e+09 1.054971665143966675e-02 -1.917954534292221069e-01 1.126582622528076172e+00 -6.080898046493530273e-01 6.136571168899536133e-01 3.540583848953247070e-01 3.581820726394653320e-01 4.869025011653659307e-01 -1.440895585034897286e-01 -8.029593577649556391e-01 3.613708513160689417e-01 6.898924841449045886e-02 5.376555494002270841e-01 -9.205660949912825020e-02
1.661970945515249968e+09 1.437173876911401749e-02 -1.766984760761260986e-01 1.125037670135498047e+00 -6.065698266029357910e-01 6.140705347061157227e-01 3.542639315128326416e-01 3.598437607288360596e-01 4.980548567791200920e-01 -1.463516176310826200e-01 -8.155650008329392575e-01 3.670440051597995690e-01 7.007230926013756356e-02 5.460961932307292210e-01 -9.350180438996909260e-02
1.661970945546167135e+09 1.834774948656558990e-02 -1.615717113018035889e-01 1.123100876808166504e+00 -6.050274968147277832e-01 6.144994497299194336e-01 3.544463515281677246e-01 3.615245223045349121e-01 5.097504266865308109e-01 -1.487397235481942581e-01 -8.288730573874625307e-01 3.730332793116714618e-01 7.121572058061668986e-02 5.550071678511351303e-01 -9.502752864186747583e-02
1.661970945577084303e+09 2.247819490730762482e-02 -1.464266479015350342e-01 1.120769500732421875e+00 -6.034630537033081055e-01 6.149434447288513184e-01 3.546049892902374268e-01 3.632246851921081543e-01 5.133192122844623118e-01 -1.487397235481933699e-01 -8.288730573874482088e-01 3.730332793116714618e-01 7.121572058061623189e-02 5.550071678511315776e-01 -9.502752864186657378e-02
1.661970945608001709e+09 2.676331996917724609e-02 -1.312747895717620850e-01 1.118041038513183594e+00 -6.018769145011901855e-01 6.154021620750427246e-01 3.547391295433044434e-01 3.649444878101348877e-01 5.168864701345359247e-01 -1.487385765466177900e-01 -8.288666655596190758e-01 3.730304026775781989e-01 7.121517140288645409e-02 5.550028879312738361e-01 -9.502679584014704639e-02
1.661970945639916658e+09 3.120315633714199066e-02 -1.161277741193771362e-01 1.114913344383239746e+00 -6.002693176269531250e-01 6.158752441406250000e-01 3.548482656478881836e-01 3.666840791702270508e-01 5.041900296266068615e-01 -1.440895585034897286e-01 -8.029593577649695169e-01 3.613708513160689417e-01 6.898924841449002865e-02 5.376555494002270841e-01 -9.205660949912781998e-02
1.661970945669836521e+09 3.579752147197723389e-02 -1.009972989559173584e-01 1.111384510993957520e+00 -5.986405611038208008e-01 6.163622140884399414e-01 3.549314737319946289e-01 3.684436678886413574e-01 5.415001116255939717e-01 -1.536975958088151462e-01 -8.565014988069034052e-01 3.854674247011411481e-01 7.358952118454455127e-02 5.735069645180549402e-01 -9.819503720655978207e-02
1.661970945699756622e+09 4.054602608084678650e-02 -8.589511364698410034e-02 1.107452750205993652e+00 -5.969910621643066406e-01 6.168626546859741211e-01 3.549883067607879639e-01 3.702234923839569092e-01 5.451870599102855985e-01 -1.536963710682234807e-01 -8.564946737674836719e-01 3.854643531007084789e-01 7.358893478582281822e-02 5.735023945229557052e-01 -9.819425473857514020e-02
1.661970945730674267e+09 4.544806107878684998e-02 -7.083303481340408325e-02 1.103116869926452637e+00 -5.953210592269897461e-01 6.173762083053588867e-01 3.550180196762084961e-01 3.720236420631408691e-01 5.311667392997467818e-01 -1.487374295627286180e-01 -8.288602738303700868e-01 3.730275260878507249e-01 7.121462223362474975e-02 5.549986080774174102e-01 -9.502606304972847917e-02
1.661970945762588739e+09 5.050280690193176270e-02 -5.582292750477790833e-02 1.098375558853149414e+00 -5.936310887336730957e-01 6.179024577140808105e-01 3.550199568271636963e-01 3.738442957401275635e-01 5.180348817400934891e-01 -1.440917113592335153e-01 -8.029713548567876114e-01 3.613762505921925827e-01 6.899027918938664683e-02 5.376635825627249510e-01 -9.205798492565167579e-02
1.661970945794503450e+09 5.570922046899795532e-02 -4.087667539715766907e-02 1.093228220939636230e+00 -5.919213891029357910e-01 6.184408068656921387e-01 3.549935519695281982e-01 3.756855130195617676e-01 5.214863173334702839e-01 -1.440906349233201655e-01 -8.029653562660734600e-01 3.613735509339631724e-01 6.898976379808792470e-02 5.376595659514702419e-01 -9.205729720725197573e-02
1.661970945825420856e+09 6.106604635715484619e-02 -2.600619569420814514e-02 1.087674260139465332e+00 -5.901923775672912598e-01 6.189909577369689941e-01 3.549380302429199219e-01 3.775475919246673584e-01 5.418729186168030898e-01 -1.487385765466169019e-01 -8.288666655596190758e-01 3.730304026775781989e-01 7.121517140288601000e-02 5.550028879312738361e-01 -9.502679584014749048e-02
1.661970945856338263e+09 6.657181680202484131e-02 -1.122342236340045929e-02 1.081713318824768066e+00 -5.884442925453186035e-01 6.195525527000427246e-01 3.548528552055358887e-01 3.794303834438323975e-01 5.454362120534790304e-01 -1.487385765466159859e-01 -8.288666655596190758e-01 3.730304026775781989e-01 7.121517140288556591e-02 5.550028879312738361e-01 -9.502679584014660230e-02
1.661970945888252735e+09 7.222484797239303589e-02 3.459709929302334785e-03 1.075345516204833984e+00 -5.866777300834655762e-01 6.201248764991760254e-01 3.547373116016387939e-01 3.813340961933135986e-01 5.318436665414689735e-01 -1.440917113592335153e-01 -8.029713548568014891e-01 3.613762505921925827e-01 6.899027918938664683e-02 5.376635825627249510e-01 -9.205798492565123170e-02
1.661970945920167685e+09 7.802322506904602051e-02 1.803126931190490723e-02 1.068571090698242188e+00 -5.848930478096008301e-01 6.207075715065002441e-01 3.545909225940704346e-01 3.832588791847229004e-01 5.352805862537152182e-01 -1.440895585034897286e-01 -8.029593577649556391e-01 3.613708513160689417e-01 6.898924841449002865e-02 5.376555494002270841e-01 -9.205660949912825020e-02
1.661970945951084852e+09 8.396483212709426880e-02 3.247933834791183472e-02 1.061390757560729980e+00 -5.830907225608825684e-01 6.213002800941467285e-01 3.544129133224487305e-01 3.852046728134155273e-01 5.561056984107518586e-01 -1.487397235481942581e-01 -8.288730573874553142e-01 3.730332793116714618e-01 7.121572058061668986e-02 5.550071678511351303e-01 -9.502752864186703174e-02
1.661970945981004715e+09 9.004732966423034668e-02 4.679202288389205933e-02 1.053805232048034668e+00 -5.812711119651794434e-01 6.219024062156677246e-01 3.542027175426483154e-01 3.871715366840362549e-01 5.783077128945146583e-01 -1.536975958088151462e-01 -8.565014988069108437e-01 3.854674247011411481e-01 7.358952118454455127e-02 5.735069645180512765e-01 -9.819503720655978207e-02
1.661970946011922121e+09 9.626816213130950928e-02 6.095746904611587524e-02 1.045815825462341309e+00 -5.794345736503601074e-01 6.225134730339050293e-01 3.539597094058990479e-01 3.891594707965850830e-01 5.631885819706574647e-01 -1.487385765466169019e-01 -8.288666655596190758e-01 3.730304026775710380e-01 7.121517140288556591e-02 5.550028879312720598e-01 -9.502679584014660230e-02
1.661970946043344736e+09 1.026245728135108948e-01 7.496386021375656128e-02 1.037424087524414062e+00 -5.775816440582275391e-01 6.231330037117004395e-01 3.536833226680755615e-01 3.911685049533843994e-01 5.576090897139888147e-01 -1.463471758690372826e-01 -8.155402484883885750e-01 3.670328653981934641e-01 7.007018257012412321e-02 5.460796192468969634e-01 -9.349896661630663353e-02
1.661970946075259686e+09 1.091135740280151367e-01 8.879944682121276855e-02 1.028631448745727539e+00 -5.757128000259399414e-01 6.237605214118957520e-01 3.533729612827301025e-01 3.931986391544342041e-01 5.524271967086130664e-01 -1.440895585034892845e-01 -8.029593577649626335e-01 3.613708513160689417e-01 6.898924841449023682e-02 5.376555494002270841e-01 -9.205660949912825020e-02
1.661970946107174397e+09 1.157319843769073486e-01 1.024525240063667297e-01 1.019440293312072754e+00 -5.738284587860107422e-01 6.243954896926879883e-01 3.530279994010925293e-01 3.952498137950897217e-01 5.558385069546289969e-01 -1.440906349233206096e-01 -8.029653562660664656e-01 3.613735509339631724e-01 6.898976379808792470e-02 5.376595659514702419e-01 -9.205729720725197573e-02
1.661970946138595819e+09 1.224764063954353333e-01 1.159114763140678406e-01 1.009852647781372070e+00 -5.719290971755981445e-01 6.250374317169189453e-01 3.526479303836822510e-01 3.973219692707061768e-01 5.680223067657165226e-01 -1.463527281137219083e-01 -8.155711891538476310e-01 3.670467902058585641e-01 7.007284095281179903e-02 5.461003368838810434e-01 -9.350251386029918843e-02
1.661970946169512749e+09 1.293432265520095825e-01 1.291647702455520630e-01 9.998711943626403809e-01 -5.700151920318603516e-01 6.256858706474304199e-01 3.522321283817291260e-01 3.994151055812835693e-01 5.807951847726402494e-01 -1.487408705674620191e-01 -8.288794493138667008e-01 3.730361559901315127e-01 7.121626976681742771e-02 5.550114478370063997e-01 -9.502826145488958709e-02
1.661970946200430155e+09 1.363286525011062622e-01 1.422009617090225220e-01 9.894989132881164551e-01 -5.680873394012451172e-01 6.263402104377746582e-01 3.517800569534301758e-01 4.015291035175323486e-01 5.842794047764608978e-01 -1.487385765466169019e-01 -8.288666655596262922e-01 3.730304026775781989e-01 7.121517140288623204e-02 5.550028879312738361e-01 -9.502679584014704639e-02
1.661970946231852293e+09 1.434286534786224365e-01 1.550087183713912964e-01 9.787388443946838379e-01 -5.661458373069763184e-01 6.269999742507934570e-01 3.512911796569824219e-01 4.036638736724853516e-01 5.783237571076610406e-01 -1.463493967163576326e-01 -8.155526244728565910e-01 3.670384351944724899e-01 7.007124589899425826e-02 5.460879061130554657e-01 -9.350038548160619079e-02
1.661970946261772394e+09 1.506390273571014404e-01 1.675768047571182251e-01 9.675945043563842773e-01 -5.641912221908569336e-01 6.276646852493286133e-01 3.507649004459381104e-01 4.058192074298858643e-01 6.109460584821578832e-01 -1.536963710682234807e-01 -8.564946737674687949e-01 3.854643531007084789e-01 7.358893478582281822e-02 5.735023945229538178e-01 -9.819425473857514020e-02
1.661970946293688297e+09 1.579553633928298950e-01 1.798941344022750854e-01 9.560695886611938477e-01 -5.622242093086242676e-01 6.283336877822875977e-01 3.502008020877838135e-01 4.079951941967010498e-01 5.760969528298375275e-01 -1.440852529849896424e-01 -8.029353646567486402e-01 3.613600532478266070e-01 6.898718695709893378e-02 5.376394837953463179e-01 -9.205385876937771661e-02
1.661970946325112104e+09 1.653730571269989014e-01 1.919497251510620117e-01 9.441681504249572754e-01 -5.602452158927917480e-01 6.290065646171569824e-01 3.495982587337493896e-01 4.101916253566741943e-01 5.885137163444305042e-01 -1.463416240456106021e-01 -8.155093101704513625e-01 3.670189416470308053e-01 7.006752438913203818e-02 5.460589031817935091e-01 -9.349541964144997275e-02
1.661970946356029034e+09 1.728873401880264282e-01 2.037327587604522705e-01 9.318944215774536133e-01 -5.582546591758728027e-01 6.296827197074890137e-01 3.489568233489990234e-01 4.124082624912261963e-01 6.016023600485671530e-01 -1.487408705674620191e-01 -8.288794493138594843e-01 3.730361559901315127e-01 7.121626976681787180e-02 5.550114478370063997e-01 -9.502826145488912912e-02
1.661970946386947155e+09 1.804932057857513428e-01 2.152325510978698730e-01 9.192529320716857910e-01 -5.562531948089599609e-01 6.303616762161254883e-01 3.482759594917297363e-01 4.146448969841003418e-01 6.050063205444111691e-01 -1.487351356480231257e-01 -8.288474906676099874e-01 3.730217730414890909e-01 7.121352392051195912e-02 5.549900485677344841e-01 -9.502459750279726447e-02
1.661970946418369770e+09 1.881854981184005737e-01 2.264385819435119629e-01 9.062485694885253906e-01 -5.542413592338562012e-01 6.310427784919738770e-01 3.475552499294281006e-01 4.169015586376190186e-01 5.986505303142756196e-01 -1.463471758690372826e-01 -8.155402484883885750e-01 3.670328653981934641e-01 7.007018257012434526e-02 5.460796192468951871e-01 -9.349896661630707762e-02
1.661970946449286938e+09 1.959588974714279175e-01 2.373405247926712036e-01 8.928864598274230957e-01 -5.522195696830749512e-01 6.317256093025207520e-01 3.467942178249359131e-01 4.191778302192687988e-01 6.118360668674155400e-01 -1.487397235481942581e-01 -8.288730573874553142e-01 3.730332793116714618e-01 7.121572058061668986e-02 5.550071678511351303e-01 -9.502752864186703174e-02
1.661970946480204105e+09 2.038078755140304565e-01 2.479281872510910034e-01 8.791719079017639160e-01 -5.501886010169982910e-01 6.324095726013183594e-01 3.459923863410949707e-01 4.214735925197601318e-01 6.152207449892808100e-01 -1.487397235481942581e-01 -8.288730573874482088e-01 3.730332793116714618e-01 7.121572058061668986e-02 5.550071678511351303e-01 -9.502752864186703174e-02
1.661970946510124207e+09 2.117267698049545288e-01 2.581916153430938721e-01 8.651105761528015137e-01 -5.481488704681396484e-01 6.330940723419189453e-01 3.451492190361022949e-01 4.237886071205139160e-01 6.392043663993696168e-01 -1.536963710682234807e-01 -8.564946737674762334e-01 3.854643531007084789e-01 7.358893478582281822e-02 5.735023945229557052e-01 -9.819425473857514020e-02
1.661970946542038679e+09 2.197096943855285645e-01 2.681209743022918701e-01 8.507083654403686523e-01 -5.461009740829467773e-01 6.337785720825195312e-01 3.442644476890563965e-01 4.261226952075958252e-01 6.025072347250677307e-01 -1.440917113592335153e-01 -8.029713548567944947e-01 3.613762505921856438e-01 6.899027918938621662e-02 5.376635825627240628e-01 -9.205798492565123170e-02
1.661970946573954105e+09 2.277506738901138306e-01 2.777067422866821289e-01 8.359713554382324219e-01 -5.440454483032226562e-01 6.344625353813171387e-01 3.433374762535095215e-01 4.284754097461700439e-01 6.057238965303144429e-01 -1.440874057120760665e-01 -8.029473610316193444e-01 3.613654522012826886e-01 6.898821767039473030e-02 5.376475164777714255e-01 -9.205523411370436504e-02
1.661970946605868816e+09 2.358435392379760742e-01 2.869395315647125244e-01 8.209061026573181152e-01 -5.419829487800598145e-01 6.351454257965087891e-01 3.423680365085601807e-01 4.308467209339141846e-01 6.089518915392911902e-01 -1.440906349233201655e-01 -8.029653562660594712e-01 3.613735509339631724e-01 6.898976379808792470e-02 5.376595659514702419e-01 -9.205729720725153165e-02
1.661970946637783766e+09 2.439819723367691040e-01 2.958101630210876465e-01 8.055191636085510254e-01 -5.399139523506164551e-01 6.358267068862915039e-01 3.413556814193725586e-01 4.332361221313476562e-01 6.121468118772845912e-01 -1.440895585034888682e-01 -8.029593577649626335e-01 3.613708513160689417e-01 6.898924841449002865e-02 5.376555494002261959e-01 -9.205660949912825020e-02
1.661970946668701172e+09 2.521595060825347900e-01 3.043097555637359619e-01 7.898174524307250977e-01 -5.378392934799194336e-01 6.365056633949279785e-01 3.403001129627227783e-01 4.356434941291809082e-01 6.351826245679544902e-01 -1.487385765466169019e-01 -8.288666655596262922e-01 3.730304026775781989e-01 7.121517140288601000e-02 5.550028879312738361e-01 -9.502679584014704639e-02
1.661970946699618578e+09 2.603695392608642578e-01 3.124296069145202637e-01 7.738082408905029297e-01 -5.357592701911926270e-01 6.371819376945495605e-01 3.392008543014526367e-01 4.380683898925781250e-01 6.384457077847189854e-01 -1.487385765466169019e-01 -8.288666655596190758e-01 3.730304026775781989e-01 7.121517140288601000e-02 5.550028879312738361e-01 -9.502679584014704639e-02
1.661970946730535507e+09 2.686053812503814697e-01 3.201612830162048340e-01 7.574987411499023438e-01 -5.336746573448181152e-01 6.378549337387084961e-01 3.380576372146606445e-01 4.405105412006378174e-01 6.417050182119881097e-01 -1.487408705674620191e-01 -8.288794493138667008e-01 3.730361559901315127e-01 7.121626976681742771e-02 5.550114478370055116e-01 -9.502826145488958709e-02
1.661970946760455370e+09 2.768601179122924805e-01 3.274966180324554443e-01 7.408967614173889160e-01 -5.315860509872436523e-01 6.385239362716674805e-01 3.368701040744781494e-01 4.429696500301361084e-01 6.664217211988157086e-01 -1.536975958088151462e-01 -8.565014988069108437e-01 3.854674247011411481e-01 7.358952118454455127e-02 5.735069645180521647e-01 -9.819503720655885226e-02
1.661970946791372776e+09 2.851268053054809570e-01 3.344276547431945801e-01 7.240101099014282227e-01 -5.294939279556274414e-01 6.391884684562683105e-01 3.356379270553588867e-01 4.454452395439147949e-01 6.481259417042219972e-01 -1.487385765466159859e-01 -8.288666655596227395e-01 3.730304026775781989e-01 7.121517140288601000e-02 5.550028879312729480e-01 -9.502679584014749048e-02
1.661970946823287249e+09 2.933983206748962402e-01 3.409467339515686035e-01 7.068468332290649414e-01 -5.273990631103515625e-01 6.398479938507080078e-01 3.343608081340789795e-01 4.479371011257171631e-01 6.309642787286952048e-01 -1.440917113592335153e-01 -8.029713548567944947e-01 3.613762505921925827e-01 6.899027918938621662e-02 5.376635825627249510e-01 -9.205798492565080149e-02
1.661970946855202198e+09 3.016674816608428955e-01 3.470464944839477539e-01 6.894153356552124023e-01 -5.253019928932189941e-01 6.405019760131835938e-01 3.330385088920593262e-01 4.504446983337402344e-01 6.340195886781838652e-01 -1.440895585034897286e-01 -8.029593577649590808e-01 3.613708513160689417e-01 6.898924841449002865e-02 5.376555494002270841e-01 -9.205660949912825020e-02
1.661970946887116909e+09 3.099269866943359375e-01 3.527198135852813721e-01 6.717241406440734863e-01 -5.232033729553222656e-01 6.411498188972473145e-01 3.316707313060760498e-01 4.529677331447601318e-01 6.370684555271293181e-01 -1.440906349233201655e-01 -8.029653562660664656e-01 3.613735509339631724e-01 6.898976379808792470e-02 5.376595659514702419e-01 -9.205729720725153165e-02
1.661970946919031620e+09 3.181694149971008301e-01 3.579598665237426758e-01 6.537819504737854004e-01 -5.211037993431091309e-01 6.417909264564514160e-01 3.302571773529052734e-01 4.555057585239410400e-01 6.400923334440862256e-01 -1.440906349233201655e-01 -8.029653562660630239e-01 3.613735509339631724e-01 6.898976379808792470e-02 5.376595659514702419e-01 -9.205729720725240595e-02
1.661970946948951721e+09 3.181694149971008301e-01 3.579598665237426758e-01 6.537819504737854004e-01 -5.211037993431091309e-01 6.417909264564514160e-01 3.302571773529052734e-01 4.555057585239410400e-01 0.000000000000000000e+00 0.000000000000000000e+00 0.000000000000000000e+00 0.000000000000000000e+00 4.638282381107256675e-16 0.000000000000000000e+00 0.000000000000000000e+00
1.661970946980866671e+09 3.139870166778564453e-01 3.722040951251983643e-01 6.690151691436767578e-01 -5.165702104568481445e-01 6.334868669509887695e-01 3.416837751865386963e-01 4.637907147407531738e-01 6.664798670556205673e-01 1.416823893094855402e-01 -8.282916688288939622e-02 7.308406071042741203e-01 -5.513375346553005540e-01 3.631019460496465179e-01 6.182991709236282940e-01
1.661970947011784077e+09 3.095132708549499512e-01 3.860391974449157715e-01 6.844965219497680664e-01 -5.119909644126892090e-01 6.249526739120483398e-01 3.531880676746368408e-01 4.717601239681243896e-01 6.869605463792597400e-01 1.462537405658455858e-01 -8.550163180911385385e-02 7.544210192060605280e-01 -5.691263194436412265e-01 3.748173508035500534e-01 6.382484582386076521e-01
1.661970947042701006e+09 3.047528564929962158e-01 3.994554579257965088e-01 7.002128958702087402e-01 -5.073726773262023926e-01 6.161897182464599609e-01 3.647590875625610352e-01 4.794099628925323486e-01 6.858777927253175699e-01 1.462559962626338306e-01 -8.550295051560380388e-02 7.544326547721944554e-01 -5.691350971775058776e-01 3.748231316765140986e-01 6.382583020551970687e-01
1.661970947074616432e+09 2.997106611728668213e-01 4.124435484409332275e-01 7.161509990692138672e-01 -5.027222037315368652e-01 6.071997880935668945e-01 3.763858675956726074e-01 4.867365360260009766e-01 6.632922572999512267e-01 1.416802724827410098e-01 -8.282792936144010854e-02 7.308296878718185674e-01 -5.513292973151145970e-01 3.630965210711827318e-01 6.182899331331878079e-01
1.661970947106531143e+09 2.943919897079467773e-01 4.249946773052215576e-01 7.322973012924194336e-01 -4.980463981628417969e-01 5.979845523834228516e-01 3.880572617053985596e-01 4.937365651130676270e-01 6.621106916721586355e-01 1.416834477465788444e-01 -8.282978565748137789e-02 7.308460668428530260e-01 -5.513416534176981409e-01 3.631046585996710041e-01 6.183037899223652323e-01
1.661970947138444901e+09 2.888023257255554199e-01 4.371005892753601074e-01 7.486380934715270996e-01 -4.933520555496215820e-01 5.885462760925292969e-01 3.997620046138763428e-01 5.004072189331054688e-01 6.608664362722216357e-01 1.416876816530976690e-01 -8.283226084830308533e-02 7.308679066129595281e-01 -5.513581290826938819e-01 3.631155092050541433e-01 6.183222666074568163e-01
1.661970947170359850e+09 2.829475700855255127e-01 4.487535059452056885e-01 7.651595473289489746e-01 -4.886460900306701660e-01 5.788873434066772461e-01 4.114888906478881836e-01 5.067459940910339355e-01 6.595093702522757395e-01 1.416823893094864006e-01 -8.282916688288939622e-02 7.308406071042741203e-01 -5.513375346553001100e-01 3.631019460496482387e-01 6.182991709236287381e-01
1.661970947201277256e+09 2.768337428569793701e-01 4.599461555480957031e-01 7.818477153778076172e-01 -4.839351177215576172e-01 5.690101385116577148e-01 4.232264161109924316e-01 5.127510428428649902e-01 6.793439594790906533e-01 1.462537405658446976e-01 -8.550163180911385385e-02 7.544210192060605280e-01 -5.691263194436416706e-01 3.748173508035482770e-01 6.382484582386067640e-01
1.661970947232194901e+09 2.704672217369079590e-01 4.706718921661376953e-01 7.986885309219360352e-01 -4.792262911796569824e-01 5.589179396629333496e-01 4.349633753299713135e-01 5.184205770492553711e-01 6.778262461849119402e-01 1.462526127435429257e-01 -8.550097247112430077e-02 7.544152015575906756e-01 -5.691219306782420162e-01 3.748144604339342933e-01 6.382435364441754189e-01
1.661970947263112783e+09 2.638546228408813477e-01 4.809245169162750244e-01 8.156678676605224609e-01 -4.745261371135711670e-01 5.486133694648742676e-01 4.466881453990936279e-01 5.237536430358886719e-01 6.762399920167037060e-01 1.462514849386334082e-01 -8.550031314330711063e-02 7.544093839988302852e-01 -5.691175419805297730e-01 3.748115701088993723e-01 6.382386147256520204e-01
1.661970947294030190e+09 2.570027709007263184e-01 4.906984269618988037e-01 8.327714800834655762e-01 -4.698418080806732178e-01 5.381004214286804199e-01 4.583896100521087646e-01 5.287491083145141602e-01 6.746009442450751070e-01 1.462537405658455858e-01 -8.550163180911385385e-02 7.544210192060677445e-01 -5.691263194436416706e-01 3.748173508035500534e-01 6.382484582386067640e-01
1.661970947325945139e+09 2.499187290668487549e-01 4.999886155128479004e-01 8.499851226806640625e-01 -4.651797413825988770e-01 5.273821353912353516e-01 4.700561463832855225e-01 5.334070920944213867e-01 6.518532552011764292e-01 1.416823893094855402e-01 -8.282916688288939622e-02 7.308406071042672369e-01 -5.513375346552996659e-01 3.631019460496465179e-01 6.182991709236282940e-01
