1.661970970432520390e+09 1.378528122206244648e-16 -2.367949187755584717e-01 1.128897309303283691e+00 -6.125128269195556641e-01 6.125135421752929688e-01 3.533097505569458008e-01 3.533093035221099854e-01 0.000000000000000000e+00 0.000000000000000000e+00 0.000000000000000000e+00 0.000000000000000000e+00 0.000000000000000000e+00 0.000000000000000000e+00 0.000000000000000000e+00
1.661971001860982895e+09 1.378528122206244648e-16 -2.367949187755584717e-01 1.128897309303283691e+00 -6.125128269195556641e-01 6.125135421752929688e-01 3.533097505569458008e-01 3.533093035221099854e-01 0.000000000000000000e+00 0.000000000000000000e+00 0.000000000000000000e+00 0.000000000000000000e+00 0.000000000000000000e+00 0.000000000000000000e+00 0.000000000000000000e+00
1.661971001884918928e+09 9.677406400442123413e-03 -2.300399243831634521e-01 1.117268323898315430e+00 6.132104396820068359e-01 -6.128650903701782227e-01 -3.448202013969421387e-01 -3.598172366619110107e-01 6.921993911061957716e-01 -4.233215910457686082e-01 -5.744469585098554987e-01 -4.073102236003161569e-01 -8.124208408926659741e-01 8.531184143456262969e-01 3.904052428416627391e-02
1.661971001916833639e+09 1.934473775327205658e-02 -2.237063497304916382e-01 1.105589866638183594e+00 6.141227483749389648e-01 -6.129298806190490723e-01 -3.364061415195465088e-01 -3.660616874694824219e-01 5.148219390961124020e-01 -3.174911932843299534e-01 -4.308352188824055573e-01 -3.054826677002231983e-01 -6.093156306694994528e-01 6.398388107592196672e-01 2.928039321312470716e-02
1.661971001948748112e+09 2.898859791457653046e-02 -2.177903652191162109e-01 1.093865394592285156e+00 6.152489781379699707e-01 -6.127166748046875000e-01 -3.280800580978393555e-01 -3.720355331897735596e-01 5.105248768037874418e-01 -3.174935651173262374e-01 -4.308384374573155928e-01 -3.054849498229759708e-01 -6.093201825907833546e-01 6.398435907053627858e-01 2.928061195368912920e-02
1.661971001980169773e+09 3.859593346714973450e-02 -2.122880667448043823e-01 1.082098126411437988e+00 6.165873408317565918e-01 -6.122350096702575684e-01 -3.198542594909667969e-01 -3.777321875095367432e-01 5.141956130269675906e-01 -3.224730722125787041e-01 -4.375956234035359160e-01 -3.102761161402200485e-01 -6.188766413850588233e-01 6.498787726738316506e-01 2.973984335550619931e-02
1.661971002012084484e+09 4.815402999520301819e-02 -2.071954905986785889e-01 1.070291280746459961e+00 6.181359887123107910e-01 -6.114941239356994629e-01 -3.117411136627197266e-01 -3.831453025341033936e-01 5.020144521554612549e-01 -3.174911932843281770e-01 -4.308352188823916240e-01 -3.054826677002371316e-01 -6.093156306694994528e-01 6.398388107592162255e-01 2.928039321312470716e-02
1.661971002043001652e+09 5.765051022171974182e-02 -2.025086283683776855e-01 1.058447957038879395e+00 6.198925375938415527e-01 -6.105035543441772461e-01 -3.037527501583099365e-01 -3.882690072059631348e-01 5.138745753063890254e-01 -3.277350560862470341e-01 -4.447361300441007304e-01 -3.153390750667192099e-01 -6.289752176302415565e-01 6.604832290341282608e-01 3.022512597172085161e-02
1.661971002073919535e+09 6.707331538200378418e-02 -1.982234716415405273e-01 1.046571254730224609e+00 6.218541264533996582e-01 -6.092731952667236328e-01 -2.959014475345611572e-01 -3.930979073047637939e-01 5.095631773403895837e-01 -3.277274742482604863e-01 -4.447258414978360053e-01 -3.153317799979467595e-01 -6.289606668883911400e-01 6.604679493844736182e-01 3.022442674225489859e-02
1.661971002105834007e+09 7.641073316335678101e-02 -1.943359524011611938e-01 1.034663915634155273e+00 6.240174174308776855e-01 -6.078128814697265625e-01 -2.881990373134613037e-01 -3.976268172264099121e-01 4.895339157377368577e-01 -3.174935651173262374e-01 -4.308384374573086539e-01 -3.054849498229620375e-01 -6.093201825907799130e-01 6.398435907053627858e-01 2.928061195368912920e-02
1.661971002137748718e+09 8.565135300159454346e-02 -1.908420920372009277e-01 1.022728919982910156e+00 6.263786554336547852e-01 -6.061326265335083008e-01 -2.806575894355773926e-01 -4.018511474132537842e-01 4.854573790878047301e-01 -3.174911932843281770e-01 -4.308352188824055573e-01 -3.054826677002371316e-01 -6.093156306694994528e-01 6.398388107592196672e-01 2.928039321312470716e-02
1.661971002169663429e+09 9.478407353162765503e-02 -1.877378970384597778e-01 1.010769367218017578e+00 6.289337873458862305e-01 -6.042426228523254395e-01 -2.732886373996734619e-01 -4.057666659355163574e-01 4.814295188575740125e-01 -3.174911932843281770e-01 -4.308352188823986184e-01 -3.054826677002231983e-01 -6.093156306695030056e-01 6.398388107592232199e-01 2.928039321312470716e-02
1.661971002201577902e+09 1.037981212139129639e-01 -1.850194185972213745e-01 9.987879395484924316e-01 6.316779255867004395e-01 -6.021530628204345703e-01 -2.661038935184478760e-01 -4.093695878982543945e-01 4.774648101667988698e-01 -3.174935651173279583e-01 -4.308384374573086539e-01 -3.054849498229759708e-01 -6.093201825907833546e-01 6.398435907053627858e-01 2.928061195368912920e-02
1.661971002233492851e+09 1.126829907298088074e-01 -1.826827824115753174e-01 9.867879152297973633e-01 6.346062421798706055e-01 -5.998742580413818359e-01 -2.591146528720855713e-01 -4.126564860343933105e-01 4.735383766872085509e-01 -3.174888214867656600e-01 -4.308320003555768940e-01 -3.054803856115812510e-01 -6.093110788162252600e-01 6.398340308844931990e-01 2.928017447582845559e-02
1.661971002265407562e+09 1.214284896850585938e-01 -1.807241290807723999e-01 9.747722744941711426e-01 6.377131938934326172e-01 -5.974166393280029297e-01 -2.523321509361267090e-01 -4.156244993209838867e-01 4.696847525853481420e-01 -3.174911932843281770e-01 -4.308352188824055573e-01 -3.054826677002371316e-01 -6.093156306695030056e-01 6.398388107592196672e-01 2.928039321312470716e-02
1.661971002297322035e+09 1.300247013568878174e-01 -1.791396886110305786e-01 9.627443552017211914e-01 6.409929394721984863e-01 -5.947905778884887695e-01 -2.457673698663711548e-01 -4.182710051536560059e-01 4.658898769119206307e-01 -3.174935651173279583e-01 -4.308384374573086539e-01 -3.054849498229620375e-01 -6.093201825907833546e-01 6.398435907053662275e-01 2.928061195368923675e-02
1.661971002329236746e+09 1.384619474411010742e-01 -1.779257208108901978e-01 9.507075548171997070e-01 6.444389224052429199e-01 -5.920066833496093750e-01 -2.394311279058456421e-01 -4.205940067768096924e-01 4.621511510244267762e-01 -3.174911932843264561e-01 -4.308352188823986184e-01 -3.054826677002371316e-01 -6.093156306694960112e-01 6.398388107592162255e-01 2.928039321312459614e-02
1.661971002361151457e+09 1.467308849096298218e-01 -1.770785748958587646e-01 9.386655092239379883e-01 6.480447649955749512e-01 -5.890751481056213379e-01 -2.333337962627410889e-01 -4.225917160511016846e-01 4.584809733037719104e-01 -3.174911932843281770e-01 -4.308352188823986184e-01 -3.054826677002371316e-01 -6.093156306695030056e-01 6.398388107592196672e-01 2.928039321312470716e-02
1.661971002393066168e+09 1.548223644495010376e-01 -1.765946298837661743e-01 9.266220331192016602e-01 6.518030762672424316e-01 -5.860066413879394531e-01 -2.274857908487319946e-01 -4.242630898952484131e-01 4.548775294123743596e-01 -3.174911932843299534e-01 -4.308352188824055573e-01 -3.054826677002231983e-01 -6.093156306695030056e-01 6.398388107592232199e-01 2.928039321312481472e-02
1.661971002423983812e+09 1.627275049686431885e-01 -1.764703094959259033e-01 9.145811200141906738e-01 6.557063460350036621e-01 -5.828115940093994141e-01 -2.218970656394958496e-01 -4.256072342395782471e-01 4.658997637422173099e-01 -3.277300014886115886e-01 -4.447292709603624106e-01 -3.153342116500388870e-01 -6.289655170608676737e-01 6.604730425224721868e-01 3.022465981514885561e-02
1.661971002454901218e+09 1.704377084970474243e-01 -1.767020821571350098e-01 9.025471210479736328e-01 6.597468256950378418e-01 -5.795003771781921387e-01 -2.165773659944534302e-01 -4.266237020492553711e-01 4.623281718326913703e-01 -3.277325287679383470e-01 -4.447327004757811730e-01 -3.153366433396198043e-01 -6.289703673081518120e-01 6.604781357390219210e-01 3.022489289163736437e-02
1.661971002485818624e+09 1.779445707798004150e-01 -1.772864162921905518e-01 8.905246853828430176e-01 6.639161109924316406e-01 -5.760832428932189941e-01 -2.115360796451568604e-01 -4.273126125335693359e-01 4.588248891023601894e-01 -3.277325287679418997e-01 -4.447327004757883340e-01 -3.153366433396341817e-01 -6.289703673081553648e-01 6.604781357390219210e-01 3.022489289163758988e-02
1.661971002516735792e+09 1.852399408817291260e-01 -1.782198101282119751e-01 8.785186409950256348e-01 6.682056188583374023e-01 -5.725705027580261230e-01 -2.067823112010955811e-01 -4.276744127273559570e-01 4.554016240348283118e-01 -3.277350560862470341e-01 -4.447361300440935694e-01 -3.153390750667192099e-01 -6.289752176302433329e-01 6.604832290341282608e-01 3.022512597172085161e-02
1.661971002548650503e+09 1.923159211874008179e-01 -1.794987618923187256e-01 8.665343523025512695e-01 6.726062893867492676e-01 -5.689724683761596680e-01 -2.023248523473739624e-01 -4.277099668979644775e-01 4.379169643572777826e-01 -3.174911932843273443e-01 -4.308352188823986184e-01 -3.054826677002371316e-01 -6.093156306694977875e-01 6.398388107592180019e-01 2.928039321312459614e-02
1.661971002579567909e+09 1.991648375988006592e-01 -1.811197400093078613e-01 8.545772433280944824e-01 6.771088242530822754e-01 -5.652990937232971191e-01 -1.981721669435501099e-01 -4.274205863475799561e-01 4.487670696974080942e-01 -3.277325287679401233e-01 -4.447327004757883340e-01 -3.153366433396198043e-01 -6.289703673081553648e-01 6.604781357390238083e-01 3.022489289163758988e-02
1.661971002610485077e+09 2.057792097330093384e-01 -1.830791532993316650e-01 8.426533937454223633e-01 6.817035675048828125e-01 -5.615603923797607422e-01 -1.943324357271194458e-01 -4.268080294132232666e-01 4.455650440307179494e-01 -3.277350560862479223e-01 -4.447361300440935694e-01 -3.153390750667335318e-01 -6.289752176302433329e-01 6.604832290341247081e-01 3.022512597172085161e-02
1.661971002642399788e+09 2.121518701314926147e-01 -1.853733807802200317e-01 8.307690024375915527e-01 6.863805055618286133e-01 -5.577662587165832520e-01 -1.908133625984191895e-01 -4.258743524551391602e-01 4.286088240356721313e-01 -3.174911932843281770e-01 -4.308352188823986184e-01 -3.054826677002231983e-01 -6.093156306695012292e-01 6.398388107592196672e-01 2.928039321312470716e-02
1.661971002672319889e+09 2.182758450508117676e-01 -1.879987120628356934e-01 8.189308047294616699e-01 6.911293268203735352e-01 -5.539261698722839355e-01 -1.876222491264343262e-01 -4.246220588684082031e-01 4.540255242098811816e-01 -3.386565981882812548e-01 -4.595566513108101381e-01 -3.258475297492608447e-01 -6.499353779576648726e-01 6.824933718602433919e-01 3.123235720838345164e-02
1.661971002704234838e+09 2.241443842649459839e-01 -1.909513026475906372e-01 8.071458935737609863e-01 6.959396004676818848e-01 -5.500498414039611816e-01 -1.847662478685379028e-01 -4.230540990829467773e-01 4.227574314013521350e-01 -3.174888214867673808e-01 -4.308320003555768940e-01 -3.054803856115812510e-01 -6.093110788162288127e-01 6.398340308844931990e-01 2.928017447582845559e-02
1.661971002735152245e+09 2.297510206699371338e-01 -1.942272335290908813e-01 7.954217791557312012e-01 7.008002400398254395e-01 -5.461465120315551758e-01 -1.822518408298492432e-01 -4.211737513542175293e-01 4.334863722758244275e-01 -3.277325287679418997e-01 -4.447327004757811730e-01 -3.153366433396341817e-01 -6.289703673081590285e-01 6.604781357390238083e-01 3.022489289163747539e-02
1.661971002765072107e+09 2.350895404815673828e-01 -1.978224068880081177e-01 7.837663292884826660e-01 7.057002782821655273e-01 -5.422253012657165527e-01 -1.800852566957473755e-01 -4.189845621585845947e-01 4.450037100719832495e-01 -3.386592967977491986e-01 -4.595603133210447999e-01 -3.258501262887322780e-01 -6.499405570144884958e-01 6.824988103577821486e-01 3.123260608566910679e-02
1.661971002795989513e+09 2.401539683341979980e-01 -2.017325758934020996e-01 7.721878290176391602e-01 7.106282114982604980e-01 -5.382953882217407227e-01 -1.782723367214202881e-01 -4.164908230304718018e-01 4.278734886273690696e-01 -3.277325287679401233e-01 -4.447327004757883340e-01 -3.153366433396341817e-01 -6.289703673081518120e-01 6.604781357390219210e-01 3.022489289163747539e-02
1.661971002827904224e+09 2.449386417865753174e-01 -2.059532403945922852e-01 7.606949806213378906e-01 7.155725359916687012e-01 -5.343652367591857910e-01 -1.768184602260589600e-01 -4.136967360973358154e-01 4.118809877717281576e-01 -3.174911932843299534e-01 -4.308352188823986184e-01 -3.054826677002371316e-01 -6.093156306694994528e-01 6.398388107592214435e-01 2.928039321312481472e-02
1.661971002858821392e+09 2.494381517171859741e-01 -2.104797661304473877e-01 7.492969036102294922e-01 7.205213904380798340e-01 -5.304434299468994141e-01 -1.757284551858901978e-01 -4.106071591377258301e-01 4.225274729764764703e-01 -3.277350560862452578e-01 -4.447361300440935694e-01 -3.153390750667192099e-01 -6.289752176302415565e-01 6.604832290341247081e-01 3.022512597172073712e-02
1.661971002890243530e+09 2.536474168300628662e-01 -2.153072208166122437e-01 7.380030155181884766e-01 7.254627346992492676e-01 -5.265381336212158203e-01 -1.750068962574005127e-01 -4.072271287441253662e-01 4.131994564012961280e-01 -3.224681786199705691e-01 -4.375889828034498774e-01 -3.102714076388434772e-01 -6.188672498097005370e-01 6.498689106350015177e-01 2.973939204750510393e-02
1.661971002922158480e+09 2.575616836547851562e-01 -2.204304337501525879e-01 7.268232703208923340e-01 7.303842902183532715e-01 -5.226575732231140137e-01 -1.746578365564346313e-01 -4.035622477531433105e-01 4.043759576375712261e-01 -3.174888214867656600e-01 -4.308320003555838329e-01 -3.054803856115812510e-01 -6.093110788162322544e-01 6.398340308844931990e-01 2.928017447582845559e-02
1.661971002954073191e+09 2.611764669418334961e-01 -2.258439511060714722e-01 7.157679200172424316e-01 7.352737188339233398e-01 -5.188093781471252441e-01 -1.746848523616790771e-01 -3.996181488037109375e-01 4.019902820912458208e-01 -3.174911932843299534e-01 -4.308352188823986184e-01 -3.054826677002371316e-01 -6.093156306694994528e-01 6.398388107592196672e-01 2.928039321312470716e-02
1.661971002984990358e+09 2.644877135753631592e-01 -2.315419763326644897e-01 7.048475742340087891e-01 7.401185631752014160e-01 -5.150007605552673340e-01 -1.750910878181457520e-01 -3.954009413719177246e-01 4.125486017743426048e-01 -3.277350560862470341e-01 -4.447361300440935694e-01 -3.153390750667192099e-01 -6.289752176302415565e-01 6.604832290341255963e-01 3.022512597172085161e-02
1.661971003014910460e+09 2.674916982650756836e-01 -2.375184595584869385e-01 6.940731406211853027e-01 7.449059486389160156e-01 -5.112391710281372070e-01 -1.758791804313659668e-01 -3.909171223640441895e-01 4.238590030540788645e-01 -3.386565981882812548e-01 -4.595566513108101381e-01 -3.258475297492608447e-01 -6.499353779576686474e-01 6.824933718602425037e-01 3.123235720838345164e-02
1.661971003046825171e+09 2.701850831508636475e-01 -2.437669485807418823e-01 6.834559440612792969e-01 7.496231794357299805e-01 -5.075313448905944824e-01 -1.770513951778411865e-01 -3.861733675003051758e-01 3.951288877325211391e-01 -3.174911932843281770e-01 -4.308352188823986184e-01 -3.054826677002231983e-01 -6.093156306694994528e-01 6.398388107592214435e-01 2.928039321312470716e-02
1.661971003077742338e+09 2.725649774074554443e-01 -2.502806484699249268e-01 6.730076074600219727e-01 7.542573213577270508e-01 -5.038837790489196777e-01 -1.786093860864639282e-01 -3.811766207218170166e-01 4.056106269664200847e-01 -3.277350560862470341e-01 -4.447361300440935694e-01 -3.153390750667335318e-01 -6.289752176302451092e-01 6.604832290341247081e-01 3.022512597172085161e-02
1.661971003108659744e+09 2.746288776397705078e-01 -2.570524513721466064e-01 6.627399325370788574e-01 7.587954401969909668e-01 -5.003029108047485352e-01 -1.805543601512908936e-01 -3.759342730045318604e-01 4.033861607922003545e-01 -3.277325287679401233e-01 -4.447327004757883340e-01 -3.153366433396198043e-01 -6.289703673081518120e-01 6.604781357390219210e-01 3.022489289163747539e-02
1.661971003140574694e+09 2.763747572898864746e-01 -2.640747725963592529e-01 6.526650786399841309e-01 7.632244229316711426e-01 -4.967944920063018799e-01 -1.828871220350265503e-01 -3.704537451267242432e-01 3.886637416865064143e-01 -3.174888214867673808e-01 -4.308320003555768940e-01 -3.054803856115951843e-01 -6.093110788162288127e-01 6.398340308844931990e-01 2.928017447582845559e-02
1.661971003172489166e+09 2.778010964393615723e-01 -2.713397145271301270e-01 6.427953839302062988e-01 7.675312161445617676e-01 -4.933641254901885986e-01 -1.856079399585723877e-01 -3.647428750991821289e-01 3.865938040728819081e-01 -3.174935651173262374e-01 -4.308384374573086539e-01 -3.054849498229620375e-01 -6.093201825907833546e-01 6.398435907053644511e-01 2.928061195368912920e-02
1.661971003204404116e+09 2.789067924022674561e-01 -2.788389027118682861e-01 6.331433653831481934e-01 7.717025876045227051e-01 -4.900170266628265381e-01 -1.887165307998657227e-01 -3.588096797466278076e-01 3.845473535526579556e-01 -3.174888214867673808e-01 -4.308320003555768940e-01 -3.054803856115951843e-01 -6.093110788162288127e-01 6.398340308844931990e-01 2.928017447582845559e-02
1.661971003234324217e+09 2.796913683414459229e-01 -2.865636348724365234e-01 6.237218379974365234e-01 7.757255434989929199e-01 -4.867582321166992188e-01 -1.922122091054916382e-01 -3.526624739170074463e-01 4.080432270312895904e-01 -3.386565981882812548e-01 -4.595566513108101381e-01 -3.258475297492460232e-01 -6.499353779576686474e-01 6.824933718602433919e-01 3.123235720838345164e-02
1.661971003266238689e+09 2.801548540592193604e-01 -2.945047616958618164e-01 6.145435571670532227e-01 7.795868515968322754e-01 -4.835920333862304688e-01 -1.960936337709426880e-01 -3.463096618652343750e-01 3.805691583388122190e-01 -3.174935651173262374e-01 -4.308384374573086539e-01 -3.054849498229759708e-01 -6.093201825907799130e-01 6.398435907053627858e-01 2.928061195368912920e-02
1.661971003298153400e+09 2.801548540592193604e-01 -2.945047616958618164e-01 6.145435571670532227e-01 7.795868515968322754e-01 -4.835920333862304688e-01 -1.960936337709426880e-01 -3.463096618652343750e-01 0.000000000000000000e+00 0.000000000000000000e+00 0.000000000000000000e+00 0.000000000000000000e+00 0.000000000000000000e+00 0.000000000000000000e+00 0.000000000000000000e+00
1.661971003330068111e+09 2.850108742713928223e-01 -2.757453322410583496e-01 6.197043657302856445e-01 7.745957970619201660e-01 -4.856393039226531982e-01 -1.995592266321182251e-01 -3.526074290275573730e-01 6.283373833118170992e-01 1.821808971328789939e-01 -4.275852048003857542e-01 8.209015682528354452e-01 4.935428972494196320e-01 3.897608470720771018e-02 3.247388206780458392e-02
1.661971003361982822e+09 2.896300852298736572e-01 -2.570095658302307129e-01 6.248732805252075195e-01 7.695336341857910156e-01 -4.876368045806884766e-01 -2.031375616788864136e-01 -3.588361740112304688e-01 6.259520944403447196e-01 1.821808971328755244e-01 -4.275852048003857542e-01 8.209015682528354452e-01 4.935428972494161348e-01 3.897608470720771018e-02 3.247388206780458392e-02
1.661971003393406630e+09 2.940118610858917236e-01 -2.383030802011489868e-01 6.300488114356994629e-01 7.644011378288269043e-01 -4.895845949649810791e-01 -2.068276107311248779e-01 -3.649935126304626465e-01 6.332047996556976477e-01 1.850269337122417979e-01 -4.342649563704344962e-01 8.337257223110802196e-01 5.012530422819805320e-01 3.958497051544999229e-02 3.298119023069850247e-02
1.661971003425321102e+09 2.981557548046112061e-01 -2.196315079927444458e-01 6.352296471595764160e-01 7.591986060142517090e-01 -4.914826154708862305e-01 -2.106281071901321411e-01 -3.710769116878509521e-01 6.208831702213883919e-01 1.821822581239004035e-01 -4.275883990959116754e-01 8.209077008368846906e-01 4.935465842850076945e-01 3.897637587989295771e-02 3.247412466547876242e-02
1.661971003456238747e+09 3.020613491535186768e-01 -2.010004520416259766e-01 6.404142975807189941e-01 7.539269328117370605e-01 -4.933308959007263184e-01 -2.145378887653350830e-01 -3.770839571952819824e-01 6.381285824967023457e-01 1.880560688027821392e-01 -4.413744468188871006e-01 8.473749126785156127e-01 5.094592161030191413e-01 4.023302872427723942e-02 3.352113584105493455e-02
1.661971003487660885e+09 3.057283461093902588e-01 -1.824155002832412720e-01 6.456013321876525879e-01 7.485865354537963867e-01 -4.951296150684356689e-01 -2.185556888580322266e-01 -3.830121755599975586e-01 6.250556875867506745e-01 1.850367610832601151e-01 -4.342880215683539435e-01 8.337700041452914546e-01 5.012796654309517042e-01 3.958707299958134918e-02 3.298294196698099007e-02
1.661971003517580509e+09 3.091565370559692383e-01 -1.638822108507156372e-01 6.507893800735473633e-01 7.431781888008117676e-01 -4.968786239624023438e-01 -2.226802408695220947e-01 -3.888590633869171143e-01 6.533734004547973040e-01 1.943290001769590880e-01 -4.560972453589044462e-01 8.756405502049895428e-01 5.264530984111086553e-01 4.157507011528084606e-02 3.463929058104359138e-02
1.661971003549495220e+09 3.123458921909332275e-01 -1.454061567783355713e-01 6.559768915176391602e-01 7.377024888992309570e-01 -4.985780715942382812e-01 -2.269101589918136597e-01 -3.946223556995391846e-01 6.095530698886012511e-01 1.821808971328789939e-01 -4.275852048003857542e-01 8.209015682528354452e-01 4.935428972494196320e-01 3.897608470720771018e-02 3.247388206780436881e-02
1.661971003579919338e+09 3.152964413166046143e-01 -1.269928514957427979e-01 6.611624956130981445e-01 7.321600914001464844e-01 -5.002279877662658691e-01 -2.312440574169158936e-01 -4.002995491027832031e-01 6.361984059869503216e-01 1.911066303852967663e-01 -4.485342260248545432e-01 8.611206501655425116e-01 5.177234360369828980e-01 4.088567095249977246e-02 3.406490073973671151e-02
1.661971003610836744e+09 3.180082738399505615e-01 -1.086477786302566528e-01 6.663446426391601562e-01 7.265517115592956543e-01 -5.018284916877746582e-01 -2.356806099414825439e-01 -4.058884084224700928e-01 6.227844399077459014e-01 1.880575189910869416e-01 -4.413778504636949318e-01 8.473814471828045036e-01 5.094631447813170455e-01 4.023333897997967423e-02 3.352139433821203773e-02
1.661971003642751455e+09 3.204816579818725586e-01 -9.037643671035766602e-02 6.715219020843505859e-01 7.208780050277709961e-01 -5.033796429634094238e-01 -2.402183264493942261e-01 -4.113866388797760010e-01 6.000703737059549514e-01 1.821808971328789939e-01 -4.275852048003788153e-01 8.209015682528354452e-01 4.935428972494161348e-01 3.897608470720771018e-02 3.247388206780436881e-02
1.661971003674172878e+09 3.227169215679168701e-01 -7.218424975872039795e-02 6.766927838325500488e-01 7.151397466659545898e-01 -5.048815011978149414e-01 -2.448557913303375244e-01 -4.167918860912322998e-01 6.060968045998790243e-01 1.850409731332730012e-01 -4.342979074032412568e-01 8.337889835142209272e-01 5.012910762177030799e-01 3.958797413257979930e-02 3.298369276806702860e-02
1.661971003706087589e+09 3.247145116329193115e-01 -5.407663434743881226e-02 6.818557977676391602e-01 7.093376517295837402e-01 -5.063343048095703125e-01 -2.495913058519363403e-01 -4.221018254756927490e-01 5.932988947977964056e-01 1.821808971328772453e-01 -4.275852048003857542e-01 8.209015682528354452e-01 4.935428972494161348e-01 3.897608470720771018e-02 3.247388206780436881e-02
1.661971003738002062e+09 3.264749646186828613e-01 -3.605896234512329102e-02 6.870094537734985352e-01 7.034724354743957520e-01 -5.077379345893859863e-01 -2.544234693050384521e-01 -4.273142516613006592e-01 5.897872406155847402e-01 1.821822581239004035e-01 -4.275883990959116754e-01 8.209077008368846906e-01 4.935465842850111362e-01 3.897637587989469243e-02 3.247412466547876242e-02
1.661971003769424200e+09 3.279989361763000488e-01 -1.813656464219093323e-02 6.921522021293640137e-01 6.975448131561279297e-01 -5.090926289558410645e-01 -2.593506574630737305e-01 -4.324270188808441162e-01 5.953708227923206753e-01 1.850367610832583387e-01 -4.342880215683539435e-01 8.337700041452914546e-01 5.012796654309517042e-01 3.958707299957957976e-02 3.298294196698099007e-02
1.661971003801338673e+09 3.292871713638305664e-01 -3.147373208776116371e-04 6.972825527191162109e-01 6.915556192398071289e-01 -5.103985667228698730e-01 -2.643712759017944336e-01 -4.374379813671112061e-01 5.825023372618708395e-01 1.821822581239004035e-01 -4.275883990959116754e-01 8.209077008368846906e-01 4.935465842850076945e-01 3.897637587989469243e-02 3.247412466547876242e-02
1.661971003831259251e+09 3.303405046463012695e-01 1.740126498043537140e-02 7.023990750312805176e-01 6.855055689811706543e-01 -5.116558074951171875e-01 -2.694836258888244629e-01 -4.423449039459228516e-01 6.173046629725321699e-01 1.943228062265505152e-01 -4.560827079315646349e-01 8.756126404532629248e-01 5.264363184946716512e-01 4.157374497120883833e-02 3.463818650471985061e-02
1.661971003862175941e+09 3.311599195003509521e-01 3.500623628497123718e-02 7.075002193450927734e-01 6.793956160545349121e-01 -5.128644704818725586e-01 -2.746860086917877197e-01 -4.471456110477447510e-01 5.934473549029892769e-01 1.880618696902014442e-01 -4.413880617130622741e-01 8.474010513003727985e-01 5.094749311797840408e-01 4.023426977579795671e-02 3.352216985360459423e-02
1.661971003892096281e+09 3.317464292049407959e-01 5.249501392245292664e-02 7.125844359397888184e-01 6.732263565063476562e-01 -5.140247941017150879e-01 -2.799767851829528809e-01 -4.518381953239440918e-01 6.090256911048851363e-01 1.943243546771341590e-01 -4.560863422015191126e-01 8.756196177244076617e-01 5.264405133734957332e-01 4.157407624930733320e-02 3.463846251720222036e-02
1.661971003922015905e+09 3.321011960506439209e-01 6.986248493194580078e-02 7.176502346992492676e-01 6.669987440109252930e-01 -5.151368379592895508e-01 -2.853541076183319092e-01 -4.564204514026641846e-01 6.047761083140151817e-01 1.943290001769590880e-01 -4.560972453589044462e-01 8.756405502049895428e-01 5.264530984111086553e-01 4.157507011527899338e-02 3.463929058104335545e-02
1.661971003952933311e+09 3.322254121303558350e-01 8.710359781980514526e-02 7.226961255073547363e-01 6.607136130332946777e-01 -5.162009596824645996e-01 -2.908162474632263184e-01 -4.608905017375946045e-01 5.810563413836061786e-01 1.880575189910869416e-01 -4.413778504636877709e-01 8.473814471828045036e-01 5.094631447813205982e-01 4.023333897997967423e-02 3.352139433821225978e-02
1.661971003983851194e+09 3.321204781532287598e-01 1.042133271694183350e-01 7.277206182479858398e-01 6.543717980384826660e-01 -5.172170400619506836e-01 -2.963613271713256836e-01 -4.652462005615234375e-01 5.767709605020956420e-01 1.880546186368431405e-01 -4.413710432265797734e-01 8.473683782750063287e-01 5.094552874853084390e-01 4.023271847335978951e-02 3.352087734788433693e-02
1.661971004015765667e+09 3.317877948284149170e-01 1.211867332458496094e-01 7.327221632003784180e-01 6.479740738868713379e-01 -5.181855559349060059e-01 -3.019875586032867432e-01 -4.694857597351074219e-01 5.545476943053114782e-01 1.821822581239004035e-01 -4.275883990959186143e-01 8.209077008368846906e-01 4.935465842850076945e-01 3.897637587989469243e-02 3.247412466547854731e-02
1.661971004047680616e+09 3.312288820743560791e-01 1.380189210176467896e-01 7.376993298530578613e-01 6.415215134620666504e-01 -5.191064476966857910e-01 -3.076929748058319092e-01 -4.736070334911346436e-01 5.502601155292521362e-01 1.821795361621885156e-01 -4.275820105525784953e-01 8.208954357603983620e-01 4.935392102689121208e-01 3.897579353887109521e-02 3.247363947375481175e-02
1.661971004077600241e+09 3.304453492164611816e-01 1.547050476074218750e-01 7.426505684852600098e-01 6.350149512290954590e-01 -5.199800133705139160e-01 -3.134758174419403076e-01 -4.776083528995513916e-01 5.823216309938299418e-01 1.943290001769609476e-01 -4.560972453589044462e-01 8.756405502049895428e-01 5.264530984111123191e-01 4.157507011527899338e-02 3.463929058104382036e-02
1.661971004109514952e+09 3.294389247894287109e-01 1.712403297424316406e-01 7.475743889808654785e-01 6.284551024436950684e-01 -5.208065509796142578e-01 -3.193340003490447998e-01 -4.814878106117248535e-01 5.415102341059995217e-01 1.821808971328789939e-01 -4.275852048003927486e-01 8.209015682528354452e-01 4.935428972494161348e-01 3.897608470720771018e-02 3.247388206780436881e-02
1.661971004141429424e+09 3.282113373279571533e-01 1.876200735569000244e-01 7.524693012237548828e-01 6.218431591987609863e-01 -5.215861201286315918e-01 -3.252657055854797363e-01 -4.852435588836669922e-01 5.370453768741891842e-01 1.821822581239004035e-01 -4.275883990959116754e-01 8.209077008368846906e-01 4.935465842850111362e-01 3.897637587989469243e-02 3.247412466547898446e-02
1.661971004172347069e+09 3.267645239830017090e-01 2.038396149873733521e-01 7.573338747024536133e-01 6.151797771453857422e-01 -5.223190188407897949e-01 -3.312687873840332031e-01 -4.888738691806793213e-01 5.496869209057951844e-01 1.880560688027803351e-01 -4.413744468188871006e-01 8.473749126785156127e-01 5.094592161030154776e-01 4.023302872427723942e-02 3.352113584105471250e-02
1.661971004203264952e+09 3.251004517078399658e-01 2.198943942785263062e-01 7.621666193008422852e-01 6.084661483764648438e-01 -5.230054855346679688e-01 -3.373413383960723877e-01 -4.923769533634185791e-01 5.449517212430187163e-01 1.880546186368431405e-01 -4.413710432265797734e-01 8.473683782750063287e-01 5.094552874853084390e-01 4.023271847335978951e-02 3.352087734788433693e-02
1.661971004233185291e+09 3.232211470603942871e-01 2.357798814773559570e-01 7.669660449028015137e-01 6.017030477523803711e-01 -5.236456990242004395e-01 -3.434813022613525391e-01 -4.957511723041534424e-01 5.581737369309084373e-01 1.943243546771341590e-01 -4.560863422015191126e-01 8.756196177244003342e-01 5.264405133734957332e-01 4.157407624930548051e-02 3.463846251720222036e-02
1.661971004265099525e+09 3.211287558078765869e-01 2.514916360378265381e-01 7.717307209968566895e-01 5.948915481567382812e-01 -5.242399573326110840e-01 -3.496865034103393555e-01 -4.989947974681854248e-01 5.186123790819774371e-01 1.821836191352566303e-01 -4.275915934391641970e-01 8.209138335125621966e-01 4.935502713756880211e-01 3.897666705693215300e-02 3.247436726677743052e-02
1.661971004297014713e+09 3.188254833221435547e-01 2.670252919197082520e-01 7.764592170715332031e-01 -5.880326032638549805e-01 5.247884988784790039e-01 3.559550344944000244e-01 5.021063089370727539e-01 5.138602140854214850e-01 1.821781752118389330e-01 -4.275788163525096053e-01 8.208893033596063038e-01 4.935355233434978728e-01 3.897550237488476427e-02 3.247339688333023000e-02
1.661971004328929901e+09 3.163136541843414307e-01 2.823765575885772705e-01 7.811501622200012207e-01 -5.811272263526916504e-01 5.252915024757385254e-01 3.622846007347106934e-01 5.050840377807617188e-01 5.090781954386401909e-01 1.821781752118389330e-01 -4.275788163525096053e-01 8.208893033596131872e-01 4.935355233434943756e-01 3.897550237488476427e-02 3.247339688332979285e-02
1.661971004360844374e+09 3.135955929756164551e-01 2.975411713123321533e-01 7.858020067214965820e-01 -5.741764903068542480e-01 5.257493853569030762e-01 3.686731755733489990e-01 5.079264044761657715e-01 5.042621382810752451e-01 1.821822581238986549e-01 -4.275883990959116754e-01 8.209077008368846906e-01 4.935465842850111362e-01 3.897637587989469243e-02 3.247412466547898446e-02
1.661971004392758369e+09 3.106738030910491943e-01 3.125150501728057861e-01 7.904134988784790039e-01 -5.671811103820800781e-01 5.261620879173278809e-01 3.751184344291687012e-01 5.106320977210998535e-01 4.994046381439105620e-01 1.821849801669481739e-01 -4.275947878301443739e-01 8.209199662798699615e-01 4.935539585214582803e-01 3.897695823832017514e-02 3.247460987170108782e-02
1.661971004424673080e+09 3.075508177280426025e-01 3.272940814495086670e-01 7.949831485748291016e-01 -5.601424574851989746e-01 5.265303850173950195e-01 3.816184401512145996e-01 5.131994485855102539e-01 4.944885976665522875e-01 1.821808971328781335e-01 -4.275852048003857542e-01 8.209015682528284508e-01 4.935428972494196320e-01 3.897608470720596852e-02 3.247388206780436881e-02
1.661971004456587553e+09 3.042291998863220215e-01 3.418742716312408447e-01 7.995095849037170410e-01 -5.530614256858825684e-01 5.268540382385253906e-01 3.881706595420837402e-01 5.156272053718566895e-01 4.895527835962530383e-01 1.821822581238995153e-01 -4.275883990959116754e-01 8.209077008368846906e-01 4.935465842850076945e-01 3.897637587989469243e-02 3.247412466547854731e-02
1.661971004488502264e+09 3.007116317749023438e-01 3.562517464160919189e-01 8.039915561676025391e-01 -5.459392070770263672e-01 5.271337032318115234e-01 3.947732746601104736e-01 5.179138183593750000e-01 4.845797708368804191e-01 1.821808971328789939e-01 -4.275852048003857542e-01 8.209015682528284508e-01 4.935428972494178557e-01 3.897608470720771018e-02 3.247388206780480596e-02
1.661971004519419909e+09 2.970008850097656250e-01 3.704226315021514893e-01 8.084276318550109863e-01 -5.387766361236572266e-01 5.273694992065429688e-01 4.014237821102142334e-01 5.200580358505249023e-01 4.950452395199405609e-01 1.880560688027803351e-01 -4.413744468188871006e-01 8.473749126785156127e-01 5.094592161030172539e-01 4.023302872427723942e-02 3.352113584105471250e-02
1.661971004550337076e+09 2.930997610092163086e-01 3.843832314014434814e-01 8.128165006637573242e-01 -5.315748453140258789e-01 5.275616645812988281e-01 4.081197679042816162e-01 5.220586657524108887e-01 4.898661138702875562e-01 1.880589692017581027e-01 -4.413812541609830609e-01 8.473879817878755549e-01 5.094670735202115885e-01 4.023364924046719804e-02 3.352165283935572282e-02
1.661971004582251787e+09 2.890111505985260010e-01 3.981298208236694336e-01 8.171568512916564941e-01 -5.243350267410278320e-01 5.277106165885925293e-01 4.148592054843902588e-01 5.239143371582031250e-01 4.695053716920104536e-01 1.821808971328781335e-01 -4.275852048003857542e-01 8.209015682528354452e-01 4.935428972494178557e-01 3.897608470720596852e-02 3.247388206780480596e-02
1.661971004614166498e+09 2.847379744052886963e-01 4.116588830947875977e-01 8.214474916458129883e-01 -5.170582532882690430e-01 5.278165936470031738e-01 4.216396808624267578e-01 5.256239175796508789e-01 4.644395630532726083e-01 1.821808971328781335e-01 -4.275852048003857542e-01 8.209015682528284508e-01 4.935428972494170230e-01 3.897608470720771018e-02 3.247388206780436881e-02
1.661971004644086599e+09 2.802832424640655518e-01 4.249669015407562256e-01 8.256870508193969727e-01 -5.097456574440002441e-01 5.278798937797546387e-01 4.284590780735015869e-01 5.271860957145690918e-01 4.899787338791316005e-01 1.943259031523991709e-01 -4.560899765293929264e-01 8.756265951067345732e-01 5.264447083191792220e-01 4.157440753268541733e-02 3.463873853408364761e-02
1.661971004676001310e+09 2.756500840187072754e-01 4.380504488945007324e-01 8.298743963241577148e-01 -5.023981332778930664e-01 5.279009342193603516e-01 4.353146255016326904e-01 5.285999774932861328e-01 4.542594630407655876e-01 1.821808971328781335e-01 -4.275852048003857542e-01 8.209015682528354452e-01 4.935428972494178557e-01 3.897608470720771018e-02 3.247388206780480596e-02
1.661971004707915783e+09 2.708415687084197998e-01 4.509062469005584717e-01 8.340082168579101562e-01 -4.950170814990997314e-01 5.278797745704650879e-01 4.422042667865753174e-01 5.298644304275512695e-01 4.491579024922036090e-01 1.821822581238995153e-01 -4.275883990959151171e-01 8.209077008368776962e-01 4.935465842850094154e-01 3.897637587989469243e-02 3.247412466547854731e-02
1.661971004739830494e+09 2.658608853816986084e-01 4.635310769081115723e-01 8.380873799324035645e-01 -4.876037240028381348e-01 5.278172492980957031e-01 4.491258263587951660e-01 5.309781432151794434e-01 4.440447516079389922e-01 1.821808971328781335e-01 -4.275852048003857542e-01 8.209015682528354452e-01 4.935428972494178557e-01 3.897608470720771018e-02 3.247388206780436881e-02
1.661971004771747112e+09 2.607113122940063477e-01 4.759217500686645508e-01 8.421106338500976562e-01 -4.801588058471679688e-01 5.277130603790283203e-01 4.560764133930206299e-01 5.319405794143676758e-01 4.389041187398987076e-01 1.821700099367067893e-01 -4.275596521542089357e-01 8.208525108788100599e-01 4.935134029477326600e-01 3.897375548231534620e-02 3.247194141689046382e-02
1.661971004803659916e+09 2.553961575031280518e-01 4.880752563476562500e-01 8.460769653320312500e-01 -4.726838469505310059e-01 5.275680422782897949e-01 4.630541503429412842e-01 5.327504277229309082e-01 4.338455912911575174e-01 1.821917856304514083e-01 -4.276107605009983881e-01 8.209506314909273961e-01 4.935723950767038071e-01 3.897841421052224836e-02 3.247582295069443431e-02
1.661971004835574865e+09 2.499187290668487549e-01 4.999886155128479004e-01 8.499851226806640625e-01 -4.651797413825988770e-01 5.273821353912353516e-01 4.700561463832855225e-01 5.334070920944213867e-01 4.287098393803577268e-01 1.821795361621911247e-01 -4.275820105525854342e-01 8.208954357604122398e-01 4.935392102689138416e-01 3.897579353887109521e-02 3.247363947375481175e-02
