1.661971104391707897e+09 1.378528122206244648e-16 -2.367949187755584717e-01 1.128897309303283691e+00 -6.125128269195556641e-01 6.125135421752929688e-01 3.533097505569458008e-01 3.533093035221099854e-01 0.000000000000000000e+00 0.000000000000000000e+00 0.000000000000000000e+00 0.000000000000000000e+00 0.000000000000000000e+00 0.000000000000000000e+00 0.000000000000000000e+00
1.661971198058601379e+09 1.378528122206244648e-16 -2.367949187755584717e-01 1.128897309303283691e+00 -6.125128269195556641e-01 6.125135421752929688e-01 3.533097505569458008e-01 3.533093035221099854e-01 0.000000000000000000e+00 0.000000000000000000e+00 0.000000000000000000e+00 0.000000000000000000e+00 0.000000000000000000e+00 0.000000000000000000e+00 0.000000000000000000e+00
1.661971198087523222e+09 1.356503646820783615e-02 -2.307751178741455078e-01 1.107982754707336426e+00 -6.088462471961975098e-01 6.222950816154479980e-01 3.475594222545623779e-01 3.482204973697662354e-01 8.867006056895095911e-01 -6.666676929630630521e-01 -5.586183462184471926e-01 -6.445689430296636102e-01 4.519517291406194848e-01 5.912177750874110238e-01 -1.823838187200110261e-01
1.661971198120435715e+09 2.741143666207790375e-02 -2.257744818925857544e-01 1.087031483650207520e+00 -6.047934889793395996e-01 6.321790814399719238e-01 3.418158590793609619e-01 3.431273996829986572e-01 7.780129402722691934e-01 -5.858340239072028499e-01 -4.908856946989970105e-01 -5.664147544068784956e-01 3.971524387472282758e-01 5.195324324859923459e-01 -1.602697228981003474e-01
1.661971198149358749e+09 4.149128496646881104e-02 -2.217997461557388306e-01 1.066069364547729492e+00 -6.003565788269042969e-01 6.421530842781066895e-01 3.360700309276580811e-01 3.380360007286071777e-01 8.838176802834853962e-01 -6.666402155621028447e-01 -5.585953221834705218e-01 -6.445423764516239329e-01 4.519331014809839786e-01 5.911934074331358646e-01 -1.823763015816099176e-01
1.661971198180274963e+09 5.575658380985260010e-02 -2.188551872968673706e-01 1.045122146606445312e+00 -5.955384373664855957e-01 6.522042155265808105e-01 3.303129374980926514e-01 3.329519331455230713e-01 8.252570025237202511e-01 -6.236616835575164997e-01 -5.225824829162901697e-01 -6.029885000007666473e-01 4.227968135515849935e-01 5.530789580058054211e-01 -1.706184364972257728e-01
1.661971198212189674e+09 7.015936076641082764e-02 -2.169427126646041870e-01 1.024215459823608398e+00 -5.903423428535461426e-01 6.623196005821228027e-01 3.245353996753692627e-01 3.278802335262298584e-01 7.977361525111479335e-01 -6.041495430320488191e-01 -5.062327485785236281e-01 -5.841231493507959005e-01 4.095690154404685868e-01 5.357750981811487678e-01 -1.652803966641884226e-01
1.661971198244104624e+09 8.465182036161422729e-02 -2.160617709159851074e-01 1.003374576568603516e+00 -5.847723484039306641e-01 6.724861860275268555e-01 3.187282085418701172e-01 3.228250741958618164e-01 7.958590198002074567e-01 -6.041450297717021467e-01 -5.062289667993075115e-01 -5.841187856963522274e-01 4.095659557814533280e-01 5.357710957077010949e-01 -1.652791619476047524e-01
1.661971198276019812e+09 9.918643534183502197e-02 -2.162094116210937500e-01 9.826244115829467773e-01 -5.788328051567077637e-01 6.826907992362976074e-01 3.128821253776550293e-01 3.177904784679412842e-01 7.938127583336274107e-01 -6.041405165787921971e-01 -5.062251850765872030e-01 -5.841144221070909692e-01 4.095628961681517244e-01 5.357670932940551412e-01 -1.652779272494682428e-01
1.661971198307934523e+09 1.137160584330558777e-01 -2.173803448677062988e-01 9.619899988174438477e-01 -5.725287199020385742e-01 6.929201483726501465e-01 3.069877922534942627e-01 3.127793967723846436e-01 7.916038638918320158e-01 -6.041495430320488191e-01 -5.062327485785236281e-01 -5.841231493507959005e-01 4.095690154404685868e-01 5.357750981811487678e-01 -1.652803966641884226e-01
1.661971198339848280e+09 1.281940490007400513e-01 -2.195669710636138916e-01 9.414958953857421875e-01 -5.658658742904663086e-01 7.031611800193786621e-01 3.010361790657043457e-01 3.077944517135620117e-01 7.892312481100104415e-01 -6.041675967477724285e-01 -5.062478762604747384e-01 -5.841406046206326641e-01 4.095812545336863786e-01 5.357911086729663097e-01 -1.652853357150091129e-01
1.661971198371763229e+09 1.425744146108627319e-01 -2.227593511343002319e-01 9.211663007736206055e-01 -5.588502287864685059e-01 7.134003639221191406e-01 2.950179874897003174e-01 3.028376400470733643e-01 7.866329396675098007e-01 -6.041450297717055884e-01 -5.062289667993075115e-01 -5.841187856963522274e-01 4.095659557814533280e-01 5.357710957077028713e-01 -1.652791619476051965e-01
1.661971198401683807e+09 1.568118482828140259e-01 -2.269453555345535278e-01 9.010253548622131348e-01 -5.514886379241943359e-01 7.236245870590209961e-01 2.889243364334106445e-01 2.979102432727813721e-01 8.361366144208577378e-01 -6.444146254085374448e-01 -5.399719172301999937e-01 -6.230535218022689170e-01 4.368657838246727265e-01 5.714831918350271600e-01 -1.762959289337370228e-01
1.661971198433598757e+09 1.708619147539138794e-01 -2.321105748414993286e-01 8.810967803001403809e-01 -5.437881350517272949e-01 7.338204383850097656e-01 2.827461659908294678e-01 2.930130958557128906e-01 7.809670819976516354e-01 -6.041450297717055884e-01 -5.062289667993075115e-01 -5.841187856963522274e-01 4.095659557814542162e-01 5.357710957077028713e-01 -1.652791619476047524e-01
1.661971198465513945e+09 1.846811175346374512e-01 -2.382384985685348511e-01 8.614041209220886230e-01 -5.357565879821777344e-01 7.439746856689453125e-01 2.764747142791748047e-01 2.881462872028350830e-01 7.778693485893630744e-01 -6.041405165787905318e-01 -5.062251850765802086e-01 -5.841144221070769804e-01 4.095628961681508362e-01 5.357670932940533648e-01 -1.652779272494678264e-01
1.661971198497427225e+09 1.982269734144210815e-01 -2.453104704618453979e-01 8.419705033302307129e-01 -5.274022817611694336e-01 7.540740370750427246e-01 2.701016068458557129e-01 2.833094596862792969e-01 7.746562489996325906e-01 -6.041766240102636187e-01 -5.062554404404956410e-01 -5.841493326467599445e-01 4.095873743546037393e-01 5.357991142777098759e-01 -1.652878053511158407e-01
1.661971198528344870e+09 2.114582061767578125e-01 -2.533058226108551025e-01 8.228187561035156250e-01 -5.187339782714843750e-01 7.641054987907409668e-01 2.636184394359588623e-01 2.785016298294067383e-01 7.960700418953315927e-01 -6.236328276983781338e-01 -5.225583038350466447e-01 -6.029606006577785671e-01 4.227772513985497138e-01 5.530533678999429714e-01 -1.706105422467062982e-01
1.661971198559262753e+09 2.243347465991973877e-01 -2.622018456459045410e-01 8.039715886116027832e-01 -5.097609758377075195e-01 7.740558981895446777e-01 2.570171952247619629e-01 2.737212479114532471e-01 7.923624069129380221e-01 -6.236280186481221177e-01 -5.225542742057087686e-01 -6.029559510182790349e-01 4.227739912157028046e-01 5.530491031125207568e-01 -1.706092266093065246e-01
1.661971198590180397e+09 2.368178814649581909e-01 -2.719739377498626709e-01 7.854510545730590820e-01 -5.004931092262268066e-01 7.839124202728271484e-01 2.502900660037994385e-01 2.689661383628845215e-01 7.885121412036647515e-01 -6.236328276983763574e-01 -5.225583038350466447e-01 -6.029606006577641342e-01 4.227772513985497138e-01 5.530533678999429714e-01 -1.706105422467053823e-01
1.661971198621096611e+09 2.488703429698944092e-01 -2.825956344604492188e-01 7.672792077064514160e-01 -4.909406900405883789e-01 7.936623096466064453e-01 2.434297651052474976e-01 2.642337679862976074e-01 7.845352968199252874e-01 -6.236616835575164997e-01 -5.225824829162973861e-01 -6.029885000007666473e-01 4.227968135515849935e-01 5.530789580058045329e-01 -1.706184364972262169e-01
1.661971198651524305e+09 2.604564130306243896e-01 -2.940386235713958740e-01 7.494776248931884766e-01 -4.811142385005950928e-01 8.032928109169006348e-01 2.364290058612823486e-01 2.595207989215850830e-01 7.929039233234652650e-01 -6.336746341197889709e-01 -5.309725968259731976e-01 -6.126695405381282766e-01 4.295848585823960342e-01 5.619586958661728637e-01 -1.733577325205351849e-01
1.661971198682442904e+09 2.715419828891754150e-01 -3.062729835510253906e-01 7.320674061775207520e-01 -4.710253477096557617e-01 8.127915263175964355e-01 2.292812615633010864e-01 2.548237740993499756e-01 7.760196423462689674e-01 -6.236135919423670959e-01 -5.225421856905515527e-01 -6.029420025300303854e-01 4.227642109688401484e-01 5.530363091448982082e-01 -1.706052798188516517e-01
1.661971198713358641e+09 2.820946574211120605e-01 -3.192670345306396484e-01 7.150694727897644043e-01 -4.606852531433105469e-01 8.221464753150939941e-01 2.219800949096679688e-01 2.501383125782012939e-01 7.716629956915193045e-01 -6.236713027706489720e-01 -5.225905431072885854e-01 -6.029978003555133137e-01 4.228033346715595608e-01 5.530874885673532360e-01 -1.706210680764118082e-01
1.661971198745273590e+09 2.920838296413421631e-01 -3.329876065254211426e-01 6.985043287277221680e-01 -4.501064419746398926e-01 8.313452005386352539e-01 2.145197391510009766e-01 2.454599589109420776e-01 7.430954094663397846e-01 -6.041450297717055884e-01 -5.062289667993006281e-01 -5.841187856963383496e-01 4.095659557814533280e-01 5.357710957077019831e-01 -1.652791619476043083e-01
1.661971198777188301e+09 3.014807403087615967e-01 -3.474000394344329834e-01 6.823920011520385742e-01 -4.393011927604675293e-01 8.403762578964233398e-01 2.068948298692703247e-01 2.407835423946380615e-01 7.385856293777871562e-01 -6.041495430320470428e-01 -5.062327485785306225e-01 -5.841231493508098893e-01 4.095690154404685868e-01 5.357750981811496560e-01 -1.652803966641884226e-01
1.661971198809103012e+09 3.102586567401885986e-01 -3.624683320522308350e-01 6.667521595954895020e-01 -4.282824099063873291e-01 8.492280244827270508e-01 1.991003602743148804e-01 2.361035495996475220e-01 7.339736742745682774e-01 -6.041495430320488191e-01 -5.062327485785236281e-01 -5.841231493508098893e-01 4.095690154404685868e-01 5.357750981811492119e-01 -1.652803966641884226e-01
1.661971198841018438e+09 3.183927834033966064e-01 -3.781550824642181396e-01 6.516041159629821777e-01 -4.170635044574737549e-01 8.578893542289733887e-01 1.911319345235824585e-01 2.314140945672988892e-01 7.292548434545927938e-01 -6.041360034533070911e-01 -5.062214034103681426e-01 -5.841100585830105718e-01 4.095598366005627211e-01 5.357630909402052444e-01 -1.652766925697793932e-01
1.661971198872932196e+09 3.258604407310485840e-01 -3.944218456745147705e-01 6.369667053222656250e-01 -4.056580662727355957e-01 8.663492202758789062e-01 1.829857081174850464e-01 2.267089039087295532e-01 7.245153982427803285e-01 -6.041675967477758702e-01 -5.062478762604678550e-01 -5.841406046206326641e-01 4.095812545336863786e-01 5.357911086729671979e-01 -1.652853357150091129e-01
1.661971198904847145e+09 3.326411843299865723e-01 -4.112289249897003174e-01 6.228582262992858887e-01 -3.940800726413726807e-01 8.745968937873840332e-01 1.746582537889480591e-01 2.219812572002410889e-01 7.196467496961457266e-01 -6.041450297717021467e-01 -5.062289667993075115e-01 -5.841187856963522274e-01 4.095659557814533280e-01 5.357710957077017611e-01 -1.652791619476043083e-01
1.661971198936761856e+09 3.387166559696197510e-01 -4.285357594490051270e-01 6.092966198921203613e-01 -3.823438882827758789e-01 8.826223015785217285e-01 1.661468744277954102e-01 2.172242254018783569e-01 7.147579060694190245e-01 -6.041495430320505955e-01 -5.062327485785236281e-01 -5.841231493507959005e-01 4.095690154404685868e-01 5.357750981811494340e-01 -1.652803966641892830e-01
1.661971198968676567e+09 3.440708816051483154e-01 -4.463008046150207520e-01 5.962992906570434570e-01 -3.704641163349151611e-01 8.904152512550354004e-01 1.574493497610092163e-01 2.124304771423339844e-01 7.098234566049105299e-01 -6.041495430320470428e-01 -5.062327485785306225e-01 -5.841231493508098893e-01 4.095690154404685868e-01 5.357750981811496560e-01 -1.652803966641884226e-01
1.661971199000591278e+09 3.440708816051483154e-01 -4.463008046150207520e-01 5.962992906570434570e-01 -3.704641163349151611e-01 8.904152512550354004e-01 1.574493497610092163e-01 2.124304771423339844e-01 0.000000000000000000e+00 0.000000000000000000e+00 0.000000000000000000e+00 0.000000000000000000e+00 0.000000000000000000e+00 0.000000000000000000e+00 0.000000000000000000e+00
1.661971199031508446e+09 3.516596853733062744e-01 -4.255572259426116943e-01 6.027964353561401367e-01 -3.745810985565185547e-01 8.856762051582336426e-01 1.620691567659378052e-01 2.213601768016815186e-01 7.446955273252373608e-01 2.561723041148027957e-01 -5.405384238927978258e-01 9.146506088573127524e-01 -3.183821954369003837e-01 3.194775323842305448e-01 1.622545651376494646e-01
1.661971199062426090e+09 3.588726520538330078e-01 -4.047029018402099609e-01 6.092647314071655273e-01 -3.786111474037170410e-01 8.808117508888244629e-01 1.667946130037307739e-01 2.302254885435104370e-01 7.437490424130759337e-01 2.561683532163602783e-01 -5.405300872678668878e-01 9.146365023688115548e-01 -3.183772850867185866e-01 3.194726051408680045e-01 1.622520627152617689e-01
1.661971199094340801e+09 3.657054007053375244e-01 -3.837483525276184082e-01 6.157026886940002441e-01 -3.825538158416748047e-01 8.758226633071899414e-01 1.716241389513015747e-01 2.390237003564834595e-01 7.194619957524363008e-01 2.481652450948092503e-01 -5.236430648193748372e-01 8.860617985520620188e-01 -3.084306706669318054e-01 3.094917711747924294e-01 1.571830493709086563e-01
1.661971199126255274e+09 3.721537292003631592e-01 -3.627042174339294434e-01 6.221086978912353516e-01 -3.864086866378784180e-01 8.707095384597778320e-01 1.765561401844024658e-01 2.477522045373916626e-01 7.182700279931292231e-01 2.481670990250310627e-01 -5.236469767197079461e-01 8.860684179187260368e-01 -3.084329748128664672e-01 3.094940832477269255e-01 1.571842236143242699e-01
1.661971199157677650e+09 3.782137334346771240e-01 -3.415812551975250244e-01 6.284812092781066895e-01 -3.901751339435577393e-01 8.654730319976806641e-01 1.815889179706573486e-01 2.564083337783813477e-01 7.281558224031895454e-01 2.520535658286821579e-01 -5.318476471544558715e-01 8.999448564375043258e-01 -3.132632465228232799e-01 3.143409726427973672e-01 1.596458362516774698e-01
1.661971199189591885e+09 3.838817775249481201e-01 -3.203902840614318848e-01 6.348186135292053223e-01 -3.938528001308441162e-01 8.601139187812805176e-01 1.867207139730453491e-01 2.649894654750823975e-01 7.154493220070490267e-01 2.481689529829458618e-01 -5.236508886784685401e-01 8.860750373842496419e-01 -3.084352789932278127e-01 3.094963953552066216e-01 1.571853978752827397e-01
1.661971199221506596e+09 3.891544938087463379e-01 -2.991421818733215332e-01 6.411194205284118652e-01 -3.974413871765136719e-01 8.546327352523803711e-01 1.919499039649963379e-01 2.734931409358978271e-01 7.138153472313378822e-01 2.481652450948092503e-01 -5.236430648193818316e-01 8.860617985520760076e-01 -3.084306706669318054e-01 3.094917711747907085e-01 1.571830493709086563e-01
1.661971199252928019e+09 3.940288126468658447e-01 -2.778478860855102539e-01 6.473819017410278320e-01 -4.009402990341186523e-01 8.490303754806518555e-01 1.972745060920715332e-01 2.819167375564575195e-01 7.232320260554885305e-01 2.520612159281830356e-01 -5.318637893082414081e-01 8.999721707414078953e-01 -3.132727544026184807e-01 3.143505132327509277e-01 1.596506816762133241e-01
1.661971199284842968e+09 3.985018432140350342e-01 -2.565184831619262695e-01 6.536044478416442871e-01 -4.043493270874023438e-01 8.433076143264770508e-01 2.026927918195724487e-01 2.902578413486480713e-01 7.101475280530501477e-01 2.481633911922937474e-01 -5.236391529775098475e-01 8.860551792843528451e-01 -3.084283665554231058e-01 3.094894591364005243e-01 1.571818751450372587e-01
1.661971199314763069e+09 4.025710523128509521e-01 -2.351649999618530273e-01 6.597853899002075195e-01 -4.076679646968841553e-01 8.374651670455932617e-01 2.082027196884155273e-01 2.985139787197113037e-01 7.553256308767771765e-01 2.647090674326355586e-01 -5.585514897662160472e-01 9.451307022979507089e-01 -3.289920599827521053e-01 3.301238982696980129e-01 1.676615853251128829e-01
1.661971199346184492e+09 4.062341451644897461e-01 -2.137985825538635254e-01 6.659231185913085938e-01 -4.108959734439849854e-01 8.315039277076721191e-01 2.138024717569351196e-01 3.066827356815338135e-01 7.170358047484750585e-01 2.520612159281830356e-01 -5.318637893082414081e-01 8.999721707414219951e-01 -3.132727544026184807e-01 3.143505132327492069e-01 1.596506816762124359e-01
1.661971199378099203e+09 4.094891548156738281e-01 -1.924303770065307617e-01 6.720158457756042480e-01 -4.140329658985137939e-01 8.254246711730957031e-01 2.194899171590805054e-01 3.147618174552917480e-01 7.036565337420767063e-01 2.481652450948092503e-01 -5.236430648193818316e-01 8.860617985520620188e-01 -3.084306706669318054e-01 3.094917711747907085e-01 1.571830493709086563e-01
1.661971199410013676e+09 4.123343229293823242e-01 -1.710715591907501221e-01 6.780620217323303223e-01 -4.170787930488586426e-01 8.192283511161804199e-01 2.252631783485412598e-01 3.227488398551940918e-01 7.012393972563614186e-01 2.481670990250275932e-01 -5.236469767197009517e-01 8.860684179187260368e-01 -3.084329748128664672e-01 3.094940832477269255e-01 1.571842236143242699e-01
1.661971199441436052e+09 4.147682189941406250e-01 -1.497333496809005737e-01 6.840597987174987793e-01 -4.200329780578613281e-01 8.129158616065979004e-01 2.311200052499771118e-01 3.306415081024169922e-01 7.096327934067765408e-01 2.520535658286821579e-01 -5.318476471544629769e-01 8.999448564375043258e-01 -3.132632465228241680e-01 3.143409726427991435e-01 1.596458362516765817e-01
1.661971199473350286e+09 4.167896509170532227e-01 -1.284269690513610840e-01 6.900075078010559082e-01 -4.228954315185546875e-01 8.064879775047302246e-01 2.370583713054656982e-01 3.384376764297485352e-01 6.960258884054498774e-01 2.481689529829458618e-01 -5.236508886784616568e-01 8.860750373842496419e-01 -3.084352789932278127e-01 3.094963953552066216e-01 1.571853978752836278e-01
1.661971199505265474e+09 4.183977246284484863e-01 -1.071636378765106201e-01 6.959034204483032227e-01 -4.256657660007476807e-01 7.999457716941833496e-01 2.430760711431503296e-01 3.461350202560424805e-01 6.932162157897603372e-01 2.481615373174699823e-01 -5.236352411940907725e-01 8.860485601154987068e-01 -3.084260624783395910e-01 3.094871471325505441e-01 1.571807009367096886e-01
1.661971199536686897e+09 4.195918738842010498e-01 -8.595457673072814941e-02 7.017457485198974609e-01 -4.283439218997955322e-01 7.932902574539184570e-01 2.491708844900131226e-01 3.537315130233764648e-01 7.011589159386053538e-01 2.520612159281865328e-01 -5.318637893082344137e-01 8.999721707414078953e-01 -3.132727544026184807e-01 3.143505132327509277e-01 1.596506816762124359e-01
1.661971199567604542e+09 4.203717410564422607e-01 -6.481099873781204224e-02 7.075328230857849121e-01 -4.309296011924743652e-01 7.865223288536071777e-01 2.553406357765197754e-01 3.612250089645385742e-01 7.094691844294568339e-01 2.561683532163602783e-01 -5.405300872678668878e-01 9.146365023687972329e-01 -3.183772850867185866e-01 3.194726051408680045e-01 1.622520627152626571e-01
1.661971199598522425e+09 4.207372665405273438e-01 -4.374410212039947510e-02 7.132627964019775391e-01 -4.334226250648498535e-01 7.796430587768554688e-01 2.615829706192016602e-01 3.686134815216064453e-01 7.062352971535021950e-01 2.561663778128391300e-01 -5.405259190518314494e-01 9.146294492877095061e-01 -3.183748299684275862e-01 3.194701415761802554e-01 1.622508115330148493e-01
1.661971199629438877e+09 4.206887185573577881e-01 -2.276504412293434143e-02 7.189339995384216309e-01 -4.358229637145996094e-01 7.726535201072692871e-01 2.678955793380737305e-01 3.758949339389801025e-01 7.029311339672476011e-01 2.561782306909778373e-01 -5.405509293123589298e-01 9.146717694059741666e-01 -3.183895612461750679e-01 3.194849235342552274e-01 1.622583189159633454e-01
1.661971199660356522e+09 4.202266037464141846e-01 -1.884960220195353031e-03 7.245445847511291504e-01 -4.381304085254669189e-01 7.655545473098754883e-01 2.742761373519897461e-01 3.830673694610595703e-01 6.994608519186740203e-01 2.561683532163602783e-01 -5.405300872678741042e-01 9.146365023687972329e-01 -3.183772850867185866e-01 3.194726051408680045e-01 1.622520627152617689e-01
1.661971199691273689e+09 4.193516969680786133e-01 1.888506114482879639e-02 7.300927639007568359e-01 -4.403447806835174561e-01 7.583475112915039062e-01 2.807222008705139160e-01 3.901289403438568115e-01 6.959265020119839162e-01 2.561723041148045721e-01 -5.405384238927906093e-01 9.146506088573270743e-01 -3.183821954369003837e-01 3.194775323842305448e-01 1.622545651376494646e-01
1.661971199722191095e+09 4.180651009082794189e-01 3.953398019075393677e-02 7.355768680572509766e-01 -4.424661397933959961e-01 7.510333657264709473e-01 2.872313857078552246e-01 3.970777392387390137e-01 6.922790122628602605e-01 2.561703286503497212e-01 -5.405342555481885691e-01 9.146435555586641675e-01 -3.183797402428782397e-01 3.194750687435511383e-01 1.622533139168073901e-01
1.661971199752111435e+09 4.163681268692016602e-01 6.005081906914710999e-02 7.409950494766235352e-01 -4.444943368434906006e-01 7.436132431030273438e-01 2.938012778759002686e-01 4.039120376110076904e-01 7.114877942945015965e-01 2.647069581130018778e-01 -5.585470389794210400e-01 9.451231710759862015e-01 -3.289894384276286776e-01 3.301212676955844194e-01 1.676602493229986390e-01
1.661971199783029556e+09 4.142624139785766602e-01 8.042465895414352417e-02 7.463455200195312500e-01 -4.464293420314788818e-01 7.360883951187133789e-01 3.004293143749237061e-01 4.106300175189971924e-01 6.847010343081497696e-01 2.561644024397838337e-01 -5.405217509000805887e-01 9.146223963153985448e-01 -3.183723748879973003e-01 3.194676780494870583e-01 1.622495603700630229e-01
1.661971199813947916e+09 4.117498695850372314e-01 1.006446629762649536e-01 7.516264915466308594e-01 -4.482710659503936768e-01 7.284598946571350098e-01 3.071129620075225830e-01 4.172299802303314209e-01 6.807849939956784890e-01 2.561624270971936124e-01 -5.405175828126128623e-01 9.146153434518617953e-01 -3.183699198454330581e-01 3.194652145607883575e-01 1.622483092264076776e-01
1.661971199845860720e+09 4.088326692581176758e-01 1.207000613212585449e-01 7.568362951278686523e-01 -4.500196576118469238e-01 7.207289338111877441e-01 3.138497769832611084e-01 4.237103462219238281e-01 6.557045357380426598e-01 2.481800773121893289e-01 -5.236743616585596284e-01 8.861147562545265144e-01 -3.084491047984004308e-01 3.095102687255885665e-01 1.571924438095047560e-01
1.661971199877775669e+09 4.055132269859313965e-01 1.405801922082901001e-01 7.619730830192565918e-01 -4.516750574111938477e-01 7.128967046737670898e-01 3.206370770931243896e-01 4.300695061683654785e-01 6.517208135306269412e-01 2.481633911922919988e-01 -5.236391529775098475e-01 8.860551792843388563e-01 -3.084283665554231058e-01 3.094894591363979153e-01 1.571818751450363705e-01
1.661971199907696486e+09 4.017942547798156738e-01 1.602744758129119873e-01 7.670350670814514160e-01 -4.532372653484344482e-01 7.049645185470581055e-01 3.274723291397094727e-01 4.363059103488922119e-01 6.908802629567312170e-01 2.647027395745826794e-01 -5.585381376186080438e-01 9.451081089921019585e-01 -3.289841954427236703e-01 3.301160066731284037e-01 1.676575773826452509e-01
1.661971199938612700e+09 3.976787328720092773e-01 1.797724366188049316e-01 7.720205783843994141e-01 -4.547064304351806641e-01 6.969335675239562988e-01 3.343529105186462402e-01 4.424180984497070312e-01 6.644327721726778213e-01 2.561802062773086419e-01 -5.405550979141406920e-01 9.146788231397748881e-01 -3.183920165916735434e-01 3.194873873269285514e-01 1.622595702139992824e-01
1.661971199969530106e+09 3.931699097156524658e-01 1.990637034177780151e-01 7.769278883934020996e-01 -4.560825824737548828e-01 6.888051629066467285e-01 3.412761092185974121e-01 4.484046399593353271e-01 6.601428088831241547e-01 2.561703286503479449e-01 -5.405342555481885691e-01 9.146435555586641675e-01 -3.183797402428764634e-01 3.194750687435511383e-01 1.622533139168073901e-01
1.661971200001444817e+09 3.882712423801422119e-01 2.181380540132522583e-01 7.817551493644714355e-01 -4.573658704757690430e-01 6.805805563926696777e-01 3.482393324375152588e-01 4.542642235755920410e-01 6.353291694012503932e-01 2.481652450948092503e-01 -5.236430648193748372e-01 8.860617985520760076e-01 -3.084306706669318054e-01 3.094917711747907085e-01 1.571830493709077681e-01
1.661971200033360243e+09 3.829865157604217529e-01 2.369853556156158447e-01 7.865007519721984863e-01 -4.585563540458679199e-01 6.722610592842102051e-01 3.552398085594177246e-01 4.599954187870025635e-01 6.310818943215482646e-01 2.481596834703478083e-01 -5.236313294691024023e-01 8.860419410455601108e-01 -3.084237584356804285e-01 3.094848351632450978e-01 1.571795267459251133e-01
1.661971200063279629e+09 3.773197233676910400e-01 2.555955946445465088e-01 7.911629080772399902e-01 -4.596542418003082275e-01 6.638481020927429199e-01 3.622748255729675293e-01 4.655970335006713867e-01 6.686210174190226896e-01 2.647153955932409763e-01 -5.585648425522343752e-01 9.451532966840721084e-01 -3.289999248988023650e-01 3.301317902435830232e-01 1.676655934592108654e-01
1.661971200095194578e+09 3.712750971317291260e-01 2.739589512348175049e-01 7.957399487495422363e-01 -4.606597423553466797e-01 6.553428173065185547e-01 3.693417906761169434e-01 4.710679948329925537e-01 6.224998094172945473e-01 2.481633911922902780e-01 -5.236391529775098475e-01 8.860551792843388563e-01 -3.084283665554222176e-01 3.094894591363988035e-01 1.571818751450363705e-01
1.661971200127109289e+09 3.648571372032165527e-01 2.920657396316528320e-01 8.002302646636962891e-01 -4.615730047225952148e-01 6.467467546463012695e-01 3.764377236366271973e-01 4.764070510864257812e-01 6.181594082872410301e-01 2.481652450948109989e-01 -5.236430648193818316e-01 8.860617985520760076e-01 -3.084306706669326936e-01 3.094917711747907085e-01 1.571830493709086563e-01
1.661971200158027172e+09 3.580706119537353516e-01 3.099063336849212646e-01 8.046321272850036621e-01 -4.623942077159881592e-01 6.380612254142761230e-01 3.835600018501281738e-01 4.816130995750427246e-01 6.335742747324593083e-01 2.561663778128391300e-01 -5.405259190518314494e-01 9.146294492877095061e-01 -3.183748299684249217e-01 3.194701415761784791e-01 1.622508115330141554e-01
1.661971200188943624e+09 3.509204685688018799e-01 3.274713754653930664e-01 8.089439272880554199e-01 -4.631236791610717773e-01 6.292876005172729492e-01 3.907059431076049805e-01 4.866852760314941406e-01 6.290686078536693593e-01 2.561782306909778373e-01 -5.405509293123624825e-01 9.146717694059813830e-01 -3.183895612461772884e-01 3.194849235342570593e-01 1.622583189159640116e-01
1.661971200218863964e+09 3.434119224548339844e-01 3.447516560554504395e-01 8.131640553474426270e-01 -4.637615978717803955e-01 6.204273700714111328e-01 3.978724479675292969e-01 4.916223883628845215e-01 6.453109166697686971e-01 2.647069581130018778e-01 -5.585470389794210400e-01 9.451231710759862015e-01 -3.289894384276305095e-01 3.301212676955853076e-01 1.676602493229991109e-01
1.661971200250778913e+09 3.355504274368286133e-01 3.617380857467651367e-01 8.172909021377563477e-01 -4.643082320690155029e-01 6.114819049835205078e-01 4.050569832324981689e-01 4.964237511157989502e-01 6.005640287929937537e-01 2.481633911922919988e-01 -5.236391529775064058e-01 8.860551792843388563e-01 -3.084283665554231058e-01 3.094894591363970826e-01 1.571818751450368146e-01
1.661971200281696081e+09 3.273416459560394287e-01 3.784217536449432373e-01 8.213228583335876465e-01 -4.647640287876129150e-01 6.024527549743652344e-01 4.122566282749176025e-01 5.010884404182434082e-01 6.153835874999707967e-01 2.561723041148027957e-01 -5.405384238927978258e-01 9.146506088573127524e-01 -3.183821954369003837e-01 3.194775323842305448e-01 1.622545651376487985e-01
1.661971200312613487e+09 3.187914490699768066e-01 3.947939872741699219e-01 8.252584934234619141e-01 -4.651291668415069580e-01 5.933411717414855957e-01 4.194684624671936035e-01 5.056157708168029785e-01 6.108225973844618739e-01 2.561703286503479449e-01 -5.405342555481885691e-01 9.146435555586712729e-01 -3.183797402428764634e-01 3.194750687435511383e-01 1.622533139168069460e-01
1.661971200344528198e+09 3.099059462547302246e-01 4.108462631702423096e-01 8.290961980819702148e-01 -4.654040038585662842e-01 5.841487646102905273e-01 4.266897439956665039e-01 5.100049972534179688e-01 5.873305413968059607e-01 2.481652450948101385e-01 -5.236430648193782789e-01 8.860617985520760076e-01 -3.084306706669318054e-01 3.094917711747907085e-01 1.571830493709084342e-01
1.661971200376442909e+09 3.006914258003234863e-01 4.265702366828918457e-01 8.328344821929931641e-01 -4.655889570713043213e-01 5.748771429061889648e-01 4.339177012443542480e-01 5.142553448677062988e-01 5.829427171893442061e-01 2.481652450948101385e-01 -5.236430648193818316e-01 8.860617985520760076e-01 -3.084306706669320275e-01 3.094917711747907085e-01 1.571830493709082122e-01
1.661971200408357859e+09 2.911544442176818848e-01 4.419578313827514648e-01 8.364719152450561523e-01 -4.656844735145568848e-01 5.655276775360107422e-01 4.411493539810180664e-01 5.183663368225097656e-01 5.785747430689641702e-01 2.481633911922902780e-01 -5.236391529775064058e-01 8.860551792843388563e-01 -3.084283665554233278e-01 3.094894591363988035e-01 1.571818751450368146e-01
1.661971200440272331e+09 2.813016772270202637e-01 4.570010602474212646e-01 8.400070667266845703e-01 -4.656909108161926270e-01 5.561019778251647949e-01 4.483819603919982910e-01 5.223374366760253906e-01 5.742485484690130759e-01 2.481670990250284536e-01 -5.236469767197009517e-01 8.860684179187121590e-01 -3.084329748128664672e-01 3.094940832477269255e-01 1.571842236143238258e-01
1.661971200472187042e+09 2.711400389671325684e-01 4.716922342777252197e-01 8.434385657310485840e-01 -4.656085669994354248e-01 5.466013550758361816e-01 4.556125402450561523e-01 5.261681675910949707e-01 5.699467517524540172e-01 2.481652450948101385e-01 -5.236430648193818316e-01 8.860617985520828910e-01 -3.084306706669318054e-01 3.094917711747907085e-01 1.571830493709082122e-01
1.661971200502106667e+09 2.606766223907470703e-01 4.860238432884216309e-01 8.467650413513183594e-01 -4.654380083084106445e-01 5.370275378227233887e-01 4.628381431102752686e-01 5.298582315444946289e-01 6.034135454592309822e-01 2.647132861727533593e-01 -5.585603915526247132e-01 9.451457651020056527e-01 -3.289973032183365342e-01 3.301291595436958715e-01 1.676642573932184688e-01
1.661971200534021616e+09 2.499187290668487549e-01 4.999886155128479004e-01 8.499851226806640625e-01 -4.651797413825988770e-01 5.273821353912353516e-01 4.700561463832855225e-01 5.334070920944213867e-01 5.614833080970921264e-01 2.481633911922911384e-01 -5.236391529775098475e-01 8.860551792843388563e-01 -3.084283665554231058e-01 3.094894591363988035e-01 1.571818751450368146e-01
