1.661971200649712801e+09 1.378528122206244648e-16 -2.367949187755584717e-01 1.128897309303283691e+00 -6.125128269195556641e-01 6.125135421752929688e-01 3.533097505569458008e-01 3.533093035221099854e-01 0.000000000000000000e+00 0.000000000000000000e+00 0.000000000000000000e+00 0.000000000000000000e+00 0.000000000000000000e+00 0.000000000000000000e+00 0.000000000000000000e+00
1.661971236996693611e+09 1.656083878362533783e-16 -2.367949187755584717e-01 1.128897309303283691e+00 -6.125128269195556641e-01 6.125135421752929688e-01 3.533097505569458008e-01 3.533093035221099854e-01 7.636280922641675158e-19 0.000000000000000000e+00 0.000000000000000000e+00 0.000000000000000000e+00 0.000000000000000000e+00 3.054512369056670063e-18 0.000000000000000000e+00
1.661971237020629406e+09 2.106180181726813316e-03 -2.265925258398056030e-01 1.118636846542358398e+00 -6.125018596649169922e-01 6.132982969284057617e-01 3.535696268081665039e-01 3.517033755779266357e-01 6.108828592479330633e-01 -1.705445156905003312e-01 -8.101503817445614430e-01 -2.109235527968218449e-01 4.567732964896527026e-01 9.280671409184152454e-01 -3.903716224751250241e-01
1.661971237051546812e+09 4.379236605018377304e-03 -2.166715711355209351e-01 1.108194231986999512e+00 -6.123279929161071777e-01 6.142220497131347656e-01 3.537591397762298584e-01 3.502002060413360596e-01 4.716499198948232441e-01 -1.320330213394209362e-01 -6.272063467296850048e-01 -1.632938698418696655e-01 3.536270759485624082e-01 7.184957436196276470e-01 -3.022198899324315957e-01
1.661971237082463741e+09 6.817331071943044662e-03 -2.070364207029342651e-01 1.097575306892395020e+00 -6.119958162307739258e-01 6.152824759483337402e-01 3.538710176944732666e-01 3.488035202026367188e-01 4.704375175410811516e-01 -1.320350577075927456e-01 -6.272160202418624042e-01 -1.632963883515259895e-01 3.536325300002482463e-01 7.185068251040168663e-01 -3.022245511221723913e-01
1.661971237113381386e+09 9.418462403118610382e-03 -1.976913809776306152e-01 1.086786150932312012e+00 -6.115097999572753906e-01 6.164773702621459961e-01 3.538978099822998047e-01 3.475165963172912598e-01 4.692683212365868495e-01 -1.320320031788899395e-01 -6.272015100854694269e-01 -1.632926106161590174e-01 3.536243489858106881e-01 7.184902030056209421e-01 -3.022175593914750436e-01
1.661971237145296335e+09 1.218046434223651886e-02 -1.886407285928726196e-01 1.075832486152648926e+00 -6.108748316764831543e-01 6.178038120269775391e-01 3.538322150707244873e-01 3.463425040245056152e-01 4.535493265089897141e-01 -1.279061571946419895e-01 -6.076021949997716387e-01 -1.581899071386298761e-01 3.425740008500008371e-01 6.960382228233982227e-01 -2.927736134256275768e-01
1.661971237176719427e+09 1.510100625455379486e-02 -1.798886954784393311e-01 1.064720511436462402e+00 -6.100957989692687988e-01 6.192591190338134766e-01 3.536668419837951660e-01 3.452840149402618408e-01 4.596338617634513901e-01 -1.299082391859670838e-01 -6.171128349812928793e-01 -1.606660128339135185e-01 3.479362230669791889e-01 7.069331290714764293e-01 -2.973563230608011199e-01
1.661971237208634853e+09 1.817759126424789429e-02 -1.714394390583038330e-01 1.053455948829650879e+00 -6.091777086257934570e-01 6.208401322364807129e-01 3.533943891525268555e-01 3.443434834480285645e-01 4.516118736451423810e-01 -1.279042461937351938e-01 -6.075931170290782557e-01 -1.581875436788666989e-01 3.425688825723460229e-01 6.960278235611252473e-01 -2.927692391980452613e-01
1.661971237239551306e+09 2.140755578875541687e-02 -1.632970720529556274e-01 1.042044997215270996e+00 -6.081257462501525879e-01 6.225435137748718262e-01 3.530076742172241211e-01 3.435232937335968018e-01 4.653001875324874193e-01 -1.320370941385800301e-01 -6.272256940524512103e-01 -1.632989069388703363e-01 3.536379842201688994e-01 7.185179069302238819e-01 -3.022292124556977821e-01
1.661971237270974398e+09 2.478807047009468079e-02 -1.554656326770782471e-01 1.030493617057800293e+00 -6.069451570510864258e-01 6.243658661842346191e-01 3.524993956089019775e-01 3.428250849246978760e-01 4.569711541881857353e-01 -1.299082391859670838e-01 -6.171128349812998737e-01 -1.606660128339135185e-01 3.479362230669809652e-01 7.069331290714799820e-01 -2.973563230608028962e-01
1.661971237302889109e+09 2.831614017486572266e-02 -1.479491442441940308e-01 1.018807888031005859e+00 -6.056411266326904297e-01 6.263036131858825684e-01 3.518624305725097656e-01 3.422505557537078857e-01 4.491756434216211402e-01 -1.279071127165104516e-01 -6.076067340868333000e-01 -1.581910888949957517e-01 3.425765600461840310e-01 6.960434225710696587e-01 -2.927758005884351644e-01
1.661971237334804296e+09 3.198859840631484985e-02 -1.407515257596969604e-01 1.006994009017944336e+00 -6.042193770408630371e-01 6.283526420593261719e-01 3.510898947715759277e-01 3.418009877204895020e-01 4.484681467628241491e-01 -1.279052016870506348e-01 -6.075976559805135180e-01 -1.581887253999063880e-01 3.425714416920539462e-01 6.960330231534150869e-01 -2.927714262954943525e-01
1.661971237365227699e+09 3.580211848020553589e-02 -1.338766217231750488e-01 9.950581192970275879e-01 -6.026852726936340332e-01 6.305088400840759277e-01 3.501746952533721924e-01 3.414774537086486816e-01 4.697830919519487280e-01 -1.341769218152273624e-01 -6.373906776761446569e-01 -1.659453717290398644e-01 3.593691338723557505e-01 7.301623960296454996e-01 -3.071272181087551512e-01
1.661971237397144318e+09 3.975320607423782349e-02 -1.273282468318939209e-01 9.830065965652465820e-01 -6.010444760322570801e-01 6.327681541442871094e-01 3.491099178791046143e-01 3.412804305553436279e-01 4.472107437504006522e-01 -1.278994689412861208e-01 -6.075704232890939416e-01 -1.581816353384239149e-01 3.425560875472999922e-01 6.960018267648946377e-01 -2.927583042009138659e-01
1.661971237428061962e+09 4.383819922804832458e-02 -1.211100667715072632e-01 9.708457589149475098e-01 -5.993027091026306152e-01 6.351259350776672363e-01 3.478889763355255127e-01 3.412104547023773193e-01 4.611020187556280625e-01 -1.320320031788899395e-01 -6.272015100854694269e-01 -1.632926106161733948e-01 3.536243489858106881e-01 7.184902030056209421e-01 -3.022175593914750436e-01
1.661971237458979845e+09 4.805327206850051880e-02 -1.152257248759269714e-01 9.585819840431213379e-01 -5.974657535552978516e-01 6.375775933265686035e-01 3.465052545070648193e-01 3.412677049636840820e-01 4.605917858426459843e-01 -1.320309850340608271e-01 -6.271966735158622797e-01 -1.632913514098977836e-01 3.536216220651124953e-01 7.184846624770583334e-01 -3.022152288864635161e-01
1.661971237490401506e+09 5.239444226026535034e-02 -1.096787229180335999e-01 9.462218880653381348e-01 -5.955393910408020020e-01 6.401183009147644043e-01 3.449522852897644043e-01 3.414518535137176514e-01 4.527538182308193937e-01 -1.299141534253375752e-01 -6.171409298353802697e-01 -1.606733273604174228e-01 3.479520633102309857e-01 7.069653131097708432e-01 -2.973698605891685331e-01
1.661971237521319389e+09 5.685756355524063110e-02 -1.044724807143211365e-01 9.337720274925231934e-01 -5.935295820236206055e-01 6.427429318428039551e-01 3.432237207889556885e-01 3.417624831199645996e-01 4.597175996093868511e-01 -1.320309850340617153e-01 -6.271966735158694961e-01 -1.632913514098977836e-01 3.536216220651143272e-01 7.184846624770619972e-01 -3.022152288864635161e-01
1.661971237551239491e+09 6.143832579255104065e-02 -9.961029142141342163e-02 9.212391972541809082e-01 -5.914422273635864258e-01 6.454464793205261230e-01 3.413135111331939697e-01 3.421988785266876221e-01 4.746633434667310025e-01 -1.364339817699020685e-01 -6.481125585674494261e-01 -1.687368253421061559e-01 3.654142694294722493e-01 7.424448383617016090e-01 -3.122935651646129296e-01
1.661971237582662821e+09 6.613227725028991699e-02 -9.509532898664474487e-02 9.086301922798156738e-01 -5.892832875251770020e-01 6.482234001159667969e-01 3.392156362533569336e-01 3.427599370479583740e-01 4.516302172972718743e-01 -1.299072535317569166e-01 -6.171081527543034184e-01 -1.606647938109100338e-01 3.479335831666549583e-01 7.069277653499868030e-01 -2.973540669259076563e-01
1.661971237614578247e+09 7.093479484319686890e-02 -9.093063324689865112e-02 8.959519863128662109e-01 -5.870587825775146484e-01 6.510683298110961914e-01 3.369242548942565918e-01 3.434443175792694092e-01 4.443803077948220159e-01 -1.279042461937356101e-01 -6.075931170290782557e-01 -1.581875436788666989e-01 3.425688825723443021e-01 6.960278235611218056e-01 -2.927692391980418196e-01
1.661971237646492004e+09 7.584112137556076050e-02 -8.711908757686614990e-02 8.832116127014160156e-01 -5.847747921943664551e-01 6.539755463600158691e-01 3.344339132308959961e-01 3.442504107952117920e-01 4.441507988579521671e-01 -1.279109349467489887e-01 -6.076248911133190767e-01 -1.581958160970306504e-01 3.425867972132886075e-01 6.960642223386543925e-01 -2.927845495664589959e-01
1.661971237677409172e+09 8.084634691476821899e-02 -8.366343379020690918e-02 8.704162836074829102e-01 -5.824372768402099609e-01 6.569392085075378418e-01 3.317391872406005859e-01 3.451764881610870361e-01 4.582362334811084792e-01 -1.320340395156550939e-01 -6.272111834484677129e-01 -1.632951290869870398e-01 3.536298029533757603e-01 7.185012843190946574e-01 -3.022222205093286207e-01
1.661971237708326817e+09 8.594541996717453003e-02 -8.056623488664627075e-02 8.575733304023742676e-01 -5.800524353981018066e-01 6.599533557891845703e-01 3.288348615169525146e-01 3.462201654911041260e-01 4.580240637966724870e-01 -1.320320031788899395e-01 -6.272015100854766434e-01 -1.632926106161733948e-01 3.536243489858106881e-01 7.184902030056209421e-01 -3.022175593914759317e-01
1.661971237738246918e+09 9.113314747810363770e-02 -7.782988250255584717e-02 8.446902036666870117e-01 -5.776262879371643066e-01 6.630117893218994141e-01 3.257160484790802002e-01 3.473791778087615967e-01 4.731063897395502704e-01 -1.364339817699011248e-01 -6.481125585674494261e-01 -1.687368253421210051e-01 3.654142694294685301e-01 7.424448383616941705e-01 -3.122935651646101540e-01
1.661971237770161390e+09 9.640421718358993530e-02 -7.545655220746994019e-02 8.317744135856628418e-01 -5.751649141311645508e-01 6.661083698272705078e-01 3.223780095577239990e-01 3.486507534980773926e-01 4.433858086355720318e-01 -1.279080682526545776e-01 -6.076112732417277007e-01 -1.581922706690044866e-01 3.425791192806026397e-01 6.960486223964273966e-01 -2.927779877839196687e-01
1.661971237802076101e+09 1.017531827092170715e-01 -7.344823330640792847e-02 8.188336491584777832e-01 -5.726743340492248535e-01 6.692367196083068848e-01 3.188163340091705322e-01 3.500321209430694580e-01 4.432425903843363879e-01 -1.279071127165104516e-01 -6.076067340868333000e-01 -1.581910888949957517e-01 3.425765600461822546e-01 6.960434225710661060e-01 -2.927758005884343318e-01
1.661971237832993507e+09 1.071744710206985474e-01 -7.180669158697128296e-02 8.058757781982421875e-01 -5.701606869697570801e-01 6.723902225494384766e-01 3.150267899036407471e-01 3.515200018882751465e-01 4.574068456186666243e-01 -1.320330213394204921e-01 -6.272063467296777883e-01 -1.632938698418696655e-01 3.536270759485641846e-01 7.184957436196311997e-01 -3.022198899324307075e-01
1.661971237863911629e+09 1.126624122262001038e-01 -7.053344696760177612e-02 7.929087281227111816e-01 -5.676299929618835449e-01 6.755623221397399902e-01 3.110054731369018555e-01 3.531109988689422607e-01 4.572722786183971988e-01 -1.320299669049354585e-01 -6.271918370208546811e-01 -1.632900922230423602e-01 3.536188951864722707e-01 7.184791220339503681e-01 -3.022128984173943489e-01
1.661971237893831491e+09 1.182112023234367371e-01 -6.962978839874267578e-02 7.799406051635742188e-01 -5.650883316993713379e-01 6.787462234497070312e-01 3.067486584186553955e-01 3.548014461994171143e-01 4.724045880539906594e-01 -1.364350689539025330e-01 -6.481177230990055049e-01 -1.687381699336547303e-01 3.654171812593705604e-01 7.424507545868129776e-01 -3.122960536983552804e-01
1.661971237925747156e+09 1.238149628043174744e-01 -6.909674406051635742e-02 7.669795751571655273e-01 -5.625414848327636719e-01 6.819351911544799805e-01 3.022529780864715576e-01 3.565875589847564697e-01 4.427488907665671491e-01 -1.279032907146957498e-01 -6.075885781454573031e-01 -1.581863619754686201e-01 3.425663234908692956e-01 6.960226240465167136e-01 -2.927670521332673692e-01
1.661971237956663847e+09 1.294677108526229858e-01 -6.893505156040191650e-02 7.540339827537536621e-01 -5.599954128265380859e-01 6.851222515106201172e-01 2.975153326988220215e-01 3.584651350975036621e-01 4.569329988740890580e-01 -1.320360759152342800e-01 -6.272208571098634167e-01 -1.632976476354869311e-01 3.536352570891789782e-01 7.185123659743889446e-01 -3.022268817709636290e-01
1.661971237987581253e+09 1.351633816957473755e-01 -6.914518028497695923e-02 7.411122322082519531e-01 -5.574561953544616699e-01 6.883003115653991699e-01 2.925329208374023438e-01 3.604299724102020264e-01 4.567946413657902327e-01 -1.320330213394209362e-01 -6.272063467296777883e-01 -1.632938698418553158e-01 3.536270759485624082e-01 7.184957436196294234e-01 -3.022198899324298194e-01
1.661971238019495726e+09 1.408958286046981812e-01 -6.972729414701461792e-02 7.282229661941528320e-01 -5.549294948577880859e-01 6.914623975753784180e-01 2.873032391071319580e-01 3.624775111675262451e-01 4.423865461948168765e-01 -1.279080682526537172e-01 -6.076112732417208173e-01 -1.581922706690183922e-01 3.425791192806009189e-01 6.960486223964239549e-01 -2.927779877839196687e-01
1.661971238050413847e+09 1.466588526964187622e-01 -7.068124413490295410e-02 7.153747677803039551e-01 -5.524211525917053223e-01 6.946011185646057129e-01 2.818240821361541748e-01 3.646030426025390625e-01 4.564887928065903822e-01 -1.320299669049359026e-01 -6.271918370208546811e-01 -1.632900922230423602e-01 3.536188951864741026e-01 7.184791220339539208e-01 -3.022128984173943489e-01
1.661971238081330061e+09 1.524461805820465088e-01 -7.200655341148376465e-02 7.025763988494873047e-01 -5.499367713928222656e-01 6.977094411849975586e-01 2.760935127735137939e-01 3.668017089366912842e-01 4.563441078001497786e-01 -1.320381123776304122e-01 -6.272305310696488778e-01 -1.633001662616766492e-01 3.536407113932225621e-01 7.185234479715180145e-01 -3.022315431763811788e-01
1.661971238113245249e+09 1.582514941692352295e-01 -7.370240986347198486e-02 6.898367404937744141e-01 -5.474820733070373535e-01 7.007798552513122559e-01 2.701100707054138184e-01 3.690684139728546143e-01 4.418697980382277346e-01 -1.279052016870515229e-01 -6.075976559805205124e-01 -1.581887253999203213e-01 3.425714416920556671e-01 6.960330231534185286e-01 -2.927714262954961288e-01
1.661971238144162893e+09 1.640684604644775391e-01 -7.576765865087509155e-02 6.771647334098815918e-01 -5.450626015663146973e-01 7.038051486015319824e-01 2.638723552227020264e-01 3.713979721069335938e-01 4.559035624140306830e-01 -1.320320031788890514e-01 -6.272015100854694269e-01 -1.632926106161733948e-01 3.536243489858106881e-01 7.184902030056209421e-01 -3.022175593914750436e-01
1.661971238175081015e+09 1.698906719684600830e-01 -7.820077240467071533e-02 6.645693778991699219e-01 -5.426837205886840820e-01 7.067778110504150391e-01 2.573796212673187256e-01 3.737850189208984375e-01 4.556429722623742129e-01 -1.320299669049359026e-01 -6.271918370208546811e-01 -1.632900922230423602e-01 3.536188951864741026e-01 7.184791220339521445e-01 -3.022128984173943489e-01
1.661971238204999924e+09 1.757117658853530884e-01 -8.099987357854843140e-02 6.520596742630004883e-01 -5.403509140014648438e-01 7.096904516220092773e-01 2.506311833858489990e-01 3.762239515781402588e-01 4.705654964158359488e-01 -1.364394178631759824e-01 -6.481383820483423985e-01 -1.687435485140711122e-01 3.654288290430393049e-01 7.424744204301804151e-01 -3.123060082299460860e-01
1.661971238235918045e+09 1.815253198146820068e-01 -8.416268229484558105e-02 6.396448016166687012e-01 -5.380694270133972168e-01 7.125353813171386719e-01 2.436268776655197144e-01 3.787091374397277832e-01 4.550326186096891878e-01 -1.320299669049359026e-01 -6.271918370208474647e-01 -1.632900922230423602e-01 3.536188951864741026e-01 7.184791220339521445e-01 -3.022128984173961808e-01
1.661971238266834974e+09 1.873249411582946777e-01 -8.768654614686965942e-02 6.273339390754699707e-01 -5.358443260192871094e-01 7.153053879737854004e-01 2.363667786121368408e-01 3.812347054481506348e-01 4.546830066291991379e-01 -1.320350577075918574e-01 -6.272160202418695096e-01 -1.632963883515259895e-01 3.536325300002446381e-01 7.185068251040114262e-01 -3.022245511221723913e-01
1.661971238298749447e+09 1.931042671203613281e-01 -9.156839549541473389e-02 6.151362657546997070e-01 -5.336807370185852051e-01 7.179926633834838867e-01 2.288512885570526123e-01 3.837948143482208252e-01 4.400719560351225024e-01 -1.279080682526545776e-01 -6.076112732417208173e-01 -1.581922706690183922e-01 3.425791192806026397e-01 6.960486223964239549e-01 -2.927779877839196687e-01
1.661971238329666853e+09 1.988569200038909912e-01 -9.580478817224502563e-02 6.030609607696533203e-01 -5.315836071968078613e-01 7.205898761749267578e-01 2.210812866687774658e-01 3.863833546638488770e-01 4.538036662537925925e-01 -1.320330213394209362e-01 -6.272063467296777883e-01 -1.632938698418696655e-01 3.536270759485624082e-01 7.184957436196311997e-01 -3.022198899324298194e-01
1.661971238360584259e+09 2.045766115188598633e-01 -1.003918275237083435e-01 5.911172628402709961e-01 -5.295578241348266602e-01 7.230893969535827637e-01 2.130579054355621338e-01 3.889943063259124756e-01 4.532900939911209126e-01 -1.320330213394200480e-01 -6.272063467296706829e-01 -1.632938698418696655e-01 3.536270759485641846e-01 7.184957436196311997e-01 -3.022198899324298194e-01
1.661971238392499924e+09 2.102570682764053345e-01 -1.053252369165420532e-01 5.793142914772033691e-01 -5.276079773902893066e-01 7.254837155342102051e-01 2.047826498746871948e-01 3.916213512420654297e-01 4.385623410926022814e-01 -1.279032907146961662e-01 -6.075885781454642975e-01 -1.581863619754686201e-01 3.425663234908710164e-01 6.960226240465150482e-01 -2.927670521332673692e-01
1.661971238424413681e+09 2.158921062946319580e-01 -1.106002852320671082e-01 5.676612854003906250e-01 -5.257386565208435059e-01 7.277653217315673828e-01 1.962573975324630737e-01 3.942582607269287109e-01 4.379793144467359900e-01 -1.279109349467494050e-01 -6.076248911133120822e-01 -1.581958160970167171e-01 3.425867972132903283e-01 6.960642223386543925e-01 -2.927845495664589959e-01
1.661971238456328392e+09 2.214756011962890625e-01 -1.162118390202522278e-01 5.561672449111938477e-01 -5.239542722702026367e-01 7.299267649650573730e-01 1.874842792749404907e-01 3.968986570835113525e-01 4.372994625571889338e-01 -1.279071127165104516e-01 -6.076067340868401834e-01 -1.581910888949957517e-01 3.425765600461805338e-01 6.960434225710661060e-01 -2.927758005884334436e-01
1.661971238487754583e+09 2.270015329122543335e-01 -1.221543326973915100e-01 5.448412895202636719e-01 -5.222591757774353027e-01 7.319604754447937012e-01 1.784659922122955322e-01 3.995360732078552246e-01 4.433539378586886515e-01 -1.298954268477742480e-01 -6.170519715718983944e-01 -1.606501669775977081e-01 3.479019074871004258e-01 7.068634070401021985e-01 -2.973269959773289228e-01
1.661971238519669533e+09 2.324639558792114258e-01 -1.284217536449432373e-01 5.336923599243164062e-01 -5.206575393676757812e-01 7.338591217994689941e-01 1.692053973674774170e-01 4.021641612052917480e-01 4.357661125060659502e-01 -1.279061571946428777e-01 -6.076021949997716387e-01 -1.581899071386298761e-01 3.425740008499990608e-01 6.960382228233982227e-01 -2.927736134256258560e-01
1.661971238549589157e+09 2.324639558792114258e-01 -1.284217536449432373e-01 5.336923599243164062e-01 -5.206575393676757812e-01 7.338591217994689941e-01 1.692053973674774170e-01 4.021641612052917480e-01 0.000000000000000000e+00 0.000000000000000000e+00 0.000000000000000000e+00 0.000000000000000000e+00 0.000000000000000000e+00 0.000000000000000000e+00 0.000000000000000000e+00
1.661971238580506563e+09 2.340313941240310669e-01 -1.124138385057449341e-01 5.394437909126281738e-01 -5.215744376182556152e-01 7.311423420906066895e-01 1.777658015489578247e-01 4.022316634654998779e-01 5.524990463766180637e-01 -4.506301759220854297e-02 -1.896793833118865999e-02 7.153891521095014916e-01 -5.725912922459459597e-01 -4.937166099690094012e-01 3.603034563241742094e-01
1.661971238611423969e+09 2.356560975313186646e-01 -9.660647064447402954e-02 5.455176830291748047e-01 -5.225620269775390625e-01 7.283123731613159180e-01 1.860459446907043457e-01 4.023393392562866211e-01 5.502369405698905869e-01 -4.506301759220764785e-02 -1.896793833118865999e-02 7.153891521095014916e-01 -5.725912922459531762e-01 -4.937166099690057930e-01 3.603034563241742094e-01
1.661971238643338442e+09 2.373392581939697266e-01 -8.100536465644836426e-02 5.519075393676757812e-01 -5.236170887947082520e-01 7.253773212432861328e-01 1.940437555313110352e-01 4.024921655654907227e-01 5.308807841546665518e-01 -4.365516649836639895e-02 -1.837534524367148009e-02 6.930390864873025025e-01 -5.547024929558548312e-01 -4.782920000220473034e-01 3.490469173215842158e-01
1.661971238673258066e+09 2.390820235013961792e-01 -6.561596691608428955e-02 5.586066842079162598e-01 -5.247361063957214355e-01 7.223452925682067871e-01 2.017573267221450806e-01 4.026949405670166016e-01 5.639949603153066038e-01 -4.656581242074962074e-02 -1.960049516282752827e-02 7.392464784855116156e-01 -5.916864900119407356e-01 -5.101814365134890172e-01 3.723191223803106187e-01
1.661971238705173492e+09 2.408855110406875610e-01 -5.044344440102577209e-02 5.656086206436157227e-01 -5.259154438972473145e-01 7.192245125770568848e-01 2.091851681470870972e-01 4.029524624347686768e-01 5.266197461846546801e-01 -4.365386202539034421e-02 -1.837479616453801395e-02 6.930183775808388402e-01 -5.546859177261678209e-01 -4.782777080369539080e-01 3.490364873471380469e-01
1.661971238735093594e+09 2.427508234977722168e-01 -3.549269214272499084e-02 5.729067921638488770e-01 -5.271512269973754883e-01 7.160226106643676758e-01 2.163260281085968018e-01 4.032694697380065918e-01 5.595301075780759748e-01 -4.656507030061060592e-02 -1.960018278940468817e-02 7.392346971018988189e-01 -5.916770602943408619e-01 -5.101733057433104346e-01 3.723131887241616367e-01
1.661971238766010284e+09 2.446790039539337158e-01 -2.076834253966808319e-02 5.804949402809143066e-01 -5.284392237663269043e-01 7.127478122711181641e-01 2.231788486242294312e-01 4.036505222320556641e-01 5.393999260069125556e-01 -4.506406012234303454e-02 -1.896837715327322205e-02 7.154057025934560388e-01 -5.726045391102149162e-01 -4.937280320723583249e-01 3.603117919224357868e-01
1.661971238795930386e+09 2.466710358858108521e-01 -6.274785846471786499e-03 5.883666872978210449e-01 -5.297752022743225098e-01 7.094078063964843750e-01 2.297430485486984253e-01 4.041001796722412109e-01 5.552494814129215195e-01 -4.656507030060967611e-02 -1.960018278939726702e-02 7.392346971018839419e-01 -5.916770602943408619e-01 -5.101733057433122109e-01 3.723131887241616367e-01
1.661971238826848269e+09 2.487278729677200317e-01 7.983827032148838043e-03 5.965157151222229004e-01 -5.311545133590698242e-01 7.060103416442871094e-01 2.360181659460067749e-01 4.046228528022766113e-01 5.353307104924626136e-01 -4.506232259891599506e-02 -1.896764579441198584e-02 7.153781188789392065e-01 -5.725824613436082400e-01 -4.937089955270362318e-01 3.602978994729270634e-01
1.661971238869734764e+09 2.508504092693328857e-01 2.200356870889663696e-02 6.049360036849975586e-01 -5.325724482536315918e-01 7.025631666183471680e-01 2.420041263103485107e-01 4.052228629589080811e-01 3.845312309405115592e-01 -3.248648776291188783e-02 -1.367422177671408050e-02 5.157329042195347713e-01 -4.127881576202780955e-01 -3.559264218221761533e-01 2.597472262229050255e-01
1.661971238907632828e+09 2.530394792556762695e-01 3.578072786331176758e-02 6.136215329170227051e-01 -5.340240001678466797e-01 6.990737915039062500e-01 2.477009892463684082e-01 4.059044420719146729e-01 4.336081922849844839e-01 -3.676260683651268873e-02 -1.547412704757009441e-02 5.836175990720943174e-01 -4.671224804636392447e-01 -4.027761697007410380e-01 2.939371354698780414e-01
1.661971238936554670e+09 2.552958726882934570e-01 4.931178316473960876e-02 6.225664615631103516e-01 -5.355041027069091797e-01 6.955496072769165039e-01 2.531093060970306396e-01 4.066716432571411133e-01 5.662358606955293361e-01 -4.817229782539200061e-02 -2.027669746159374217e-02 7.647499243910395039e-01 -6.120992276173510271e-01 -5.277823112512137760e-01 3.851638512678570714e-01
1.661971238968469620e+09 2.576202750205993652e-01 6.259341537952423096e-02 6.317648887634277344e-01 -5.370072126388549805e-01 6.919980645179748535e-01 2.582296729087829590e-01 4.075284004211425781e-01 5.114294314979715983e-01 -4.365451425213252162e-02 -1.837507069999940595e-02 6.930287318793660889e-01 -5.546942052171880411e-01 -4.782848539227332330e-01 3.490417022564446525e-01
1.661971238999890804e+09 2.600133717060089111e-01 7.562246173620223999e-02 6.412113308906555176e-01 -5.385280251502990723e-01 6.884261965751647949e-01 2.630631923675537109e-01 4.084786176681518555e-01 5.178087339087007468e-01 -4.434051849385255151e-02 -1.866382380281927239e-02 7.039192585029503402e-01 -5.634108885695273683e-01 -4.858008106150011329e-01 3.545266811271715612e-01
1.661971239031805992e+09 2.624756693840026855e-01 8.839593082666397095e-02 6.509003043174743652e-01 -5.400606393814086914e-01 6.848411560058593750e-01 2.676109671592712402e-01 4.095258712768554688e-01 5.082337925559508029e-01 -4.365418813632567646e-02 -1.837493343124674619e-02 6.930235546914271794e-01 -5.546900614407243024e-01 -4.782812809531531983e-01 3.490390947823126533e-01
1.661971239062724590e+09 2.650077342987060547e-01 1.009109690785408020e-01 6.608263850212097168e-01 -5.415992736816406250e-01 6.812498569488525391e-01 2.718747258186340332e-01 4.106738567352294922e-01 5.230819079519267722e-01 -4.506128014917036573e-02 -1.896720700616548114e-02 7.153615696712252170e-01 -5.725692155008215156e-01 -4.936975743044583198e-01 3.602895645174326589e-01
1.661971239110120535e+09 2.676098942756652832e-01 1.131648719310760498e-01 6.709843873977661133e-01 -5.431379675865173340e-01 6.776589751243591309e-01 2.758560180664062500e-01 4.119258522987365723e-01 3.402835862838460290e-01 -2.939558702924504816e-02 -1.237319895053423484e-02 4.666639121000428769e-01 -3.735137605679185735e-01 -3.220620888610313259e-01 2.350337854237822266e-01
1.661971239156000614e+09 2.702825367450714111e-01 1.251550316810607910e-01 6.813693046569824219e-01 -5.446704626083374023e-01 6.740751862525939941e-01 2.795570492744445801e-01 4.132851958274841309e-01 3.506056570498432001e-01 -3.036680922028127741e-02 -1.278200607464105749e-02 4.820823606833675168e-01 -3.858545535093824141e-01 -3.327029325795775039e-01 2.427992376945458941e-01
1.661971239201394081e+09 2.730258405208587646e-01 1.368789523839950562e-01 6.919762492179870605e-01 -5.461905002593994141e-01 6.705048084259033203e-01 2.829800248146057129e-01 4.147548377513885498e-01 3.534932979190701929e-01 -3.069233763829126715e-02 -1.291902759001134840e-02 4.872502236315469637e-01 -3.899908663328571778e-01 -3.362694666373467478e-01 2.454020153247998270e-01
1.661971239249265909e+09 2.758399248123168945e-01 1.483342647552490234e-01 7.028004527091979980e-01 -5.476915240287780762e-01 6.669541597366333008e-01 2.861275672912597656e-01 4.163377881050109863e-01 3.344259047621046532e-01 -2.910337185953768002e-02 -1.225019965722002648e-02 4.620249071318838219e-01 -3.698007410992546484e-01 -3.188605393271095600e-01 2.326973654221592691e-01
1.661971239295666933e+09 2.787248790264129639e-01 1.595186144113540649e-01 7.138372659683227539e-01 -5.491670370101928711e-01 6.634293198585510254e-01 2.890024185180664062e-01 4.180367588996887207e-01 3.442968853743425539e-01 -3.002588085656575714e-02 -1.263850240968837808e-02 4.766700188988995390e-01 -3.815225619390504863e-01 -3.289676746015363085e-01 2.400733290810293796e-01
1.661971239343540192e+09 2.816805541515350342e-01 1.704297661781311035e-01 7.250822782516479492e-01 -5.506102442741394043e-01 6.599360704421997070e-01 2.916075587272644043e-01 4.198543131351470947e-01 3.330646688226746588e-01 -2.910250221521806444e-02 -1.224983360628278603e-02 4.620111012629987135e-01 -3.697896910011604366e-01 -3.188510113845021698e-01 2.326904121404912429e-01
1.661971239389415741e+09 2.847068011760711670e-01 1.810655146837234497e-01 7.365311980247497559e-01 -5.520145893096923828e-01 6.564801335334777832e-01 2.939464747905731201e-01 4.217929840087890625e-01 3.469632937179956134e-01 -3.036980777224777134e-02 -1.278326822599758911e-02 4.821299636106343711e-01 -3.858926544808014558e-01 -3.327357851267611633e-01 2.428232127564746157e-01
1.661971239437288284e+09 2.878033220767974854e-01 1.914236992597579956e-01 7.481797337532043457e-01 -5.533728003501892090e-01 6.530669331550598145e-01 2.960224747657775879e-01 4.238547682762145996e-01 3.319734573976459990e-01 -2.910293703088126516e-02 -1.225001662901221457e-02 4.620180040943103195e-01 -3.697952159676586859e-01 -3.188557752846278293e-01 2.326938887293813485e-01
1.661971239483165741e+09 2.909696698188781738e-01 2.015022039413452148e-01 7.600238919258117676e-01 -5.546779632568359375e-01 6.497018337249755859e-01 2.978392839431762695e-01 4.260417520999908447e-01 3.459415805007301503e-01 -3.036854515187724715e-02 -1.278273676346792544e-02 4.821099191270518669e-01 -3.858766110494429302e-01 -3.327219516845663638e-01 2.428131174164861739e-01
1.661971239513085127e+09 2.942053079605102539e-01 2.112988978624343872e-01 7.720597982406616211e-01 -5.559232831001281738e-01 6.463897228240966797e-01 2.994009852409362793e-01 4.283559024333953857e-01 5.298465876610243264e-01 -4.656618348969018828e-02 -1.960065135327276192e-02 7.392523693181488609e-01 -5.916912049834481824e-01 -5.101855019957676207e-01 3.723220892793094317e-01
1.661971239544002056e+09 2.975095808506011963e-01 2.208116948604583740e-01 7.842835783958435059e-01 -5.571011900901794434e-01 6.431356668472290039e-01 3.007115721702575684e-01 4.307985007762908936e-01 5.122658465202537537e-01 -4.506371260693909503e-02 -1.896823087698902566e-02 7.154001856803842152e-01 -5.726001234206911095e-01 -4.937242246458530825e-01 3.603090133468281331e-01
1.661971239574918747e+09 3.008816838264465332e-01 2.300384789705276489e-01 7.966915369033813477e-01 -5.582047104835510254e-01 6.399440169334411621e-01 3.017756044864654541e-01 4.333713352680206299e-01 5.118915603132960790e-01 -4.506406012234393660e-02 -1.896837715327322205e-02 7.154057025934560388e-01 -5.726045391102158044e-01 -4.937280320723583249e-01 3.603117919224357868e-01
1.661971239606833458e+09 3.043206930160522461e-01 2.389771193265914917e-01 8.092801570892333984e-01 -5.592264533042907715e-01 6.368191838264465332e-01 3.025975525379180908e-01 4.360754191875457764e-01 4.956239050690065540e-01 -4.365484037281272545e-02 -1.837520797080995430e-02 6.930339091446573452e-01 -5.546983490555655871e-01 -4.782884269456978421e-01 3.490443097695348773e-01
1.661971239637750387e+09 3.078255057334899902e-01 2.476254850625991821e-01 8.220458626747131348e-01 -5.601591467857360840e-01 6.337654590606689453e-01 3.031822144985198975e-01 4.389118552207946777e-01 5.114573438154215168e-01 -4.506371260693909503e-02 -1.896823087698902566e-02 7.154001856803842152e-01 -5.726001234206902213e-01 -4.937242246458526385e-01 3.603090133468281331e-01
1.661971239668667316e+09 3.113949596881866455e-01 2.559814155101776123e-01 8.349852561950683594e-01 -5.609953999519348145e-01 6.307866573333740234e-01 3.035345673561096191e-01 4.418813884258270264e-01 5.114054865939704486e-01 -4.506371260693819991e-02 -1.896823087698902566e-02 7.154001856803842152e-01 -5.726001234206897772e-01 -4.937242246458526385e-01 3.603090133468272449e-01
1.661971239700583220e+09 3.150276541709899902e-01 2.640426456928253174e-01 8.480949997901916504e-01 -5.617278218269348145e-01 6.278863549232482910e-01 3.036597967147827148e-01 4.449847340583801270e-01 4.954526907548487680e-01 -4.365320981813639034e-02 -1.837452163727301344e-02 6.930080235917067677e-01 -5.546776304827858439e-01 -4.782705623647032223e-01 3.490312725936573490e-01
1.661971239731498957e+09 3.187221288681030273e-01 2.718069553375244141e-01 8.613718152046203613e-01 -5.623489618301391602e-01 6.250681281089782715e-01 3.035631179809570312e-01 4.482220411300659180e-01 5.116471200715446699e-01 -4.506545023756235863e-02 -1.896896228097132847e-02 7.154277710966665538e-01 -5.726222025493792334e-01 -4.937432623656278774e-01 3.603229066534274772e-01
1.661971239762416363e+09 3.224766850471496582e-01 2.792719900608062744e-01 8.748124837875366211e-01 -5.628514289855957031e-01 6.223350167274475098e-01 3.032500743865966797e-01 4.515936672687530518e-01 5.118929507145930646e-01 -4.506301759220854297e-02 -1.896793833118147823e-02 7.153891521095014916e-01 -5.725912922459500676e-01 -4.937166099690073473e-01 3.603034563241742094e-01
1.661971239805301905e+09 3.262895941734313965e-01 2.864354252815246582e-01 8.884138464927673340e-01 -5.632278919219970703e-01 6.196899414062500000e-01 3.027263581752777100e-01 4.550994038581848145e-01 3.693144310292668098e-01 -3.248721018654460863e-02 -1.367452585947770416e-02 5.157443729151012235e-01 -4.127973370650618867e-01 -3.559343367947240822e-01 2.597530023947178801e-01
1.661971239840209007e+09 3.301588594913482666e-01 2.932948172092437744e-01 9.021726846694946289e-01 -5.634708404541015625e-01 6.171355843544006348e-01 3.019977509975433350e-01 4.587390720844268799e-01 4.541577414522649514e-01 -3.991255392221094989e-02 -1.680000368123673801e-02 6.336239700439435518e-01 -5.071471474450554018e-01 -4.372874226045240786e-01 3.191226841272166159e-01
1.661971239872123241e+09 3.301588594913482666e-01 2.932948172092437744e-01 9.021726846694946289e-01 -5.634708404541015625e-01 6.171355843544006348e-01 3.019977509975433350e-01 4.587390720844268799e-01 0.000000000000000000e+00 0.000000000000000000e+00 0.000000000000000000e+00 0.000000000000000000e+00 0.000000000000000000e+00 2.717789603230074206e-16 0.000000000000000000e+00
1.661971239902043819e+09 3.165767490863800049e-01 3.077261447906494141e-01 8.843287229537963867e-01 -5.646733045578002930e-01 6.144638061523437500e-01 3.081763982772827148e-01 4.567336738109588623e-01 8.912689323211674397e-01 4.042474479522065733e-01 -8.781337860121954941e-01 2.775726253578519320e-01 -2.839078274285532916e-02 7.451618882079487083e-01 2.660995188426545366e-01
1.661971239933958292e+09 3.025947809219360352e-01 3.216189444065093994e-01 8.661707043647766113e-01 -5.658578276634216309e-01 6.117921471595764160e-01 3.143635094165802002e-01 4.546327590942382812e-01 8.397321083929885077e-01 3.789916085448893912e-01 -8.232713348328202230e-01 2.602309459349687604e-01 -2.661703487324253159e-02 6.986070142653443282e-01 2.494746353751169099e-01
1.661971239965872526e+09 2.882271409034729004e-01 3.349556624889373779e-01 8.477078676223754883e-01 -5.670237541198730469e-01 6.091212034225463867e-01 3.205575644969940186e-01 4.524358808994293213e-01 8.437941814409107844e-01 3.789944398408032211e-01 -8.232774851662693072e-01 2.602328900171000936e-01 -2.661723371854824230e-02 6.986122332811250946e-01 2.494764991011203803e-01
1.661971239997787476e+09 2.734887003898620605e-01 3.477191627025604248e-01 8.289496302604675293e-01 -5.681707859039306641e-01 6.064516305923461914e-01 3.267569243907928467e-01 4.501426219940185547e-01 8.477374918438139728e-01 3.789859460799653301e-01 -8.232590344415959827e-01 2.602270578578449456e-01 -2.661663719154475430e-02 6.985965764677153356e-01 2.494709080066474238e-01
1.661971240029702663e+09 2.583949267864227295e-01 3.598929345607757568e-01 8.099057078361511230e-01 -5.692983269691467285e-01 6.037837266921997070e-01 3.329600989818572998e-01 4.477524459362030029e-01 8.515983160344380298e-01 3.789831149109548214e-01 -8.232528843838202715e-01 2.602251138628511873e-01 -2.661643835515211179e-02 6.985913576858618912e-01 2.494690443641793265e-01
1.661971240061618805e+09 2.429619282484054565e-01 3.714609742164611816e-01 7.905861139297485352e-01 -5.704059004783630371e-01 6.011181473731994629e-01 3.391654193401336670e-01 4.452650249004364014e-01 8.553399816232010178e-01 3.789717906578984885e-01 -8.232282850715377798e-01 2.602173381733149937e-01 -2.661564303928833433e-02 6.985704833381486401e-01 2.494615900727426838e-01
1.661971240093533516e+09 2.272063642740249634e-01 3.824078142642974854e-01 7.710009813308715820e-01 -5.714931488037109375e-01 5.984553694725036621e-01 3.453712463378906250e-01 4.426800310611724854e-01 8.590461343591566656e-01 3.789887772912762243e-01 -8.232651845912630773e-01 2.602290018818839701e-01 -2.661683603090820444e-02 6.986017953275425185e-01 2.494727716769593040e-01
1.661971240126444817e+09 2.111454904079437256e-01 3.927186727523803711e-01 7.511607408523559570e-01 -5.725593566894531250e-01 5.957959294319152832e-01 3.515759408473968506e-01 4.399970471858978271e-01 8.364906357574092288e-01 3.675125885845424434e-01 -7.983358273644374226e-01 2.523489871914588734e-01 -2.581084954431593984e-02 6.774473799083224890e-01 2.419184672318009377e-01
1.661971240157361507e+09 1.947971284389495850e-01 4.023793041706085205e-01 7.310760617256164551e-01 -5.736042857170104980e-01 5.931403040885925293e-01 3.577777147293090820e-01 4.372158646583557129e-01 8.940280385401675467e-01 3.912228953237367191e-01 -8.498409674212754616e-01 2.686294414601923530e-01 -2.747605280239238598e-02 7.211533254356673472e-01 2.575259899183935941e-01
1.661971240188785315e+09 1.781795918941497803e-01 4.113761186599731445e-01 7.107577323913574219e-01 -5.746275186538696289e-01 5.904890894889831543e-01 3.639750480651855469e-01 4.343363046646118164e-01 8.830065293226548873e-01 3.849093537090783612e-01 -8.361262631496458875e-01 2.642943087830060822e-01 -2.703264520828652442e-02 7.095153778995965110e-01 2.533700443598894125e-01
1.661971240220701218e+09 1.613117605447769165e-01 4.196962118148803711e-01 6.902168989181518555e-01 -5.756284594535827637e-01 5.878428220748901367e-01 3.701660633087158203e-01 4.313580691814422607e-01 8.726344343447003382e-01 3.789746216577166149e-01 -8.232344347617860381e-01 2.602192820521345151e-01 -2.661584186379839512e-02 6.985757018081264480e-01 2.494634536038380923e-01
1.661971240252615213e+09 1.613117605447769165e-01 4.196962118148803711e-01 6.902168989181518555e-01 -5.756284594535827637e-01 5.878428220748901367e-01 3.701660633087158203e-01 4.313580691814422607e-01 0.000000000000000000e+00 0.000000000000000000e+00 0.000000000000000000e+00 0.000000000000000000e+00 0.000000000000000000e+00 0.000000000000000000e+00 0.000000000000000000e+00
1.661971240284529924e+09 1.721364557743072510e-01 4.324528872966766357e-01 7.092158198356628418e-01 -5.623130798339843750e-01 5.820215940475463867e-01 3.834111392498016357e-01 4.450289309024810791e-01 7.932181250164906938e-01 -2.112616889946871412e-01 -1.061381746523347158e-01 8.021350504780873081e-01 3.000911314641988709e-02 7.662763187847461133e-01 2.431320630745604228e-01
1.661971240316443920e+09 1.830641776323318481e-01 4.444501101970672607e-01 7.285438179969787598e-01 -5.488297343254089355e-01 5.757010579109191895e-01 3.964536488056182861e-01 4.584525227546691895e-01 7.907901515643613877e-01 -2.112664237867926398e-01 -1.061405534186561778e-01 8.021530279103648020e-01 3.000978570997232808e-02 7.662934925519463425e-01 2.431375121447564014e-01
1.661971240347361565e+09 1.940794438123703003e-01 4.556773900985717773e-01 7.481756806373596191e-01 -5.351923108100891113e-01 5.688822269439697266e-01 4.092864394187927246e-01 4.716215431690216064e-01 8.136284516497367392e-01 -2.180746903008129456e-01 -1.095610362510335278e-01 8.280031914202694576e-01 3.097688031724553023e-02 7.909880475680232115e-01 2.509728555588508492e-01
1.661971240378280401e+09 2.051666080951690674e-01 4.661256074905395508e-01 7.680857181549072266e-01 -5.214146375656127930e-01 5.615665912628173828e-01 4.219022393226623535e-01 4.845289587974548340e-01 8.108294516087858339e-01 -2.180662823101626180e-01 -1.095568120645039056e-01 8.279712672979246957e-01 3.097568598644161175e-02 7.909575505850890975e-01 2.509631791611906526e-01
1.661971240410193920e+09 2.163099050521850586e-01 4.757868051528930664e-01 7.882480025291442871e-01 -5.075105428695678711e-01 5.537561178207397461e-01 4.342940151691436768e-01 4.971678853034973145e-01 7.827586454489662282e-01 -2.112695804327729410e-01 -1.061421393221136655e-01 8.021650133128890303e-01 3.001023410242251513e-02 7.663049421577536879e-01 2.431411449939162306e-01
1.661971240442108393e+09 2.274935543537139893e-01 4.846543967723846436e-01 8.086363077163696289e-01 -4.934940934181213379e-01 5.454533100128173828e-01 4.464547634124755859e-01 5.095315575599670410e-01 7.798208400898015702e-01 -2.112632672351416052e-01 -1.061389675625959012e-01 8.021410428659836445e-01 3.000933733092108618e-02 7.662820432882817556e-01 2.431338794041540685e-01
1.661971240474022865e+09 2.387017607688903809e-01 4.927230179309844971e-01 8.292242288589477539e-01 -4.793791472911834717e-01 5.366607904434204102e-01 4.583777487277984619e-01 5.216134786605834961e-01 7.767919787114999641e-01 -2.112632672351407448e-01 -1.061389675625924317e-01 8.021410428659836445e-01 3.000933733092108618e-02 7.662820432882800903e-01 2.431338794041540685e-01
1.661971240505938292e+09 2.499187290668487549e-01 4.999886155128479004e-01 8.499851226806640625e-01 -4.651797413825988770e-01 5.273821353912353516e-01 4.700561463832855225e-01 5.334070920944213867e-01 7.736247909829936376e-01 -2.112569544148033551e-01 -1.061357959926307187e-01 8.021170738516002485e-01 3.000844061301305085e-02 7.662591457873058065e-01 2.431266142486023518e-01
