1.661971240685023785e+09 1.378528122206244648e-16 -2.367949187755584717e-01 1.128897309303283691e+00 -6.125128269195556641e-01 6.125135421752929688e-01 3.533097505569458008e-01 3.533093035221099854e-01 0.000000000000000000e+00 0.000000000000000000e+00 0.000000000000000000e+00 0.000000000000000000e+00 0.000000000000000000e+00 0.000000000000000000e+00 0.000000000000000000e+00
1.661971250660496473e+09 1.378528122206244648e-16 -2.367949187755584717e-01 1.128897309303283691e+00 -6.125128269195556641e-01 6.125135421752929688e-01 3.533097505569458008e-01 3.533093035221099854e-01 0.000000000000000000e+00 0.000000000000000000e+00 0.000000000000000000e+00 0.000000000000000000e+00 0.000000000000000000e+00 0.000000000000000000e+00 0.000000000000000000e+00
1.661971250692410946e+09 8.561057038605213165e-03 -2.259133160114288330e-01 1.115309119224548340e+00 -6.168794035911560059e-01 6.170664429664611816e-01 3.428996801376342773e-01 3.480067253112792969e-01 6.078584423142646687e-01 -3.777221064859542787e-01 -7.755071230774620572e-01 -4.043560237596234563e-02 2.417301634644350161e-01 1.548694212176922845e-02 -5.100885029891575329e-01
1.661971250723328352e+09 1.737711578607559204e-02 -2.154938429594039917e-01 1.101464867591857910e+00 -6.210958957672119141e-01 6.215561628341674805e-01 3.326138257980346680e-01 3.424556553363800049e-01 6.288036468742411733e-01 -3.899034019302062282e-01 -8.005167299368749489e-01 -4.173962459375173129e-02 2.495258060503090236e-01 1.598638606289760553e-02 -5.265385297440997592e-01
1.661971250754750967e+09 2.643369883298873901e-02 -2.055466920137405396e-01 1.087374210357666016e+00 -6.251619458198547363e-01 6.259819865226745605e-01 3.224577903747558594e-01 3.366601169109344482e-01 6.199713919982816623e-01 -3.836345826284797700e-01 -7.876461196699899858e-01 -4.106854000458241144e-02 2.455139605996061181e-01 1.572935889919198707e-02 -5.180729075360814839e-01
1.661971250785668135e+09 3.571599349379539490e-02 -1.960814595222473145e-01 1.073047041893005371e+00 -6.290769577026367188e-01 6.303434967994689941e-01 3.124370276927947998e-01 3.306241929531097412e-01 6.313552989779815938e-01 -3.899064086808902152e-01 -8.005229031434188958e-01 -4.173994647000172503e-02 2.495277302753463045e-01 1.598650934234482207e-02 -5.265425901602871495e-01
1.661971250816585302e+09 4.520887508988380432e-02 -1.871071308851242065e-01 1.058493256568908691e+00 -6.328405737876892090e-01 6.346398591995239258e-01 3.025568723678588867e-01 3.243521749973297119e-01 6.325527381725070120e-01 -3.899064086808919916e-01 -8.005229031434117903e-01 -4.173994647000172503e-02 2.495277302753463045e-01 1.598650934234841295e-02 -5.265425901602889258e-01
1.661971250847012043e+09 5.489693954586982727e-02 -1.786320656538009644e-01 1.043722987174987793e+00 -6.364525556564331055e-01 6.388704180717468262e-01 2.928225994110107422e-01 3.178484439849853516e-01 6.439070493729803779e-01 -3.961910330914938383e-01 -8.134259631248095257e-01 -4.241272301494247027e-02 2.535496904942509122e-01 1.624418452955991854e-02 -5.350295561133169286e-01
1.661971250877929211e+09 6.476450711488723755e-02 -1.706639975309371948e-01 1.028746485710144043e+00 -6.399123668670654297e-01 6.430346965789794922e-01 2.832392156124114990e-01 3.111174702644348145e-01 6.347721157956736082e-01 -3.899064086808902152e-01 -8.005229031434188958e-01 -4.173994647001608854e-02 2.495277302753463045e-01 1.598650934234841295e-02 -5.265425901602871495e-01
1.661971250908846378e+09 7.479566335678100586e-02 -1.632100343704223633e-01 1.013574123382568359e+00 -6.432199478149414062e-01 6.471318602561950684e-01 2.738117277622222900e-01 3.041637539863586426e-01 6.357862412842359978e-01 -3.899064086808902152e-01 -8.005229031434117903e-01 -4.173994647000172503e-02 2.495277302753453885e-01 1.598650934234482207e-02 -5.265425901602871495e-01
1.661971250939765215e+09 8.497428148984909058e-02 -1.562766283750534058e-01 9.982160925865173340e-01 -6.463748812675476074e-01 6.511614918708801270e-01 2.645449042320251465e-01 2.969920933246612549e-01 6.367049155987212217e-01 -3.898853623998778106e-01 -8.004796926970072501e-01 -4.173769344049677726e-02 2.495142613232723128e-01 1.598564642611527420e-02 -5.265141685619983969e-01
1.661971250971187830e+09 9.528402984142303467e-02 -1.498695760965347290e-01 9.826830029487609863e-01 -6.493770480155944824e-01 6.551227569580078125e-01 2.554434537887573242e-01 2.896070778369903564e-01 6.273634150902276385e-01 -3.836345826284806582e-01 -7.876461196699828804e-01 -4.106854000458241144e-02 2.455139605996070062e-01 1.572935889919552244e-02 -5.180729075360832603e-01
1.661971251003101349e+09 1.057084202766418457e-01 -1.439940184354782104e-01 9.669854044914245605e-01 -6.522262692451477051e-01 6.590151786804199219e-01 2.465119063854217529e-01 2.820138335227966309e-01 6.184967115946339300e-01 -3.777333939868008916e-01 -7.755302976207537613e-01 -4.043681071640164992e-02 2.417373871068375923e-01 1.548740491933739589e-02 -5.101037460059422157e-01
1.661971251034018755e+09 1.162308007478713989e-01 -1.386544704437255859e-01 9.511338472366333008e-01 -6.549224257469177246e-01 6.628380417823791504e-01 2.377546131610870361e-01 2.742171287536621094e-01 6.391594434726288743e-01 -3.899034019302044518e-01 -8.005167299368821654e-01 -4.173962459375173129e-02 2.495258060503076636e-01 1.598638606289401465e-02 -5.265385297440979828e-01
1.661971251065441608e+09 1.268344223499298096e-01 -1.338547319173812866e-01 9.351390600204467773e-01 -6.574653983116149902e-01 6.665909290313720703e-01 2.291758805513381958e-01 2.662221193313598633e-01 6.295257008687622502e-01 -3.836316718294297545e-01 -7.876401434632431808e-01 -4.106822840006937175e-02 2.455120977805705929e-01 1.572923955384699854e-02 -5.180689766961739107e-01
1.661971251096359730e+09 1.375024318695068359e-01 -1.295979619026184082e-01 9.190118312835693359e-01 -6.598551869392395020e-01 6.702730655670166016e-01 2.207798361778259277e-01 2.580338120460510254e-01 6.403799193799859513e-01 -3.898943819563790436e-01 -8.004982108885410064e-01 -4.173865899478673008e-02 2.495200335532522240e-01 1.598601623594931437e-02 -5.265263488712640383e-01
1.661971251127275944e+09 1.482179015874862671e-01 -1.258866488933563232e-01 9.027628302574157715e-01 -6.620917916297912598e-01 6.738838553428649902e-01 2.125703841447830200e-01 2.496575415134429932e-01 6.409184356777928304e-01 -3.899184361473813643e-01 -8.005475969216566678e-01 -4.174123402464636340e-02 2.495354274722824117e-01 1.598700247916568645e-02 -5.265588324513041929e-01
1.661971251158699274e+09 1.589638441801071167e-01 -1.227226033806800842e-01 8.864029645919799805e-01 -6.641752123832702637e-01 6.774227023124694824e-01 2.045513689517974854e-01 2.410985082387924194e-01 6.309817605716702138e-01 -3.836258503638361184e-01 -7.876281913218238229e-01 -4.106760520522874380e-02 2.455083722272991820e-01 1.572900086857948257e-02 -5.180611151953021798e-01
1.661971251190614223e+09 1.697232723236083984e-01 -1.201069802045822144e-01 8.699430823326110840e-01 -6.661055088043212891e-01 6.808891296386718750e-01 1.967265158891677856e-01 2.323620766401290894e-01 6.215803072609065172e-01 -3.777164629884973146e-01 -7.754955363251879730e-01 -4.043499823282317718e-02 2.417265518051247564e-01 1.548671073335704425e-02 -5.100808818223784291e-01
1.661971251221532106e+09 1.804791837930679321e-01 -1.180402487516403198e-01 8.533940911293029785e-01 -6.678828001022338867e-01 6.842824220657348633e-01 1.890992671251296997e-01 2.234536856412887573e-01 6.418665088905775029e-01 -3.898973885679503648e-01 -8.005043838094453301e-01 -4.173898085614435177e-02 2.495219576892619973e-01 1.598613950969989678e-02 -5.265304090995874819e-01
1.661971251252449036e+09 1.912146359682083130e-01 -1.165222153067588806e-01 8.367668390274047852e-01 -6.695072650909423828e-01 6.876021027565002441e-01 1.816730797290802002e-01 2.143788188695907593e-01 6.420409229882184654e-01 -3.899094154779505494e-01 -8.005290764451590269e-01 -4.174026835121606716e-02 2.495296545300621227e-01 1.598663262369699051e-02 -5.265466506391007773e-01
1.661971251284363747e+09 2.019126713275909424e-01 -1.155520305037498474e-01 8.200722932815551758e-01 -6.709789633750915527e-01 6.908475756645202637e-01 1.744510978460311890e-01 2.051429003477096558e-01 6.220290830743742116e-01 -3.777192847161455203e-01 -7.755013296580387516e-01 -4.043530030213613596e-02 2.417283576212894414e-01 1.548682642669884334e-02 -5.100846923773019181e-01
1.661971251316278458e+09 2.125564664602279663e-01 -1.151281669735908508e-01 8.033214211463928223e-01 -6.722984313964843750e-01 6.940181851387023926e-01 1.674364656209945679e-01 1.957516670227050781e-01 6.220012050833813033e-01 -3.777192847161455203e-01 -7.755013296580456350e-01 -4.043530030215004845e-02 2.417283576212885809e-01 1.548682642670232319e-02 -5.100846923773019181e-01
1.661971251348193169e+09 2.231292724609375000e-01 -1.152484640479087830e-01 7.865250706672668457e-01 -6.734654903411865234e-01 6.971134543418884277e-01 1.606320589780807495e-01 1.862106323242187500e-01 6.218862331265270216e-01 -3.777192847161463529e-01 -7.755013296580387516e-01 -4.043530030213613596e-02 2.417283576212894414e-01 1.548682642669884334e-02 -5.100846923773001418e-01
1.661971251380108118e+09 2.336144745349884033e-01 -1.159100756049156189e-01 7.696942687034606934e-01 -6.744806766510009766e-01 7.001328468322753906e-01 1.540406793355941772e-01 1.765254884958267212e-01 6.216739512455755623e-01 -3.777164629884964264e-01 -7.754955363251810896e-01 -4.043499823282317718e-02 2.417265518051247564e-01 1.548671073336052237e-02 -5.100808818223784291e-01
1.661971251412022591e+09 2.439955770969390869e-01 -1.171095445752143860e-01 7.528398633003234863e-01 -6.753444075584411621e-01 7.030757069587707520e-01 1.476649641990661621e-01 1.667020022869110107e-01 6.213861960043927102e-01 -3.777221064859525024e-01 -7.755071230774620572e-01 -4.043560237596234563e-02 2.417301634644350161e-01 1.548694212176922845e-02 -5.100885029891575329e-01
1.661971251441942453e+09 2.542562782764434814e-01 -1.188427507877349854e-01 7.359727621078491211e-01 -6.760568618774414062e-01 7.059415578842163086e-01 1.415073722600936890e-01 1.567459106445312500e-01 6.623963073945756674e-01 -4.029029782705278451e-01 -8.272063620124234795e-01 -4.313124475822510684e-02 2.578451224465572178e-01 1.651938024812465294e-02 -5.440935902530451562e-01
1.661971251473857164e+09 2.643804550170898438e-01 -1.211049631237983704e-01 7.191038131713867188e-01 -6.766186356544494629e-01 7.087298631668090820e-01 1.355702280998229980e-01 1.466629654169082642e-01 6.205127309761805376e-01 -3.777192847161463529e-01 -7.755013296580456350e-01 -4.043530030213613596e-02 2.417283576212894414e-01 1.548682642670232319e-02 -5.100846923773019181e-01
1.661971251503777742e+09 2.743521928787231445e-01 -1.238908097147941589e-01 7.022438645362854004e-01 -6.770299077033996582e-01 7.114400863647460938e-01 1.298556625843048096e-01 1.364590078592300415e-01 6.612574701311104697e-01 -4.028933468166564502e-01 -8.271865875249017064e-01 -4.313021369959156581e-02 2.578389586216756624e-01 1.651898534995463810e-02 -5.440805836172101229e-01
1.661971251534695148e+09 2.743521928787231445e-01 -1.238908097147941589e-01 7.022438645362854004e-01 -6.770299077033996582e-01 7.114400863647460938e-01 1.298556625843048096e-01 1.364590078592300415e-01 0.000000000000000000e+00 0.000000000000000000e+00 0.000000000000000000e+00 0.000000000000000000e+00 8.977329968069497505e-16 0.000000000000000000e+00 1.795465993613899501e-15
1.661971251566609383e+09 2.777256369590759277e-01 -1.087702289223670959e-01 7.052245140075683594e-01 -6.741413474082946777e-01 7.112587094306945801e-01 1.333557814359664917e-01 1.478537917137145996e-01 4.943389664000143457e-01 9.873986198596193531e-02 -3.959390582526613467e-01 5.626453433324577480e-01 -1.992329169536251887e-01 6.180588328004054111e-01 3.404362009433697933e-01
1.661971251598523855e+09 2.809514999389648438e-01 -9.367388486862182617e-02 7.082350254058837891e-01 -6.711649298667907715e-01 7.109303474426269531e-01 1.370410472154617310e-01 1.591713279485702515e-01 4.928161627098688879e-01 9.873912434514596492e-02 -3.959361003711722171e-01 5.626411400637695293e-01 -1.992314285746837610e-01 6.180542155626210787e-01 3.404336576986086715e-01
1.661971251630439281e+09 2.840276658535003662e-01 -7.860679924488067627e-02 7.112742662429809570e-01 -6.681022644042968750e-01 7.104542255401611328e-01 1.409097164869308472e-01 1.704071760177612305e-01 4.911530226962292911e-01 9.873617389209037032e-02 -3.959242692871354219e-01 5.626243276170123098e-01 -1.992254752812828156e-01 6.180357473013221581e-01 3.404234850995241368e-01
1.661971251662354708e+09 2.869521677494049072e-01 -6.357400119304656982e-02 7.143409848213195801e-01 -6.649549603462219238e-01 7.098300457000732422e-01 1.449599117040634155e-01 1.815569400787353516e-01 4.893764637487789670e-01 9.873617389209037032e-02 -3.959242692871354219e-01 5.626243276170123098e-01 -1.992254752812845364e-01 6.180357473013187164e-01 3.404234850995258577e-01
1.661971251694268465e+09 2.897231280803680420e-01 -4.858051612973213196e-02 7.174339890480041504e-01 -6.617245078086853027e-01 7.090570926666259766e-01 1.491897106170654297e-01 1.926162540912628174e-01 4.874994704112858845e-01 9.874133730065812187e-02 -3.959449741482245488e-01 5.626537500582425855e-01 -1.992358937782270634e-01 6.180680674829435173e-01 3.404412875468981192e-01
1.661971251726182699e+09 2.923387885093688965e-01 -3.363138437271118164e-02 7.205519080162048340e-01 -6.584129333496093750e-01 7.081350684165954590e-01 1.535970270633697510e-01 2.035808265209197998e-01 4.854640277279302918e-01 9.873986198596193531e-02 -3.959390582526613467e-01 5.626453433324437592e-01 -1.992329169536251887e-01 6.180588328004036347e-01 3.404362009433697933e-01
1.661971251758097410e+09 2.947974801063537598e-01 -1.873165369033813477e-02 7.236933708190917969e-01 -6.550216078758239746e-01 7.070633769035339355e-01 1.581798195838928223e-01 2.144463509321212769e-01 4.833045039733123160e-01 9.873838671534931888e-02 -3.959331425338767363e-01 5.626369368578822971e-01 -1.992299402179784351e-01 6.180495983938211202e-01 3.404311144918392151e-01
1.661971251790011883e+09 2.970975637435913086e-01 -3.886360907927155495e-03 7.268568873405456543e-01 -6.515523195266723633e-01 7.058417201042175293e-01 1.629358530044555664e-01 2.252086549997329712e-01 4.810326538933544782e-01 9.873912434514769965e-02 -3.959361003711652782e-01 5.626411400637695293e-01 -1.992314285746820124e-01 6.180542155626210787e-01 3.404336576986069507e-01
1.661971251821926832e+09 2.992376387119293213e-01 1.089945808053016663e-02 7.300409078598022461e-01 -6.480067968368530273e-01 7.044697999954223633e-01 1.678628474473953247e-01 2.358635067939758301e-01 4.786288816490661957e-01 9.873764909657525846e-02 -3.959301847407670216e-01 5.626327337147946084e-01 -1.992284518835087115e-01 6.180449812940056464e-01 3.404285713230726373e-01
1.661971251853841782e+09 3.012162744998931885e-01 2.562077715992927551e-02 7.332438230514526367e-01 -6.443867683410644531e-01 7.029471993446350098e-01 1.729584485292434692e-01 2.464068084955215454e-01 4.761121325644362412e-01 9.873764909657874178e-02 -3.959301847407739605e-01 5.626327337147946084e-01 -1.992284518835104601e-01 6.180449812940056464e-01 3.404285713230709165e-01
1.661971251885756493e+09 3.030322492122650146e-01 4.027257859706878662e-02 7.364639639854431152e-01 -6.406940221786499023e-01 7.012736797332763672e-01 1.782202124595642090e-01 2.568344175815582275e-01 4.734807467517645474e-01 9.873838671534931888e-02 -3.959331425338767363e-01 5.626369368578822971e-01 -1.992299402179758261e-01 6.180495983938141258e-01 3.404311144918392151e-01
1.661971251917670965e+09 3.046843707561492920e-01 5.484986305236816406e-02 7.396996021270751953e-01 -6.369302868843078613e-01 6.994491219520568848e-01 1.836455911397933960e-01 2.671424448490142822e-01 4.707326675543597738e-01 9.873912434514596492e-02 -3.959361003711652782e-01 5.626411400637695293e-01 -1.992314285746829006e-01 6.180542155626210787e-01 3.404336576986052298e-01
1.661971251949585676e+09 3.061715960502624512e-01 6.934764981269836426e-02 7.429489493370056152e-01 -6.330974102020263672e-01 6.974731683731079102e-01 1.892319917678833008e-01 2.773267030715942383e-01 4.678628753150393949e-01 9.873838671535106748e-02 -3.959331425338767363e-01 5.626369368578822971e-01 -1.992299402179775747e-01 6.180495983938211202e-01 3.404311144918409360e-01
1.661971251981500387e+09 3.074930012226104736e-01 8.376097679138183594e-02 7.462101578712463379e-01 -6.291971802711486816e-01 6.953457593917846680e-01 1.949767470359802246e-01 2.873834371566772461e-01 4.648837308543375402e-01 9.873838671535106748e-02 -3.959331425338767363e-01 5.626369368578753027e-01 -1.992299402179775747e-01 6.180495983938211202e-01 3.404311144918409360e-01
1.661971252013416052e+09 3.086477518081665039e-01 9.808491170406341553e-02 7.494812607765197754e-01 -6.252313852310180664e-01 6.930668354034423828e-01 2.008770853281021118e-01 2.973087131977081299e-01 4.617795426258988201e-01 9.873543630637732216e-02 -3.959213116266047106e-01 5.626201246623079300e-01 -1.992239870135238677e-01 6.180311304084475932e-01 3.404209420447421586e-01
1.661971252043335199e+09 3.096350729465484619e-01 1.123145520687103271e-01 7.527603507041931152e-01 -6.212019324302673340e-01 6.906362175941467285e-01 2.069302350282669067e-01 3.070987462997436523e-01 4.891820956385215524e-01 1.053240931207019976e-01 -4.223413057581061891e-01 6.001640000621254467e-01 -2.125182866967764428e-01 6.592726053151397592e-01 3.631373733833598849e-01
1.661971252073255062e+09 3.104543983936309814e-01 1.264450252056121826e-01 7.560454010963439941e-01 -6.171106696128845215e-01 6.880539655685424805e-01 2.131331712007522583e-01 3.167497515678405762e-01 4.856446258489947043e-01 1.053215752728589860e-01 -4.223312093868561989e-01 6.001496527120725455e-01 -2.125132062950003398e-01 6.592568449315650003e-01 3.631286923244929632e-01
1.661971252104173899e+09 3.111051917076110840e-01 1.404714733362197876e-01 7.593342661857604980e-01 -6.129595041275024414e-01 6.853200197219848633e-01 2.194830328226089478e-01 3.262581229209899902e-01 4.664328376075884131e-01 1.019186820610017696e-01 -4.086858760175490213e-01 5.807590845970259652e-01 -2.056469992025051763e-01 6.379565497482047043e-01 3.513961659267431092e-01
1.661971252134092569e+09 3.115870654582977295e-01 1.543891429901123047e-01 7.626248598098754883e-01 -6.087501645088195801e-01 6.824345588684082031e-01 2.259766459465026855e-01 3.356200754642486572e-01 4.782798779854595672e-01 1.053257717528121723e-01 -4.223480369404623569e-01 6.001735653432688222e-01 -2.125216737662443955e-01 6.592831126561654598e-01 3.631431609865312105e-01
1.661971252166007757e+09 3.118996918201446533e-01 1.681932359933853149e-01 7.659149765968322754e-01 -6.044847369194030762e-01 6.793975234031677246e-01 2.326110303401947021e-01 3.448322415351867676e-01 4.447478020474342486e-01 9.873691148882177138e-02 -3.959272269918558962e-01 5.626285306345051307e-01 -1.992269635712767273e-01 6.180403642631697725e-01 3.404260281922977804e-01
1.661971252197922468e+09 3.120429515838623047e-01 1.818790584802627563e-01 7.692024111747741699e-01 -6.001650691032409668e-01 6.762092113494873047e-01 2.393828928470611572e-01 3.538909852504730225e-01 4.410457495392106630e-01 9.873838671535280220e-02 -3.959331425338767363e-01 5.626369368578822971e-01 -1.992299402179775747e-01 6.180495983938211202e-01 3.404311144918409360e-01
1.661971252229836702e+09 3.120167255401611328e-01 1.954419612884521484e-01 7.724848389625549316e-01 -5.957930088043212891e-01 6.728696823120117188e-01 2.462890893220901489e-01 3.627929687500000000e-01 4.372492291206149795e-01 9.873986198596020059e-02 -3.959390582526613467e-01 5.626453433324507536e-01 -1.992329169536260491e-01 6.180588328004070764e-01 3.404362009433715697e-01
1.661971252261751652e+09 3.118210732936859131e-01 2.088773101568222046e-01 7.757599949836730957e-01 -5.913706421852111816e-01 6.693792343139648438e-01 2.533261775970458984e-01 3.715347349643707275e-01 4.333444826308757714e-01 9.873764909657874178e-02 -3.959301847407670216e-01 5.626327337147946084e-01 -1.992284518835095997e-01 6.180449812940056464e-01 3.404285713230709165e-01
1.661971252293666601e+09 3.114561438560485840e-01 2.221805602312088013e-01 7.790254354476928711e-01 -5.868997573852539062e-01 6.657381057739257812e-01 2.604908645153045654e-01 3.801130950450897217e-01 4.293605201606121025e-01 9.873764909657525846e-02 -3.959301847407670216e-01 5.626327337147876140e-01 -1.992284518835087115e-01 6.180449812940004284e-01 3.404285713230709165e-01
1.661971252325581551e+09 3.109222054481506348e-01 2.353472262620925903e-01 7.822788357734680176e-01 -5.823823809623718262e-01 6.619465947151184082e-01 2.677796781063079834e-01 3.885248005390167236e-01 4.252917483882789340e-01 9.873764909657699318e-02 -3.959301847407739605e-01 5.626327337147946084e-01 -1.992284518835087115e-01 6.180449812940056464e-01 3.404285713230709165e-01
1.661971252357495785e+09 3.102195858955383301e-01 2.483728826045989990e-01 7.855176925659179688e-01 -5.778204798698425293e-01 6.580050587654113770e-01 2.751891016960144043e-01 3.967667222023010254e-01 4.211496729844196318e-01 9.873986198596193531e-02 -3.959390582526613467e-01 5.626453433324577480e-01 -1.992329169536260491e-01 6.180588328004070764e-01 3.404362009433715697e-01
1.661971252389410496e+09 3.093487918376922607e-01 2.612531185150146484e-01 7.887395024299621582e-01 -5.732159018516540527e-01 6.539139151573181152e-01 2.827155590057373047e-01 4.048357009887695312e-01 4.169109816956879655e-01 9.873838671535106748e-02 -3.959331425338767363e-01 5.626369368578822971e-01 -1.992299402179775747e-01 6.180495983938193438e-01 3.404311144918400478e-01
1.661971252421326637e+09 3.083103895187377930e-01 2.739836871623992920e-01 7.919418215751647949e-01 -5.685707926750183105e-01 6.496736407279968262e-01 2.903554439544677734e-01 4.127287864685058594e-01 4.125862946827880684e-01 9.873396116801050337e-02 -3.959153964381083579e-01 5.626117189413004649e-01 -1.992210105447124457e-01 6.180218968296405935e-01 3.404158560491655772e-01
1.661971252453240395e+09 3.071050941944122314e-01 2.865602970123291016e-01 7.951220870018005371e-01 -5.638871192932128906e-01 6.452845931053161621e-01 2.981051206588745117e-01 4.204431176185607910e-01 4.082362121193406357e-01 9.874133730065812187e-02 -3.959449741482175544e-01 5.626537500582425855e-01 -1.992358937782270634e-01 6.180680674829435173e-01 3.404412875468998401e-01
1.661971252485155106e+09 3.057336807250976562e-01 2.989788353443145752e-01 7.982776761054992676e-01 -5.591668486595153809e-01 6.407473087310791016e-01 3.059608340263366699e-01 4.279758930206298828e-01 4.037753343739239331e-01 9.873838671535106748e-02 -3.959331425338767363e-01 5.626369368578753027e-01 -1.992299402179771306e-01 6.180495983938176785e-01 3.404311144918392151e-01
1.661971252517069578e+09 3.041970431804656982e-01 3.112352192401885986e-01 8.014060258865356445e-01 -5.544118285179138184e-01 6.360625028610229492e-01 3.139186799526214600e-01 4.353241026401519775e-01 3.992646943256056846e-01 9.873912434514596492e-02 -3.959361003711722171e-01 5.626411400637695293e-01 -1.992314285746829006e-01 6.180542155626210787e-01 3.404336576986060625e-01
1.661971252548983812e+09 3.024962246417999268e-01 3.233253955841064453e-01 8.045044541358947754e-01 -5.496241450309753418e-01 6.312306523323059082e-01 3.219749033451080322e-01 4.424853026866912842e-01 3.946905202497267839e-01 9.873986198596193531e-02 -3.959390582526544078e-01 5.626453433324577480e-01 -1.992329169536256328e-01 6.180588328004054111e-01 3.404362009433697933e-01
1.661971252579410076e+09 3.006322979927062988e-01 3.352455198764801025e-01 8.075703978538513184e-01 -5.448060035705566406e-01 6.262523531913757324e-01 3.301257491111755371e-01 4.494568407535552979e-01 4.091346079719163087e-01 1.035686503029917133e-01 -4.153021185232746437e-01 5.901610315851032462e-01 -2.089762319877326580e-01 6.482844702586402219e-01 3.570849415507159064e-01
1.661971252611323833e+09 2.986065149307250977e-01 3.469916880130767822e-01 8.106010556221008301e-01 -5.399590134620666504e-01 6.211284995079040527e-01 3.383671343326568604e-01 4.562361240386962891e-01 3.853769717916658566e-01 9.874133730065812187e-02 -3.959449741482210516e-01 5.626537500582357021e-01 -1.992358937782279238e-01 6.180680674829418519e-01 3.404412875468998401e-01
1.661971252643238544e+09 2.964201569557189941e-01 3.585601747035980225e-01 8.135938644409179688e-01 -5.350855588912963867e-01 6.158595085144042969e-01 3.466951251029968262e-01 4.628208279609680176e-01 3.806305431550769391e-01 9.873838671535019318e-02 -3.959331425338732946e-01 5.626369368578822971e-01 -1.992299402179766865e-01 6.180495983938193438e-01 3.404311144918392151e-01
1.661971252674661636e+09 2.940746545791625977e-01 3.699473142623901367e-01 8.165460228919982910e-01 -5.301873087882995605e-01 6.104464530944824219e-01 3.551056087017059326e-01 4.692083895206451416e-01 3.817303446345602369e-01 1.002831639760610460e-01 -4.021275775018190446e-01 5.714394783516906218e-01 -2.023469233036804538e-01 6.277190795080114238e-01 3.457572116866546863e-01
1.661971252706576347e+09 2.915715277194976807e-01 3.811495602130889893e-01 8.194549083709716797e-01 -5.252665281295776367e-01 6.048899888992309570e-01 3.635946214199066162e-01 4.753967821598052979e-01 3.710310941198479151e-01 9.873838671535106748e-02 -3.959331425338697974e-01 5.626369368578822971e-01 -1.992299402179766865e-01 6.180495983938184557e-01 3.404311144918392151e-01
1.661971252736496449e+09 2.889123558998107910e-01 3.921633958816528320e-01 8.223177194595336914e-01 -5.203251242637634277e-01 5.991909503936767578e-01 3.721580803394317627e-01 4.813837707042694092e-01 3.905862186287382132e-01 1.053207360169959722e-01 -4.223278440370435427e-01 6.001448704144909385e-01 -2.125115128817192667e-01 6.592515916378215435e-01 3.631257987304394863e-01
1.661971252768411160e+09 2.860988974571228027e-01 4.029854834079742432e-01 8.251317143440246582e-01 -5.153651833534240723e-01 5.933503508567810059e-01 3.807917833328247070e-01 4.871671497821807861e-01 3.612900670253768043e-01 9.873838671535019318e-02 -3.959331425338732946e-01 5.626369368578753027e-01 -1.992299402179771306e-01 6.180495983938193438e-01 3.404311144918400478e-01
1.661971252798331499e+09 2.831329405307769775e-01 4.136125147342681885e-01 8.278941512107849121e-01 -5.103884339332580566e-01 5.873691439628601074e-01 3.894914686679840088e-01 4.927448928356170654e-01 3.801337477096471962e-01 1.053198967745080927e-01 -4.223244787408604317e-01 6.001400881931242548e-01 -2.125098194954256892e-01 6.592463384278010041e-01 3.631229051824985121e-01
1.661971252829248667e+09 2.800163626670837402e-01 4.240413010120391846e-01 8.306023478507995605e-01 -5.053971409797668457e-01 5.812482237815856934e-01 3.982529938220977783e-01 4.981151521205902100e-01 3.627877799296451711e-01 1.019241837018175501e-01 -4.087079371632741931e-01 5.807904343733314434e-01 -2.056581001694874067e-01 6.379909870831661500e-01 3.514151345343599075e-01
1.661971252860165834e+09 2.767511606216430664e-01 4.342688024044036865e-01 8.332535028457641602e-01 -5.003933310508728027e-01 5.749885439872741699e-01 4.070722460746765137e-01 5.032762289047241211e-01 3.576837724419780207e-01 1.019241837018175501e-01 -4.087079371632705849e-01 5.807904343733314434e-01 -2.056581001694871846e-01 6.379909870831661500e-01 3.514151345343603516e-01
1.661971252891083241e+09 2.733393907546997070e-01 4.442920088768005371e-01 8.358448743820190430e-01 -4.953787028789520264e-01 5.685911178588867188e-01 4.159446656703948975e-01 5.082262158393859863e-01 3.525671229053282119e-01 1.019233977167646743e-01 -4.087047854252047752e-01 5.807859556266353751e-01 -2.056565142436856120e-01 6.379860672362612783e-01 3.514124246078923486e-01
1.661971252922001123e+09 2.697832882404327393e-01 4.541080892086029053e-01 8.383737206459045410e-01 -4.903557598590850830e-01 5.620574951171875000e-01 4.248662889003753662e-01 5.129633545875549316e-01 3.474451947833612775e-01 1.019218257830249580e-01 -4.086984820948980079e-01 5.807769983404877934e-01 -2.056533424654606867e-01 6.379762277700853357e-01 3.514070048803409896e-01
1.661971252952918291e+09 2.660850286483764648e-01 4.637142717838287354e-01 8.408373594284057617e-01 -4.853259027004241943e-01 5.553882718086242676e-01 4.338323473930358887e-01 5.174862742424011230e-01 3.423406878656644614e-01 1.019241837018175501e-01 -4.087079371632705849e-01 5.807904343733314434e-01 -2.056581001694871846e-01 6.379909870831661500e-01 3.514151345343599075e-01
1.661971252983836412e+09 2.622469961643218994e-01 4.731078743934631348e-01 8.432329893112182617e-01 -4.802914559841156006e-01 5.485848188400268555e-01 4.428388774394989014e-01 5.217934846878051758e-01 3.372253888486436146e-01 1.019210398343366464e-01 -4.086953305026548300e-01 5.807725198010188494e-01 -2.056517566130353081e-01 6.379713081508070482e-01 3.514042950792541919e-01
1.661971253015750885e+09 2.582715749740600586e-01 4.822863936424255371e-01 8.455579876899719238e-01 -4.752542972564697266e-01 5.416485667228698730e-01 4.518813192844390869e-01 5.258834958076477051e-01 3.217699761610108844e-01 9.873912434514596492e-02 -3.959361003711722171e-01 5.626411400637625349e-01 -1.992314285746829006e-01 6.180542155626193024e-01 3.404336576986060625e-01
1.661971253047666550e+09 2.541612982749938965e-01 4.912474155426025391e-01 8.478096127510070801e-01 -4.702165126800537109e-01 5.345806479454040527e-01 4.609552323818206787e-01 5.297550559043884277e-01 3.168529203010440054e-01 9.873543630637732216e-02 -3.959213116266081522e-01 5.626201246623149244e-01 -1.992239870135243118e-01 6.180311304084510349e-01 3.404209420447443235e-01
