1.661971253153382063e+09 1.378528122206244648e-16 -2.367949187755584717e-01 1.128897309303283691e+00 -6.125128269195556641e-01 6.125135421752929688e-01 3.533097505569458008e-01 3.533093035221099854e-01 0.000000000000000000e+00 0.000000000000000000e+00 0.000000000000000000e+00 0.000000000000000000e+00 0.000000000000000000e+00 0.000000000000000000e+00 0.000000000000000000e+00
1.661971264707254410e+09 1.378528122206244648e-16 -2.367949187755584717e-01 1.128897309303283691e+00 -6.125128269195556641e-01 6.125135421752929688e-01 3.533097505569458008e-01 3.533093035221099854e-01 0.000000000000000000e+00 0.000000000000000000e+00 0.000000000000000000e+00 0.000000000000000000e+00 0.000000000000000000e+00 0.000000000000000000e+00 0.000000000000000000e+00
1.661971264736177206e+09 4.948348272591829300e-03 -2.257394343614578247e-01 1.126991391181945801e+00 -6.094246506690979004e-01 6.179170608520507812e-01 3.516425192356109619e-01 3.508954644203186035e-01 4.239361739205136370e-01 -2.261985918224894698e-01 -7.110739755935988615e-01 3.175839129907225278e-01 4.084357035634342964e-02 1.633497510066977965e-01 2.284825063203248519e-01
1.661971264768091917e+09 1.004387438297271729e-02 -2.146722525358200073e-01 1.124843716621398926e+00 -6.062791347503662109e-01 6.233050227165222168e-01 3.499676585197448730e-01 3.484810888767242432e-01 3.876493817040831402e-01 -2.049931075196325947e-01 -6.444127824087624301e-01 2.878113108383063001e-01 3.701460005601635295e-02 1.480361694634173830e-01 2.070629114315324093e-01
1.661971264800006628e+09 1.528713852167129517e-02 -2.035999447107315063e-01 1.122452497482299805e+00 -6.030763387680053711e-01 6.286767125129699707e-01 3.482852578163146973e-01 3.460664451122283936e-01 3.911117129179397800e-01 -2.049931075196325947e-01 -6.444127824087624301e-01 2.878113108383201779e-01 3.701460005601656805e-02 1.480361694634208802e-01 2.070629114315324093e-01
1.661971264829926968e+09 2.067855000495910645e-02 -1.925291270017623901e-01 1.119815826416015625e+00 -5.998163223266601562e-01 6.340315341949462891e-01 3.465951085090637207e-01 3.436514735221862793e-01 4.208825457901724243e-01 -2.186571367192160498e-01 -6.873667879456158980e-01 3.069956736827417765e-01 3.948184679467985764e-02 1.579036746035580585e-01 2.208649055677511241e-01
1.661971264861841202e+09 2.621836960315704346e-02 -1.814665049314498901e-01 1.116932511329650879e+00 -5.964992046356201172e-01 6.393687725067138672e-01 3.448972105979919434e-01 3.412362933158874512e-01 3.980583802067771959e-01 -2.049961703639529842e-01 -6.444224107131069079e-01 2.878156110865061623e-01 3.701515309879407911e-02 1.480383813023730399e-01 2.070660052012201491e-01
1.661971264893756390e+09 3.190671280026435852e-02 -1.704187840223312378e-01 1.113800883293151855e+00 -5.931252241134643555e-01 6.446877717971801758e-01 3.431916236877441406e-01 3.388210833072662354e-01 4.015234962302998700e-01 -2.049900447668329129e-01 -6.444031543921052707e-01 2.878070107186182502e-01 3.701404702976438671e-02 1.480339576905583265e-01 2.070598177542894713e-01
1.661971264924673796e+09 3.774353116750717163e-02 -1.593927145004272461e-01 1.110419631004333496e+00 -5.896943807601928711e-01 6.499879360198974609e-01 3.414781391620635986e-01 3.364058434963226318e-01 4.180741993913063004e-01 -2.116055844334617519e-01 -6.651996503098930313e-01 2.970952602914601615e-01 3.820858258209534203e-02 1.528113824685414790e-01 2.137421541539743230e-01
1.661971264955591917e+09 4.372863471508026123e-02 -1.483951210975646973e-01 1.106787562370300293e+00 -5.862070322036743164e-01 6.552684903144836426e-01 3.397569060325622559e-01 3.339907824993133545e-01 4.216584771736876514e-01 -2.116006891778070553e-01 -6.651842616690005761e-01 2.970883873289446586e-01 3.820769866978986073e-02 1.528078473501967849e-01 2.137372094711977866e-01
1.661971264985510826e+09 4.986167326569557190e-02 -1.374328136444091797e-01 1.102903604507446289e+00 -5.826631188392639160e-01 6.605288982391357422e-01 3.380277454853057861e-01 3.315757811069488525e-01 4.394565229614544877e-01 -2.186675913632112611e-01 -6.873996529834168756e-01 3.070103520533077890e-01 3.948373453847252301e-02 1.579112244449576152e-01 2.208754657717005299e-01
1.661971265016428232e+09 5.614214390516281128e-02 -1.265126168727874756e-01 1.098766803741455078e+00 -5.790629386901855469e-01 6.657684445381164551e-01 3.362906575202941895e-01 3.291611969470977783e-01 4.288608741954822445e-01 -2.116055844334617519e-01 -6.651996503098858149e-01 2.970952602914601615e-01 3.820858258209511998e-02 1.528113824685432554e-01 2.137421541539743230e-01
1.661971265047345400e+09 6.256938725709915161e-02 -1.156414225697517395e-01 1.094376087188720703e+00 -5.754066109657287598e-01 6.709865331649780273e-01 3.345456123352050781e-01 3.267469704151153564e-01 4.324625321281994617e-01 -2.116072162356798514e-01 -6.652047800150837631e-01 2.970975513496453280e-01 3.820887722861862623e-02 1.528125608776760291e-01 2.137438024324079255e-01
1.661971265079259872e+09 6.914258003234863281e-02 -1.048261001706123352e-01 1.089730858802795410e+00 -5.716943740844726562e-01 6.761824488639831543e-01 3.327925205230712891e-01 3.243331909179687500e-01 4.224321424008151693e-01 -2.049946389303522187e-01 -6.444175965249703264e-01 2.878134609463436355e-01 3.701487657533956283e-02 1.480372753746334036e-01 2.070644583048193432e-01
1.661971265111174583e+09 7.586076855659484863e-02 -9.407354891300201416e-02 1.084830284118652344e+00 -5.679263472557067871e-01 6.813555359840393066e-01 3.310314118862152100e-01 3.219199478626251221e-01 4.259134390964511852e-01 -2.049931075196325947e-01 -6.444127824087554357e-01 2.878113108383132390e-01 3.701460005601635295e-02 1.480361694634208802e-01 2.070629114315324093e-01
1.661971265143090010e+09 8.272280544042587280e-02 -8.339064568281173706e-02 1.079674005508422852e+00 -5.641028881072998047e-01 6.865051984786987305e-01 3.292622566223144531e-01 3.195074200630187988e-01 4.293843362632949745e-01 -2.049885134247552976e-01 -6.443983404916668878e-01 2.878048607069661480e-01 3.701377052283587321e-02 1.480328518289110440e-01 2.070582709503367425e-01
1.661971265175004721e+09 8.972740173339843750e-02 -7.278430461883544922e-02 1.074261546134948730e+00 -5.602239966392517090e-01 6.916307806968688965e-01 3.274848461151123047e-01 3.170955479145050049e-01 4.328717187674670508e-01 -2.049931075196308461e-01 -6.444127824087484413e-01 2.878113108383132390e-01 3.701460005601613784e-02 1.480361694634173830e-01 2.070629114315315489e-01
1.661971265206919432e+09 9.687312692403793335e-02 -6.226140633225440979e-02 1.068592548370361328e+00 -5.562899112701416016e-01 6.967316865921020508e-01 3.256993293762207031e-01 3.146845996379852295e-01 4.363469378694858070e-01 -2.049931075196325947e-01 -6.444127824087554357e-01 2.878113108383132390e-01 3.701460005601656805e-02 1.480361694634208802e-01 2.070629114315324093e-01
1.661971265237836599e+09 1.041583791375160217e-01 -5.182883143424987793e-02 1.062666773796081543e+00 -5.523011684417724609e-01 7.018070816993713379e-01 3.239056468009948730e-01 3.122745752334594727e-01 4.540091748871531996e-01 -2.116072162356798514e-01 -6.652047800150837631e-01 2.970975513496453280e-01 3.820887722861862623e-02 1.528125608776724487e-01 2.137438024324079255e-01
1.661971265268754005e+09 1.115813776850700378e-01 -4.149344190955162048e-02 1.056484222412109375e+00 -5.482576489448547363e-01 7.068564891815185547e-01 3.221036791801452637e-01 3.098655343055725098e-01 4.575825547361313528e-01 -2.116055844334617519e-01 -6.651996503098930313e-01 2.970952602914673224e-01 3.820858258209534203e-02 1.528113824685450595e-01 2.137421541539743230e-01
1.661971265300668478e+09 1.191402301192283630e-01 -3.126208856701850891e-02 1.050045013427734375e+00 -5.441597104072570801e-01 7.118793129920959473e-01 3.202934265136718750e-01 3.074575960636138916e-01 4.467452312508199963e-01 -2.049946389303522187e-01 -6.444175965249703264e-01 2.878134609463436355e-01 3.701487657533934078e-02 1.480372753746368730e-01 2.070644583048202036e-01
1.661971265332583427e+09 1.268328577280044556e-01 -2.114159241318702698e-02 1.043349027633666992e+00 -5.400076508522033691e-01 7.168747782707214355e-01 3.184748888015747070e-01 3.050508499145507812e-01 4.501941077554225124e-01 -2.049915761317926965e-01 -6.444079683644606815e-01 2.878091607624073678e-01 3.701432354082480336e-02 1.480350635687246730e-01 2.070613645813545178e-01
1.661971265364498138e+09 1.346570104360580444e-01 -1.113873906433582306e-02 1.036396861076354980e+00 -5.358016490936279297e-01 7.218423485755920410e-01 3.166479766368865967e-01 3.026453852653503418e-01 4.536407270001333036e-01 -2.049931075196325947e-01 -6.444127824087624301e-01 2.878113108383132390e-01 3.701460005601656805e-02 1.480361694634208802e-01 2.070629114315324093e-01
1.661971265395415306e+09 1.426103264093399048e-01 -1.260289573110640049e-03 1.029188632965087891e+00 -5.315421223640441895e-01 7.267813682556152344e-01 3.148127794265747070e-01 3.002413213253021240e-01 4.718278941028712925e-01 -2.116072162356798514e-01 -6.652047800150765466e-01 2.970975513496453280e-01 3.820887722861862623e-02 1.528125608776724487e-01 2.137438024324079255e-01
1.661971265425335407e+09 1.506902724504470825e-01 8.487039245665073395e-03 1.021725058555603027e+00 -5.272291898727416992e-01 7.316911816596984863e-01 3.129690289497375488e-01 2.978386282920837402e-01 4.912071873309544201e-01 -2.186588790904586688e-01 -6.873722652336844430e-01 3.069981199803704652e-01 3.948216140610995989e-02 1.579049328603241431e-01 2.208666655316184613e-01
1.661971265456252813e+09 1.588941216468811035e-01 1.809657551348209381e-02 1.014006614685058594e+00 -5.228631496429443359e-01 7.365711927413940430e-01 3.111169338226318359e-01 2.954375445842742920e-01 4.788921680778567835e-01 -2.116055844334608638e-01 -6.651996503098930313e-01 2.970952602914673224e-01 3.820858258209500896e-02 1.528113824685432554e-01 2.137421541539734349e-01
1.661971265487169981e+09 1.672190576791763306e-01 2.756169252097606659e-02 1.006034016609191895e+00 -5.184442400932312012e-01 7.414208054542541504e-01 3.092562854290008545e-01 2.930380105972290039e-01 4.824159929470145380e-01 -2.116072162356798514e-01 -6.652047800150765466e-01 2.970975513496453280e-01 3.820887722861884828e-02 1.528125608776742528e-01 2.137438024324079255e-01
1.661971265517090082e+09 1.756620854139328003e-01 3.687582165002822876e-02 9.978082776069641113e-01 -5.139730572700500488e-01 7.462393045425415039e-01 3.073871731758117676e-01 2.906402647495269775e-01 5.021150095954969306e-01 -2.186588790904586688e-01 -6.873722652336918815e-01 3.069981199803704652e-01 3.948216140610995989e-02 1.579049328603241431e-01 2.208666655316184613e-01
1.661971265548007727e+09 1.842200309038162231e-01 4.603244736790657043e-02 9.893302917480468750e-01 -5.094495415687561035e-01 7.510261535644531250e-01 3.055095076560974121e-01 2.882441878318786621e-01 4.894090068986904352e-01 -2.116039526564106321e-01 -6.651945206838096869e-01 2.970929692686238854e-01 3.820828794011600638e-02 1.528102040775866644e-01 2.137405059009618302e-01
1.661971265578924656e+09 1.928896307945251465e-01 5.502512305974960327e-02 9.806011915206909180e-01 -5.048743486404418945e-01 7.557807564735412598e-01 3.036232590675354004e-01 2.858501076698303223e-01 4.929017374572950971e-01 -2.116088480630645974e-01 -6.652099097993907639e-01 2.970998424431587348e-01 3.820917187968651818e-02 1.528137393049800175e-01 2.137454507362622769e-01
1.661971265609842062e+09 2.016674131155014038e-01 6.384747475385665894e-02 9.716221094131469727e-01 -5.002474784851074219e-01 7.605024576187133789e-01 3.017284572124481201e-01 2.834579348564147949e-01 4.963626636319558583e-01 -2.116055844334617519e-01 -6.651996503098930313e-01 2.970952602914673224e-01 3.820858258209534203e-02 1.528113824685432554e-01 2.137421541539743230e-01
1.661971265639762163e+09 2.105497866868972778e-01 7.249318063259124756e-02 9.623944163322448730e-01 -4.955694973468780518e-01 7.651907205581665039e-01 2.998249530792236328e-01 2.810677886009216309e-01 5.164754193537214322e-01 -2.186588790904586688e-01 -6.873722652336770045e-01 3.069981199803704652e-01 3.948216140610961294e-02 1.579049328603222835e-01 2.208666655316184613e-01
1.661971265670679808e+09 2.195330411195755005e-01 8.095602691173553467e-02 9.529196023941040039e-01 -4.908406138420104980e-01 7.698448300361633301e-01 2.979128062725067139e-01 2.786797881126403809e-01 5.032487184759940613e-01 -2.116039526564106321e-01 -6.651945206838240088e-01 2.970929692686238854e-01 3.820828794011611740e-02 1.528102040775884685e-01 2.137405059009618302e-01
1.661971265701596737e+09 2.286133021116256714e-01 8.922985196113586426e-02 9.431991577148437500e-01 -4.860612154006958008e-01 7.744642496109008789e-01 2.959919869899749756e-01 2.762939631938934326e-01 5.066825425462995192e-01 -2.116088480630645974e-01 -6.652099097993836585e-01 2.970998424431587348e-01 3.820917187968651818e-02 1.528137393049782411e-01 2.137454507362622769e-01
1.661971265733511686e+09 2.377865314483642578e-01 9.730859845876693726e-02 9.332347512245178223e-01 -4.812316894531250000e-01 7.790484428405761719e-01 2.940624356269836426e-01 2.739104628562927246e-01 4.941365101187252806e-01 -2.049915761317935847e-01 -6.444079683644676759e-01 2.878091607624073678e-01 3.701432354082480336e-02 1.480350635687281424e-01 2.070613645813562387e-01
1.661971265765426159e+09 2.470486015081405640e-01 1.051862984895706177e-01 9.230282902717590332e-01 -4.763523042201995850e-01 7.835966944694519043e-01 2.921241819858551025e-01 2.715292572975158691e-01 4.974235444756004432e-01 -2.049946389303522187e-01 -6.444175965249703264e-01 2.878134609463436355e-01 3.701487657533956283e-02 1.480372753746351244e-01 2.070644583048202036e-01
1.661971265797341585e+09 2.563951909542083740e-01 1.128570735454559326e-01 9.125815629959106445e-01 -4.714236259460449219e-01 7.881085276603698730e-01 2.901771664619445801e-01 2.691505849361419678e-01 5.006720699234812333e-01 -2.049885134247552976e-01 -6.443983404916668878e-01 2.878048607069661480e-01 3.701377052283587321e-02 1.480328518289092954e-01 2.070582709503358820e-01
1.661971265829255581e+09 2.658219337463378906e-01 1.203151494264602661e-01 9.018967151641845703e-01 -4.664456844329833984e-01 7.925833463668823242e-01 2.882212996482849121e-01 2.667743265628814697e-01 5.039379099331524614e-01 -2.049977018204353907e-01 -6.444272249731878288e-01 2.878177612587807244e-01 3.701542962638001283e-02 1.480394872466402056e-01 2.070675521207327729e-01
1.661971265860174417e+09 2.753242254257202148e-01 1.275548636913299561e-01 8.909757733345031738e-01 -4.614191949367523193e-01 7.970205545425415039e-01 2.862566709518432617e-01 2.644006907939910889e-01 5.234870411223688791e-01 -2.115957941486386329e-01 -6.651688737400821561e-01 2.970815146843966414e-01 3.820681479838027028e-02 1.528043123954048177e-01 2.137322650171952221e-01
1.661971265891090631e+09 2.848973870277404785e-01 1.345706433057785034e-01 8.798210024833679199e-01 -4.563444256782531738e-01 8.014194965362548828e-01 2.842831611633300781e-01 2.620297372341156006e-01 5.268398732406196494e-01 -2.116137436962337304e-01 -6.652252996270281438e-01 2.971067159357194121e-01 3.821005586015777111e-02 1.528172746959504391e-01 2.137503958003649784e-01
1.661971265924003839e+09 2.945366501808166504e-01 1.413570493459701538e-01 8.684348464012145996e-01 -4.512217938899993896e-01 8.057796955108642578e-01 2.823008596897125244e-01 2.596615254878997803e-01 4.979607578187694727e-01 -1.987741754504078473e-01 -6.248630552650962233e-01 2.790799002435139231e-01 3.589167799242545115e-02 1.435451556297323017e-01 2.007811871539242066e-01
1.661971265954428911e+09 3.042370975017547607e-01 1.479087322950363159e-01 8.568196892738342285e-01 -4.460517168045043945e-01 8.101006746292114258e-01 2.803096473217010498e-01 2.572962045669555664e-01 5.420021702180077838e-01 -2.150297571747016023e-01 -6.759638204340970846e-01 3.019028153215732591e-01 3.882686866045786250e-02 1.552841554428524284e-01 2.172009005753745281e-01
1.661971265985346794e+09 3.139936327934265137e-01 1.542205065488815308e-01 8.449781537055969238e-01 -4.408345818519592285e-01 8.143817186355590820e-01 2.783095240592956543e-01 2.549337446689605713e-01 5.366044408362740104e-01 -2.116023209045259368e-01 -6.651893911368532697e-01 2.970906782811141844e-01 3.820799330268084132e-02 1.528090257048040634e-01 2.137388576733698364e-01
1.661971266016264200e+09 3.238011002540588379e-01 1.602872610092163086e-01 8.329129815101623535e-01 -4.355707466602325439e-01 8.186222910881042480e-01 2.763004302978515625e-01 2.525742053985595703e-01 5.398294414499319460e-01 -2.116055844334617519e-01 -6.651996503098858149e-01 2.970952602914673224e-01 3.820858258209534203e-02 1.528113824685450595e-01 2.137421541539743230e-01
1.661971266047686577e+09 3.336542546749114990e-01 1.661040633916854858e-01 8.206269741058349609e-01 -4.302607476711273193e-01 8.228218555450439453e-01 2.742824852466583252e-01 2.502177953720092773e-01 5.342963134651235180e-01 -2.082049954290983718e-01 -6.545096176124739484e-01 2.923208169415881241e-01 3.759455490343600881e-02 1.503556405354777026e-01 2.103072295931175673e-01
1.661971266078603745e+09 3.435477018356323242e-01 1.716660708189010620e-01 8.081229925155639648e-01 -4.249050617218017578e-01 8.269799351692199707e-01 2.722555398941040039e-01 2.478645145893096924e-01 5.461966126685948719e-01 -2.116072162356798514e-01 -6.652047800150837631e-01 2.970975513496453280e-01 3.820887722861862623e-02 1.528125608776742528e-01 2.137438024324079255e-01
1.661971266110518694e+09 3.534759581089019775e-01 1.769685894250869751e-01 7.954040765762329102e-01 -4.195039868354797363e-01 8.310959935188293457e-01 2.702196240425109863e-01 2.455143779516220093e-01 5.321658260897771386e-01 -2.049915761317935847e-01 -6.444079683644676759e-01 2.878091607624073678e-01 3.701432354082501847e-02 1.480350635687263938e-01 2.070613645813562387e-01
1.661971266141436338e+09 3.634333908557891846e-01 1.820071041584014893e-01 7.824733853340148926e-01 -4.140580594539642334e-01 8.351693749427795410e-01 2.681746780872344971e-01 2.431675046682357788e-01 5.524481149298348104e-01 -2.116039526564088558e-01 -6.651945206838167923e-01 2.970929692686238854e-01 3.820828794011589535e-02 1.528102040775866644e-01 2.137405059009600261e-01
1.661971266172353506e+09 3.734143376350402832e-01 1.867771744728088379e-01 7.693341970443725586e-01 -4.085676670074462891e-01 8.391996026039123535e-01 2.661207616329193115e-01 2.408239990472793579e-01 5.555453355346959832e-01 -2.116072162356798514e-01 -6.652047800150765466e-01 2.970975513496453280e-01 3.820887722861862623e-02 1.528125608776760291e-01 2.137438024324079255e-01
1.661971266202273846e+09 3.834129869937896729e-01 1.912745684385299683e-01 7.559897303581237793e-01 -4.030333459377288818e-01 8.431862592697143555e-01 2.640577852725982666e-01 2.384838908910751343e-01 5.772200698511674721e-01 -2.186571367192160498e-01 -6.873667879456233365e-01 3.069956736827492150e-01 3.948184679468009356e-02 1.579036746035561989e-01 2.208649055677511241e-01
1.661971266233192682e+09 3.934234976768493652e-01 1.954951584339141846e-01 7.424435615539550781e-01 -3.974555432796478271e-01 8.471287488937377930e-01 2.619857788085937500e-01 2.361472547054290771e-01 5.616123400669559285e-01 -2.115957941486395211e-01 -6.651688737400892615e-01 2.970815146843966414e-01 3.820681479838027028e-02 1.528043123954048177e-01 2.137322650171952221e-01
1.661971266264109373e+09 3.934234976768493652e-01 1.954951584339141846e-01 7.424435615539550781e-01 -3.974555432796478271e-01 8.471287488937377930e-01 2.619857788085937500e-01 2.361472547054290771e-01 0.000000000000000000e+00 0.000000000000000000e+00 0.000000000000000000e+00 0.000000000000000000e+00 -4.488768829022580021e-16 0.000000000000000000e+00 0.000000000000000000e+00
1.661971266296023369e+09 3.918871879577636719e-01 2.056697309017181396e-01 7.448552250862121582e-01 -4.013669490814208984e-01 8.406814336776733398e-01 2.683815658092498779e-01 2.452156990766525269e-01 3.311632119705060773e-01 1.266088518202168056e-01 -2.368440525352392134e-01 3.344589164418922955e-01 -1.364710806168387691e-01 6.337656179764359354e-01 -1.956055931133644232e-01
1.661971266327937603e+09 3.902144730091094971e-01 2.157700061798095703e-01 7.473188042640686035e-01 -4.051837623119354248e-01 8.340881466865539551e-01 2.747425734996795654e-01 2.542430162429809570e-01 3.299495826068143955e-01 1.266079059757279635e-01 -2.368422831673149542e-01 3.344564178320417192e-01 -1.364700610955512927e-01 6.337608833649935880e-01 -1.956041318215991920e-01
1.661971266359852791e+09 3.884052038192749023e-01 2.257927954196929932e-01 7.498325109481811523e-01 -4.089040160179138184e-01 8.273507952690124512e-01 2.810680866241455078e-01 2.632278501987457275e-01 3.286961522991473927e-01 1.266041227390820034e-01 -2.368352059599402037e-01 3.344464237659856565e-01 -1.364659831627220987e-01 6.337419456266287776e-01 -1.955982868728680102e-01
1.661971266391767979e+09 3.864593207836151123e-01 2.357348799705505371e-01 7.523944973945617676e-01 -4.125255346298217773e-01 8.204710483551025391e-01 2.873573303222656250e-01 2.721686065196990967e-01 3.274194913142918217e-01 1.266041227390820034e-01 -2.368352059599471426e-01 3.344464237659856565e-01 -1.364659831627220987e-01 6.337419456266322193e-01 -1.955982868728680102e-01
1.661971266423681974e+09 3.843768537044525146e-01 2.455931305885314941e-01 7.550029754638671875e-01 -4.160463511943817139e-01 8.134506940841674805e-01 2.936094701290130615e-01 2.810639142990112305e-01 3.261257078928878617e-01 1.266088518202185542e-01 -2.368440525352392134e-01 3.344589164418853011e-01 -1.364710806168396295e-01 6.337656179764323827e-01 -1.956055931133627024e-01
1.661971266455596447e+09 3.821578919887542725e-01 2.553643882274627686e-01 7.576559782028198242e-01 -4.194643795490264893e-01 8.062916398048400879e-01 2.998237907886505127e-01 2.899123132228851318e-01 3.247840571111540453e-01 1.266069601453693461e-01 -2.368405138258130871e-01 3.344539192595371024e-01 -1.364690415894948272e-01 6.337561488242985375e-01 -1.956026705516689668e-01
1.661971266487511873e+09 3.798026740550994873e-01 2.650455832481384277e-01 7.603515386581420898e-01 -4.227777123451232910e-01 7.989956736564636230e-01 3.059996068477630615e-01 2.987123429775238037e-01 3.234096053176885865e-01 1.266031769652480043e-01 -2.368334367241914928e-01 3.344439253427935466e-01 -1.364649637175941455e-01 6.337372113688755082e-01 -1.955968256902643476e-01
1.661971266517431974e+09 3.773114383220672607e-01 2.746335864067077637e-01 7.630876898765563965e-01 -4.259844124317169189e-01 7.915649414062500000e-01 3.121361434459686279e-01 3.074626624584197998e-01 3.434909787218508037e-01 1.350461462547929981e-01 -2.526274908777273454e-01 3.567474714182466422e-01 -1.455656002528272486e-01 6.760001619636937242e-01 -2.086408742838352648e-01
1.661971266549345970e+09 3.746845126152038574e-01 2.841254174709320068e-01 7.658623456954956055e-01 -4.290825128555297852e-01 7.840012311935424805e-01 3.182326555252075195e-01 3.161617219448089600e-01 3.206124315359100696e-01 1.266088518202168056e-01 -2.368440525352461523e-01 3.344589164418922955e-01 -1.364710806168396295e-01 6.337656179764359354e-01 -1.956055931133644232e-01
1.661971266580263376e+09 3.719224035739898682e-01 2.935180366039276123e-01 7.686734795570373535e-01 -4.320701360702514648e-01 7.763066887855529785e-01 3.242884278297424316e-01 3.248081505298614502e-01 3.294559162871296132e-01 1.306899533309607286e-01 -2.444784683498963940e-01 3.452398434430272167e-01 -1.408700805704037329e-01 6.541943777653075331e-01 -2.019107311040188868e-01
1.661971266611180544e+09 3.690255582332611084e-01 3.028084933757781982e-01 7.715189456939697266e-01 -4.349454939365386963e-01 7.684832811355590820e-01 3.303027749061584473e-01 3.334005475044250488e-01 3.279434196310295202e-01 1.306909611500894075e-01 -2.444803536522526521e-01 3.452425057694744615e-01 -1.408711668938608941e-01 6.541994226030397597e-01 -2.019122881441101081e-01
1.661971266643095255e+09 3.659946024417877197e-01 3.119938373565673828e-01 7.743965983390808105e-01 -4.377067089080810547e-01 7.605331540107727051e-01 3.362749814987182617e-01 3.419375121593475342e-01 3.162017538418890328e-01 1.266060143291405926e-01 -2.368387445107608402e-01 3.344514207243565740e-01 -1.364680220986725090e-01 6.337514143543386824e-01 -1.956012093035689459e-01
1.661971266673015118e+09 3.628302216529846191e-01 3.210712373256683350e-01 7.773042917251586914e-01 -4.403521716594696045e-01 7.524584531784057617e-01 3.422043621540069580e-01 3.504176139831542969e-01 3.356721697200165111e-01 1.350472223797263005e-01 -2.526295039580654933e-01 3.567503141861413929e-01 -1.455667602027861662e-01 6.760055487196221513e-01 -2.086425368536551084e-01
1.661971266703933239e+09 3.595331311225891113e-01 3.300378322601318359e-01 7.802398204803466797e-01 -4.428799748420715332e-01 7.442612648010253906e-01 3.480902612209320068e-01 3.588394820690155029e-01 3.232536773051069567e-01 1.306869299668337037e-01 -2.444728126172885652e-01 3.452318567100738367e-01 -1.408668217005571155e-01 6.541792437189372089e-01 -2.019060601278194200e-01
1.661971266733853102e+09 3.561041653156280518e-01 3.388907909393310547e-01 7.832008600234985352e-01 -4.452884495258331299e-01 7.359437346458435059e-01 3.539319932460784912e-01 3.672018051147460938e-01 3.323835430317094719e-01 1.350472223797263005e-01 -2.526295039580692126e-01 3.567503141861488314e-01 -1.455667602027866381e-01 6.760055487196240387e-01 -2.086425368536551084e-01
1.661971266764770031e+09 3.525442779064178467e-01 3.476274609565734863e-01 7.861852049827575684e-01 -4.475759863853454590e-01 7.275083065032958984e-01 3.597289025783538818e-01 3.755030632019042969e-01 3.200470897123024461e-01 1.306919689847618471e-01 -2.444822389836862342e-01 3.452451681369689274e-01 -1.408722532340721256e-01 6.542044675185811897e-01 -2.019138452082185342e-01
1.661971266796684504e+09 3.488543927669525146e-01 3.562450706958770752e-01 7.891905903816223145e-01 -4.497409760951995850e-01 7.189570665359497070e-01 3.654803037643432617e-01 3.837419450283050537e-01 3.084596761767987583e-01 1.266069601453693461e-01 -2.368405138258165565e-01 3.344539192595371024e-01 -1.364690415894952435e-01 6.337561488242968721e-01 -1.956026705516672182e-01
1.661971266827602386e+09 3.450356125831604004e-01 3.647410273551940918e-01 7.922145724296569824e-01 -4.517818689346313477e-01 7.102923989295959473e-01 3.711856305599212646e-01 3.919171392917633057e-01 3.167521315998009235e-01 1.306879377393314334e-01 -2.444746978324168207e-01 3.452345189133278480e-01 -1.408679079737524542e-01 6.541842883232562578e-01 -2.019076170958731820e-01
1.661971266858520269e+09 3.410890698432922363e-01 3.731127381324768066e-01 7.952549457550048828e-01 -4.536970555782318115e-01 7.015166282653808594e-01 3.768442273139953613e-01 4.000273346900939941e-01 3.150894834343770934e-01 1.306879377393332375e-01 -2.444746978324168207e-01 3.452345189133350090e-01 -1.408679079737528983e-01 6.541842883232598105e-01 -2.019076170958731820e-01
1.661971266890434027e+09 3.370159268379211426e-01 3.813576698303222656e-01 7.983092069625854492e-01 -4.554850459098815918e-01 6.926320791244506836e-01 3.824554383754730225e-01 4.080710411071777344e-01 3.036337274692370025e-01 1.266097976788413959e-01 -2.368458219296107614e-01 3.344614150890686255e-01 -1.364721001533611144e-01 6.337703526586148106e-01 -1.956070544269643552e-01
1.661971266922348976e+09 3.328175246715545654e-01 3.894733488559722900e-01 8.013750314712524414e-01 -4.571444392204284668e-01 6.836411356925964355e-01 3.880187273025512695e-01 4.160470962524414062e-01 3.019886151001984764e-01 1.266050685270466714e-01 -2.368369752221297642e-01 3.344489222265064066e-01 -1.364670026230814237e-01 6.337466799551160213e-01 -1.955997480773021269e-01
1.661971266952775717e+09 3.284952044486999512e-01 3.974573910236358643e-01 8.044499754905700684e-01 -4.586738049983978271e-01 6.745463013648986816e-01 3.935333788394927979e-01 4.239540100097656250e-01 3.150368469972969487e-01 1.327974759095344459e-01 -2.484209587930479024e-01 3.508072244584383159e-01 -1.431417691576351847e-01 6.647439983503379279e-01 -2.051667688774839460e-01
1.661971266984690666e+09 3.240503668785095215e-01 4.053074717521667480e-01 8.075315952301025391e-01 -4.600717723369598389e-01 6.653499603271484375e-01 3.989990651607513428e-01 4.317906796932220459e-01 2.986979088595647647e-01 1.266050685270457832e-01 -2.368369752221332614e-01 3.344489222265064066e-01 -1.364670026230814237e-01 6.337466799551160213e-01 -1.955997480773021269e-01
1.661971267016605377e+09 3.194845616817474365e-01 4.130212366580963135e-01 8.106175065040588379e-01 -4.613369703292846680e-01 6.560545563697814941e-01 4.044149219989776611e-01 4.395556151866912842e-01 2.970436737396625060e-01 1.266060143291423412e-01 -2.368387445107573430e-01 3.344514207243496351e-01 -1.364680220986723147e-01 6.337514143543386824e-01 -1.956012093035689459e-01
1.661971267048519611e+09 3.147992789745330811e-01 4.205965399742126465e-01 8.137052059173583984e-01 -4.624681770801544189e-01 6.466627120971679688e-01 4.097805023193359375e-01 4.472476541996002197e-01 2.953898460007221560e-01 1.266079059757279635e-01 -2.368422831673114848e-01 3.344564178320487136e-01 -1.364700610955510707e-01 6.337608833649962525e-01 -1.956041318216000524e-01
1.661971267080434322e+09 3.099962472915649414e-01 4.280312061309814453e-01 8.167921900749206543e-01 -4.634640514850616455e-01 6.371769309043884277e-01 4.150952994823455811e-01 4.548653960227966309e-01 2.937219674994335228e-01 1.266060143291414808e-01 -2.368387445107538736e-01 3.344514207243565740e-01 -1.364680220986723147e-01 6.337514143543386824e-01 -1.956012093035689459e-01
1.661971267112349033e+09 3.050770759582519531e-01 4.353231489658355713e-01 8.198759555816650391e-01 -4.643234908580780029e-01 6.275997161865234375e-01 4.203586876392364502e-01 4.624077081680297852e-01 2.920584032022796594e-01 1.266060143291423412e-01 -2.368387445107573430e-01 3.344514207243496351e-01 -1.364680220986723147e-01 6.337514143543379053e-01 -1.956012093035680854e-01
1.661971267144263506e+09 3.000435829162597656e-01 4.424704015254974365e-01 8.229540586471557617e-01 -4.650452733039855957e-01 6.179337501525878906e-01 4.255701899528503418e-01 4.698731899261474609e-01 2.903980639150289811e-01 1.266069601453684579e-01 -2.368405138258165565e-01 3.344539192595371024e-01 -1.364690415894956876e-01 6.337561488242985375e-01 -1.956026705516681063e-01
1.661971267176178455e+09 2.948975861072540283e-01 4.494709670543670654e-01 8.260239958763122559e-01 -4.656283259391784668e-01 6.081815361976623535e-01 4.307293295860290527e-01 4.772607386112213135e-01 2.887318953022733337e-01 1.266050685270466714e-01 -2.368369752221332614e-01 3.344489222265064066e-01 -1.364670026230814237e-01 6.337466799551160213e-01 -1.955997480773021269e-01
1.661971267208093166e+09 2.896409630775451660e-01 4.563230574131011963e-01 8.290831446647644043e-01 -4.660715162754058838e-01 5.983458161354064941e-01 4.358354210853576660e-01 4.845689833164215088e-01 2.870765744001851361e-01 1.266060143291423412e-01 -2.368387445107573430e-01 3.344514207243496351e-01 -1.364680220986720927e-01 6.337514143543386824e-01 -1.956012093035680854e-01
1.661971267240007877e+09 2.842756807804107666e-01 4.630247950553894043e-01 8.321290612220764160e-01 -4.663739502429962158e-01 5.884291529655456543e-01 4.408881068229675293e-01 4.917967915534973145e-01 2.854225875396685375e-01 1.266060143291414808e-01 -2.368387445107538736e-01 3.344514207243565740e-01 -1.364680220986720927e-01 6.337514143543386824e-01 -1.956012093035698063e-01
1.661971267271922588e+09 2.788037657737731934e-01 4.695745408535003662e-01 8.351592421531677246e-01 -4.665346145629882812e-01 5.784343481063842773e-01 4.458869695663452148e-01 4.989429712295532227e-01 2.837768493254412827e-01 1.266060143291423412e-01 -2.368387445107573430e-01 3.344514207243565740e-01 -1.364680220986725090e-01 6.337514143543386824e-01 -1.956012093035680854e-01
1.661971267303837538e+09 2.732272446155548096e-01 4.759706556797027588e-01 8.381711244583129883e-01 -4.665524959564208984e-01 5.683639049530029297e-01 4.508313536643981934e-01 5.060062408447265625e-01 2.821375278058394498e-01 1.266050685270466714e-01 -2.368369752221332614e-01 3.344489222264994677e-01 -1.364670026230814237e-01 6.337466799551160213e-01 -1.955997480773021269e-01
1.661971267335752249e+09 2.675482928752899170e-01 4.822115302085876465e-01 8.411622047424316406e-01 -4.664267599582672119e-01 5.582207441329956055e-01 4.557209312915802002e-01 5.129854679107666016e-01 2.805103191300856724e-01 1.266060143291414808e-01 -2.368387445107573430e-01 3.344514207243565740e-01 -1.364680220986720927e-01 6.337514143543370171e-01 -1.956012093035689459e-01
1.661971267366669893e+09 2.617690563201904297e-01 4.882957339286804199e-01 8.441298604011535645e-01 -4.661566019058227539e-01 5.480075478553771973e-01 4.605552256107330322e-01 5.198794603347778320e-01 2.878871172581941584e-01 1.306889455273754497e-01 -2.444765830766167936e-01 3.452371811576548932e-01 -1.408689942637016690e-01 6.541893330053808464e-01 -2.019091740879384311e-01
1.661971267397586584e+09 2.558917701244354248e-01 4.942218661308288574e-01 8.470717072486877441e-01 -4.657411873340606689e-01 5.377271175384521484e-01 4.653337895870208740e-01 5.266870260238647461e-01 2.862412649987294833e-01 1.306929768349775478e-01 -2.444841243442014422e-01 3.452478305455329854e-01 -1.408733395910378716e-01 6.542095125119282706e-01 -2.019154022963406681e-01
