1.661971267511790514e+09 1.378528122206244648e-16 -2.367949187755584717e-01 1.128897309303283691e+00 -6.125128269195556641e-01 6.125135421752929688e-01 3.533097505569458008e-01 3.533093035221099854e-01 0.000000000000000000e+00 0.000000000000000000e+00 0.000000000000000000e+00 0.000000000000000000e+00 0.000000000000000000e+00 0.000000000000000000e+00 0.000000000000000000e+00
1.661971279949253321e+09 1.378528122206244648e-16 -2.367949187755584717e-01 1.128897309303283691e+00 -6.125128269195556641e-01 6.125135421752929688e-01 3.533097505569458008e-01 3.533093035221099854e-01 0.000000000000000000e+00 0.000000000000000000e+00 0.000000000000000000e+00 0.000000000000000000e+00 0.000000000000000000e+00 0.000000000000000000e+00 0.000000000000000000e+00
1.661971279977179050e+09 4.975239280611276627e-03 -2.277798652648925781e-01 1.127514243125915527e+00 -6.095697879791259766e-01 6.140152812004089355e-01 3.554634451866149902e-01 3.536321222782135010e-01 3.720324112333801558e-01 -2.866456055801694935e-01 -5.477141139299688266e-01 1.618969956289778300e-01 4.433815212335644462e-01 5.292814282594127118e-01 -2.883212696198759195e-01
1.661971280007098436e+09 1.015919633209705353e-02 -2.187997996807098389e-01 1.126012802124023438e+00 -6.065052747726440430e-01 6.155870556831359863e-01 3.575607240200042725e-01 3.540540337562561035e-01 3.501771461140399389e-01 -2.675451875911375454e-01 -5.112175889147693164e-01 1.511091090279653992e-01 4.138371213917064750e-01 4.940131516251939914e-01 -2.691091949965071506e-01
1.661971280038016081e+09 1.555247977375984192e-02 -2.098596841096878052e-01 1.124391555786132812e+00 -6.033205986022949219e-01 6.172277927398681641e-01 3.595977127552032471e-01 3.545753657817840576e-01 3.417485266100570018e-01 -2.589067778343255855e-01 -4.947115659595704984e-01 1.462301485296391423e-01 4.004752864831827019e-01 4.780626198013290806e-01 -2.604202870903811196e-01
1.661971280068933010e+09 2.115554921329021454e-02 -2.009645551443099976e-01 1.122648835182189941e+00 -6.000170111656188965e-01 6.189363002777099609e-01 3.615703582763671875e-01 3.551962673664093018e-01 3.446722831900693174e-01 -2.589127675804871465e-01 -4.947230109928923980e-01 1.462335315290411164e-01 4.004845513828157455e-01 4.780736796652956810e-01 -2.604263118512178954e-01
1.661971280099850416e+09 2.696871384978294373e-02 -1.921195685863494873e-01 1.120782971382141113e+00 -5.965960025787353516e-01 6.207113265991210938e-01 3.634748160839080811e-01 3.559167385101318359e-01 3.476187581669528126e-01 -2.589087743855845170e-01 -4.947153809118295387e-01 1.462312761787097348e-01 4.004783747354285772e-01 4.780663063657915601e-01 -2.604222953130196361e-01
1.661971280131765604e+09 3.299212828278541565e-02 -1.833299398422241211e-01 1.118792653083801270e+00 -5.930590033531188965e-01 6.225517392158508301e-01 3.653070926666259766e-01 3.567368090152740479e-01 3.396427761068017137e-01 -2.508143695447508925e-01 -4.792488267805898317e-01 1.416595688173383216e-01 3.879580030222630205e-01 4.631202612436445820e-01 -2.522805724500339353e-01
1.661971280163680553e+09 3.922578692436218262e-02 -1.746009439229965210e-01 1.116676211357116699e+00 -5.894073843955993652e-01 6.244561672210693359e-01 3.670633137226104736e-01 3.576563298702239990e-01 3.425706125514016986e-01 -2.508162432373856054e-01 -4.792524069781588514e-01 1.416606270760595310e-01 3.879609012375984656e-01 4.631237209538009436e-01 -2.522824570958415169e-01
1.661971280195595503e+09 4.566952213644981384e-02 -1.659379452466964722e-01 1.114432096481323242e+00 -5.856425762176513672e-01 6.264234781265258789e-01 3.687393963336944580e-01 3.586748242378234863e-01 3.455271110338941631e-01 -2.508162432373838846e-01 -4.792524069781588514e-01 1.416606270760456254e-01 3.879609012376019628e-01 4.631237209538044408e-01 -2.522824570958432933e-01
1.661971280227509975e+09 5.232300236821174622e-02 -1.573463976383209229e-01 1.112058997154235840e+00 -5.817663669586181641e-01 6.284521818161010742e-01 3.703315854072570801e-01 3.597920536994934082e-01 3.485167583636723521e-01 -2.508199907066366308e-01 -4.792595675337730232e-01 1.416627436409087781e-01 3.879666977981769405e-01 4.631306405291892858e-01 -2.522862264719327174e-01
1.661971280259424448e+09 5.918572843074798584e-02 -1.488317847251892090e-01 1.109555244445800781e+00 -5.777800679206848145e-01 6.305410265922546387e-01 3.718358576297760010e-01 3.610073626041412354e-01 3.515311518919502221e-01 -2.508199907066366308e-01 -4.792595675337799621e-01 1.416627436408948448e-01 3.879666977981787168e-01 4.631306405291927830e-01 -2.522862264719344938e-01
1.661971280291338921e+09 6.625702977180480957e-02 -1.403996497392654419e-01 1.106919407844543457e+00 -5.736854076385498047e-01 6.326885223388671875e-01 3.732483983039855957e-01 3.623201847076416016e-01 3.545726523141279896e-01 -2.508199907066349099e-01 -4.792595675337730232e-01 1.416627436408948448e-01 3.879666977981752196e-01 4.631306405291892858e-01 -2.522862264719327174e-01
1.661971280321259260e+09 7.353606820106506348e-02 -1.320556402206420898e-01 1.104150176048278809e+00 -5.694840550422668457e-01 6.348932385444641113e-01 3.745653033256530762e-01 3.637297153472900391e-01 3.814739820411368609e-01 -2.675366599147331881e-01 -5.112012944779015244e-01 1.511042926094936512e-01 4.138239308384111248e-01 4.939974055587613155e-01 -2.691006174692732178e-01
1.661971280352682590e+09 8.102180808782577515e-02 -1.238053888082504272e-01 1.101245999336242676e+00 -5.651776194572448730e-01 6.371538043022155762e-01 3.757827281951904297e-01 3.652350902557373047e-01 3.663672736714557732e-01 -2.547402722023662802e-01 -4.867503277756532465e-01 1.438769125792042636e-01 3.940305632103915934e-01 4.703693078900200164e-01 -2.562294250283116415e-01
1.661971280383599043e+09 8.871306478977203369e-02 -1.156546249985694885e-01 1.098205685615539551e+00 -5.607678294181823730e-01 6.394686102867126465e-01 3.768969178199768066e-01 3.668352961540222168e-01 3.755864145297964640e-01 -2.589167608985654123e-01 -4.947306413093189859e-01 1.462357869489141482e-01 4.004907282207257335e-01 4.780810531922390916e-01 -2.604303285133117707e-01
1.661971280414516687e+09 9.660844504833221436e-02 -1.076090931892395020e-01 1.095027804374694824e+00 -5.562563538551330566e-01 6.418362259864807129e-01 3.779038786888122559e-01 3.685290813446044922e-01 3.788067365848561407e-01 -2.589067778343219772e-01 -4.947115659595561210e-01 1.462301485296534920e-01 4.004752864831827019e-01 4.780626198013290806e-01 -2.604202870903811196e-01
1.661971280444437027e+09 1.047063842415809631e-01 -9.967458993196487427e-02 1.091711044311523438e+00 -5.516451597213745117e-01 6.442549824714660645e-01 3.788001537322998047e-01 3.703154921531677246e-01 3.947964906132273577e-01 -2.675366599147350199e-01 -5.112012944778940859e-01 1.511042926094788019e-01 4.138239308384111248e-01 4.939974055587613155e-01 -2.691006174692732178e-01
1.661971280476351023e+09 1.130051314830780029e-01 -9.185692667961120605e-02 1.088254332542419434e+00 -5.469359159469604492e-01 6.467233896255493164e-01 3.795818388462066650e-01 3.721929788589477539e-01 3.733033756687988980e-01 -2.508237382878719113e-01 -4.792667283033704151e-01 1.416648602690065151e-01 3.879724945319736884e-01 4.631375603113545569e-01 -2.522899959606645925e-01
1.661971280508265734e+09 1.215027570724487305e-01 -8.416194468736648560e-02 1.084656238555908203e+00 -5.421304702758789062e-01 6.492397785186767578e-01 3.802452683448791504e-01 3.741600811481475830e-01 3.764831642505795384e-01 -2.508181169580125380e-01 -4.792559872292194711e-01 1.416616853505643370e-01 3.879637994962361613e-01 4.631271807156505660e-01 -2.522843417698075741e-01
1.661971280540180445e+09 1.301971226930618286e-01 -7.659552246332168579e-02 1.080915808677673340e+00 -5.372306704521179199e-01 6.518025398254394531e-01 3.807869255542755127e-01 3.762153089046478271e-01 3.796835137353585243e-01 -2.508181169580125380e-01 -4.792559872292194711e-01 1.416616853505643370e-01 3.879637994962378822e-01 4.631271807156505660e-01 -2.522843417698084623e-01
1.661971280572095156e+09 1.390859037637710571e-01 -6.916353106498718262e-02 1.077031970024108887e+00 -5.322385430335998535e-01 6.544099450111389160e-01 3.812031149864196777e-01 3.783569633960723877e-01 3.828964573023228013e-01 -2.508181169580116499e-01 -4.792559872292194711e-01 1.416616853505782703e-01 3.879637994962361613e-01 4.631271807156470688e-01 -2.522843417698067414e-01
1.661971280603013277e+09 1.481666117906570435e-01 -6.187185272574424744e-02 1.073003411293029785e+00 -5.271558761596679688e-01 6.570603251457214355e-01 3.814904391765594482e-01 3.805831074714660645e-01 3.985698816157514091e-01 -2.589027848241791663e-01 -4.947039362315256983e-01 1.462278932836716949e-01 4.004691101215774873e-01 4.780552468429749013e-01 -2.604162707380209829e-01
1.661971280633929729e+09 1.574365198612213135e-01 -5.472638085484504700e-02 1.068829417228698730e+00 -5.219846963882446289e-01 6.597519516944885254e-01 3.816452324390411377e-01 3.828919827938079834e-01 4.019293600995927362e-01 -2.589167608985645241e-01 -4.947306413093189859e-01 1.462357869489213369e-01 4.004907282207275099e-01 4.780810531922372597e-01 -2.604303285133108825e-01
1.661971280665844679e+09 1.668927371501922607e-01 -4.773299768567085266e-02 1.064509034156799316e+00 -5.167270302772521973e-01 6.624830961227416992e-01 3.816641867160797119e-01 3.852815330028533936e-01 3.925963068771419207e-01 -2.508162432373856054e-01 -4.792524069781588514e-01 1.416606270760525921e-01 3.879609012376001864e-01 4.631237209538027200e-01 -2.522824570958424051e-01
1.661971280697758913e+09 1.765321791172027588e-01 -4.089757055044174194e-02 1.060041308403015137e+00 -5.113847851753234863e-01 6.652519106864929199e-01 3.815439641475677490e-01 3.877495229244232178e-01 3.958543202424550933e-01 -2.508218644832533317e-01 -4.792631478918205623e-01 1.416638019470444487e-01 3.879695961434219131e-01 4.631341003944235979e-01 -2.522881112022176131e-01
1.661971280727679729e+09 1.863515526056289673e-01 -3.422595560550689697e-02 1.055425524711608887e+00 -5.059601068496704102e-01 6.680566072463989258e-01 3.812812566757202148e-01 3.902938663959503174e-01 4.256965950898062845e-01 -2.675323962803865530e-01 -5.111931476489816051e-01 1.511018845153792034e-01 4.138173358770820820e-01 4.939895329019558523e-01 -2.690963289107026202e-01
1.661971280758596659e+09 1.963473856449127197e-01 -2.772398479282855988e-02 1.050660848617553711e+00 -5.004550218582153320e-01 6.708953976631164551e-01 3.808728456497192383e-01 3.929121494293212891e-01 4.153427701805410543e-01 -2.589127675804862583e-01 -4.947230109928923980e-01 1.462335315290339277e-01 4.004845513828139691e-01 4.780736796652939047e-01 -2.604263118512169517e-01
1.661971280789513826e+09 2.065159976482391357e-01 -2.139745280146598816e-02 1.045746803283691406e+00 -4.948717057704925537e-01 6.737663745880126953e-01 3.803156018257141113e-01 3.956020176410675049e-01 4.187000312659624468e-01 -2.589107709676390368e-01 -4.947191959229411684e-01 1.462324038451793262e-01 4.004814630353064620e-01 4.780699929871138898e-01 -2.604243035666319317e-01
1.661971280821428776e+09 2.168535143136978149e-01 -1.525212358683347702e-02 1.040682554244995117e+00 -4.892120957374572754e-01 6.766677498817443848e-01 3.796063661575317383e-01 3.983607888221740723e-01 4.088673986725459009e-01 -2.508162432373847173e-01 -4.792524069781657903e-01 1.416606270760525921e-01 3.879609012375984656e-01 4.631237209538009436e-01 -2.522824570958415169e-01
1.661971280852852821e+09 2.273558825254440308e-01 -9.293711744248867035e-03 1.035467863082885742e+00 -4.834784865379333496e-01 6.795975565910339355e-01 3.787421584129333496e-01 4.011858403682708740e-01 4.185575680875556204e-01 -2.547344739533509150e-01 -4.867392486495145665e-01 1.438736377371168385e-01 3.940215945172789724e-01 4.703586016190724473e-01 -2.562235928840727595e-01
1.661971280884766579e+09 2.380188256502151489e-01 -3.527882043272256851e-03 1.030102133750915527e+00 -4.776729643344879150e-01 6.825538873672485352e-01 3.777200877666473389e-01 4.040745198726654053e-01 4.153844220800570475e-01 -2.508256121204843758e-01 -4.792703087684027641e-01 1.416659186067605880e-01 3.879753929638280474e-01 4.631410202799798315e-01 -2.522918807472698810e-01
1.661971280916681051e+09 2.488379180431365967e-01 2.039759187027812004e-03 1.024585127830505371e+00 -4.717978239059448242e-01 6.855348348617553711e-01 3.765372633934020996e-01 4.070239961147308350e-01 4.186178514519617311e-01 -2.508199907066357426e-01 -4.792595675337730232e-01 1.416627436409018115e-01 3.879666977981787168e-01 4.631306405291892858e-01 -2.522862264719327174e-01
1.661971280948104620e+09 2.598085105419158936e-01 7.403672207146883011e-03 1.018916368484497070e+00 -4.658552110195159912e-01 6.885383725166320801e-01 3.751910030841827393e-01 4.100312888622283936e-01 4.284457466794048264e-01 -2.547383394233653786e-01 -4.867466346775669028e-01 1.438758209486151463e-01 3.940275736006537688e-01 4.703657390788845705e-01 -2.562274809507326112e-01
1.661971280980019569e+09 2.709257900714874268e-01 1.255838852375745773e-02 1.013095974922180176e+00 -4.598472416400909424e-01 6.915625929832458496e-01 3.736784458160400391e-01 4.130932986736297607e-01 4.250737581553181155e-01 -2.508162432373838846e-01 -4.792524069781657903e-01 1.416606270760525921e-01 3.879609012376001864e-01 4.631237209538018318e-01 -2.522824570958432933e-01
1.661971281010936737e+09 2.821847498416900635e-01 1.749852299690246582e-02 1.007123708724975586e+00 -4.537763893604278564e-01 6.946054697036743164e-01 3.719972670078277588e-01 4.162070453166961670e-01 4.421115080892439875e-01 -2.589107709676399249e-01 -4.947191959229411684e-01 1.462324038451721653e-01 4.004814630353046856e-01 4.780699929871138898e-01 -2.604243035666310435e-01
1.661971281042359829e+09 2.935801744461059570e-01 2.221877127885818481e-02 1.000999569892883301e+00 -4.476447701454162598e-01 6.976649761199951172e-01 3.701447844505310059e-01 4.193692803382873535e-01 4.382458386015421481e-01 -2.547422050106939451e-01 -4.867540209297813170e-01 1.438780042263727577e-01 3.940335528654924091e-01 4.703728767553130852e-01 -2.562313691353923506e-01
1.661971281074274540e+09 3.051066994667053223e-01 2.671393007040023804e-02 9.947235584259033203e-01 -4.414547383785247803e-01 7.007391452789306641e-01 3.681186139583587646e-01 4.225766658782958984e-01 4.346846513056128458e-01 -2.508181169580134262e-01 -4.792559872292264100e-01 1.416616853505713036e-01 3.879637994962396030e-01 4.631271807156505660e-01 -2.522843417698075741e-01
1.661971281105191708e+09 3.167587518692016602e-01 3.097889386117458344e-02 9.882959723472595215e-01 -4.352085292339324951e-01 7.038258910179138184e-01 3.659165799617767334e-01 4.258259534835815430e-01 4.519835468548390467e-01 -2.589107709676381486e-01 -4.947191959229411684e-01 1.462324038451793262e-01 4.004814630353046856e-01 4.780699929871121134e-01 -2.604243035666310435e-01
1.661971281135616064e+09 3.285306394100189209e-01 3.500866517424583435e-02 9.817171096801757812e-01 -4.289085865020751953e-01 7.069231271743774414e-01 3.635363280773162842e-01 4.291135966777801514e-01 4.626136629426960689e-01 -2.631045861655500473e-01 -5.027326164338198344e-01 1.486010641963143308e-01 4.069684285635509213e-01 4.858137310894763417e-01 -2.646426348400714446e-01
1.661971281167531013e+09 3.404164016246795654e-01 3.879836201667785645e-02 9.749872684478759766e-01 -4.225571453571319580e-01 7.100287675857543945e-01 3.609758913516998291e-01 4.324360787868499756e-01 4.441418002097061724e-01 -2.508162432373838846e-01 -4.792524069781588514e-01 1.416606270760456254e-01 3.879609012376001864e-01 4.631237209538018318e-01 -2.522824570958415169e-01
1.661971281199445486e+09 3.524100184440612793e-01 4.234322533011436462e-02 9.681069254875183105e-01 -4.161566197872161865e-01 7.131408452987670898e-01 3.582331836223602295e-01 4.357897937297821045e-01 4.472633263873888598e-01 -2.508199907066366308e-01 -4.792595675337799621e-01 1.416627436409018115e-01 3.879666977981787168e-01 4.631306405291901740e-01 -2.522862264719327174e-01
1.661971281231359959e+09 3.645052015781402588e-01 4.563862457871437073e-02 9.610766172409057617e-01 -4.097093343734741211e-01 7.162571549415588379e-01 3.553064167499542236e-01 4.391711652278900146e-01 4.503547270036922789e-01 -2.508199907066349099e-01 -4.792595675337730232e-01 1.416627436409018115e-01 3.879666977981769405e-01 4.631306405291906181e-01 -2.522862264719344938e-01
1.661971281263275146e+09 3.766956031322479248e-01 4.868006333708763123e-02 9.538971185684204102e-01 -4.032177329063415527e-01 7.193756103515625000e-01 3.521937131881713867e-01 4.425763189792633057e-01 4.534113925491013442e-01 -2.508143695447526134e-01 -4.792488267805898317e-01 1.416595688173452883e-01 3.879580030222630205e-01 4.631202612436454702e-01 -2.522805724500339353e-01
1.661971281295190334e+09 3.889746367931365967e-01 5.146319791674613953e-02 9.465690851211547852e-01 -3.966841101646423340e-01 7.224941253662109375e-01 3.488934636116027832e-01 4.460015296936035156e-01 4.564532920948454198e-01 -2.508143695447508925e-01 -4.792488267805898317e-01 1.416595688173383216e-01 3.879580030222630205e-01 4.631202612436454702e-01 -2.522805724500339353e-01
1.661971281326106787e+09 4.013355970382690430e-01 5.398382246494293213e-02 9.390934109687805176e-01 -3.901109993457794189e-01 7.256104946136474609e-01 3.454040586948394775e-01 4.494428336620330811e-01 4.743102275770912368e-01 -2.589167608985654123e-01 -4.947306413093261468e-01 1.462357869489213369e-01 4.004907282207293417e-01 4.780810531922368156e-01 -2.604303285133117707e-01
1.661971281357024193e+09 4.137716293334960938e-01 5.623789131641387939e-02 9.314710497856140137e-01 -3.835007250308990479e-01 7.287226319313049316e-01 3.417241573333740234e-01 4.528963863849639893e-01 4.773774408151889026e-01 -2.589087743855845170e-01 -4.947153809118295387e-01 1.462312761787169235e-01 4.004783747354285772e-01 4.780663063657924483e-01 -2.604222953130196361e-01
1.661971281387941837e+09 4.262757599353790283e-01 5.822152271866798401e-02 9.237031340599060059e-01 -3.768557310104370117e-01 7.318283915519714355e-01 3.378523290157318115e-01 4.563581943511962891e-01 4.804237799061750747e-01 -2.589067778343255855e-01 -4.947115659595561210e-01 1.462301485296463310e-01 4.004752864831827019e-01 4.780626198013299688e-01 -2.604202870903811196e-01
1.661971281418859005e+09 4.388408362865447998e-01 5.993100255727767944e-02 9.157907962799072266e-01 -3.701785206794738770e-01 7.349256277084350586e-01 3.337874412536621094e-01 4.598241150379180908e-01 4.834484785777861671e-01 -2.589107709676381486e-01 -4.947191959229411684e-01 1.462324038451721653e-01 4.004814630353082383e-01 4.780699929871138898e-01 -2.604243035666310435e-01
1.661971281449776411e+09 4.514595866203308105e-01 6.136279180645942688e-02 9.077353477478027344e-01 -3.634714782238006592e-01 7.380121350288391113e-01 3.295283913612365723e-01 4.632900953292846680e-01 4.864267559787619488e-01 -2.589087743855862933e-01 -4.947153809118366996e-01 1.462312761787169235e-01 4.004783747354285772e-01 4.780663063657924483e-01 -2.604222953130214124e-01
1.661971281480693817e+09 4.641246497631072998e-01 6.251353025436401367e-02 8.995381593704223633e-01 -3.567370176315307617e-01 7.410857677459716797e-01 3.250741958618164062e-01 4.667519330978393555e-01 4.893737164411155471e-01 -2.589087743855845170e-01 -4.947153809118295387e-01 1.462312761787169235e-01 4.004783747354285772e-01 4.780663063657924483e-01 -2.604222953130196361e-01
1.661971281511611223e+09 4.641246497631072998e-01 6.251353025436401367e-02 8.995381593704223633e-01 -3.567370176315307617e-01 7.410857677459716797e-01 3.250741958618164062e-01 4.667519330978393555e-01 0.000000000000000000e+00 0.000000000000000000e+00 0.000000000000000000e+00 0.000000000000000000e+00 0.000000000000000000e+00 0.000000000000000000e+00 0.000000000000000000e+00
1.661971281542528152e+09 4.599714577198028564e-01 7.345927506685256958e-02 9.005178213119506836e-01 -3.601561486721038818e-01 7.370803356170654297e-01 3.276762366294860840e-01 4.686453640460968018e-01 3.799895250333838459e-01 2.190558477934088644e-01 -3.444425101813804457e-01 4.164773725869655996e-01 -5.425941086896604038e-01 1.302872394438208403e-01 3.823299270714266007e-01
1.661971281574443340e+09 4.556546509265899658e-01 8.438310027122497559e-02 9.014319777488708496e-01 -3.635652363300323486e-01 7.330289483070373535e-01 3.303330838680267334e-01 4.704986214637756348e-01 3.691458988762670312e-01 2.122041136589195853e-01 -3.336688717318549990e-01 4.034505930750680869e-01 -5.256225892660479904e-01 1.262120525233251522e-01 3.703712277792595708e-01
1.661971281606358290e+09 4.511738419532775879e-01 9.528200328350067139e-02 9.022802114486694336e-01 -3.669645190238952637e-01 7.289319634437561035e-01 3.330439031124114990e-01 4.723102450370788574e-01 3.701881148615419614e-01 2.122056989161184293e-01 -3.336713643837301846e-01 4.034536070268021635e-01 -5.256265158958300932e-01 1.262129953823553363e-01 3.703739946137205585e-01
1.661971281636279106e+09 4.465287029743194580e-01 1.061529666185379028e-01 9.030621051788330078e-01 -3.703542351722717285e-01 7.247897386550903320e-01 3.358078896999359131e-01 4.740787148475646973e-01 3.959663893608032503e-01 2.263485745683984085e-01 -3.559095636371427673e-01 4.303425842069040219e-01 -5.606579523361688855e-01 1.346247143348244801e-01 3.950583144855054352e-01
1.661971281668192625e+09 4.417189657688140869e-01 1.169929653406143188e-01 9.037772417068481445e-01 -3.737345635890960693e-01 7.206025719642639160e-01 3.386240899562835693e-01 4.758027195930480957e-01 3.722773518385386060e-01 2.122152109567108369e-01 -3.336863210770648069e-01 4.034716916829013678e-01 -5.256500769065908241e-01 1.262186528323743506e-01 3.703905964886425317e-01
1.661971281699109793e+09 4.367444217205047607e-01 1.277989596128463745e-01 9.044251441955566406e-01 -3.771055638790130615e-01 7.163708806037902832e-01 3.414914906024932861e-01 4.774805009365081787e-01 3.853413625744891990e-01 2.190541585382823064e-01 -3.444398540035975009e-01 4.164741609103825293e-01 -5.425899244604412974e-01 1.302862347302312651e-01 3.823269787237998929e-01
1.661971281730027676e+09 4.316049516201019287e-01 1.385679095983505249e-01 9.050053954124450684e-01 -3.804675936698913574e-01 7.120950818061828613e-01 3.444092869758605957e-01 4.791109263896942139e-01 3.863975702113102151e-01 2.190490909292198141e-01 -3.444318857160340586e-01 4.164645261778295859e-01 -5.425773721599583821e-01 1.302832206824339478e-01 3.823181339537397028e-01
1.661971281759947300e+09 4.263004958629608154e-01 1.492967307567596436e-01 9.055176377296447754e-01 -3.838208019733428955e-01 7.077754139900207520e-01 3.473764061927795410e-01 4.806923568248748779e-01 4.003877481624073531e-01 2.263575930147780635e-01 -3.559237442049733025e-01 4.303597304227666509e-01 -5.606802907303428674e-01 1.346300782111805594e-01 3.950740548639553040e-01
1.661971281791862011e+09 4.208310544490814209e-01 1.599823832511901855e-01 9.059613943099975586e-01 -3.871653974056243896e-01 7.034123539924621582e-01 3.503918051719665527e-01 4.822236001491546631e-01 3.763869370997641184e-01 2.122072841969990520e-01 -3.336738570728410846e-01 4.034566210235676076e-01 -5.256304425842799333e-01 1.262139382554710310e-01 3.703767614895207005e-01
1.661971281822779417e+09 4.151966869831085205e-01 1.706217974424362183e-01 9.063362479209899902e-01 -3.905015587806701660e-01 6.990062594413757324e-01 3.534543812274932861e-01 4.837031662464141846e-01 3.895886809145761576e-01 2.190524693092107955e-01 -3.444371978667806200e-01 4.164709492833328919e-01 -5.425857402957480202e-01 1.302852300321382106e-01 3.823240304216418139e-01
1.661971281853697062e+09 4.093975722789764404e-01 1.812118738889694214e-01 9.066418409347534180e-01 -3.938294351100921631e-01 6.945576071739196777e-01 3.565630018711090088e-01 4.851298034191131592e-01 3.906436924349300233e-01 2.190507801061883641e-01 -3.444345417709216428e-01 4.164677377058156327e-01 -5.425815561955935618e-01 1.302842253495377078e-01 3.823210821649584146e-01
1.661971281885611534e+09 4.034338593482971191e-01 1.917495578527450562e-01 9.068776965141296387e-01 -3.971493542194366455e-01 6.900666952133178711e-01 3.597165942192077637e-01 4.865021407604217529e-01 3.794674336899563349e-01 2.122088695015672821e-01 -3.336763497991954708e-01 4.034596350653655294e-01 -5.256343693313988430e-01 1.262148811426751505e-01 3.703795284066593307e-01
1.661971281916528940e+09 3.973058462142944336e-01 2.022317796945571899e-01 9.070433974266052246e-01 -4.004614055156707764e-01 6.855340003967285156e-01 3.629139959812164307e-01 4.878189265727996826e-01 3.927621350490693719e-01 2.190524693092107955e-01 -3.444371978667806200e-01 4.164709492833328919e-01 -5.425857402957480202e-01 1.302852300321382106e-01 3.823240304216435903e-01
1.661971281947446823e+09 3.910139203071594238e-01 2.126554399728775024e-01 9.071386456489562988e-01 -4.037658274173736572e-01 6.809599399566650391e-01 3.661538958549499512e-01 4.890787899494171143e-01 3.938109117997513620e-01 2.190490909292198141e-01 -3.444318857160412195e-01 4.164645261778295859e-01 -5.425773721599620458e-01 1.302832206824339478e-01 3.823181339537414791e-01
1.661971281978364229e+09 3.845584094524383545e-01 2.230174839496612549e-01 9.071629047393798828e-01 -4.070627689361572266e-01 6.763449311256408691e-01 3.694351911544799805e-01 4.902806878089904785e-01 3.948729204274106230e-01 2.190524693092107955e-01 -3.444371978667806200e-01 4.164709492833328919e-01 -5.425857402957515729e-01 1.302852300321364065e-01 3.823240304216435903e-01
1.661971282009280920e+09 3.779398798942565918e-01 2.333148419857025146e-01 9.071158766746520996e-01 -4.103524684906005859e-01 6.716893315315246582e-01 3.727565705776214600e-01 4.914232492446899414e-01 3.959358549385463832e-01 2.190575370745893036e-01 -3.444451664001232372e-01 4.164805843130761076e-01 -5.425982929834177737e-01 1.302882441729073248e-01 3.823328754645283212e-01
1.661971282040703297e+09 3.711588382720947266e-01 2.435444444417953491e-01 9.069971442222595215e-01 -4.136350750923156738e-01 6.669937968254089355e-01 3.761167824268341064e-01 4.925054013729095459e-01 3.906007980925252920e-01 2.155322057939246250e-01 -3.389019500570621957e-01 4.097780893828655291e-01 -5.338661636961319346e-01 1.281914926581232406e-01 3.761799255888843563e-01
1.661971282072618008e+09 3.642159104347229004e-01 2.537032365798950195e-01 9.068063497543334961e-01 -4.169108569622039795e-01 6.622585654258728027e-01 3.795143961906433105e-01 4.935258924961090088e-01 3.855953893567512503e-01 2.122072841970008006e-01 -3.336738570728410846e-01 4.034566210235676076e-01 -5.256304425842799333e-01 1.262139382554710310e-01 3.703767614895224769e-01
1.661971282102537870e+09 3.571117818355560303e-01 2.637881934642791748e-01 9.065430164337158203e-01 -4.201799333095550537e-01 6.574841737747192383e-01 3.829481601715087891e-01 4.944836795330047607e-01 4.123927153741125395e-01 2.263557892680093386e-01 -3.559209080010006798e-01 4.303563010702968206e-01 -5.606758229091038936e-01 1.346290054017163229e-01 3.950709066879207754e-01
1.661971282134453058e+09 3.498472273349761963e-01 2.737962305545806885e-01 9.062069058418273926e-01 -4.234424829483032227e-01 6.526710987091064453e-01 3.864166736602783203e-01 4.953776597976684570e-01 3.876285494588868064e-01 2.122041136589213339e-01 -3.336688717318619934e-01 4.034505930750610925e-01 -5.256225892660479904e-01 1.262120525233251522e-01 3.703712277792612917e-01
1.661971282166367292e+09 3.424230217933654785e-01 2.837243676185607910e-01 9.057975411415100098e-01 -4.266987740993499756e-01 6.478198170661926270e-01 3.899185955524444580e-01 4.962067604064941406e-01 3.886605047626458531e-01 2.122104548298218707e-01 -3.336788425627942312e-01 4.034626491521968172e-01 -5.256382961371880436e-01 1.262158240439688606e-01 3.703822953651424998e-01
1.661971282196287632e+09 3.348401188850402832e-01 2.935695946216583252e-01 9.053146839141845703e-01 -4.299489855766296387e-01 6.429307460784912109e-01 3.934523761272430420e-01 4.969699978828430176e-01 4.156476986227384818e-01 2.263521818607139302e-01 -3.559152357286785029e-01 4.303494425293020731e-01 -5.606668874802329672e-01 1.346268598340758793e-01 3.950646104863719255e-01
1.661971282228202581e+09 3.270994424819946289e-01 3.033288717269897461e-01 9.047578573226928711e-01 -4.331931769847869873e-01 6.380044817924499512e-01 3.970165550708770752e-01 4.976662695407867432e-01 3.906891917553163007e-01 2.122056989161184293e-01 -3.336713643837301846e-01 4.034536070268021635e-01 -5.256265158958318695e-01 1.262129953823562245e-01 3.703739946137209471e-01
1.661971282258121967e+09 3.192020058631896973e-01 3.129992783069610596e-01 9.041267633438110352e-01 -4.364317655563354492e-01 6.330413818359375000e-01 4.006098508834838867e-01 4.982948005199432373e-01 4.178355093389090613e-01 2.263593967902901016e-01 -3.559265804541327793e-01 4.303631598299062500e-01 -5.606847586227834412e-01 1.346311510377425635e-01 3.950772030901598120e-01
1.661971282289039612e+09 3.111489415168762207e-01 3.225778043270111084e-01 9.034211039543151855e-01 -4.396646916866302490e-01 6.280420422554016113e-01 4.042306244373321533e-01 4.988544583320617676e-01 4.053954548822554238e-01 2.190507801061892523e-01 -3.444345417709288037e-01 4.164677377058156327e-01 -5.425815561955917854e-01 1.302842253495377078e-01 3.823210821649575264e-01
1.661971282319957495e+09 3.029414117336273193e-01 3.320615589618682861e-01 9.026404619216918945e-01 -4.428921937942504883e-01 6.230069398880004883e-01 4.078773558139801025e-01 4.993444383144378662e-01 4.064445683031450707e-01 2.190490909292207022e-01 -3.444318857160412195e-01 4.164645261778295859e-01 -5.425773721599638222e-01 1.302832206824357519e-01 3.823181339537424228e-01
1.661971282351871729e+09 2.945806086063385010e-01 3.414475917816162109e-01 9.017845988273620605e-01 -4.461146295070648193e-01 6.179365515708923340e-01 4.115485250949859619e-01 4.997639060020446777e-01 3.947747617526941033e-01 2.122104548298218707e-01 -3.336788425627942312e-01 4.034626491521898783e-01 -5.256382961371880436e-01 1.262158240439671397e-01 3.703822953651424998e-01
1.661971282383786917e+09 2.860678434371948242e-01 3.507329821586608887e-01 9.008531570434570312e-01 -4.493320882320404053e-01 6.128315925598144531e-01 4.152426421642303467e-01 5.001119375228881836e-01 3.957814125628817403e-01 2.122041136589213339e-01 -3.336688717318549990e-01 4.034505930750680869e-01 -5.256225892660488785e-01 1.262120525233251522e-01 3.703712277792604590e-01
1.661971282413707495e+09 2.774044573307037354e-01 3.599149286746978760e-01 8.998457789421081543e-01 -4.525444805622100830e-01 6.076921820640563965e-01 4.189578294754028320e-01 5.003879070281982422e-01 4.232542715964404123e-01 2.263503782001840270e-01 -3.559123996603119622e-01 4.303460133407818744e-01 -5.606624198725992381e-01 1.346257870759035025e-01 3.950614624608523862e-01
1.661971282445621729e+09 2.685919404029846191e-01 3.689905405044555664e-01 8.987622857093811035e-01 -4.557522535324096680e-01 6.025192141532897949e-01 4.226927459239959717e-01 5.005909204483032227e-01 3.978319240894037656e-01 2.122104548298227311e-01 -3.336788425627942312e-01 4.034626491521968172e-01 -5.256382961371897089e-01 1.262158240439671397e-01 3.703822953651433880e-01
1.661971282477535963e+09 2.596316933631896973e-01 3.779569864273071289e-01 8.976023793220520020e-01 -4.589556455612182617e-01 5.973132252693176270e-01 4.264458119869232178e-01 5.007202029228210449e-01 3.988516215613717719e-01 2.122104548298227311e-01 -3.336788425627942312e-01 4.034626491521968172e-01 -5.256382961371889317e-01 1.262158240439671397e-01 3.703822953651433880e-01
1.661971282508453131e+09 2.505253553390502930e-01 3.868114948272705078e-01 8.963656425476074219e-01 -4.621545970439910889e-01 5.920744538307189941e-01 4.302150905132293701e-01 5.007752776145935059e-01 4.127659075178817250e-01 2.190541585382823064e-01 -3.444398540035975009e-01 4.164741609103825293e-01 -5.425899244604385219e-01 1.302862347302321533e-01 3.823269787237985606e-01
1.661971282538879633e+09 2.412744611501693726e-01 3.955513238906860352e-01 8.950519561767578125e-01 -4.653494954109191895e-01 5.868037343025207520e-01 4.339992702007293701e-01 5.007553100585937500e-01 4.204925299498136204e-01 2.225866810529111284e-01 -3.499943778132398320e-01 4.231903280901896935e-01 -5.513398661970241310e-01 1.323872633553053180e-01 3.884924798460037132e-01
1.661971282569797516e+09 2.318807542324066162e-01 4.041737318038940430e-01 8.936610221862792969e-01 -4.685403406620025635e-01 5.815014839172363281e-01 4.377964138984680176e-01 5.006598234176635742e-01 4.148610838134607626e-01 2.190490909292207022e-01 -3.444318857160376113e-01 4.164645261778295859e-01 -5.425773721599629340e-01 1.302832206824339478e-01 3.823181339537419232e-01
1.661971282600713968e+09 2.223459333181381226e-01 4.126760363578796387e-01 8.921925425529479980e-01 -4.717273712158203125e-01 5.761684775352478027e-01 4.416049420833587646e-01 5.004881024360656738e-01 4.159331256991095072e-01 2.190592263818251506e-01 -3.444478226598483017e-01 4.164837960887367574e-01 -5.426024773417116309e-01 1.302892489174892754e-01 3.823358239031042771e-01
1.661971282630634308e+09 2.126718312501907349e-01 4.210555553436279297e-01 8.906463384628295898e-01 -4.749107360839843750e-01 5.708050727844238281e-01 4.454230070114135742e-01 5.002397298812866211e-01 4.308666678687754215e-01 2.263521818607148461e-01 -3.559152357286747836e-01 4.303494425293020731e-01 -5.606668874802334113e-01 1.346268598340758793e-01 3.950646104863728691e-01
1.661971282662057877e+09 2.028602957725524902e-01 4.293096661567687988e-01 8.890221714973449707e-01 -4.780905246734619141e-01 5.654117465019226074e-01 4.492490887641906738e-01 4.999141991138458252e-01 4.112894549241818964e-01 2.155240293066031376e-01 -3.388890933821738227e-01 4.097625439318267060e-01 -5.338459108067665770e-01 1.281866295514214882e-01 3.761656547267625550e-01
1.661971282693972111e+09 1.929132491350173950e-01 4.374358057975769043e-01 8.873198032379150391e-01 -4.812670052051544189e-01 5.599893331527709961e-01 4.530813395977020264e-01 4.995110034942626953e-01 4.059848256924514787e-01 2.122104548298227311e-01 -3.336788425627907340e-01 4.034626491521968172e-01 -5.256382961371887097e-01 1.262158240439688606e-01 3.703822953651427219e-01
1.661971282725886106e+09 1.828326731920242310e-01 4.454314112663269043e-01 8.855390548706054688e-01 -4.844403266906738281e-01 5.545383691787719727e-01 4.569180011749267578e-01 4.990297853946685791e-01 4.070057400274986192e-01 2.122120401817642055e-01 -3.336813353636381430e-01 4.034656632840555868e-01 -5.256422230016499775e-01 1.262167669593473041e-01 3.703850623649665996e-01
1.661971282757308483e+09 1.726206094026565552e-01 4.532939791679382324e-01 8.836798071861267090e-01 -4.876105189323425293e-01 5.490593910217285156e-01 4.607573449611663818e-01 4.984701573848724365e-01 4.144064871200996425e-01 2.155322057939250691e-01 -3.389019500570586430e-01 4.097780893828655291e-01 -5.338661636961328227e-01 1.281914926581250169e-01 3.761799255888865212e-01
1.661971282789223194e+09 1.622791588306427002e-01 4.610210359096527100e-01 8.817417621612548828e-01 -4.907778501510620117e-01 5.435529351234436035e-01 4.645975828170776367e-01 4.978316724300384521e-01 4.090302041264061716e-01 2.122072841969999402e-01 -3.336738570728410846e-01 4.034566210235676076e-01 -5.256304425842808214e-01 1.262139382554710310e-01 3.703767614895211446e-01
1.661971282821138382e+09 1.622791588306427002e-01 4.610210359096527100e-01 8.817417621612548828e-01 -4.907778501510620117e-01 5.435529351234436035e-01 4.645975828170776367e-01 4.978316724300384521e-01 0.000000000000000000e+00 0.000000000000000000e+00 0.000000000000000000e+00 0.000000000000000000e+00 0.000000000000000000e+00 0.000000000000000000e+00 0.000000000000000000e+00
1.661971282852560043e+09 1.795136183500289917e-01 4.696954488754272461e-01 8.758186697959899902e-01 -4.855985641479492188e-01 5.405010581016540527e-01 4.658308327198028564e-01 5.050287246704101562e-01 6.423288265038405997e-01 -3.596869267781173107e-01 -6.449819857093957998e-01 6.082595380825492892e-01 -1.411769279007376587e-01 5.758099364567262901e-01 1.733245703481027869e-02
1.661971282883476496e+09 1.969053298234939575e-01 4.779354929924011230e-01 8.696789741516113281e-01 -4.804482161998748779e-01 5.373572707176208496e-01 4.669929146766662598e-01 5.121857523918151855e-01 6.533944701577920622e-01 -3.655646083143104241e-01 -6.555217035204951026e-01 6.181991705518836699e-01 -1.434839147848358532e-01 5.852193066058863913e-01 1.761568852059963372e-02
1.661971282914394140e+09 2.144438624382019043e-01 4.857349097728729248e-01 8.633250594139099121e-01 -4.753277003765106201e-01 5.341223478317260742e-01 4.680840969085693359e-01 5.193018317222595215e-01 6.539593845537993166e-01 -3.655505132246146260e-01 -6.554964285431044146e-01 6.181753346209483135e-01 -1.434783824696090337e-01 5.851967422809196684e-01 1.761500931176960064e-02
1.661971282946309090e+09 2.321185916662216187e-01 4.930878281593322754e-01 8.567595481872558594e-01 -4.702377021312713623e-01 5.307968854904174805e-01 4.691048860549926758e-01 5.263760685920715332e-01 6.341157350983642749e-01 -3.541274863772248538e-01 -6.350129302830036515e-01 5.988580769826492567e-01 -1.389948504933775919e-01 5.669100271588055628e-01 1.706456083199525339e-02
1.661971282977226019e+09 2.499187290668487549e-01 4.999886155128479004e-01 8.499851226806640625e-01 -4.651797413825988770e-01 5.273821353912353516e-01 4.700561463832855225e-01 5.334070920944213867e-01 6.552173922196552480e-01 -3.655589701479975417e-01 -6.555115932956444569e-01 6.181896359589383882e-01 -1.434817018075497941e-01 5.852102806670915758e-01 1.761541683078246545e-02
