1.661970598650165081e+09 1.378528122206244648e-16 -2.367949187755584717e-01 1.128897309303283691e+00 -6.125128269195556641e-01 6.125135421752929688e-01 3.533097505569458008e-01 3.533093035221099854e-01 0.000000000000000000e+00 0.000000000000000000e+00 0.000000000000000000e+00 0.000000000000000000e+00 0.000000000000000000e+00 0.000000000000000000e+00 0.000000000000000000e+00
1.661970617883594751e+09 1.378528122206244648e-16 -2.367949187755584717e-01 1.128897309303283691e+00 -6.125128269195556641e-01 6.125135421752929688e-01 3.533097505569458008e-01 3.533093035221099854e-01 0.000000000000000000e+00 0.000000000000000000e+00 0.000000000000000000e+00 0.000000000000000000e+00 0.000000000000000000e+00 0.000000000000000000e+00 0.000000000000000000e+00
1.661970617920496225e+09 8.370055817067623138e-03 -2.345755994319915771e-01 1.118723750114440918e+00 -6.146403551101684570e-01 6.178810000419616699e-01 3.411191403865814209e-01 3.522471785545349121e-01 3.620400055830844122e-01 -2.360573332429790616e-01 -2.298733738724754727e-01 -1.484008311916224787e-01 -4.553931019773149735e-01 -2.045991872075091089e-01 1.690164220448101828e-01
1.661970617951413393e+09 1.681859977543354034e-02 -2.326293140649795532e-01 1.108593463897705078e+00 -6.166411042213439941e-01 6.231652498245239258e-01 3.288877904415130615e-01 3.510721027851104736e-01 4.312730091346407280e-01 -2.817484330949073801e-01 -2.743675106765035010e-01 -1.771251970180503510e-01 -5.435386868166884877e-01 -2.442012693114297694e-01 2.017311278756857562e-01
1.661970617982330799e+09 2.533914335072040558e-02 -2.309554815292358398e-01 1.098510980606079102e+00 -6.185160279273986816e-01 6.283633112907409668e-01 3.166188299655914307e-01 3.497856259346008301e-01 4.303824365131303509e-01 -2.817462604009594029e-01 -2.743653949003004855e-01 -1.771238311228248707e-01 -5.435344953356467945e-01 -2.441993861612269945e-01 2.017295722326051810e-01
1.661970618013247967e+09 3.392522409558296204e-02 -2.295532524585723877e-01 1.088480353355407715e+00 -6.202663183212280273e-01 6.334720253944396973e-01 3.043153285980224609e-01 3.483893573284149170e-01 4.294643172441495182e-01 -2.817484330949073801e-01 -2.743675106765035010e-01 -1.771251970180503510e-01 -5.435386868166867114e-01 -2.442012693114333499e-01 2.017311278756857562e-01
1.661970618045162678e+09 4.257040470838546753e-02 -2.284215837717056274e-01 1.078505873680114746e+00 -6.218930482864379883e-01 6.384884119033813477e-01 2.919803559780120850e-01 3.468847870826721191e-01 4.151070406185252692e-01 -2.729419528613118984e-01 -2.657917325152118759e-01 -1.715888768004972254e-01 -5.265495499151402470e-01 -2.365683833798667701e-01 1.954257114777186999e-01
1.661970618077078342e+09 5.126830190420150757e-02 -2.275591790676116943e-01 1.068591594696044922e+00 -6.233976483345031738e-01 6.434094905853271484e-01 2.796170711517333984e-01 3.452736735343933105e-01 4.141238424653524430e-01 -2.729337970628041288e-01 -2.657837903729626250e-01 -1.715837495406733471e-01 -5.265338160494300590e-01 -2.365613144626593500e-01 1.954198719477046875e-01
1.661970618106997490e+09 6.001256778836250305e-02 -2.269645184278488159e-01 1.058741569519042969e+00 -6.247812509536743164e-01 6.482324600219726562e-01 2.672284841537475586e-01 3.435576558113098145e-01 4.406808179998876196e-01 -2.911467830904072573e-01 -2.835196534742858154e-01 -1.830336046578576736e-01 -5.616696370359444135e-01 -2.523471495675307374e-01 2.084603214471864308e-01
1.661970618138912201e+09 6.879691034555435181e-02 -2.266358584165573120e-01 1.048959612846374512e+00 -6.260457038879394531e-01 6.529543995857238770e-01 2.548177242279052734e-01 3.417384922504425049e-01 4.120796126778888957e-01 -2.729419528613127865e-01 -2.657917325152118759e-01 -1.715888768004972254e-01 -5.265495499151419123e-01 -2.365683833798667701e-01 1.954257114777195603e-01
1.661970618169829607e+09 7.761511206626892090e-02 -2.265712171792984009e-01 1.039249658584594727e+00 -6.271923184394836426e-01 6.575725674629211426e-01 2.423880100250244141e-01 3.398179411888122559e-01 4.242500036235568595e-01 -2.817462604009594029e-01 -2.743653949003004855e-01 -1.771238311228104934e-01 -5.435344953356485709e-01 -2.441993861612269945e-01 2.017295722326047369e-01
1.661970618200747252e+09 8.646100759506225586e-02 -2.267684489488601685e-01 1.029615283012390137e+00 -6.282225847244262695e-01 6.620842218399047852e-01 2.299423217773437500e-01 3.377977013587951660e-01 4.230885250242328866e-01 -2.817440877405204547e-01 -2.743632791567287010e-01 -1.771224652486509676e-01 -5.435303039192512786e-01 -2.441975030400641011e-01 2.017280166135151931e-01
1.661970618230668068e+09 9.532850980758666992e-02 -2.272251397371292114e-01 1.020060181617736816e+00 -6.291385889053344727e-01 6.664867401123046875e-01 2.174838632345199585e-01 3.356796801090240479e-01 4.359445072074964456e-01 -2.911305434394065861e-01 -2.835038392510280114e-01 -1.830233953681179304e-01 -5.616383081001192767e-01 -2.523330740912449466e-01 2.084486939003122319e-01
1.661970618262581587e+09 1.042116135358810425e-01 -2.279387116432189941e-01 1.010587811470031738e+00 -6.299418807029724121e-01 6.707774996757507324e-01 2.050157487392425537e-01 3.334657549858093262e-01 4.075250065744047689e-01 -2.729521482949102129e-01 -2.658016608605301423e-01 -1.715952863061862566e-01 -5.265692185696512206e-01 -2.365772201204992820e-01 1.954330113810278380e-01
1.661970618293500423e+09 1.131044030189514160e-01 -2.289063632488250732e-01 1.001201629638671875e+00 -6.306342482566833496e-01 6.749539971351623535e-01 1.925410479307174683e-01 3.311577439308166504e-01 4.193576427820978614e-01 -2.817332249409345013e-01 -2.743527009283118212e-01 -1.771156361937393231e-01 -5.435093478068898643e-01 -2.441880878698783341e-01 2.017202388779363864e-01
1.661970618324416399e+09 1.220010444521903992e-01 -2.301251292228698730e-01 9.919049143791198730e-01 -6.312179565429687500e-01 6.790137290954589844e-01 1.800629794597625732e-01 3.287576735019683838e-01 4.180797919339458435e-01 -2.817592970673103991e-01 -2.743780900470133011e-01 -1.771320268102702933e-01 -5.435596451916053784e-01 -2.442106854981373476e-01 2.017389064509989283e-01
1.661970618356331110e+09 1.308958083391189575e-01 -2.315918058156967163e-01 9.827008247375488281e-01 -6.316949129104614258e-01 6.829543113708496094e-01 1.675846129655838013e-01 3.262674212455749512e-01 4.036836788528900821e-01 -2.729419528613127865e-01 -2.657917325152118759e-01 -1.715888768004972254e-01 -5.265495499151419123e-01 -2.365683833798702396e-01 1.954257114777191440e-01
1.661970618388245583e+09 1.397830843925476074e-01 -2.333030551671981812e-01 9.735923409461975098e-01 -6.320670843124389648e-01 6.867735385894775391e-01 1.551090329885482788e-01 3.236889839172363281e-01 4.023386401216358932e-01 -2.729439918870983361e-01 -2.657937181249394043e-01 -1.715901586633151177e-01 -5.265534835284939597e-01 -2.365701506751838323e-01 1.954271714147534644e-01
1.661970618418166161e+09 1.486573368310928345e-01 -2.352553457021713257e-01 9.645825028419494629e-01 -6.323368549346923828e-01 6.904689669609069824e-01 1.426394432783126831e-01 3.210244178771972656e-01 4.276699247417658500e-01 -2.911328632786329695e-01 -2.835060983177652427e-01 -1.830248537683636101e-01 -5.616427834484021275e-01 -2.523350847774348815e-01 2.084503548990205568e-01
1.661970618450080395e+09 1.575131714344024658e-01 -2.374449521303176880e-01 9.556741118431091309e-01 -6.325063705444335938e-01 6.940386891365051270e-01 1.301789581775665283e-01 3.182757496833801270e-01 3.995292826602476755e-01 -2.729460309433519583e-01 -2.657957037643413067e-01 -1.715914405452994840e-01 -5.265574172006223241e-01 -2.365719179969029140e-01 1.954286313736010028e-01
1.661970618480000973e+09 1.663452982902526855e-01 -2.398680448532104492e-01 9.468697905540466309e-01 -6.325778961181640625e-01 6.974804997444152832e-01 1.177306100726127625e-01 3.154450356960296631e-01 4.245937542010332910e-01 -2.911328632786320814e-01 -2.835060983177652427e-01 -1.830248537683636101e-01 -5.616427834484039039e-01 -2.523350847774386008e-01 2.084503548990200850e-01
1.661970618509921312e+09 1.751485466957092285e-01 -2.425205856561660767e-01 9.381722211837768555e-01 -6.325540542602539062e-01 7.007923722267150879e-01 1.052975729107856750e-01 3.125344812870025635e-01 4.229984765727718976e-01 -2.911351831548285585e-01 -2.835083574205048973e-01 -1.830263121918219715e-01 -5.616472588680061495e-01 -2.523370954956725698e-01 2.084520159242004844e-01
1.661970618540838003e+09 1.839178651571273804e-01 -2.453984022140502930e-01 9.295837283134460449e-01 -6.324371099472045898e-01 7.039724588394165039e-01 9.288287907838821411e-02 3.095461428165435791e-01 4.077842152216051286e-01 -2.817527785833336407e-01 -2.743717423268061673e-01 -1.771279288717442224e-01 -5.435470699727077415e-01 -2.442050356989756421e-01 2.017342392338281054e-01
1.661970618572752953e+09 1.926483809947967529e-01 -2.484971880912780762e-01 9.211067557334899902e-01 -6.322297453880310059e-01 7.070189118385314941e-01 8.048971742391586304e-02 3.064821064472198486e-01 3.934584612309109941e-01 -2.729399138659894253e-01 -2.657897469351511166e-01 -1.715875949568175796e-01 -5.265456163605598539e-01 -2.365666161109616084e-01 1.954242515624979859e-01
1.661970618604667425e+09 2.013352811336517334e-01 -2.518124878406524658e-01 9.127433896064758301e-01 -6.319342851638793945e-01 7.099300622940063477e-01 6.812107563018798828e-02 3.033446669578552246e-01 3.918589636413526978e-01 -2.729439918870991688e-01 -2.657937181249394043e-01 -1.715901586633151177e-01 -5.265534835284939597e-01 -2.365701506751838323e-01 1.954271714147530203e-01
1.661970618635585070e+09 2.099739313125610352e-01 -2.553397119045257568e-01 9.044957160949707031e-01 -6.315535306930541992e-01 7.127041220664978027e-01 5.578005313873291016e-02 3.001359403133392334e-01 4.027985381945705101e-01 -2.817440877405213429e-01 -2.743632791567287010e-01 -1.771224652486509676e-01 -5.435303039192512786e-01 -2.441975030400604929e-01 2.017280166135151931e-01
1.661970618666502237e+09 2.185598462820053101e-01 -2.590742111206054688e-01 8.963657617568969727e-01 -6.310902237892150879e-01 7.153396010398864746e-01 4.346971586346626282e-02 2.968582510948181152e-01 4.010724214183801206e-01 -2.817484330949073801e-01 -2.743675106765106619e-01 -1.771251970180503510e-01 -5.435386868166884877e-01 -2.442012693114333499e-01 2.017311278756866444e-01
1.661970618697925091e+09 2.270886600017547607e-01 -2.630111277103424072e-01 8.883551955223083496e-01 -6.305469274520874023e-01 7.178350687026977539e-01 3.119309432804584503e-02 2.935137748718261719e-01 3.928799773901897607e-01 -2.772142750594870364e-01 -2.699521333147663626e-01 -1.742747334803869674e-01 -5.347915563452936283e-01 -2.402713551843322082e-01 1.984846827955676074e-01
1.661970618728842974e+09 2.355561554431915283e-01 -2.671455740928649902e-01 8.804657459259033203e-01 -6.299266815185546875e-01 7.201890945434570312e-01 1.895323023200035095e-02 2.901047766208648682e-01 3.974933151834680878e-01 -2.817419151135898137e-01 -2.743611634457874260e-01 -1.771210993955281698e-01 -5.435261125675004967e-01 -2.441956199479404233e-01 2.017264610184188733e-01
1.661970618759760618e+09 2.439582645893096924e-01 -2.714725136756896973e-01 8.726989030838012695e-01 -6.292322278022766113e-01 7.224004864692687988e-01 6.753146648406982422e-03 2.866336703300476074e-01 3.956579584994031618e-01 -2.817440877405204547e-01 -2.743632791567287010e-01 -1.771224652486509676e-01 -5.435303039192512786e-01 -2.441975030400641011e-01 2.017280166135151931e-01
1.661970618790677547e+09 2.439582645893096924e-01 -2.714725136756896973e-01 8.726989030838012695e-01 -6.292322278022766113e-01 7.224004864692687988e-01 6.753146648406982422e-03 2.866336703300476074e-01 0.000000000000000000e+00 0.000000000000000000e+00 0.000000000000000000e+00 0.000000000000000000e+00 0.000000000000000000e+00 0.000000000000000000e+00 0.000000000000000000e+00
1.661970618822592974e+09 2.424297928810119629e-01 -2.619747221469879150e-01 8.739902377128601074e-01 -6.309300661087036133e-01 7.213724851608276367e-01 1.195893809199333191e-02 2.853172719478607178e-01 3.041249396315569009e-01 7.740393182987573284e-02 -4.013568767003816706e-01 3.573200182566751981e-01 3.645107992576607225e-01 2.226014104225745027e-01 -2.164705883642424611e-01
1.661970618854508400e+09 2.408748269081115723e-01 -2.524496018886566162e-01 8.752057552337646484e-01 -6.325708627700805664e-01 7.203353643417358398e-01 1.715595275163650513e-02 2.840365171432495117e-01 3.047884021178874359e-01 7.740393182987573284e-02 -4.013568767003886095e-01 3.573200182566890759e-01 3.645107992576572808e-01 2.226014104225745027e-01 -2.164705883642424611e-01
1.661970618884429216e+09 2.392933964729309082e-01 -2.428986728191375732e-01 8.763448596000671387e-01 -6.341544985771179199e-01 7.192898392677307129e-01 2.234352193772792816e-02 2.827914059162139893e-01 3.257850600916200046e-01 8.256390612160176279e-02 -4.281125093487747613e-01 3.811400240953433660e-01 3.888101637571275693e-01 2.374406766966272175e-01 -2.309011559655000101e-01
1.661970618919334412e+09 2.376855611801147461e-01 -2.333234548568725586e-01 8.774069547653198242e-01 -6.356812715530395508e-01 7.182363867759704590e-01 2.752087637782096863e-02 2.815819978713989258e-01 2.798204925873408189e-01 7.077397680746140562e-02 -3.669790618070885579e-01 3.267141356658901374e-01 3.332889976368501594e-01 2.035347131096841566e-01 -1.979290203766493061e-01
1.661970618948256969e+09 2.360513806343078613e-01 -2.237254679203033447e-01 8.783914446830749512e-01 -6.371510028839111328e-01 7.171759605407714844e-01 3.268732875585556030e-02 2.804081737995147705e-01 3.383435561164830907e-01 8.541358937056019174e-02 -4.428887609079558141e-01 3.942950259986259254e-01 4.022298996045522990e-01 2.456359129782960116e-01 -2.388706814788790767e-01
1.661970618980172396e+09 2.343909442424774170e-01 -2.141062468290328979e-01 8.792977333068847656e-01 -6.385640501976013184e-01 7.161090373992919922e-01 3.784216567873954773e-02 2.792700529098510742e-01 3.071699447784051462e-01 7.740393182987660714e-02 -4.013568767003816706e-01 3.573200182566890759e-01 3.645107992576590017e-01 2.226014104225745027e-01 -2.164705883642424611e-01
1.661970619010092020e+09 2.327043265104293823e-01 -2.044673264026641846e-01 8.801252841949462891e-01 -6.399203538894653320e-01 7.150364518165588379e-01 4.298465698957443237e-02 2.781675457954406738e-01 3.282227290938830588e-01 8.256719572994816736e-02 -4.281295667113695358e-01 3.811552099248821657e-01 3.888256551893967128e-01 2.374501370875999329e-01 -2.309103558011853796e-01
1.661970619040011168e+09 2.309916019439697266e-01 -1.948102414608001709e-01 8.808735013008117676e-01 -6.412199735641479492e-01 7.139587998390197754e-01 4.811412096023559570e-02 2.771005928516387939e-01 3.287622783937627635e-01 8.256851164668624343e-02 -4.281363900370004916e-01 3.811612845955320017e-01 3.888318521079627277e-01 2.374539214550691335e-01 -2.309140359407330367e-01
1.661970619071926117e+09 2.292528897523880005e-01 -1.851365417242050171e-01 8.815418481826782227e-01 -6.424633264541625977e-01 7.128767371177673340e-01 5.322981625795364380e-02 2.760692834854125977e-01 3.086769660803320159e-01 7.740508831207489060e-02 -4.013628733219094524e-01 3.573253569291666154e-01 3.645162453666714319e-01 2.226047362816435671e-01 -2.164738226234869667e-01
1.661970619101846933e+09 2.274882644414901733e-01 -1.754478067159652710e-01 8.821297883987426758e-01 -6.436502337455749512e-01 7.117909789085388184e-01 5.833106115460395813e-02 2.750734388828277588e-01 3.297254845470284912e-01 8.256390612160176279e-02 -4.281125093487747613e-01 3.811400240953433660e-01 3.888101637571238500e-01 2.374406766966309090e-01 -2.309011559655000101e-01
1.661970619132763386e+09 2.256978452205657959e-01 -1.657455712556838989e-01 8.826367259025573730e-01 -6.447811722755432129e-01 7.107021212577819824e-01 6.341713666915893555e-02 2.741131484508514404e-01 3.195407611537600112e-01 7.990501127098668943e-02 -4.143255387454843341e-01 3.688657592859986845e-01 3.762888891367381361e-01 2.297941175371636668e-01 -2.234651960716780295e-01
1.661970619163680792e+09 2.238817512989044189e-01 -1.560313999652862549e-01 8.830621838569641113e-01 -6.458561420440673828e-01 7.096108198165893555e-01 6.848733127117156982e-02 2.731882929801940918e-01 3.199372398604727885e-01 7.990254653132518314e-02 -4.143127585134150359e-01 3.688543813004103167e-01 3.762772821782429111e-01 2.297870293374853767e-01 -2.234583030930896719e-01
1.661970619195105791e+09 2.220401167869567871e-01 -1.463068723678588867e-01 8.834056258201599121e-01 -6.468753218650817871e-01 7.085178494453430176e-01 7.354096323251724243e-02 2.722987532615661621e-01 3.151418733101241654e-01 7.861191847520425380e-02 -4.076205604126002524e-01 3.628964508739751516e-01 3.701994531434684710e-01 2.260753880961192119e-01 -2.198488867745215514e-01
1.661970619226022243e+09 2.201730459928512573e-01 -1.365735679864883423e-01 8.836665153503417969e-01 -6.478387713432312012e-01 7.074237465858459473e-01 7.857728749513626099e-02 2.714445888996124268e-01 3.206769416655481653e-01 7.990501127098578737e-02 -4.143255387454843341e-01 3.688657592859986845e-01 3.762888891367363042e-01 2.297941175371636668e-01 -2.234651960716762253e-01
1.661970619256938934e+09 2.182806879281997681e-01 -1.268330514430999756e-01 8.838443756103515625e-01 -6.487469673156738281e-01 7.063292264938354492e-01 8.359567821025848389e-02 2.706256806850433350e-01 3.209990611183703435e-01 7.990439507181680556e-02 -4.143223436135477500e-01 3.688629147237943440e-01 3.762859873299814195e-01 2.297923454462540982e-01 -2.234634727871631088e-01
1.661970619288854122e+09 2.163631767034530640e-01 -1.170869097113609314e-01 8.839386701583862305e-01 -6.495999097824096680e-01 7.052348256111145020e-01 8.859536796808242798e-02 2.698419094085693359e-01 3.112445848516132707e-01 7.740451006665649558e-02 -4.013598749887505313e-01 3.573226875729869079e-01 3.645135222918229889e-01 2.226030733396828498e-01 -2.164722054817841412e-01
1.661970619320276260e+09 2.144206762313842773e-01 -1.073367372155189514e-01 8.839489817619323730e-01 -6.503978967666625977e-01 7.041413187980651855e-01 9.357570856809616089e-02 2.690932452678680420e-01 3.163945891875354355e-01 7.861907618360880479e-02 -4.076576747480400442e-01 3.629294930261871555e-01 3.702331602427121893e-01 2.260959725283175903e-01 -2.198689042763894430e-01
1.661970619352190971e+09 2.124533355236053467e-01 -9.758411347866058350e-02 8.838748335838317871e-01 -6.511411666870117188e-01 7.030492424964904785e-01 9.853597730398178101e-02 2.683795392513275146e-01 3.117481338210467134e-01 7.740566656613456775e-02 -4.013658716998594889e-01 3.573280263252152089e-01 3.645189684822053300e-01 2.226063992484468013e-01 -2.164754397893514648e-01
1.661970619384105921e+09 2.104613184928894043e-01 -8.783064037561416626e-02 8.837156891822814941e-01 -6.518298387527465820e-01 7.019593715667724609e-01 1.034755185246467590e-01 2.677007615566253662e-01 3.119568913185512549e-01 7.740508831207489060e-02 -4.013628733219094524e-01 3.573253569291526821e-01 3.645162453666714319e-01 2.226047362816400976e-01 -2.164738226234869667e-01
1.661970619415529251e+09 2.084447890520095825e-01 -7.807791233062744141e-02 8.834711313247680664e-01 -6.524644494056701660e-01 7.008720636367797852e-01 1.083936095237731934e-01 2.670568227767944336e-01 3.170263298925625195e-01 7.861609364670943401e-02 -4.076422096202793055e-01 3.629157247315622503e-01 3.702191148721025171e-01 2.260873952260418485e-01 -2.198605632076312266e-01
1.661970619447444201e+09 2.064039260149002075e-01 -6.832752376794815063e-02 8.831407427787780762e-01 -6.530450582504272461e-01 6.997881531715393066e-01 1.132896095514297485e-01 2.664475440979003906e-01 3.123039219554380463e-01 7.740508831207489060e-02 -4.013628733219025135e-01 3.573253569291526821e-01 3.645162453666697111e-01 2.226047362816435671e-01 -2.164738226234852181e-01
1.661970619479358673e+09 2.043389230966567993e-01 -5.858108401298522949e-02 8.827241063117980957e-01 -6.535717844963073730e-01 6.987081766128540039e-01 1.181627735495567322e-01 2.658727765083312988e-01 3.124446102428510841e-01 7.740624482883225188e-02 -4.013688701226155175e-01 3.573306957611614432e-01 3.645216916384255712e-01 2.226080622400966047e-01 -2.164770569793790789e-01
1.661970619509786129e+09 2.022499442100524902e-01 -4.884019121527671814e-02 8.822206854820251465e-01 -6.540451049804687500e-01 6.976328492164611816e-01 1.230124756693840027e-01 2.653324604034423828e-01 3.278316096232823385e-01 8.118915646630404936e-02 -4.209841217481634645e-01 3.747937628613737804e-01 3.823361890663697360e-01 2.334871151008218737e-01 -2.270564821911785491e-01
1.661970619540703773e+09 2.001371830701828003e-01 -3.910645470023155212e-02 8.816302418708801270e-01 -6.544652581214904785e-01 6.965626478195190430e-01 1.278380453586578369e-01 2.648264467716217041e-01 3.227243271412785774e-01 7.990193037016897482e-02 -4.143095635785807307e-01 3.688515369136886046e-01 3.762743805505020522e-01 2.297852573558863132e-01 -2.234565799148851006e-01
1.661970619572618246e+09 1.980008631944656372e-01 -2.938148379325866699e-02 8.809522390365600586e-01 -6.548327207565307617e-01 6.954981684684753418e-01 1.326388120651245117e-01 2.643546760082244873e-01 3.127079814652984902e-01 7.740624482883225188e-02 -4.013688701226224564e-01 3.573306957611683821e-01 3.645216916384255712e-01 2.226080622400966047e-01 -2.164770569793773303e-01
1.661970619604532719e+09 1.958411782979965210e-01 -1.966688595712184906e-02 8.801863193511962891e-01 -6.551474928855895996e-01 6.944401264190673828e-01 1.374140381813049316e-01 2.639168202877044678e-01 3.127482819297788819e-01 7.740624482883225188e-02 -4.013688701226155175e-01 3.573306957611614432e-01 3.645216916384255712e-01 2.226080622400966047e-01 -2.164770569793790789e-01
1.661970619635450363e+09 1.936583369970321655e-01 -9.964274242520332336e-03 8.793321251869201660e-01 -6.554101109504699707e-01 6.933889985084533691e-01 1.421631276607513428e-01 2.635129094123840332e-01 3.228492785714420776e-01 7.990193037016807276e-02 -4.143095635785807307e-01 3.688515369136957656e-01 3.762743805505002759e-01 2.297852573558863132e-01 -2.234565799148851006e-01
1.661970619666367531e+09 1.914525479078292847e-01 -2.752592845354229212e-04 8.783892989158630371e-01 -6.556206941604614258e-01 6.923453807830810547e-01 1.468853950500488281e-01 2.631426453590393066e-01 3.228482953050259563e-01 7.990316270198627446e-02 -4.143159534975106584e-01 3.688572257310083757e-01 3.762801838507375263e-01 2.297888013464101931e-01 -2.234600262978699847e-01
1.661970619698282003e+09 1.892240494489669800e-01 9.398545138537883759e-03 8.773574829101562500e-01 -6.557797193527221680e-01 6.913098692893981934e-01 1.515801697969436646e-01 2.628059685230255127e-01 3.127311076198329709e-01 7.740624482883225188e-02 -4.013688701226224564e-01 3.573306957611614432e-01 3.645216916384255712e-01 2.226080622400966047e-01 -2.164770569793777744e-01
1.661970619729199648e+09 1.869730651378631592e-01 1.905552670359611511e-02 8.762363195419311523e-01 -6.558876037597656250e-01 6.902830600738525391e-01 1.562468409538269043e-01 2.625026702880859375e-01 3.227619608446308241e-01 7.990193037016807276e-02 -4.143095635785807307e-01 3.688515369136957656e-01 3.762743805505016081e-01 2.297852573558898936e-01 -2.234565799148860166e-01
1.661970619760117292e+09 1.846998333930969238e-01 2.869406901299953461e-02 8.750255107879638672e-01 -6.559445858001708984e-01 6.892654895782470703e-01 1.608846932649612427e-01 2.622325420379638672e-01 3.226872550867769807e-01 7.990193037016807276e-02 -4.143095635785807307e-01 3.688515369136886046e-01 3.762743805505020522e-01 2.297852573558898936e-01 -2.234565799148855725e-01
1.661970619792031527e+09 1.824045777320861816e-01 3.831256181001663208e-02 8.737246990203857422e-01 -6.559510231018066406e-01 6.882577538490295410e-01 1.654931306838989258e-01 2.619954645633697510e-01 3.125173292322633301e-01 7.740682310017074630e-02 -4.013718685901785377e-01 3.573333652369992119e-01 3.645244148353330438e-01 2.226097252565900075e-01 -2.164786741935672831e-01
1.661970619822949171e+09 1.800875514745712280e-01 4.790939018130302429e-02 8.723335862159729004e-01 -6.559073328971862793e-01 6.872602701187133789e-01 1.700714975595474243e-01 2.617911696434020996e-01 3.224728623240711856e-01 7.990193037016807276e-02 -4.143095635785807307e-01 3.688515369136886046e-01 3.762743805505020522e-01 2.297852573558898936e-01 -2.234565799148860166e-01
1.661970619852870703e+09 1.777490079402923584e-01 5.748293921351432800e-02 8.708519339561462402e-01 -6.558138728141784668e-01 6.862737536430358887e-01 1.746191382408142090e-01 2.616195380687713623e-01 3.330640824260453492e-01 8.256193248241160132e-02 -4.281022755836110805e-01 3.811309131784401671e-01 3.888008694902629903e-01 2.374350008238793330e-01 -2.308956364159559516e-01
1.661970619883786678e+09 1.753891855478286743e-01 6.703159958124160767e-02 8.692793846130371094e-01 -6.556709408760070801e-01 6.852986216545104980e-01 1.791354119777679443e-01 2.614803016185760498e-01 3.221911193096932968e-01 7.990624369784124492e-02 -4.143319291571992968e-01 3.688714485420279687e-01 3.762946928845163908e-01 2.297976618009970606e-01 -2.234686427204436443e-01
1.661970619915701151e+09 1.730083823204040527e-01 7.655375450849533081e-02 8.676157593727111816e-01 -6.554790735244750977e-01 6.843354701995849609e-01 1.836196929216384888e-01 2.613732814788818359e-01 3.119357616130710720e-01 7.740624482883225188e-02 -4.013688701226224564e-01 3.573306957611683821e-01 3.645216916384255712e-01 2.226080622400948561e-01 -2.164770569793773303e-01
1.661970619946618557e+09 1.706068217754364014e-01 8.604780584573745728e-02 8.658607602119445801e-01 -6.552386283874511719e-01 6.833847761154174805e-01 1.880713701248168945e-01 2.612982690334320068e-01 3.217959718690482362e-01 7.990254653132518314e-02 -4.143127585134078195e-01 3.688543813004103167e-01 3.762772821782424670e-01 2.297870293374853767e-01 -2.234583030930896719e-01
1.661970619976538658e+09 1.681848019361495972e-01 9.551212936639785767e-02 8.640141487121582031e-01 -6.549499630928039551e-01 6.824470758438110352e-01 1.924898028373718262e-01 2.612550258636474609e-01 3.322954104736100533e-01 8.256587985515367878e-02 -4.281227436032255529e-01 3.811491354478639959e-01 3.888194584683575816e-01 2.374463528407500801e-01 -2.309066757789423330e-01
1.661970620007456064e+09 1.657425761222839355e-01 1.049451306462287903e-01 8.620757460594177246e-01 -6.546135544776916504e-01 6.815229654312133789e-01 1.968743652105331421e-01 2.612432837486267090e-01 3.213386561105727734e-01 7.990254653132608520e-02 -4.143127585134150359e-01 3.688543813004175331e-01 3.762772821782429111e-01 2.297870293374835726e-01 -2.234583030930892000e-01
1.661970620039370775e+09 1.632804423570632935e-01 1.143452003598213196e-01 8.600452542304992676e-01 -6.542298197746276855e-01 6.806127429008483887e-01 2.012244313955307007e-01 2.612628936767578125e-01 3.110493286134493607e-01 7.740566656613369345e-02 -4.013658716998594889e-01 3.573280263252152089e-01 3.645189684822053300e-01 2.226063992484450804e-01 -2.164754397893510485e-01
1.661970620071285963e+09 1.607986837625503540e-01 1.237107366323471069e-01 8.579225540161132812e-01 -6.537992358207702637e-01 6.797171235084533691e-01 2.055395096540451050e-01 2.613135576248168945e-01 3.107793436500216888e-01 7.740451006665563516e-02 -4.013598749887435368e-01 3.573226875729799690e-01 3.645135222918234330e-01 2.226030733396863193e-01 -2.164722054817841412e-01
1.661970620103200674e+09 1.582975685596466064e-01 1.330401450395584106e-01 8.557074069976806641e-01 -6.533220410346984863e-01 6.788365244865417480e-01 2.098187804222106934e-01 2.613950669765472412e-01 3.105028022191481663e-01 7.740566656613369345e-02 -4.013658716998594889e-01 3.573280263252152089e-01 3.645189684822051079e-01 2.226063992484468013e-01 -2.164754397893510485e-01
1.661970620134117842e+09 1.557774245738983154e-01 1.423318088054656982e-01 8.533996939659118652e-01 -6.527989506721496582e-01 6.779713630676269531e-01 2.140618115663528442e-01 2.615070939064025879e-01 3.202131899798627557e-01 7.990316270198538628e-02 -4.143159534975178193e-01 3.688572257310083757e-01 3.762801838507359720e-01 2.297888013464084167e-01 -2.234600262978695406e-01
1.661970620165034771e+09 1.532385200262069702e-01 1.515841633081436157e-01 8.509992361068725586e-01 -6.522302627563476562e-01 6.771221160888671875e-01 2.182679176330566406e-01 2.616494596004486084e-01 3.198930607667958004e-01 7.990377888214887647e-02 -4.143191485308901911e-01 3.688600702054621872e-01 3.762830855679817899e-01 2.297905733826632602e-01 -2.234617495292275935e-01
1.661970620196949244e+09 1.506811678409576416e-01 1.607955992221832275e-01 8.485059142112731934e-01 -6.516165137290954590e-01 6.762893199920654297e-01 2.224365472793579102e-01 2.618218362331390381e-01 3.095660886684224455e-01 7.740624482883312618e-02 -4.013688701226155175e-01 3.573306957611683821e-01 3.645216916384255712e-01 2.226080622400966047e-01 -2.164770569793782184e-01
1.661970620227866888e+09 1.481056809425354004e-01 1.699645370244979858e-01 8.459195494651794434e-01 -6.509581208229064941e-01 6.754733920097351074e-01 2.265671044588088989e-01 2.620240151882171631e-01 3.191941158741528617e-01 7.990193037016807276e-02 -4.143095635785878916e-01 3.688515369136886046e-01 3.762743805505022743e-01 2.297852573558898936e-01 -2.234565799148851006e-01
1.661970620258784533e+09 1.455123722553253174e-01 1.790893822908401489e-01 8.432401418685913086e-01 -6.502556204795837402e-01 6.746747493743896484e-01 2.306590229272842407e-01 2.622556984424591064e-01 3.188259151966669203e-01 7.990193037016807276e-02 -4.143095635785807307e-01 3.688515369136957656e-01 3.762743805505020522e-01 2.297852573558880895e-01 -2.234565799148860166e-01
1.661970620289701462e+09 1.455123722553253174e-01 1.790893822908401489e-01 8.432401418685913086e-01 -6.502556204795837402e-01 6.746747493743896484e-01 2.306590229272842407e-01 2.622556984424591064e-01 0.000000000000000000e+00 0.000000000000000000e+00 0.000000000000000000e+00 0.000000000000000000e+00 -4.488734213492762814e-16 0.000000000000000000e+00 0.000000000000000000e+00
1.661970620320619106e+09 1.481795310974121094e-01 1.874757409095764160e-01 8.437797427177429199e-01 -6.468753814697265625e-01 6.736208200454711914e-01 2.350493073463439941e-01 2.693306803703308105e-01 2.851704110755593491e-01 -2.856446870029692026e-02 -2.956213016889830958e-01 3.051987344696823756e-01 -1.184896745882821900e-01 5.659250675590982160e-01 1.603412273207058258e-01
1.661970620352534056e+09 1.508321762084960938e-01 1.958023756742477417e-01 8.443150520324707031e-01 -6.434683203697204590e-01 6.724818348884582520e-01 2.394690662622451782e-01 2.763535678386688232e-01 2.743334177962145626e-01 -2.767186239544916146e-02 -2.863834810768181027e-01 2.956616302624254788e-01 -1.147870105651329214e-01 5.482405697770762476e-01 1.553307511261270424e-01
1.661970620384448528e+09 1.534696370363235474e-01 2.040680348873138428e-01 8.448454737663269043e-01 -6.400352120399475098e-01 6.712577342987060547e-01 2.439176887273788452e-01 2.833233773708343506e-01 2.723669941962587604e-01 -2.767227584336580740e-02 -2.863877599595321954e-01 2.956660477708524248e-01 -1.147887256087320035e-01 5.482487610913627796e-01 1.553330719375947133e-01
1.661970620415870428e+09 1.560912728309631348e-01 2.122714668512344360e-01 8.453701734542846680e-01 -6.365766525268554688e-01 6.699487566947937012e-01 2.483948916196823120e-01 2.902393341064453125e-01 2.745896115336587395e-01 -2.810606915478897766e-02 -2.908772025860550392e-01 3.003009377475243102e-01 -1.165881649348543408e-01 5.568431624663581214e-01 1.577680884151244078e-01
1.661970620446788073e+09 1.586964428424835205e-01 2.204114198684692383e-01 8.458885550498962402e-01 -6.330933570861816406e-01 6.685549020767211914e-01 2.529000043869018555e-01 2.971006035804748535e-01 2.769417529261971045e-01 -2.856446870029781537e-02 -2.956213016889830958e-01 3.051987344696751592e-01 -1.184896745882821900e-01 5.659250675590982160e-01 1.603412273207058258e-01
1.661970620478703022e+09 1.612845361232757568e-01 2.284867167472839355e-01 8.463998436927795410e-01 -6.295858025550842285e-01 6.670765876770019531e-01 2.574325799942016602e-01 3.039062321186065674e-01 2.661854915350536643e-01 -2.767186239544829063e-02 -2.863834810768111638e-01 2.956616302624254788e-01 -1.147870105651320471e-01 5.482405697770726949e-01 1.553307511261261542e-01
1.661970620508622885e+09 1.638549268245697021e-01 2.364961057901382446e-01 8.469033241271972656e-01 -6.260548830032348633e-01 6.655137538909912109e-01 2.619920670986175537e-01 3.106555044651031494e-01 2.816451921653542190e-01 -2.951705013121930232e-02 -3.054798208698807915e-01 3.153766464150149496e-01 -1.224411243755369472e-01 5.847978047455135719e-01 1.656883625102156532e-01
1.661970620539540529e+09 1.664070188999176025e-01 2.444384396076202393e-01 8.473981618881225586e-01 -6.225011944770812988e-01 6.638666391372680664e-01 2.665781080722808838e-01 3.173475861549377441e-01 2.702972885424665961e-01 -2.856446870029781537e-02 -2.956213016889830958e-01 3.051987344696751592e-01 -1.184896745882812880e-01 5.659250675590982160e-01 1.603412273207058258e-01
1.661970620571455002e+09 1.689402610063552856e-01 2.523125112056732178e-01 8.478837013244628906e-01 -6.189253926277160645e-01 6.621354222297668457e-01 2.711899578571319580e-01 3.239815533161163330e-01 2.596243756504375555e-01 -2.767227584336580740e-02 -2.863877599595321954e-01 2.956660477708524248e-01 -1.147887256087320035e-01 5.482487610913627796e-01 1.553330719375955737e-01
1.661970620602372408e+09 1.714540421962738037e-01 2.601172029972076416e-01 8.483591675758361816e-01 -6.153281927108764648e-01 6.603202819824218750e-01 2.758272290229797363e-01 3.305566906929016113e-01 2.656531054111135881e-01 -2.856468897427624082e-02 -2.956235813631095111e-01 3.052010879998725001e-01 -1.184905883175833563e-01 5.659294316719942763e-01 1.603424637869050873e-01
1.661970620632292747e+09 1.739478409290313721e-01 2.678513228893280029e-01 8.488236665725708008e-01 -6.117101311683654785e-01 6.584215164184570312e-01 2.804892957210540771e-01 3.370721638202667236e-01 2.720389050174880086e-01 -2.951657972124071758e-02 -3.054749524715966169e-01 3.153716202921115208e-01 -1.224391730448156634e-01 5.847884848872725305e-01 1.656857219530210312e-01
1.661970620664207458e+09 1.764210909605026245e-01 2.755137979984283447e-01 8.492765426635742188e-01 -6.080719828605651855e-01 6.564391851425170898e-01 2.851756811141967773e-01 3.435271680355072021e-01 2.526879994443130273e-01 -2.767206911786272011e-02 -2.863856205021959589e-01 2.956638390001384842e-01 -1.147878680805263507e-01 5.482446654036211564e-01 1.553319115231920622e-01
1.661970620696122169e+09 1.788732856512069702e-01 2.831034660339355469e-01 8.497169017791748047e-01 -6.044144034385681152e-01 6.543736457824707031e-01 2.898857593536376953e-01 3.499210178852081299e-01 2.502962015153892827e-01 -2.767206911786272011e-02 -2.863856205021959589e-01 2.956638390001454231e-01 -1.147878680805263507e-01 5.482446654036247091e-01 1.553319115231920622e-01
1.661970620728036404e+09 1.813038885593414307e-01 2.906192839145660400e-01 8.501439094543457031e-01 -6.007379293441772461e-01 6.522251367568969727e-01 2.946189939975738525e-01 3.562527000904083252e-01 2.478707708200234283e-01 -2.767248257195849617e-02 -2.863898994488484062e-01 2.956682565745681335e-01 -1.147895831497501712e-01 5.482528568402988967e-01 1.553342323693353566e-01
1.661970620759951830e+09 1.837124079465866089e-01 2.980601489543914795e-01 8.505568504333496094e-01 -5.970433354377746582e-01 6.499938964843750000e-01 2.993748486042022705e-01 3.625216484069824219e-01 2.453940392621062339e-01 -2.767144895988513445e-02 -2.863792023219486893e-01 2.956572128859993875e-01 -1.147852955727811236e-01 5.482323787075462640e-01 1.553284303840073433e-01
1.661970620791865826e+09 1.860983669757843018e-01 3.054250180721282959e-01 8.509548902511596680e-01 -5.933313369750976562e-01 6.476800441741943359e-01 3.041527271270751953e-01 3.687271177768707275e-01 2.429008718626760321e-01 -2.767268930363911070e-02 -2.863920389701244407e-01 2.956704654112931596e-01 -1.147904407035811175e-01 5.482569526504343926e-01 1.553353928184143529e-01
1.661970620823780537e+09 1.884612888097763062e-01 3.127128183841705322e-01 8.513370752334594727e-01 -5.896024107933044434e-01 6.452840566635131836e-01 3.089520037174224854e-01 3.748681843280792236e-01 2.403537738549905989e-01 -2.767206911786272011e-02 -2.863856205021959589e-01 2.956638390001384842e-01 -1.147878680805259205e-01 5.482446654036211564e-01 1.553319115231920622e-01
1.661970620855695248e+09 1.908007115125656128e-01 3.199225664138793945e-01 8.517026901245117188e-01 -5.858572721481323242e-01 6.428061723709106445e-01 3.137721717357635498e-01 3.809441924095153809e-01 2.377778851788041881e-01 -2.767206911786272011e-02 -2.863856205021889645e-01 2.956638390001454231e-01 -1.147878680805263507e-01 5.482446654036211564e-01 1.553319115231920622e-01
1.661970620887610674e+09 1.931162029504776001e-01 3.270532190799713135e-01 8.520508408546447754e-01 -5.820966958999633789e-01 6.402465701103210449e-01 3.186125755310058594e-01 3.869544565677642822e-01 2.351608663416649148e-01 -2.767144895988600528e-02 -2.863792023219556282e-01 2.956572128859993875e-01 -1.147852955727815538e-01 5.482323787075497057e-01 1.553284303840082037e-01
1.661970620919033527e+09 1.954073458909988403e-01 3.341038227081298828e-01 8.523806333541870117e-01 -5.783212780952453613e-01 6.376056671142578125e-01 3.234726488590240479e-01 3.928982317447662354e-01 2.361611260518099165e-01 -2.810521614389632425e-02 -2.908683745489195616e-01 3.002918237028046056e-01 -1.165846265185030151e-01 5.568262624409412442e-01 1.577633002002653828e-01
1.661970620950947762e+09 1.976737082004547119e-01 3.410733938217163086e-01 8.526912331581115723e-01 -5.745315551757812500e-01 6.348837614059448242e-01 3.283517360687255859e-01 3.987747132778167725e-01 2.298466391425029454e-01 -2.767248257195762534e-02 -2.863898994488484062e-01 2.956682565745750724e-01 -1.147895831497501712e-01 5.482528568402988967e-01 1.553342323693353566e-01
1.661970620981865406e+09 1.999149173498153687e-01 3.479609787464141846e-01 8.529818058013916016e-01 -5.707282423973083496e-01 6.320811510086059570e-01 3.332492709159851074e-01 4.045832455158233643e-01 2.344577409961148828e-01 -2.856446870029781537e-02 -2.956213016889759349e-01 3.051987344696751592e-01 -1.184896745882821900e-01 5.659250675590982160e-01 1.603412273207058258e-01
1.661970621012290955e+09 2.021305859088897705e-01 3.547656536102294922e-01 8.532513976097106934e-01 -5.669119954109191895e-01 6.291981935501098633e-01 3.381646275520324707e-01 4.103231728076934814e-01 2.353741365423019649e-01 -2.902646396255194328e-02 -3.004026138231224441e-01 3.101349498374744718e-01 -1.204060998108299890e-01 5.750782117238623092e-01 1.629345501002593122e-01
1.661970621043208599e+09 2.043203413486480713e-01 3.614864647388458252e-01 8.534992337226867676e-01 -5.630834102630615234e-01 6.262352466583251953e-01 3.430971801280975342e-01 4.159937202930450439e-01 2.287654432909779767e-01 -2.856446870029692026e-02 -2.956213016889759349e-01 3.051987344696751592e-01 -1.184896745882812880e-01 5.659250675590963287e-01 1.603412273207053818e-01
1.661970621074125767e+09 2.064838558435440063e-01 3.681225776672363281e-01 8.537243008613586426e-01 -5.592432618141174316e-01 6.231926083564758301e-01 3.480463027954101562e-01 4.215943813323974609e-01 2.258781413400501314e-01 -2.856490925165196607e-02 -2.956258610723954128e-01 3.052034415663541500e-01 -1.184915020609770275e-01 5.659337958521910572e-01 1.603437002721744276e-01
1.661970621105547667e+09 2.086207866668701172e-01 3.746730685234069824e-01 8.539258837699890137e-01 -5.553919672966003418e-01 6.200707554817199707e-01 3.530112802982330322e-01 4.271242022514343262e-01 2.193752748275854259e-01 -2.810606915478897766e-02 -2.908772025860550392e-01 3.003009377475243102e-01 -1.165881649348543408e-01 5.568431624663598978e-01 1.577680884151244078e-01
1.661970621137462854e+09 2.107308357954025269e-01 3.811371028423309326e-01 8.541029095649719238e-01 -5.515303015708923340e-01 6.168699264526367188e-01 3.579915761947631836e-01 4.325827062129974365e-01 2.131277857333053194e-01 -2.767165567612332386e-02 -2.863813416834048997e-01 2.956594215577126872e-01 -1.147861530625514104e-01 5.482364742117160628e-01 1.553295907463992098e-01
1.661970621169377327e+09 2.128136754035949707e-01 3.875138461589813232e-01 8.542546033859252930e-01 -5.476589202880859375e-01 6.135906577110290527e-01 3.629864752292633057e-01 4.379692077636718750e-01 2.102494104372908956e-01 -2.767227584336580740e-02 -2.863877599595321954e-01 2.956660477708524248e-01 -1.147887256087315733e-01 5.482487610913627796e-01 1.553330719375942692e-01
1.661970621201292038e+09 2.148690372705459595e-01 3.938024640083312988e-01 8.543800115585327148e-01 -5.437783598899841309e-01 6.102332472801208496e-01 3.679954111576080322e-01 4.432830810546875000e-01 2.073392158674037256e-01 -2.767206911786272011e-02 -2.863856205021959589e-01 2.956638390001454231e-01 -1.147878680805259205e-01 5.482446654036211564e-01 1.553319115231925063e-01
1.661970621232713461e+09 2.168966680765151978e-01 4.000021517276763916e-01 8.544782996177673340e-01 -5.398892164230346680e-01 6.067981719970703125e-01 3.730176091194152832e-01 4.485237002372741699e-01 2.076156258521937581e-01 -2.810649567965265924e-02 -2.908816168055746165e-01 3.003054949773394378e-01 -1.165899342235752062e-01 5.568516128637671647e-01 1.577704826315486919e-01
1.661970621264628410e+09 2.188962996006011963e-01 4.061121642589569092e-01 8.545484542846679688e-01 -5.359922051429748535e-01 6.032857894897460938e-01 3.780523836612701416e-01 4.536903500556945801e-01 2.014505666486477997e-01 -2.767186239544916146e-02 -2.863834810768146610e-01 2.956616302624254788e-01 -1.147870105651329214e-01 5.482405697770744712e-01 1.553307511261270424e-01
1.661970621296542883e+09 2.208677083253860474e-01 4.121316969394683838e-01 8.545897006988525391e-01 -5.320879817008972168e-01 5.996965169906616211e-01 3.830992281436920166e-01 4.587825834751129150e-01 1.984762902553693920e-01 -2.767227584336580740e-02 -2.863877599595391343e-01 2.956660477708594192e-01 -1.147887256087317953e-01 5.482487610913611142e-01 1.553330719375942692e-01
1.661970621328458071e+09 2.228106856346130371e-01 4.180600643157958984e-01 8.546010255813598633e-01 -5.281770825386047363e-01 5.960308313369750977e-01 3.881573677062988281e-01 4.637997150421142578e-01 1.954760862852684133e-01 -2.767165567612332386e-02 -2.863813416834014580e-01 2.956594215577126872e-01 -1.147861530625512022e-01 5.482364742117178391e-01 1.553295907463992098e-01
1.661970621360373020e+09 2.247250229120254517e-01 4.238965213298797607e-01 8.545815944671630859e-01 -5.242599844932556152e-01 5.922892093658447266e-01 3.932261168956756592e-01 4.687410593032836914e-01 1.924620849078846063e-01 -2.767186239544829063e-02 -2.863834810768181027e-01 2.956616302624324177e-01 -1.147870105651329214e-01 5.482405697770726949e-01 1.553307511261270424e-01
1.661970621392287254e+09 2.266105264425277710e-01 4.296403527259826660e-01 8.545305132865905762e-01 -5.203375220298767090e-01 5.884720683097839355e-01 3.983048498630523682e-01 4.736061394214630127e-01 1.894328505420124764e-01 -2.767248257195762534e-02 -2.863898994488449090e-01 2.956682565745681335e-01 -1.147895831497497271e-01 5.482528568402988967e-01 1.553342323693349125e-01
1.661970621424201965e+09 2.284670621156692505e-01 4.352909028530120850e-01 8.544468283653259277e-01 -5.164102911949157715e-01 5.845798254013061523e-01 4.033927619457244873e-01 4.783944189548492432e-01 1.863815854266095973e-01 -2.767206911786359094e-02 -2.863856205021924617e-01 2.956638390001384842e-01 -1.147878680805263507e-01 5.482446654036220446e-01 1.553319115231920622e-01
1.661970621456116438e+09 2.302944362163543701e-01 4.408475160598754883e-01 8.543296456336975098e-01 -5.124785900115966797e-01 5.806131362915039062e-01 4.084892868995666504e-01 4.831051826477050781e-01 1.833197667224075178e-01 -2.767227584336580740e-02 -2.863877599595391343e-01 2.956660477708594192e-01 -1.147887256087315733e-01 5.482487610913618914e-01 1.553330719375944913e-01
1.661970621488031149e+09 2.320925593376159668e-01 4.463095366954803467e-01 8.541780114173889160e-01 -5.085433721542358398e-01 5.765722393989562988e-01 4.135936200618743896e-01 4.877380132675170898e-01 1.802423624677574610e-01 -2.767206911786272011e-02 -2.863856205021924617e-01 2.956638390001384842e-01 -1.147878680805263507e-01 5.482446654036229328e-01 1.553319115231920622e-01
1.661970621518949032e+09 2.338612824678421021e-01 4.516763687133789062e-01 8.539911508560180664e-01 -5.046050548553466797e-01 5.724577903747558594e-01 4.187051057815551758e-01 4.922923743724822998e-01 1.828671309544373236e-01 -2.856424842971660993e-02 -2.956190220500118371e-01 3.051963809757827772e-01 -1.184887608730727376e-01 5.659207035135120911e-01 1.603399908735762269e-01
1.661970621548868656e+09 2.356005311012268066e-01 4.569474160671234131e-01 8.537681102752685547e-01 -5.006642341613769531e-01 5.682703852653503418e-01 4.238230884075164795e-01 4.967676699161529541e-01 1.856660456310465779e-01 -2.951728534183138339e-02 -3.054822551272108888e-01 3.153791595365399436e-01 -1.224421000642208213e-01 5.848024647860320391e-01 1.656896828203746896e-01
1.661970621579786539e+09 2.373102009296417236e-01 4.621220827102661133e-01 8.535079360008239746e-01 -4.967215061187744141e-01 5.640103220939636230e-01 4.289467930793762207e-01 5.011634230613708496e-01 1.764671562603217503e-01 -2.856424842971571135e-02 -2.956190220500118371e-01 3.051963809757827772e-01 -1.184887608730731817e-01 5.659207035135120911e-01 1.603399908735760049e-01
1.661970621609706163e+09 2.389902472496032715e-01 4.671998620033264160e-01 8.532097935676574707e-01 -4.927774667739868164e-01 5.596781969070434570e-01 4.340754747390747070e-01 5.054790973663330078e-01 1.790396214318337176e-01 -2.951728534183230973e-02 -3.054822551272108888e-01 3.153791595365325051e-01 -1.224421000642212792e-01 5.848024647860320391e-01 1.656896828203746896e-01
1.661970621641620874e+09 2.406405955553054810e-01 4.721801578998565674e-01 8.528727889060974121e-01 -4.888327121734619141e-01 5.552746057510375977e-01 4.392084777355194092e-01 5.097142457962036133e-01 1.647337453595818235e-01 -2.767206911786272011e-02 -2.863856205021924617e-01 2.956638390001454231e-01 -1.147878680805259205e-01 5.482446654036211564e-01 1.553319115231920622e-01
1.661970621672538042e+09 2.422612458467483521e-01 4.770625233650207520e-01 8.524960279464721680e-01 -4.848878085613250732e-01 5.508000850677490234e-01 4.443451464176177979e-01 5.138682723045349121e-01 1.668359634739350339e-01 -2.856490925165106748e-02 -2.956258610723918601e-01 3.052034415663541500e-01 -1.184915020609765834e-01 5.659337958521910572e-01 1.603437002721744276e-01
1.661970621703455687e+09 2.438521534204483032e-01 4.818464517593383789e-01 8.520786166191101074e-01 -4.809431731700897217e-01 5.462549924850463867e-01 4.494845569133758545e-01 5.179409384727478027e-01 1.636209242033336009e-01 -2.856446870029781537e-02 -2.956213016889830958e-01 3.051987344696823756e-01 -1.184896745882821900e-01 5.659250675590982160e-01 1.603412273207053818e-01
1.661970621734373093e+09 2.454133331775665283e-01 4.865314364433288574e-01 8.516196608543395996e-01 -4.769995212554931641e-01 5.416401624679565430e-01 4.546260535717010498e-01 5.219315290451049805e-01 1.604124443866007665e-01 -2.856468897427534570e-02 -2.956235813631059028e-01 3.052010879998653392e-01 -1.184905883175833563e-01 5.659294316719906126e-01 1.603424637869050873e-01
1.661970621765290737e+09 2.469448000192642212e-01 4.911170899868011475e-01 8.511183857917785645e-01 -4.730573892593383789e-01 5.369560718536376953e-01 4.597690403461456299e-01 5.258396863937377930e-01 1.572093817066218535e-01 -2.856446870029692026e-02 -2.956213016889794876e-01 3.051987344696751592e-01 -1.184896745882817459e-01 5.659250675590999924e-01 1.603412273207058258e-01
