1.661970621878987312e+09 1.378528122206244648e-16 -2.367949187755584717e-01 1.128897309303283691e+00 -6.125128269195556641e-01 6.125135421752929688e-01 3.533097505569458008e-01 3.533093035221099854e-01 0.000000000000000000e+00 0.000000000000000000e+00 0.000000000000000000e+00 0.000000000000000000e+00 0.000000000000000000e+00 0.000000000000000000e+00 0.000000000000000000e+00
1.661970634752337694e+09 1.378528122206244648e-16 -2.367949187755584717e-01 1.128897309303283691e+00 -6.125128269195556641e-01 6.125135421752929688e-01 3.533097505569458008e-01 3.533093035221099854e-01 0.000000000000000000e+00 0.000000000000000000e+00 0.000000000000000000e+00 0.000000000000000000e+00 0.000000000000000000e+00 0.000000000000000000e+00 0.000000000000000000e+00
1.661970634788242340e+09 8.924605324864387512e-03 -2.298895418643951416e-01 1.117231488227844238e+00 -6.091572046279907227e-01 6.166496276855468750e-01 3.494046330451965332e-01 3.557908535003662109e-01 4.520403265453284969e-01 -2.938931160216354810e-01 -3.867185738729153610e-01 -2.761982987890341246e-01 -2.308992252766607634e-01 5.989870510960106920e-01 1.849151244161474361e-01
1.661970634825143099e+09 1.792526803910732269e-02 -2.234023809432983398e-01 1.105486750602722168e+00 -6.058791279792785645e-01 6.206511259078979492e-01 3.455551564693450928e-01 3.581819236278533936e-01 4.378378303389647841e-01 -2.859596558009355194e-01 -3.762793486744446803e-01 -2.687424990543100800e-01 -2.246662456018732323e-01 5.828177715738743769e-01 1.799234566846266425e-01
1.661970634857057810e+09 2.698972634971141815e-02 -2.173338681459426880e-01 1.093670248985290527e+00 -6.026791334152221680e-01 6.245228648185729980e-01 3.417658805847167969e-01 3.604791760444641113e-01 5.038960405042921531e-01 -3.306352443394473539e-01 -4.350656180516337401e-01 -3.107282444803122212e-01 -2.597659407630282247e-01 6.738716193022874501e-01 2.080329684853574890e-01
1.661970634888972759e+09 3.610578924417495728e-02 -2.116840481758117676e-01 1.081789493560791016e+00 -5.995572805404663086e-01 6.282699108123779297e-01 3.380409777164459229e-01 3.626791834831237793e-01 5.015041903968432413e-01 -3.306327743500959149e-01 -4.350623679218867945e-01 -3.107259232049259801e-01 -2.597640001982558511e-01 6.738665851876478596e-01 2.080314143884315625e-01
1.661970634920887470e+09 4.526134952902793884e-02 -2.064525783061981201e-01 1.069851517677307129e+00 -5.965140461921691895e-01 6.318972706794738770e-01 3.343848884105682373e-01 3.647788465023040771e-01 4.990867253776969936e-01 -3.306352443394456331e-01 -4.350656180516337401e-01 -3.107282444802983434e-01 -2.597659407630265038e-01 6.738716193022838974e-01 2.080329684853557404e-01
1.661970634952801943e+09 5.444440618157386780e-02 -2.016387432813644409e-01 1.057863712310791016e+00 -5.935488343238830566e-01 6.354102492332458496e-01 3.308016955852508545e-01 3.667749166488647461e-01 4.966265555154465439e-01 -3.306377143656996642e-01 -4.350688682299272414e-01 -3.107305657903808860e-01 -2.597678813567912970e-01 6.738766534921317719e-01 2.080345226055007324e-01
1.661970634984717131e+09 6.364305317401885986e-02 -1.972414553165435791e-01 1.045833230018615723e+00 -5.906614661216735840e-01 6.388137340545654297e-01 3.272956907749176025e-01 3.686645925045013428e-01 4.941130234896364271e-01 -3.306303043976515088e-01 -4.350591178406993387e-01 -3.107236019642213298e-01 -2.597620596624804490e-01 6.738615511482287657e-01 2.080298603147267555e-01
1.661970635014636517e+09 7.284551858901977539e-02 -1.932592391967773438e-01 1.033767104148864746e+00 -5.878512263298034668e-01 6.421130895614624023e-01 3.238709270954132080e-01 3.704448342323303223e-01 5.243651770174876381e-01 -3.526853225114026102e-01 -4.640801621820748735e-01 -3.314507240051695613e-01 -2.770897421371958380e-01 7.188121455706283358e-01 2.219066957905334869e-01
1.661970635046551228e+09 8.204016089439392090e-02 -1.896903067827224731e-01 1.021672606468200684e+00 -5.851171016693115234e-01 6.453134417533874512e-01 3.205313980579376221e-01 3.721130788326263428e-01 4.889991943647732930e-01 -3.306352443394456331e-01 -4.350656180516267457e-01 -3.107282444803122212e-01 -2.597659407630265038e-01 6.738716193022838974e-01 2.080329684853557404e-01
1.661970635078465700e+09 9.121546894311904907e-02 -1.865324676036834717e-01 1.009557008743286133e+00 -5.824579000473022461e-01 6.484202146530151367e-01 3.172810971736907959e-01 3.736666142940521240e-01 4.863759919830871747e-01 -3.306377143656996642e-01 -4.350688682299411192e-01 -3.107305657903670082e-01 -2.597678813567912970e-01 6.738766534921317719e-01 2.080345226055007324e-01
1.661970635109383106e+09 1.003600880503654480e-01 -1.837832331657409668e-01 9.974271059036254883e-01 -5.798721909523010254e-01 6.514385342597961426e-01 3.141238391399383545e-01 3.751029968261718750e-01 4.993147121051117465e-01 -3.413005683912985755e-01 -4.490995599249733017e-01 -3.207514270544090107e-01 -2.681452287648461996e-01 6.956087429521363719e-01 2.147435024055910913e-01
1.661970635139303446e+09 1.094628423452377319e-01 -1.814397275447845459e-01 9.852901697158813477e-01 -5.773583650588989258e-01 6.543737053871154785e-01 3.110635578632354736e-01 3.764198720455169678e-01 5.130669017901603457e-01 -3.526740810970810935e-01 -4.640653701931685693e-01 -3.314401594177823762e-01 -2.770809102397612800e-01 7.187892343105599657e-01 2.218996227853695657e-01
1.661970635170220852e+09 1.185127049684524536e-01 -1.794987916946411133e-01 9.731532931327819824e-01 -5.749143958091735840e-01 6.572309732437133789e-01 3.081037402153015137e-01 3.776149749755859375e-01 4.936826892030453107e-01 -3.413005683912967991e-01 -4.490995599249733017e-01 -3.207514270543946333e-01 -2.681452287648444233e-01 6.956087429521328191e-01 2.147435024055902031e-01
1.661970635200140953e+09 1.274988651275634766e-01 -1.779568791389465332e-01 9.610234498977661133e-01 -5.725380182266235352e-01 6.600154638290405273e-01 3.052481412887573242e-01 3.786862492561340332e-01 5.071632349262666928e-01 -3.526768913834789632e-01 -4.640690681019944419e-01 -3.314428005014948830e-01 -2.770831181613362393e-01 7.187949619886487840e-01 2.219013909943879370e-01
1.661970635231058121e+09 1.364106535911560059e-01 -1.768101751804351807e-01 9.489077329635620117e-01 -5.702270269393920898e-01 6.627325415611267090e-01 3.025002777576446533e-01 3.796317279338836670e-01 4.878826094315825146e-01 -3.413032003399110725e-01 -4.491030231684410290e-01 -3.207539005377602614e-01 -2.681472965740679948e-01 6.956141071578700874e-01 2.147451584059489604e-01
1.661970635261975765e+09 1.452376544475555420e-01 -1.760545372962951660e-01 9.368131756782531738e-01 -5.679786801338195801e-01 6.653872728347778320e-01 2.998634576797485352e-01 3.804495930671691895e-01 4.849066982711656704e-01 -3.412979364832772200e-01 -4.490960967349185151e-01 -3.207489536091914784e-01 -2.681431609875149502e-01 6.956033788291284825e-01 2.147418464307734309e-01
1.661970635293890238e+09 1.539696455001831055e-01 -1.756854802370071411e-01 9.247467517852783203e-01 -5.657899975776672363e-01 6.679847836494445801e-01 2.973411679267883301e-01 3.811381161212921143e-01 4.668438637935669600e-01 -3.306377143656996642e-01 -4.350688682299411192e-01 -3.107305657903808860e-01 -2.597678813567912970e-01 6.738766534921352136e-01 2.080345226055015928e-01
1.661970635324807644e+09 1.625966280698776245e-01 -1.756982654333114624e-01 9.127155542373657227e-01 -5.636579394340515137e-01 6.705300807952880859e-01 2.949365079402923584e-01 3.816958367824554443e-01 4.788419230527713455e-01 -3.413005683912958554e-01 -4.490995599249733017e-01 -3.207514270544090107e-01 -2.681452287648444233e-01 6.956087429521310428e-01 2.147435024055902031e-01
1.661970635355725050e+09 1.711088120937347412e-01 -1.760878264904022217e-01 9.007264971733093262e-01 -5.615790486335754395e-01 6.730281710624694824e-01 2.926525175571441650e-01 3.821211755275726318e-01 4.757424564555015611e-01 -3.413005683912985755e-01 -4.490995599249804626e-01 -3.207514270543946333e-01 -2.681452287648453114e-01 6.956087429521345955e-01 2.147435024055910913e-01
1.661970635387639523e+09 1.794966757297515869e-01 -1.768488138914108276e-01 8.887866735458374023e-01 -5.595499277114868164e-01 6.754838824272155762e-01 2.904922962188720703e-01 3.824130296707153320e-01 4.578317685155804395e-01 -3.306377143657005524e-01 -4.350688682299341803e-01 -3.107305657903808860e-01 -2.597678813567921852e-01 6.738766534921352136e-01 2.080345226055015928e-01
1.661970635418556929e+09 1.877509355545043945e-01 -1.779755800962448120e-01 8.769029974937438965e-01 -5.575665235519409180e-01 6.779021024703979492e-01 2.884586155414581299e-01 3.825701177120208740e-01 4.694086052332319681e-01 -3.413005683912967991e-01 -4.490995599249804626e-01 -3.207514270544090107e-01 -2.681452287648444233e-01 6.956087429521328191e-01 2.147435024055902031e-01
1.661970635449474812e+09 1.958625763654708862e-01 -1.794622242450714111e-01 8.650825023651123047e-01 -5.556250810623168945e-01 6.802875399589538574e-01 2.865543067455291748e-01 3.825915455818176270e-01 4.661685040928818524e-01 -3.412953046158461179e-01 -4.490926335982754480e-01 -3.207464802021355310e-01 -2.681410932420734694e-01 6.955980147888534137e-01 2.147401904814962570e-01
1.661970635480391979e+09 2.038228064775466919e-01 -1.813025623559951782e-01 8.533321022987365723e-01 -5.537213087081909180e-01 6.826446652412414551e-01 2.847819924354553223e-01 3.824764788150787354e-01 4.629037835949230684e-01 -3.413032003399110725e-01 -4.491030231684410290e-01 -3.207539005377602614e-01 -2.681472965740671066e-01 6.956141071578683110e-01 2.147451584059480723e-01
1.661970635511815310e+09 2.116231769323348999e-01 -1.834901124238967896e-01 8.416588306427001953e-01 -5.518506765365600586e-01 6.849781274795532227e-01 2.831440567970275879e-01 3.822241127490997314e-01 4.521807862477481565e-01 -3.358055357573137001e-01 -4.418689340009536726e-01 -3.155872412243992398e-01 -2.638280171362374360e-01 6.844092516620287059e-01 2.112860731982011964e-01
1.661970635547720671e+09 2.192554622888565063e-01 -1.860181689262390137e-01 8.300696611404418945e-01 -5.500086545944213867e-01 6.872922182083129883e-01 2.816430032253265381e-01 3.818339407444000244e-01 3.928389365073601813e-01 -2.938872614993454646e-01 -3.867108702133544851e-01 -2.761927967578104437e-01 -2.308946256294155674e-01 5.989751189245788865e-01 1.849114407990142817e-01
1.661970635573650122e+09 2.267117649316787720e-01 -1.888797432184219360e-01 8.185715079307556152e-01 -5.481905341148376465e-01 6.895911097526550293e-01 2.802809774875640869e-01 3.813055455684661865e-01 5.399163730077799483e-01 -4.069553294280608968e-01 -5.354912246900470629e-01 -3.824532237865919670e-01 -3.197273606103454013e-01 8.294204913733838058e-01 2.560529364949953868e-01
1.661970635605566502e+09 2.339844703674316406e-01 -1.920676231384277344e-01 8.071713447570800781e-01 -5.463911294937133789e-01 6.918789744377136230e-01 2.790601253509521484e-01 3.806385099887847900e-01 4.352972168590157342e-01 -3.306179551889427137e-01 -4.350428681631148264e-01 -3.107119962808812530e-01 -2.597523574184747441e-01 6.738363820792557801e-01 2.080220902944701633e-01
1.661970635638478041e+09 2.410662919282913208e-01 -1.955743283033370972e-01 7.958760261535644531e-01 -5.446054339408874512e-01 6.941596865653991699e-01 2.779823839664459229e-01 3.798329234123229980e-01 4.188579639142446243e-01 -3.206209300662732353e-01 -4.218883058829678290e-01 -3.013168754655109471e-01 -2.518981232426505956e-01 6.534613264160917812e-01 2.017320445479954261e-01
1.661970635668397665e+09 2.479502409696578979e-01 -1.993921548128128052e-01 7.846926450729370117e-01 -5.428280830383300781e-01 6.964371204376220703e-01 2.770496010780334473e-01 3.788886070251464844e-01 4.570907997385900701e-01 -3.526825120906367794e-01 -4.640764640964499255e-01 -3.314480827951948871e-01 -2.770875341100526579e-01 7.188064176186826915e-01 2.219049274969696894e-01
1.661970635699315548e+09 2.546296715736389160e-01 -2.035131603479385376e-01 7.736279368400573730e-01 -5.410535335540771484e-01 6.987147927284240723e-01 2.762634754180908203e-01 3.778057694435119629e-01 4.387619497354943165e-01 -3.412953046158452297e-01 -4.490926335982754480e-01 -3.207464802021355310e-01 -2.681410932420734694e-01 6.955980147888534137e-01 2.147401904814953688e-01
1.661970635731230259e+09 2.610982656478881836e-01 -2.079291790723800659e-01 7.626888751983642578e-01 -5.392762422561645508e-01 7.009962797164916992e-01 2.756254076957702637e-01 3.765846490859985352e-01 4.215574506773767105e-01 -3.306352443394473539e-01 -4.350656180516337401e-01 -3.107282444803122212e-01 -2.597659407630273920e-01 6.738716193022838974e-01 2.080329684853566286e-01
1.661970635764142275e+09 2.673500478267669678e-01 -2.126318365335464478e-01 7.518823146820068359e-01 -5.374903678894042969e-01 7.032847404479980469e-01 2.751369774341583252e-01 3.752256929874420166e-01 4.053526052920576883e-01 -3.206162848335532556e-01 -4.218821934642883464e-01 -3.013125099145526620e-01 -2.518944736823940933e-01 6.534518589121051102e-01 2.017291218058845648e-01
1.661970635794061899e+09 2.733793854713439941e-01 -2.176125198602676392e-01 7.412151098251342773e-01 -5.356900095939636230e-01 7.055833339691162109e-01 2.747992873191833496e-01 3.737294971942901611e-01 4.420791835800285119e-01 -3.526825120906367794e-01 -4.640764640964424870e-01 -3.314480827951800657e-01 -2.770875341100544897e-01 7.188064176186826915e-01 2.219049274969706331e-01
1.661970635824978828e+09 2.791810333728790283e-01 -2.228624522686004639e-01 7.306940555572509766e-01 -5.338690876960754395e-01 7.078949809074401855e-01 2.746134400367736816e-01 3.720966875553131104e-01 4.240905824458516271e-01 -3.413058323291183749e-01 -4.491064864653301902e-01 -3.207563740592604407e-01 -2.681493644151820011e-01 6.956194714463368456e-01 2.147468144318475936e-01
1.661970635855898142e+09 2.847501039505004883e-01 -2.283726334571838379e-01 7.203260064125061035e-01 -5.320215225219726562e-01 7.102223038673400879e-01 2.745804786682128906e-01 3.703281879425048828e-01 4.202912797256005972e-01 -3.412795142636248502e-01 -4.490718558999942656e-01 -3.207316405608559018e-01 -2.681286874390926278e-01 6.955658322844101571e-01 2.147302553221254462e-01
1.661970635886813641e+09 2.900820672512054443e-01 -2.341338843107223511e-01 7.101176381111145020e-01 -5.301409363746643066e-01 7.125679254531860352e-01 2.747009694576263428e-01 3.684248626232147217e-01 4.165419385152114296e-01 -3.413216251168623705e-01 -4.491272673683894268e-01 -3.207712159894248738e-01 -2.681617721316502667e-01 6.956516589146498619e-01 2.147567511236280202e-01
1.661970635918728352e+09 2.951727509498596191e-01 -2.401368468999862671e-01 7.000756859779357910e-01 -5.282210111618041992e-01 7.149341106414794922e-01 2.749756872653961182e-01 3.663879036903381348e-01 3.997834796418844872e-01 -3.306352443394456331e-01 -4.350656180516267457e-01 -3.107282444803122212e-01 -2.597659407630265038e-01 6.738716193022838974e-01 2.080329684853566286e-01
1.661970635948648691e+09 2.951727509498596191e-01 -2.401368468999862671e-01 7.000756859779357910e-01 -5.282210111618041992e-01 7.149341106414794922e-01 2.749756872653961182e-01 3.663879036903381348e-01 0.000000000000000000e+00 0.000000000000000000e+00 0.000000000000000000e+00 0.000000000000000000e+00 0.000000000000000000e+00 0.000000000000000000e+00 0.000000000000000000e+00
1.661970635980564594e+09 2.981729209423065186e-01 -2.230535447597503662e-01 7.057902216911315918e-01 -5.278717279434204102e-01 7.115174531936645508e-01 2.789904773235321045e-01 3.704844713211059570e-01 5.721873799486313361e-01 1.402654607867416248e-01 -4.947127869149061663e-01 7.749588461099599090e-01 1.301122500555472739e-01 1.177369230658069782e-01 -9.771842993657597898e-02
1.661970636011986017e+09 3.010095357894897461e-01 -2.059861123561859131e-01 7.113974094390869141e-01 -5.274859070777893066e-01 7.080771327018737793e-01 2.830078601837158203e-01 3.745557069778442383e-01 5.788239883435466471e-01 1.424728236997741537e-01 -5.024981009353054473e-01 7.871544030662926961e-01 1.321598315035612259e-01 1.195897535203788581e-01 -9.925622860028095185e-02
1.661970636042903662e+09 3.036818206310272217e-01 -1.889388412237167358e-01 7.168965339660644531e-01 -5.270634889602661133e-01 7.046135663986206055e-01 2.870275080204010010e-01 3.786013424396514893e-01 5.857664825633174255e-01 1.447943051883678889e-01 -5.106859083295921531e-01 7.999804587864396410e-01 1.343132709764653099e-01 1.215383735576138630e-01 -1.008735300009233893e-01
1.661970636073821783e+09 3.061890900135040283e-01 -1.719160377979278564e-01 7.222871780395507812e-01 -5.266041159629821777e-01 7.011272311210632324e-01 2.910493016242980957e-01 3.826212882995605469e-01 5.831893717522740328e-01 1.447920720868055011e-01 -5.106780322359956159e-01 7.999681210249057761e-01 1.343111995194792574e-01 1.215364991224898439e-01 -1.008719742709718314e-01
1.661970636105244875e+09 3.085306584835052490e-01 -1.549220234155654907e-01 7.275686860084533691e-01 -5.261077880859375000e-01 6.976183056831359863e-01 2.950729131698608398e-01 3.866152763366699219e-01 5.712105110522209817e-01 1.424652567430247097e-01 -5.024714124672902127e-01 7.871125960523663867e-01 1.321528122861184429e-01 1.195834019196364978e-01 -9.925095694517173384e-02
1.661970636137158632e+09 3.107060492038726807e-01 -1.379611194133758545e-01 7.327405810356140137e-01 -5.255740880966186523e-01 6.940873265266418457e-01 2.990980744361877441e-01 3.905830085277557373e-01 5.597854252016286614e-01 1.402748917360218117e-01 -4.947460496381478334e-01 7.750109515786350878e-01 1.301209983391543035e-01 1.177448392765677310e-01 -9.772500017526018767e-02
1.661970636168076277e+09 3.127146661281585693e-01 -1.210376471281051636e-01 7.378024458885192871e-01 -5.250027775764465332e-01 6.905347108840942383e-01 3.031245470046997070e-01 3.945242762565612793e-01 5.750147814777221145e-01 1.447943051883660848e-01 -5.106859083295921531e-01 7.999804587864539629e-01 1.343132709764635335e-01 1.215383735576138630e-01 -1.008735300009224872e-01
1.661970636199501753e+09 3.145561516284942627e-01 -1.041559427976608276e-01 7.427538037300109863e-01 -5.243938565254211426e-01 6.869607567787170410e-01 3.071520924568176270e-01 3.984389603137969971e-01 5.628856671515451993e-01 1.424544481990256128e-01 -5.024332910017969001e-01 7.870528794497282377e-01 1.321427861259243663e-01 1.195743293745788055e-01 -9.924342698060621693e-02
1.661970636231415749e+09 3.162301182746887207e-01 -8.732033520936965942e-02 7.475942969322204590e-01 -5.237470269203186035e-01 6.833660006523132324e-01 3.111804127693176270e-01 4.023266434669494629e-01 5.514022573482270095e-01 1.402738437901429880e-01 -4.947423535591258803e-01 7.750051617361047862e-01 1.301200262495486870e-01 1.177439596450260417e-01 -9.772427010511025580e-02
1.661970636262332916e+09 3.177362382411956787e-01 -7.053514569997787476e-02 7.523235082626342773e-01 -5.230621695518493652e-01 6.797506809234619141e-01 3.152093589305877686e-01 4.061872959136962891e-01 5.661453834591143597e-01 1.447965383588109556e-01 -5.106937846661210312e-01 7.999927969285741680e-01 1.343153424973477783e-01 1.215402480505586996e-01 -1.008750857788613675e-01
1.661970636292252779e+09 3.190743327140808105e-01 -5.380471423268318176e-02 7.569411396980285645e-01 -5.223389267921447754e-01 6.761153936386108398e-01 3.192385137081146240e-01 4.100205600261688232e-01 5.818034653234839260e-01 1.496229742552708519e-01 -5.277165038716415957e-01 8.266585860128435881e-01 1.387924135504437495e-01 1.255914928020228361e-01 -1.042375082551188215e-01
1.661970636323678255e+09 3.202441930770874023e-01 -3.713336214423179626e-02 7.614468932151794434e-01 -5.215772986412048340e-01 6.724604368209838867e-01 3.232677280902862549e-01 4.138262271881103516e-01 5.507978103117193713e-01 1.424544481990256128e-01 -5.024332910017897946e-01 7.870528794497141378e-01 1.321427861259243663e-01 1.195743293745770430e-01 -9.924342698060621693e-02
1.661970636355593204e+09 3.212457299232482910e-01 -2.052541449666023254e-02 7.658404707908630371e-01 -5.207770466804504395e-01 6.687861680984497070e-01 3.272967636585235596e-01 4.176041483879089355e-01 5.391969511777268131e-01 1.402696521631929261e-01 -4.947275697952715490e-01 7.749820032310364981e-01 1.301161380363665965e-01 1.177404412502838782e-01 -9.772134993358504162e-02
1.661970636386510134e+09 3.220789432525634766e-01 -3.985184244811534882e-03 7.701217532157897949e-01 -5.199379920959472656e-01 6.650930643081665039e-01 3.313252925872802734e-01 4.213540852069854736e-01 5.532773822528337382e-01 1.447976549698644366e-01 -5.106977229255048600e-01 7.999989661423542175e-01 1.343163782817492768e-01 1.215411853187140928e-01 -1.008758636858270857e-01
1.661970636417932510e+09 3.227438628673553467e-01 1.248301751911640167e-02 7.742905020713806152e-01 -5.190599560737609863e-01 6.613816022872924805e-01 3.353531360626220703e-01 4.250757992267608643e-01 5.410365590372138156e-01 1.424684996260609515e-01 -5.024828500350082550e-01 7.871305128002563656e-01 1.321558204308648787e-01 1.195861239516237406e-01 -9.925321615736365510e-02
1.661970636449848175e+09 3.232405781745910645e-01 2.887489274144172668e-02 7.783464789390563965e-01 -5.181428194046020508e-01 6.576521396636962891e-01 3.393799364566802979e-01 4.287690818309783936e-01 5.293177182254378277e-01 1.402665086073714429e-01 -4.947164825521717102e-01 7.749646352604866451e-01 1.301132220289684949e-01 1.177378025922148630e-01 -9.771915991946772406e-02
1.661970636481762886e+09 3.235692977905273438e-01 4.518614709377288818e-02 7.822896838188171387e-01 -5.171864032745361328e-01 6.539051532745361328e-01 3.434055447578430176e-01 4.324337542057037354e-01 5.259122085297062155e-01 1.402707000464453180e-01 -4.947312656533984221e-01 7.749877927275355960e-01 1.301171100678765458e-01 1.177413208292563129e-01 -9.772207996010479070e-02
1.661970636513676882e+09 3.237302601337432861e-01 6.141250953078269958e-02 7.861199975013732910e-01 -5.161905288696289062e-01 6.501410007476806641e-01 3.474296331405639648e-01 4.360695481300354004e-01 5.224382969824371559e-01 1.402738437901429880e-01 -4.947423535591328747e-01 7.750051617361047862e-01 1.301200262495495474e-01 1.177439596450277765e-01 -9.772427010511025580e-02
1.661970636545590878e+09 3.237237334251403809e-01 7.754970341920852661e-02 7.898373603820800781e-01 -5.151551961898803711e-01 6.463600993156433105e-01 3.514520823955535889e-01 4.396763145923614502e-01 5.188891639241316467e-01 1.402738437901412394e-01 -4.947423535591328747e-01 7.750051617361047862e-01 1.301200262495486870e-01 1.177439596450260417e-01 -9.772427010511025580e-02
1.661970636577505589e+09 3.235501646995544434e-01 9.359349310398101807e-02 7.934417128562927246e-01 -5.140799880027770996e-01 6.425630450248718262e-01 3.554723560810089111e-01 4.432537853717803955e-01 5.152668922710385013e-01 1.402707000464435694e-01 -4.947312656533984221e-01 7.749877927275495848e-01 1.301171100678756576e-01 1.177413208292563129e-01 -9.772207996010391640e-02
1.661970636608422995e+09 3.232099711894989014e-01 1.095396354794502258e-01 7.969331741333007812e-01 -5.129650235176086426e-01 6.387500762939453125e-01 3.594904839992523193e-01 4.468018412590026855e-01 5.280988279666387619e-01 1.447954217649788933e-01 -5.106898464674839433e-01 7.999866278099414529e-01 1.343143067289184200e-01 1.215393107968587433e-01 -1.008743078838941626e-01
1.661970636639340878e+09 3.227036297321319580e-01 1.253839135169982910e-01 8.003116846084594727e-01 -5.118100047111511230e-01 6.349217295646667480e-01 3.635061085224151611e-01 4.503201842308044434e-01 5.242399244874702546e-01 1.447931886289756664e-01 -5.106819702524226789e-01 7.999742898581094774e-01 1.343122352399845343e-01 1.215374363328237395e-01 -1.008727521299496721e-01
1.661970636671254873e+09 3.220317959785461426e-01 1.411221176385879517e-01 8.035774827003479004e-01 -5.106149315834045410e-01 6.310784220695495605e-01 3.675189316272735596e-01 4.538086056709289551e-01 5.040893867304351295e-01 1.402738437901429880e-01 -4.947423535591328747e-01 7.750051617361047862e-01 1.301200262495486870e-01 1.177439596450277765e-01 -9.772427010511025580e-02
1.661970636703169823e+09 3.211950659751892090e-01 1.567500978708267212e-01 8.067305088043212891e-01 -5.093796253204345703e-01 6.272205710411071777e-01 3.715287744998931885e-01 4.572669863700866699e-01 5.002301316686705857e-01 1.402696521631912052e-01 -4.947275697952646101e-01 7.749820032310226203e-01 1.301161380363648756e-01 1.177404412502838782e-01 -9.772134993358416732e-02
1.661970636734087944e+09 3.201941549777984619e-01 1.722636818885803223e-01 8.097710609436035156e-01 -5.081040263175964355e-01 6.233486533164978027e-01 3.755353093147277832e-01 4.606951177120208740e-01 5.123336382851360060e-01 1.447920720868072775e-01 -5.106780322360028324e-01 7.999681210249057761e-01 1.343111995194783692e-01 1.215364991224880536e-01 -1.008719742709727335e-01
1.661970636765005112e+09 3.190298974514007568e-01 1.876587420701980591e-01 8.126993179321289062e-01 -5.067878961563110352e-01 6.194630861282348633e-01 3.795383870601654053e-01 4.640928208827972412e-01 5.082698130999161457e-01 1.447965383588091515e-01 -5.106937846661210312e-01 7.999927969285741680e-01 1.343153424973468901e-01 1.215402480505586996e-01 -1.008750857788622696e-01
1.661970636796919584e+09 3.177030682563781738e-01 2.029311656951904297e-01 8.155154585838317871e-01 -5.054313540458679199e-01 6.155642867088317871e-01 3.835376501083374023e-01 4.674598872661590576e-01 4.883825031878986644e-01 1.402717479453542138e-01 -4.947349615667524514e-01 7.749935823105640331e-01 1.301180821139096833e-01 1.177422004213706241e-01 -9.772280999753192587e-02
1.661970636826839209e+09 3.162146508693695068e-01 2.180768698453903198e-01 8.182197213172912598e-01 -5.040339827537536621e-01 6.116528511047363281e-01 3.875328302383422852e-01 4.707959592342376709e-01 5.166195341019900189e-01 1.496241665462096082e-01 -5.277207090520897870e-01 8.266651733537578872e-01 1.387935195365906649e-01 1.255924935948447008e-01 -1.042383388858224152e-01
1.661970636858754635e+09 3.145655691623687744e-01 2.330918014049530029e-01 8.208124637603759766e-01 -5.025959014892578125e-01 6.077290773391723633e-01 3.915237486362457275e-01 4.741010665893554688e-01 4.802104116125318067e-01 1.402675564436563493e-01 -4.947201782446524754e-01 7.749704244975070822e-01 1.301141940169124600e-01 1.177386821317634447e-01 -9.771988991326761853e-02
1.661970636889671564e+09 3.127568960189819336e-01 2.479719370603561401e-01 8.232939839363098145e-01 -5.011170506477355957e-01 6.037935018539428711e-01 3.955101668834686279e-01 4.773749411106109619e-01 4.914353615926799201e-01 1.447976549698626325e-01 -5.106977229254977546e-01 7.999989661423470011e-01 1.343163782817501650e-01 1.215411853187140928e-01 -1.008758636858270857e-01
1.661970636919591427e+09 3.107897639274597168e-01 2.627132833003997803e-01 8.256646394729614258e-01 -4.995972216129302979e-01 5.998465418815612793e-01 3.994917869567871094e-01 4.806174337863922119e-01 5.033371261850362322e-01 1.496229742552745434e-01 -5.277165038716490342e-01 8.266585860128435881e-01 1.387924135504437495e-01 1.255914928020228361e-01 -1.042375082551188215e-01
1.661970636950508356e+09 3.086653053760528564e-01 2.773118913173675537e-01 8.279248476028442383e-01 -4.980363845825195312e-01 5.958886146545410156e-01 4.034683406352996826e-01 4.838282763957977295e-01 4.827296180203604625e-01 1.447976549698626325e-01 -5.106977229254977546e-01 7.999989661423470011e-01 1.343163782817492768e-01 1.215411853187140928e-01 -1.008758636858279739e-01
1.661970636982423782e+09 3.063847422599792480e-01 2.917638123035430908e-01 8.300750255584716797e-01 -4.964345097541809082e-01 5.919202566146850586e-01 4.074396193027496338e-01 4.870073199272155762e-01 4.633467500898586500e-01 1.402675564436554889e-01 -4.947201782446524754e-01 7.749704244975070822e-01 1.301141940169124600e-01 1.177386821317651933e-01 -9.771988991326674423e-02
1.661970637014339447e+09 3.039494454860687256e-01 3.060651421546936035e-01 8.321155905723571777e-01 -4.947914779186248779e-01 5.879418849945068359e-01 4.114053547382354736e-01 4.901544153690338135e-01 4.590223626677056856e-01 1.402665086073705547e-01 -4.947164825521786491e-01 7.749646352604866451e-01 1.301132220289693553e-01 1.177378025922148630e-01 -9.771915991946858449e-02
1.661970637046252728e+09 3.013606965541839600e-01 3.202120661735534668e-01 8.340470790863037109e-01 -4.931072294712066650e-01 5.839539766311645508e-01 4.153653085231781006e-01 4.932693541049957275e-01 4.546994788401259591e-01 1.402769876747579636e-01 -4.947534419618682677e-01 7.750225315232182055e-01 1.301229425619394031e-01 1.177465985790805691e-01 -9.772646034828713635e-02
1.661970637078167439e+09 2.986200153827667236e-01 3.342007100582122803e-01 8.358699679374694824e-01 -4.913817048072814941e-01 5.799570679664611816e-01 4.193191826343536377e-01 4.963519871234893799e-01 4.502838517232055082e-01 1.402707000464444298e-01 -4.947312656534054165e-01 7.749877927275495848e-01 1.301171100678765458e-01 1.177413208292563129e-01 -9.772207996010565112e-02
1.661970637110082388e+09 2.957288026809692383e-01 3.480273187160491943e-01 8.375849127769470215e-01 -4.896149337291717529e-01 5.759513974189758301e-01 4.232667982578277588e-01 4.994021058082580566e-01 4.458531254644945707e-01 1.402696521631920656e-01 -4.947275697952646101e-01 7.749820032310364981e-01 1.301161380363648756e-01 1.177404412502838782e-01 -9.772134993358504162e-02
1.661970637141997337e+09 2.926886379718780518e-01 3.616881370544433594e-01 8.391923904418945312e-01 -4.878068566322326660e-01 5.719376802444458008e-01 4.272078573703765869e-01 5.024194717407226562e-01 4.413929787944432803e-01 1.402696521631920656e-01 -4.947275697952681073e-01 7.749820032310296147e-01 1.301161380363657361e-01 1.177404412502856129e-01 -9.772134993358504162e-02
1.661970637173911810e+09 2.895011603832244873e-01 3.751794695854187012e-01 8.406931161880493164e-01 -4.859573543071746826e-01 5.679162740707397461e-01 4.311422109603881836e-01 5.054040551185607910e-01 4.369100210939425022e-01 1.402717479453533533e-01 -4.947349615667558931e-01 7.749935823105640331e-01 1.301180821139096833e-01 1.177422004213706241e-01 -9.772280999753280017e-02
1.661970637205826998e+09 2.861679792404174805e-01 3.884976804256439209e-01 8.420876264572143555e-01 -4.840661287307739258e-01 5.638874173164367676e-01 4.350692331790924072e-01 5.083557367324829102e-01 4.323840882457795076e-01 1.402686042955958723e-01 -4.947238739923496831e-01 7.749762138210229967e-01 1.301151660193769488e-01 1.177395616844530285e-01 -9.772061991797244274e-02
1.661970637236743927e+09 2.826908826828002930e-01 4.016391038894653320e-01 8.433767557144165039e-01 -4.821338057518005371e-01 5.598520636558532715e-01 4.389891624450683594e-01 5.112740993499755859e-01 4.416556120058307000e-01 1.447976549698635207e-01 -5.106977229255013073e-01 7.999989661423542175e-01 1.343163782817501650e-01 1.215411853187140928e-01 -1.008758636858275298e-01
1.661970637266665220e+09 2.790716290473937988e-01 4.146001935005187988e-01 8.445611000061035156e-01 -4.801598787307739258e-01 5.558104515075683594e-01 4.429015517234802246e-01 5.141590833663940430e-01 4.514825551663475545e-01 1.496158209086690116e-01 -5.276912741963233344e-01 8.266190641718965670e-01 1.387857780036968747e-01 1.255854883800209543e-01 -1.042325247488799511e-01
1.661970637297581673e+09 2.753120660781860352e-01 4.273774325847625732e-01 8.456414341926574707e-01 -4.781444370746612549e-01 5.517629384994506836e-01 4.468061923980712891e-01 5.170105695724487305e-01 4.322167090855003613e-01 1.447998882436363211e-01 -5.107055996264752151e-01 8.000113048553653128e-01 1.343184498984818509e-01 1.215430598983924942e-01 -1.008774195357528963e-01
1.661970637345453262e+09 2.714141011238098145e-01 4.399673342704772949e-01 8.466185927391052246e-01 -4.760874509811401367e-01 5.477100014686584473e-01 4.507026374340057373e-01 5.198284983634948730e-01 2.760655136709901369e-01 9.351473149897929216e-02 -3.298241290334301690e-01 5.166636747938611052e-01 8.674560408832149294e-02 7.849499574777502042e-02 -6.514870223051021092e-02
1.661970637377368212e+09 2.673797011375427246e-01 4.523664712905883789e-01 8.474932909011840820e-01 -4.739889204502105713e-01 5.436522364616394043e-01 4.545908868312835693e-01 5.226125121116638184e-01 4.094722214218544654e-01 1.402696521631920656e-01 -4.947275697952681073e-01 7.749820032310296147e-01 1.301161380363652920e-01 1.177404412502838782e-01 -9.772134993358547184e-02
1.661970637407288313e+09 2.632108628749847412e-01 4.645714759826660156e-01 8.482664227485656738e-01 -4.718488454818725586e-01 5.395901203155517578e-01 4.584706127643585205e-01 5.253625512123107910e-01 4.318331284616596655e-01 1.496217819833382812e-01 -5.277122987582225644e-01 8.266519987769118671e-01 1.387913075819234010e-01 1.255904920251524615e-01 -1.042366776376534715e-01
1.661970637439202785e+09 2.589096724987030029e-01 4.765790104866027832e-01 8.489388227462768555e-01 -4.696674942970275879e-01 5.355241894721984863e-01 4.623416662216186523e-01 5.280783176422119141e-01 4.002059731503309070e-01 1.402717479453533533e-01 -4.947349615667558931e-01 7.749935823105640331e-01 1.301180821139101274e-01 1.177422004213706241e-01 -9.772280999753192587e-02
1.661970637471117258e+09 2.544782161712646484e-01 4.883857965469360352e-01 8.495114445686340332e-01 -4.674443602561950684e-01 5.314546823501586914e-01 4.662035405635833740e-01 5.307599306106567383e-01 3.955578662180352367e-01 1.402717479453533533e-01 -4.947349615667524514e-01 7.749935823105570387e-01 1.301180821139101274e-01 1.177422004213706241e-01 -9.772280999753236996e-02
1.661970637503032207e+09 2.499187290668487549e-01 4.999886155128479004e-01 8.499851226806640625e-01 -4.651797413825988770e-01 5.273821353912353516e-01 4.700561463832855225e-01 5.334070920944213867e-01 3.908990716782227426e-01 1.402696521631920656e-01 -4.947275697952681073e-01 7.749820032310364981e-01 1.301161380363652920e-01 1.177404412502838782e-01 -9.772134993358547184e-02
