1.661970706458510637e+09 1.378528122206244648e-16 -2.367949187755584717e-01 1.128897309303283691e+00 -6.125128269195556641e-01 6.125135421752929688e-01 3.533097505569458008e-01 3.533093035221099854e-01 0.000000000000000000e+00 0.000000000000000000e+00 0.000000000000000000e+00 0.000000000000000000e+00 0.000000000000000000e+00 0.000000000000000000e+00 0.000000000000000000e+00
1.661970734703065872e+09 1.378528122206244648e-16 -2.367949187755584717e-01 1.128897309303283691e+00 -6.125128269195556641e-01 6.125135421752929688e-01 3.533097505569458008e-01 3.533093035221099854e-01 0.000000000000000000e+00 0.000000000000000000e+00 0.000000000000000000e+00 0.000000000000000000e+00 0.000000000000000000e+00 0.000000000000000000e+00 0.000000000000000000e+00
1.661970734737972260e+09 1.552045252174139023e-02 -2.376362234354019165e-01 1.118850588798522949e+00 -6.049817800521850586e-01 6.193489432334899902e-01 3.519013226032257080e-01 3.557658493518829346e-01 5.302048108229455714e-01 -6.097429692398907974e-01 1.185782918185482142e-02 -4.484180551950432969e-01 2.089758964633934013e-01 4.856630196239106745e-01 -6.144306937708521321e-02
1.661970734769886971e+09 3.104224801063537598e-02 -2.389495074748992920e-01 1.108819484710693359e+00 -5.972957611083984375e-01 6.261568069458007812e-01 3.504343926906585693e-01 3.582753241062164307e-01 5.805364269505077779e-01 -6.669001093715368755e-01 1.296937886492502065e-02 -4.904526417525327808e-01 2.285652401719155680e-01 5.311889390191059102e-01 -6.720272599253168666e-02
1.661970734801801443e+09 4.654960706830024719e-02 -2.407355457544326782e-01 1.098805665969848633e+00 -5.894547700881958008e-01 6.329332590103149414e-01 3.489051759243011475e-01 3.608375787734985352e-01 5.811076980961861205e-01 -6.669050914803930086e-01 1.296947575327023726e-02 -4.904563057022381933e-01 2.285669476793678323e-01 5.311929072912322525e-01 -6.720322803367941022e-02
1.661970734832718849e+09 6.202668324112892151e-02 -2.429946064949035645e-01 1.088811278343200684e+00 -5.814595222473144531e-01 6.396740078926086426e-01 3.473100960254669189e-01 3.634525239467620850e-01 6.003591288181328034e-01 -6.884123525411167677e-01 1.338773302018756925e-02 -5.062732066981492363e-01 2.359380850066896962e-01 5.483235375363211261e-01 -6.937048899465775298e-02
1.661970734863636494e+09 7.745759189128875732e-02 -2.457264810800552368e-01 1.078837871551513672e+00 -5.733105540275573730e-01 6.463748812675476074e-01 3.456453979015350342e-01 3.661200404167175293e-01 6.008020721806732745e-01 -6.884070439124132523e-01 1.338762978189824565e-02 -5.062693026187626844e-01 2.359362655917927598e-01 5.483193091896660931e-01 -6.936995405049677099e-02
1.661970734895551205e+09 9.282642602920532227e-02 -2.489303797483444214e-01 1.068887472152709961e+00 -5.650087594985961914e-01 6.530315876007080078e-01 3.439074158668518066e-01 3.688394725322723389e-01 5.823959221496223249e-01 -6.669001093715368755e-01 1.296937886492502065e-02 -4.904526417525467141e-01 2.285652401719155680e-01 5.311889390191059102e-01 -6.720272599253146462e-02
1.661970734927465916e+09 1.081172376871109009e-01 -2.526050508022308350e-01 1.058961749076843262e+00 -5.565549731254577637e-01 6.596400737762451172e-01 3.420924842357635498e-01 3.716104328632354736e-01 5.826956008351491523e-01 -6.669001093715368755e-01 1.296937886491110643e-02 -4.904526417525327808e-01 2.285652401719146798e-01 5.311889390191059102e-01 -6.720272599253168666e-02
1.661970734959380388e+09 1.233141124248504639e-01 -2.567487061023712158e-01 1.049062609672546387e+00 -5.479502081871032715e-01 6.661961674690246582e-01 3.401968181133270264e-01 3.744320571422576904e-01 5.829322034336343883e-01 -6.669050914803930086e-01 1.296947575328415321e-02 -4.904563057022381933e-01 2.285669476793678323e-01 5.311929072912339178e-01 -6.720322803367941022e-02
1.661970734991295576e+09 1.384011358022689819e-01 -2.613590061664581299e-01 1.039191842079162598e+00 -5.391957759857177734e-01 6.726955771446228027e-01 3.382168412208557129e-01 3.773035705089569092e-01 5.830853068957988494e-01 -6.668901453771342025e-01 1.296918509253560184e-02 -4.904453140173903325e-01 2.285618252335436251e-01 5.311810026527133966e-01 -6.720172193273865613e-02
1.661970735023210049e+09 1.533624231815338135e-01 -2.664330899715423584e-01 1.029351234436035156e+00 -5.302929282188415527e-01 6.791341304779052734e-01 3.361488282680511475e-01 3.802238404750823975e-01 5.831983917136744910e-01 -6.669050914803965613e-01 1.296947575327023726e-02 -4.904563057022381933e-01 2.285669476793678323e-01 5.311929072912356942e-01 -6.720322803367941022e-02
1.661970735055124760e+09 1.681821495294570923e-01 -2.719676196575164795e-01 1.019542455673217773e+00 -5.212430953979492188e-01 6.855077743530273438e-01 3.339892625808715820e-01 3.831917941570281982e-01 5.832306015932730014e-01 -6.669001093715334338e-01 1.296937886492502065e-02 -4.904526417525327808e-01 2.285652401719138194e-01 5.311889390191024685e-01 -6.720272599253146462e-02
1.661970735087039471e+09 1.828445494174957275e-01 -2.779587209224700928e-01 1.009767413139343262e+00 -5.120478868484497070e-01 6.918122768402099609e-01 3.317344188690185547e-01 3.862060010433197021e-01 5.831996880725638377e-01 -6.669001093715368755e-01 1.296937886491110643e-02 -4.904526417525467141e-01 2.285652401719155680e-01 5.311889390191059102e-01 -6.720272599253146462e-02
1.661970735117956877e+09 1.973339468240737915e-01 -2.844019234180450439e-01 1.000027775764465332e+00 -5.027089715003967285e-01 6.980434656143188477e-01 3.293807804584503174e-01 3.892650604248046875e-01 6.019140794824144880e-01 -6.884123525411149913e-01 1.338773302018756925e-02 -5.062732066981492363e-01 2.359380850066896962e-01 5.483235375363193498e-01 -6.937048899465819707e-02
1.661970735147876501e+09 2.116347700357437134e-01 -2.912923097610473633e-01 9.903253316879272461e-01 -4.932282567024230957e-01 7.041974067687988281e-01 3.269248306751251221e-01 3.923673033714294434e-01 6.218168331819915462e-01 -7.113700366594997160e-01 1.383419703930928446e-02 -5.231567799142248232e-01 2.438063227091169238e-01 5.666094362755993430e-01 -7.168390735154664406e-02
1.661970735178794146e+09 2.257315367460250854e-01 -2.986243963241577148e-01 9.806618094444274902e-01 -4.836077094078063965e-01 7.102698087692260742e-01 3.243630826473236084e-01 3.955109715461730957e-01 6.015129988422078799e-01 -6.884070439124132523e-01 1.338762978191260916e-02 -5.062693026187482515e-01 2.359362655917927598e-01 5.483193091896660931e-01 -6.936995405049654895e-02
1.661970735210709810e+09 2.396089434623718262e-01 -3.063922226428985596e-01 9.710389971733093262e-01 -4.738494455814361572e-01 7.162568569183349609e-01 3.216921389102935791e-01 3.986941576004028320e-01 5.824152513999323322e-01 -6.668801816804679206e-01 1.296899132595022257e-02 -4.904379865011945228e-01 2.285584103972137238e-01 5.311730665234661863e-01 -6.720071790294823710e-02
1.661970735241626024e+09 2.532517910003662109e-01 -3.145892024040222168e-01 9.614586830139160156e-01 -4.639556407928466797e-01 7.221544981002807617e-01 3.189085423946380615e-01 4.019146859645843506e-01 6.008779838252460426e-01 -6.884388969127793745e-01 1.338824923544684568e-02 -5.062927279983026052e-01 2.359471825021014491e-01 5.483446802478370019e-01 -6.937316383922736973e-02
1.661970735272050619e+09 2.666450738906860352e-01 -3.232083618640899658e-01 9.519225358963012695e-01 -4.539287090301513672e-01 7.279586791992187500e-01 3.160090446472167969e-01 4.051704406738281250e-01 6.101518011963504851e-01 -6.995631113586233685e-01 1.360458471010893115e-02 -5.144737138546814359e-01 2.397597605940952892e-01 5.572051671271649465e-01 -7.049413761743038298e-02
1.661970735302968025e+09 2.797739505767822266e-01 -3.322421014308929443e-01 9.424324035644531250e-01 -4.437711536884307861e-01 7.336656451225280762e-01 3.129904866218566895e-01 4.084591269493103027e-01 5.999298216367987546e-01 -6.884123525411149913e-01 1.338773302017320574e-02 -5.062732066981492363e-01 2.359380850066896962e-01 5.483235375363193498e-01 -6.937048899465797502e-02
1.661970735334882975e+09 2.926238179206848145e-01 -3.416823446750640869e-01 9.329899549484252930e-01 -4.334855675697326660e-01 7.392714619636535645e-01 3.098495304584503174e-01 4.117781221866607666e-01 5.806362730722386400e-01 -6.668951273371178656e-01 1.296928197801348707e-02 -4.904489778575839010e-01 2.285635326899740638e-01 5.311849708062655884e-01 -6.720222395888489353e-02
1.661970735366305113e+09 3.051802515983581543e-01 -3.515205383300781250e-01 9.235970377922058105e-01 -4.230747818946838379e-01 7.447722554206848145e-01 3.065832555294036865e-01 4.151249229907989502e-01 5.891274537016509827e-01 -6.773544216009372843e-01 1.317268657797017115e-02 -4.981409671532535666e-01 2.321482241180364836e-01 5.395158457676176855e-01 -6.825619452600491244e-02
1.661970735397222519e+09 3.174290955066680908e-01 -3.617475926876068115e-01 9.142553210258483887e-01 -4.125415086746215820e-01 7.501645684242248535e-01 3.031885027885437012e-01 4.184966981410980225e-01 5.980575821200895259e-01 -6.884123525411149913e-01 1.338773302018756925e-02 -5.062732066981492363e-01 2.359380850066905844e-01 5.483235375363211261e-01 -6.937048899465797502e-02
1.661970735428139687e+09 3.293564617633819580e-01 -3.723538517951965332e-01 9.049667119979858398e-01 -4.018888175487518311e-01 7.554444074630737305e-01 2.996624410152435303e-01 4.218904674053192139e-01 5.973082827811108109e-01 -6.884176612516864635e-01 1.338783626004041473e-02 -5.062771108377487339e-01 2.359399044496475750e-01 5.483277659481884392e-01 -6.937102394707032882e-02
1.661970735459562063e+09 3.409486711025238037e-01 -3.833293020725250244e-01 8.957328796386718750e-01 -3.911198079586029053e-01 7.606083154678344727e-01 2.960022687911987305e-01 4.253033399581909180e-01 5.869032466911897616e-01 -6.773492821463193980e-01 1.317258662968142507e-02 -4.981371874880992645e-01 2.321464626838081746e-01 5.395117521688789219e-01 -6.825567662931288082e-02
1.661970735491477251e+09 3.521924316883087158e-01 -3.946633040904998779e-01 8.865557312965393066e-01 -3.802377283573150635e-01 7.656527161598205566e-01 2.922051846981048584e-01 4.287322163581848145e-01 5.769891496788901453e-01 -6.668901453771342025e-01 1.296918509253560184e-02 -4.904453140173903325e-01 2.285618252335427647e-01 5.311810026527125084e-01 -6.720172193273865613e-02
1.661970735523391247e+09 3.630746304988861084e-01 -4.063448011875152588e-01 8.774369359016418457e-01 -3.692458868026733398e-01 7.705742716789245605e-01 2.882686257362365723e-01 4.321736991405487061e-01 5.760998470679616901e-01 -6.669150559214230833e-01 1.296966953433141903e-02 -4.904636337658538903e-01 2.285703627708113861e-01 5.312008440133688669e-01 -6.720423213847831478e-02
1.661970735553816080e+09 3.735826313495635986e-01 -4.183622598648071289e-01 8.683784008026123047e-01 -3.581477105617523193e-01 7.753693461418151855e-01 2.841900289058685303e-01 4.356243908405303955e-01 6.032797153680945490e-01 -6.995576293616846408e-01 1.360447810031159901e-02 -5.144696822765741917e-01 2.397578817610746815e-01 5.572008006919262346e-01 -7.049358520315852916e-02
1.661970735584733725e+09 3.837040364742279053e-01 -4.307036697864532471e-01 8.593819737434387207e-01 -3.469467461109161377e-01 7.800348401069641113e-01 2.799670100212097168e-01 4.390808641910552979e-01 5.926006416188129844e-01 -6.884070439124169161e-01 1.338762978189824565e-02 -5.062693026187482515e-01 2.359362655917936480e-01 5.483193091896656490e-01 -6.936995405049654895e-02
1.661970735615650892e+09 3.934268355369567871e-01 -4.433564841747283936e-01 8.504493832588195801e-01 -3.356468081474304199e-01 7.845675349235534668e-01 2.755972743034362793e-01 4.425395131111145020e-01 5.914866279895950596e-01 -6.884176612516846872e-01 1.338783626005477824e-02 -5.062771108377487339e-01 2.359399044496475750e-01 5.483277659481888833e-01 -6.937102394707032882e-02
1.661970735647073507e+09 4.027394354343414307e-01 -4.563078284263610840e-01 8.415826559066772461e-01 -3.242514431476593018e-01 7.889641523361206055e-01 2.710786759853363037e-01 4.459965229034423828e-01 5.808077489492552425e-01 -6.773441427696925698e-01 1.317248668288112552e-02 -4.981334078803294485e-01 2.321447012763095952e-01 5.395076586322609113e-01 -6.825515874047992371e-02
1.661970735678987980e+09 4.116306006908416748e-01 -4.695443212985992432e-01 8.327834606170654297e-01 -3.127647042274475098e-01 7.932217717170715332e-01 2.664090991020202637e-01 4.494481384754180908e-01 5.706557495048112383e-01 -6.669050914803930086e-01 1.296947575328415321e-02 -4.904563057022381933e-01 2.285669476793678323e-01 5.311929072912350280e-01 -6.720322803367941022e-02
1.661970735710902929e+09 4.200895130634307861e-01 -4.830521047115325928e-01 8.240538239479064941e-01 -3.011904656887054443e-01 7.973374724388122559e-01 2.615866959095001221e-01 4.528903663158416748e-01 5.693869442920989066e-01 -6.668951273371178656e-01 1.296928197799957286e-02 -4.904489778575839010e-01 2.285635326899740638e-01 5.311849708062647002e-01 -6.720222395888446332e-02
1.661970735742817640e+09 4.281058311462402344e-01 -4.968169927597045898e-01 8.153956532478332520e-01 -2.895328402519226074e-01 8.013082742691040039e-01 2.566096484661102295e-01 4.563192427158355713e-01 5.680770319083138231e-01 -6.669001093715368755e-01 1.296937886492502065e-02 -4.904526417525467141e-01 2.285652401719146798e-01 5.311889390191052440e-01 -6.720272599253168666e-02
1.661970735774732590e+09 4.356696307659149170e-01 -5.108243227005004883e-01 8.068107366561889648e-01 -2.777959406375885010e-01 8.051315546035766602e-01 2.514762878417968750e-01 4.597305953502655029e-01 5.667055895528727572e-01 -6.668951273371178656e-01 1.296928197799957286e-02 -4.904489778575978343e-01 2.285635326899731756e-01 5.311849708062647002e-01 -6.720222395888489353e-02
1.661970735806646824e+09 4.356696307659149170e-01 -5.108243227005004883e-01 8.068107366561889648e-01 -2.777959406375885010e-01 8.051315546035766602e-01 2.514762878417968750e-01 4.597305953502655029e-01 0.000000000000000000e+00 0.000000000000000000e+00 0.000000000000000000e+00 0.000000000000000000e+00 -8.696926730336238249e-16 0.000000000000000000e+00 0.000000000000000000e+00
1.661970735838561773e+09 4.393853843212127686e-01 -4.974979460239410400e-01 8.151636123657226562e-01 -2.827714681625366211e-01 8.026033639907836914e-01 2.532965540885925293e-01 4.601185023784637451e-01 5.063691183354511738e-01 2.821349893734934611e-01 -6.106111134393777951e-01 6.753186279808234271e-01 -1.954153916073982922e-01 2.300723203576926848e-02 7.242791279838584062e-02
1.661970735870476246e+09 4.429748356342315674e-01 -4.839701354503631592e-01 8.232944607734680176e-01 -2.877276241779327393e-01 8.000420331954956055e-01 2.551233768463134766e-01 4.604972600936889648e-01 5.071776253837948500e-01 2.821392047790974300e-01 -6.106202366378832291e-01 6.753287179804197127e-01 -1.954183113272767724e-01 2.300757578900268149e-02 7.242899495069191063e-02
1.661970735900396109e+09 4.464309811592102051e-01 -4.702447354793548584e-01 8.312007784843444824e-01 -2.926642596721649170e-01 7.974475622177124023e-01 2.569566965103149414e-01 4.608669281005859375e-01 5.418602510759754631e-01 3.009480354483931586e-01 -6.513272792594690941e-01 7.203495562313516620e-01 -2.084458873081203034e-01 2.454137750743156862e-02 7.725747918294029182e-02
1.661970735932310820e+09 4.497468471527099609e-01 -4.563258290290832520e-01 8.388801813125610352e-01 -2.975811064243316650e-01 7.948202490806579590e-01 2.587964832782745361e-01 4.612272679805755615e-01 5.088239765264302994e-01 2.821370970605464046e-01 -6.106156750045461656e-01 6.753236729429329399e-01 -1.954168514564316728e-01 2.300740391110197083e-02 7.242845387049698380e-02
1.661970735962230682e+09 4.529156386852264404e-01 -4.422177076339721680e-01 8.463304042816162109e-01 -3.024780154228210449e-01 7.921602725982666016e-01 2.606426477432250977e-01 4.615783691406250000e-01 5.436557148370372294e-01 3.009480354483931586e-01 -6.513272792594838601e-01 7.203495562313516620e-01 -2.084458873081203034e-01 2.454137750743156862e-02 7.725747918293983385e-02
1.661970735993148327e+09 4.559305906295776367e-01 -4.279248714447021484e-01 8.535492420196533203e-01 -3.073547184467315674e-01 7.894677519798278809e-01 2.624950706958770752e-01 4.619200229644775391e-01 5.270053227684128316e-01 2.912357671503627565e-01 -6.303074866678122223e-01 6.971022599063769754e-01 -2.017188708644312156e-01 2.374937219528455018e-02 7.476420699813898785e-02
1.661970736024065733e+09 4.587850570678710938e-01 -4.134519994258880615e-01 8.605344891548156738e-01 -3.122110366821289062e-01 7.867428064346313477e-01 2.643537819385528564e-01 4.622522592544555664e-01 5.279206990128711974e-01 2.912380130055846617e-01 -6.303123472636515956e-01 6.971076355879686215e-01 -2.017204264129949243e-01 2.374955533780169145e-02 7.476478353990859138e-02
1.661970736053985834e+09 4.614724814891815186e-01 -3.988039493560791016e-01 8.672841787338256836e-01 -3.170467615127563477e-01 7.839856147766113281e-01 2.662186324596405029e-01 4.625749588012695312e-01 5.464793189053975819e-01 3.009456373414283181e-01 -6.513220891525376421e-01 7.203438161198225664e-01 -2.084442263053049860e-01 2.454118194925741445e-02 7.725686355606377342e-02
1.661970736085900307e+09 4.639864861965179443e-01 -3.839858174324035645e-01 8.737963438034057617e-01 -3.218616247177124023e-01 7.811962962150573730e-01 2.680895626544952393e-01 4.628880321979522705e-01 5.132478683255496943e-01 2.821392047790974300e-01 -6.106202366378763458e-01 6.753287179804197127e-01 -1.954183113272759120e-01 2.300757578900290007e-02 7.242899495069234084e-02
1.661970736117815256e+09 4.663207232952117920e-01 -3.690028190612792969e-01 8.800691366195678711e-01 -3.266555368900299072e-01 7.783751487731933594e-01 2.699666023254394531e-01 4.631915092468261719e-01 5.141778911489518489e-01 2.821349893734934611e-01 -6.106111134393847895e-01 6.753186279808234271e-01 -1.954153916073982922e-01 2.300723203576904990e-02 7.242791279838539653e-02
1.661970736147735357e+09 4.684690535068511963e-01 -3.538604378700256348e-01 8.861008286476135254e-01 -3.314282000064849854e-01 7.755221724510192871e-01 2.718495130538940430e-01 4.634852111339569092e-01 5.494783652727531775e-01 3.009456373414208796e-01 -6.513220891525376421e-01 7.203438161198225664e-01 -2.084442263053040423e-01 2.454118194925741445e-02 7.725686355606377342e-02
1.661970736179649830e+09 4.704253673553466797e-01 -3.385642766952514648e-01 8.918896913528442383e-01 -3.361794650554656982e-01 7.726376056671142578e-01 2.737383246421813965e-01 4.637691974639892578e-01 5.161141224499782298e-01 2.821392047790974300e-01 -6.106202366378693513e-01 6.753287179804197127e-01 -1.954183113272767724e-01 2.300757578900268149e-02 7.242899495069234084e-02
1.661970736211564541e+09 4.721838235855102539e-01 -3.231201171875000000e-01 8.974341750144958496e-01 -3.409090340137481689e-01 7.697216272354125977e-01 2.756329774856567383e-01 4.640432596206665039e-01 5.171031496558800011e-01 2.821370970605498463e-01 -6.106156750045531600e-01 6.753236729429329399e-01 -1.954168514564307846e-01 2.300740391110197083e-02 7.242845387049655359e-02
1.661970736243479252e+09 4.737386107444763184e-01 -3.075339198112487793e-01 9.027327895164489746e-01 -3.456167876720428467e-01 7.667743563652038574e-01 2.775333523750305176e-01 4.643074274063110352e-01 5.181147931589055178e-01 2.821370970605498463e-01 -6.106156750045531600e-01 6.753236729429329399e-01 -1.954168514564316728e-01 2.300740391110197083e-02 7.242845387049698380e-02
1.661970736275393963e+09 4.750841259956359863e-01 -2.918118536472320557e-01 9.077841043472290039e-01 -3.503024876117706299e-01 7.637959718704223633e-01 2.794393897056579590e-01 4.645616412162780762e-01 5.191439756130954430e-01 2.821370970605498463e-01 -6.106156750045461656e-01 6.753236729429329399e-01 -1.954168514564307846e-01 2.300740391110175226e-02 7.242845387049655359e-02
1.661970736307308912e+09 4.762148857116699219e-01 -2.759601771831512451e-01 9.125869274139404297e-01 -3.549660146236419678e-01 7.607866525650024414e-01 2.813510000705718994e-01 4.648058116436004639e-01 5.201903435453258950e-01 2.821349893734899639e-01 -6.106111134393777951e-01 6.753186279808234271e-01 -1.954153916073982922e-01 2.300723203576948359e-02 7.242791279838539653e-02
1.661970736339223385e+09 4.771255552768707275e-01 -2.599853575229644775e-01 9.171400070190429688e-01 -3.596070706844329834e-01 7.577465772628784180e-01 2.832681536674499512e-01 4.650398492813110352e-01 5.212665339679810605e-01 2.821392047790974300e-01 -6.106202366378763458e-01 6.753287179804197127e-01 -1.954183113272767724e-01 2.300757578900246292e-02 7.242899495069234084e-02
1.661970736371138334e+09 4.778109788894653320e-01 -2.438940405845642090e-01 9.214422106742858887e-01 -3.642254769802093506e-01 7.546758651733398438e-01 2.851907312870025635e-01 4.652637541294097900e-01 5.223448712978697728e-01 2.821349893734899639e-01 -6.106111134393847895e-01 6.753186279808234271e-01 -1.954153916073974318e-01 2.300723203576948359e-02 7.242791279838584062e-02
1.661970736402055740e+09 4.782661497592926025e-01 -2.276929467916488647e-01 9.254925251007080078e-01 -3.688210844993591309e-01 7.515747547149658203e-01 2.871186733245849609e-01 4.654774069786071777e-01 5.403401921157839904e-01 2.912380130055846617e-01 -6.303123472636515956e-01 6.971076355879686215e-01 -2.017204264129949243e-01 2.374955533780191697e-02 7.476478353990814729e-02
1.661970736432973146e+09 4.784862697124481201e-01 -2.113890051841735840e-01 9.292901158332824707e-01 -3.733936548233032227e-01 7.484434247016906738e-01 2.890519201755523682e-01 4.656808078289031982e-01 5.415015617651566249e-01 2.912380130055846617e-01 -6.303123472636515956e-01 6.971076355879542996e-01 -2.017204264129940361e-01 2.374955533780146594e-02 7.476478353990814729e-02
1.661970736462893009e+09 4.784666895866394043e-01 -1.949892640113830566e-01 9.328340888023376465e-01 -3.779430687427520752e-01 7.452819347381591797e-01 2.909903526306152344e-01 4.658739268779754639e-01 5.607749175633279792e-01 3.009480354483931586e-01 -6.513272792594838601e-01 7.203495562313516620e-01 -2.084458873081203034e-01 2.454137750743133617e-02 7.725747918294029182e-02
1.661970736494807720e+09 4.782028794288635254e-01 -1.785009056329727173e-01 9.361237287521362305e-01 -3.824689686298370361e-01 7.420905828475952148e-01 2.929339408874511719e-01 4.660565853118896484e-01 5.268851863776198297e-01 2.821370970605464046e-01 -6.106156750045461656e-01 6.753236729429329399e-01 -1.954168514564316728e-01 2.300740391110218941e-02 7.242845387049676176e-02
1.661970736526723385e+09 4.776906073093414307e-01 -1.619312316179275513e-01 9.391584992408752441e-01 -3.869713246822357178e-01 7.388695478439331055e-01 2.948825061321258545e-01 4.662287533283233643e-01 5.280504586419456636e-01 2.821286665012640027e-01 -6.105974291527860309e-01 6.753034935467415734e-01 -1.954110121911628584e-01 2.300671642517882962e-02 7.242628963055561253e-02
1.661970736558636904e+09 4.769257307052612305e-01 -1.452877074480056763e-01 9.419377446174621582e-01 -3.914499282836914062e-01 7.356188893318176270e-01 2.968361079692840576e-01 4.663904905319213867e-01 5.292836451793488939e-01 2.821476359682099089e-01 -6.106384838527472159e-01 6.753488988841732654e-01 -1.954241510287835770e-01 2.300826332628650925e-02 7.243115935231884961e-02
1.661970736590551615e+09 4.759042859077453613e-01 -1.285778731107711792e-01 9.444611668586730957e-01 -3.959045112133026123e-01 7.323389649391174316e-01 2.987945973873138428e-01 4.665416181087493896e-01 5.304806929168093266e-01 2.821370970605498463e-01 -6.106156750045461656e-01 6.753236729429329399e-01 -1.954168514564316728e-01 2.300740391110175226e-02 7.242845387049698380e-02
1.661970736622466564e+09 4.746226072311401367e-01 -1.118094101548194885e-01 9.467283487319946289e-01 -4.003349840641021729e-01 7.290297746658325195e-01 3.007578849792480469e-01 4.666821360588073730e-01 5.317102859586378960e-01 2.821349893734934611e-01 -6.106111134393847895e-01 6.753186279808234271e-01 -1.954153916073982922e-01 2.300723203576948359e-02 7.242791279838561858e-02
1.661970736654381275e+09 4.730771481990814209e-01 -9.499010443687438965e-02 9.487390518188476562e-01 -4.047410786151885986e-01 7.256915569305419922e-01 3.027258813381195068e-01 4.668120443820953369e-01 5.329649192566401350e-01 2.821370970605498463e-01 -6.106156750045461656e-01 6.753236729429329399e-01 -1.954168514564316728e-01 2.300740391110175226e-02 7.242845387049676176e-02
1.661970736686295748e+09 4.712645411491394043e-01 -7.812784612178802490e-02 9.504932761192321777e-01 -4.091225862503051758e-01 7.223246097564697266e-01 3.046985268592834473e-01 4.669311344623565674e-01 5.342368001391161192e-01 2.821392047790939883e-01 -6.106202366378763458e-01 6.753287179804058349e-01 -1.954183113272759120e-01 2.300757578900290007e-02 7.242899495069211879e-02
1.661970736718210220e+09 4.691816568374633789e-01 -6.123061105608940125e-02 9.519908428192138672e-01 -4.134795069694519043e-01 7.189289331436157227e-01 3.066757321357727051e-01 4.670394659042358398e-01 5.355208343919132252e-01 2.821392047790974300e-01 -6.106202366378763458e-01 6.753287179804197127e-01 -1.954183113272763561e-01 2.300757578900246292e-02 7.242899495069211879e-02
1.661970736749127626e+09 4.668256044387817383e-01 -4.430647939443588257e-02 9.532318115234375000e-01 -4.178114235401153564e-01 7.155048847198486328e-01 3.086574077606201172e-01 4.671369791030883789e-01 5.541326520738392158e-01 2.912380130055828853e-01 -6.303123472636515956e-01 6.971076355879686215e-01 -2.017204264129944802e-01 2.374955533780191697e-02 7.476478353990814729e-02
1.661970736780045033e+09 4.641936123371124268e-01 -2.736361883580684662e-02 9.542164802551269531e-01 -4.221183359622955322e-01 7.120525240898132324e-01 3.106435239315032959e-01 4.672236442565917969e-01 5.554905255749086335e-01 2.912380130055828853e-01 -6.303123472636515956e-01 6.971076355879686215e-01 -2.017204264129944802e-01 2.374955533780146594e-02 7.476478353990836934e-02
1.661970736811959743e+09 4.612831771373748779e-01 -1.041026692837476730e-02 9.549449682235717773e-01 -4.263999462127685547e-01 7.085720896720886230e-01 3.126339316368103027e-01 4.672993719577789307e-01 5.394621526372286313e-01 2.821370970605498463e-01 -6.106156750045531600e-01 6.753236729429329399e-01 -1.954168514564312287e-01 2.300740391110218941e-02 7.242845387049676176e-02
1.661970736843874454e+09 4.580920338630676270e-01 6.545258685946464539e-03 9.554176926612854004e-01 -4.306561946868896484e-01 7.050638198852539062e-01 3.146285414695739746e-01 4.673641026020050049e-01 5.408065454629241708e-01 2.821370970605498463e-01 -6.106156750045531600e-01 6.753236729429329399e-01 -1.954168514564316728e-01 2.300740391110175226e-02 7.242845387049676176e-02
1.661970736875789404e+09 4.546180367469787598e-01 2.349457331001758575e-02 9.556351304054260254e-01 -4.348868131637573242e-01 7.015277743339538574e-01 3.166273236274719238e-01 4.674178659915924072e-01 5.421609794356299084e-01 2.821349893734916847e-01 -6.106111134393777951e-01 6.753186279808234271e-01 -1.954153916073978481e-01 2.300723203576948359e-02 7.242791279838561858e-02
1.661970736905709267e+09 4.508593678474426270e-01 4.042923077940940857e-02 9.555978178977966309e-01 -4.390916526317596436e-01 6.979642510414123535e-01 3.186300992965698242e-01 4.674604535102844238e-01 5.797755193401604723e-01 3.009480354483913267e-01 -6.513272792594765326e-01 7.203495562313516620e-01 -2.084458873081198593e-01 2.454137750743133617e-02 7.725747918294005590e-02
1.661970736937623978e+09 4.468143284320831299e-01 5.734072625637054443e-02 9.553063511848449707e-01 -4.432705938816070557e-01 6.943734288215637207e-01 3.206368982791900635e-01 4.674919843673706055e-01 5.449203027753889428e-01 2.821370970605498463e-01 -6.106156750045461656e-01 6.753236729429329399e-01 -1.954168514564312287e-01 2.300740391110218941e-02 7.242845387049676176e-02
1.661970736969538927e+09 4.424815177917480469e-01 7.422051578760147095e-02 9.547615647315979004e-01 -4.474233388900756836e-01 6.907554268836975098e-01 3.226475715637207031e-01 4.675123691558837891e-01 5.463119844051206320e-01 2.821349893734916847e-01 -6.106111134393847895e-01 6.753186279808165438e-01 -1.954153916073978481e-01 2.300723203576904990e-02 7.242791279838550755e-02
1.661970737001453876e+09 4.378597438335418701e-01 9.105999767780303955e-02 9.539642333984375000e-01 -4.515497982501983643e-01 6.871106028556823730e-01 3.246620297431945801e-01 4.675214886665344238e-01 5.477185093989991316e-01 2.821349893734916847e-01 -6.106111134393777951e-01 6.753186279808234271e-01 -1.954153916073982922e-01 2.300723203576948359e-02 7.242791279838561858e-02
1.661970737033368349e+09 4.329479634761810303e-01 1.078505516052246094e-01 9.529153108596801758e-01 -4.556498527526855469e-01 6.834389567375183105e-01 3.266801536083221436e-01 4.675194025039672852e-01 5.491443834355288489e-01 2.821392047790974300e-01 -6.106202366378763458e-01 6.753287179804197127e-01 -1.954183113272761341e-01 2.300757578900246292e-02 7.242899495069211879e-02
1.661970737064790726e+09 4.277454614639282227e-01 1.245835050940513611e-01 9.516158103942871094e-01 -4.597232639789581299e-01 6.797408461570739746e-01 3.287019431591033936e-01 4.675060510635375977e-01 5.591933065679450809e-01 2.865576980350162950e-01 -6.201829679131116713e-01 6.859048284088243852e-01 -1.984786959744898049e-01 2.336789018961370895e-02 7.356328263670611212e-02
1.661970737096704960e+09 4.222516715526580811e-01 1.412501782178878784e-01 9.500669240951538086e-01 -4.637699127197265625e-01 6.760163903236389160e-01 3.307272493839263916e-01 4.674813151359558105e-01 5.520108109772099425e-01 2.821413125291351576e-01 -6.106247983393557899e-01 6.753337630932785274e-01 -1.954197712199339243e-01 2.300774766947123740e-02 7.242953603897187009e-02
1.661970737128620625e+09 4.164662957191467285e-01 1.578418761491775513e-01 9.482698440551757812e-01 -4.677896201610565186e-01 6.722658276557922363e-01 3.327560126781463623e-01 4.674452543258666992e-01 5.534299049283092353e-01 2.821286665012640027e-01 -6.105974291527860309e-01 6.753034935467415734e-01 -1.954110121911633025e-01 2.300671642517882962e-02 7.242628963055561253e-02
1.661970737169020414e+09 4.103892445564270020e-01 1.743498891592025757e-01 9.462258815765380859e-01 -4.717821478843688965e-01 6.684892177581787109e-01 3.347880542278289795e-01 4.673977196216583252e-01 4.383537508434293128e-01 2.228804644024159065e-01 -4.823694105961645051e-01 5.334869303456556411e-01 -1.543738808488565040e-01 1.817520957656923800e-02 5.721646533827108583e-02
1.661970737206919670e+09 4.040206670761108398e-01 1.907654851675033569e-01 9.439364671707153320e-01 -4.757474362850189209e-01 6.646870374679565430e-01 3.368234038352966309e-01 4.673387408256530762e-01 4.685026074151172892e-01 2.375857714315144642e-01 -5.141953954498811319e-01 5.686855697947358346e-01 -1.645592298485659966e-01 1.937438168821370779e-02 6.099151889523025949e-02
1.661970737236839533e+09 3.973608911037445068e-01 2.070799469947814941e-01 9.414031505584716797e-01 -4.796853363513946533e-01 6.608592271804809570e-01 3.388619422912597656e-01 4.672682881355285645e-01 5.950088573577000384e-01 3.009480354483931586e-01 -6.513272792594765326e-01 7.203495562313516620e-01 -2.084458873081199703e-01 2.454137750743133617e-02 7.725747918293994487e-02
1.661970737267756701e+09 3.904105722904205322e-01 2.232845872640609741e-01 9.386274218559265137e-01 -4.835956096649169922e-01 6.570061445236206055e-01 3.409035205841064453e-01 4.671863019466400146e-01 5.773305320310608835e-01 2.912402588954391969e-01 -6.303172079344562251e-01 6.971130113524554028e-01 -2.017219819855477214e-01 2.374973848314367378e-02 7.476536009056944376e-02
1.661970737297676802e+09 3.831704854965209961e-01 2.393707185983657837e-01 9.356110692024230957e-01 -4.874782264232635498e-01 6.531278491020202637e-01 3.429481089115142822e-01 4.670928120613098145e-01 5.981394352360657196e-01 3.009456373414264863e-01 -6.513220891525449696e-01 7.203438161198151279e-01 -2.084442263053047362e-01 2.454118194925718199e-02 7.725686355606400935e-02
1.661970737328593493e+09 3.756417334079742432e-01 2.553296387195587158e-01 9.323558807373046875e-01 -4.913327991962432861e-01 6.492247581481933594e-01 3.449955284595489502e-01 4.669875502586364746e-01 5.803789601885426253e-01 2.912447507790706380e-01 -6.303269295009682471e-01 6.971237631301649973e-01 -2.017250932026303234e-01 2.375010478230130118e-02 7.476651321856885024e-02
1.661970737359510899e+09 3.678255379199981689e-01 2.711527645587921143e-01 9.288637042045593262e-01 -4.951593875885009766e-01 6.452968716621398926e-01 3.470457792282104492e-01 4.668707847595214844e-01 5.818903336529689385e-01 2.912380130055828853e-01 -6.303123472636588120e-01 6.971076355879686215e-01 -2.017204264129944802e-01 2.374955533780146594e-02 7.476478353990836934e-02
1.661970737389431000e+09 3.678255379199981689e-01 2.711527645587921143e-01 9.288637042045593262e-01 -4.951593875885009766e-01 6.452968716621398926e-01 3.470457792282104492e-01 4.668707847595214844e-01 0.000000000000000000e+00 0.000000000000000000e+00 0.000000000000000000e+00 0.000000000000000000e+00 0.000000000000000000e+00 0.000000000000000000e+00 0.000000000000000000e+00
1.661970737421345234e+09 3.867961764335632324e-01 2.846669256687164307e-01 9.098470807075500488e-01 -4.907706975936889648e-01 6.458214521408081055e-01 3.467394113540649414e-01 4.709888696670532227e-01 9.421840131515990535e-01 -3.451843129310006031e-01 -1.164865514809336755e+00 6.492580285040265853e-01 -6.932581672684336171e-02 7.585658927284311126e-01 5.089050709264419242e-02
1.661970737453260660e+09 4.059135913848876953e-01 2.973628640174865723e-01 8.900736570358276367e-01 -4.863969385623931885e-01 6.462993025779724121e-01 3.464319407939910889e-01 4.750790894031524658e-01 9.491569853865946538e-01 -3.451714197374752269e-01 -1.164822005194476429e+00 6.492337776644250269e-01 -6.932322729523317240e-02 7.585375590629399589e-01 5.088860624972670749e-02
1.661970737485174894e+09 4.059135913848876953e-01 2.973628640174865723e-01 8.900736570358276367e-01 -4.863969385623931885e-01 6.462993025779724121e-01 3.464319407939910889e-01 4.750790894031524658e-01 0.000000000000000000e+00 0.000000000000000000e+00 0.000000000000000000e+00 0.000000000000000000e+00 0.000000000000000000e+00 0.000000000000000000e+00 0.000000000000000000e+00
1.661970737516092300e+09 3.981316685676574707e-01 3.118093907833099365e-01 8.886839747428894043e-01 -4.856458604335784912e-01 6.393150091171264648e-01 3.539049923419952393e-01 4.797663390636444092e-01 5.326416543509600032e-01 2.696774520136381859e-01 -5.503449191787311845e-01 5.653859058024831574e-01 -8.340277750997282524e-02 6.450109136394102105e-01 9.954550833678270372e-02
1.661970737547009706e+09 3.900681138038635254e-01 3.260519504547119141e-01 8.871450424194335938e-01 -4.848198592662811279e-01 6.322652101516723633e-01 3.614218533039093018e-01 4.843187630176544189e-01 5.317059891704998265e-01 2.696774520136400177e-01 -5.503449191787311845e-01 5.653859058024759410e-01 -8.340277750997328321e-02 6.450109136394102105e-01 9.954550833678292576e-02
1.661970737577926874e+09 3.817264735698699951e-01 3.400829732418060303e-01 8.854568600654602051e-01 -4.839186072349548340e-01 6.251510381698608398e-01 3.689804971218109131e-01 4.887354969978332520e-01 5.307872828775764829e-01 2.696795316386439434e-01 -5.503491631785397686e-01 5.653902657912619478e-01 -8.340342067275939575e-02 6.450158876586109535e-01 9.954627598467719052e-02
1.661970737608844519e+09 3.731103837490081787e-01 3.538949787616729736e-01 8.836193680763244629e-01 -4.829415678977966309e-01 6.179738044738769531e-01 3.765787780284881592e-01 4.930154979228973389e-01 5.298740135628233761e-01 2.696753724207078817e-01 -5.503406752443841254e-01 5.653815458809405836e-01 -8.340213435710565337e-02 6.450059396969246572e-01 9.954474070072773240e-02
1.661970737640759468e+09 3.642237782478332520e-01 3.674805462360382080e-01 8.816326856613159180e-01 -4.818884134292602539e-01 6.107347011566162109e-01 3.842145204544067383e-01 4.971577823162078857e-01 5.124560417304910853e-01 2.612483318126456733e-01 -5.331431715312175967e-01 5.477140325169218560e-01 -8.079591501005331522e-02 6.248502569681818608e-01 9.643408374798462246e-02
1.661970737672674656e+09 3.550707697868347168e-01 3.808324635028839111e-01 8.794968724250793457e-01 -4.807588458061218262e-01 6.034350395202636719e-01 3.918856680393218994e-01 5.011614561080932617e-01 5.116149432277931064e-01 2.612463801883491699e-01 -5.331391887491619963e-01 5.477099408850055751e-01 -8.079531143387030934e-02 6.248455890993545037e-01 9.643336334873973958e-02
1.661970737704588890e+09 3.456555902957916260e-01 3.939435184001922607e-01 8.772119879722595215e-01 -4.795522689819335938e-01 5.960758328437805176e-01 3.995898962020874023e-01 5.050258636474609375e-01 5.108169900288068721e-01 2.612541868604981166e-01 -5.331551202344299023e-01 5.477263077794952695e-01 -8.079772579271128630e-02 6.248642609931273073e-01 9.643624501030195750e-02
1.661970737736503363e+09 3.359827101230621338e-01 4.068067073822021484e-01 8.747783303260803223e-01 -4.782684743404388428e-01 5.886585712432861328e-01 4.073250591754913330e-01 5.087499618530273438e-01 5.100272897458106858e-01 2.612522351487220895e-01 -5.331511372738502175e-01 5.477222159641758070e-01 -8.079712218947360247e-02 6.248595929150657646e-01 9.643552457876548856e-02
1.661970737767421246e+09 3.260568380355834961e-01 4.194151163101196289e-01 8.721960186958312988e-01 -4.769071936607360840e-01 5.811845064163208008e-01 4.150891005992889404e-01 5.123329758644104004e-01 5.256860444139289656e-01 2.696732928598505330e-01 -5.503364313754793846e-01 5.653771860266325611e-01 -8.340149121415807443e-02 6.450009658311507410e-01 9.954397307651177695e-02
1.661970737798339605e+09 3.158827424049377441e-01 4.317619502544403076e-01 8.694652915000915527e-01 -4.754680395126342773e-01 5.736549496650695801e-01 4.228797852993011475e-01 5.157741904258728027e-01 5.249313215040545266e-01 2.696691338343534805e-01 -5.503279438340259455e-01 5.653684665197498127e-01 -8.340020495801811484e-02 6.449910183297306032e-01 9.954243786359583124e-02
1.661970737830252647e+09 3.054654598236083984e-01 4.438406229019165039e-01 8.665865659713745117e-01 -4.739504754543304443e-01 5.660709142684936523e-01 4.306947290897369385e-01 5.190730094909667969e-01 5.078819738472557521e-01 2.612639458568172812e-01 -5.331750359300186926e-01 5.477467677732185125e-01 -8.080074394418314265e-02 6.248876024296639020e-01 9.643984732945118377e-02
1.661970737862167597e+09 2.948101758956909180e-01 4.556445777416229248e-01 8.635600209236145020e-01 -4.723544716835021973e-01 5.584339499473571777e-01 4.385317862033843994e-01 5.222285985946655273e-01 5.072009079888339933e-01 2.612483318126465059e-01 -5.331431715312175967e-01 5.477140325169218560e-01 -8.079591501005331522e-02 6.248502569681818608e-01 9.643408374798462246e-02
1.661970737894082785e+09 2.839222848415374756e-01 4.671674668788909912e-01 8.603861927986145020e-01 -4.706795811653137207e-01 5.507451295852661133e-01 4.463886618614196777e-01 5.252404212951660156e-01 5.065850145426110673e-01 2.612463801883482817e-01 -5.331391887491619963e-01 5.477099408850055751e-01 -8.079531143387030934e-02 6.248455890993545037e-01 9.643336334873953142e-02
1.661970737925997019e+09 2.728072404861450195e-01 4.784031212329864502e-01 8.570654392242431641e-01 -4.689257442951202393e-01 5.430061817169189453e-01 4.542632699012756348e-01 5.281077623367309570e-01 5.060331613309905219e-01 2.612541868604990047e-01 -5.331551202344299023e-01 5.477263077794952695e-01 -8.079772579271171651e-02 6.248642609931273073e-01 9.643624501030217955e-02
1.661970737957911730e+09 2.614707648754119873e-01 4.893454611301422119e-01 8.535982370376586914e-01 -4.670925438404083252e-01 5.352180004119873047e-01 4.621531367301940918e-01 5.308301448822021484e-01 5.055018924798346802e-01 2.612502834661039608e-01 -5.331471543727833717e-01 5.477181242099851133e-01 -8.079651859525434354e-02 6.248549249067517630e-01 9.643480415799320082e-02
1.661970737989826918e+09 2.499187290668487549e-01 4.999886155128479004e-01 8.499851226806640625e-01 -4.651797413825988770e-01 5.273821353912353516e-01 4.700561463832855225e-01 5.334070920944213867e-01 5.050172025597811087e-01 2.612463801883482817e-01 -5.331391887491619963e-01 5.477099408849985807e-01 -8.079531143387030934e-02 6.248455890993545037e-01 9.643336334873953142e-02
