1.661968256769126892e+09 1.378528122206244648e-16 -2.367949187755584717e-01 1.128897309303283691e+00 -6.125128269195556641e-01 6.125135421752929688e-01 3.533097505569458008e-01 3.533093035221099854e-01 0.000000000000000000e+00 0.000000000000000000e+00 0.000000000000000000e+00 0.000000000000000000e+00 0.000000000000000000e+00 0.000000000000000000e+00 0.000000000000000000e+00
1.661968258963793993e+09 1.378528122206244648e-16 -2.367949187755584717e-01 1.128897309303283691e+00 -6.125128269195556641e-01 6.125135421752929688e-01 3.533097505569458008e-01 3.533093035221099854e-01 0.000000000000000000e+00 0.000000000000000000e+00 0.000000000000000000e+00 0.000000000000000000e+00 0.000000000000000000e+00 0.000000000000000000e+00 0.000000000000000000e+00
1.661968258993713856e+09 9.093959815800189972e-03 -2.329584956169128418e-01 1.132754683494567871e+00 -6.126267313957214355e-01 6.140952110290527344e-01 3.482501506805419922e-01 3.553834557533264160e-01 3.541812842847248399e-01 -4.013736851245075510e-01 -2.412606445008851908e-01 3.535283081117343018e-01 3.886015031730987584e-02 -2.731068349151436481e-01 -3.437118507221231800e-01
1.661968259024631023e+09 1.827694848179817200e-02 -2.292249798774719238e-01 1.136584043502807617e+00 -6.127387285232543945e-01 6.156697273254394531e-01 3.431884944438934326e-01 3.573843836784362793e-01 3.437207636494340468e-01 -3.884264464305605125e-01 -2.334782231126148744e-01 3.421244329703713172e-01 3.760662608169699356e-02 -2.642971408279531920e-01 -3.326246281707594399e-01
1.661968259055547953e+09 2.754788473248481750e-02 -2.255961149930953979e-01 1.140385389328002930e+00 -6.128489971160888672e-01 6.172368526458740234e-01 3.381261229515075684e-01 3.593126237392425537e-01 3.446940878148746501e-01 -3.884294418147663519e-01 -2.334800236001510210e-01 3.421270712925843505e-01 3.760691608845320028e-02 -2.642991789782655476e-01 -3.326271932344044835e-01
1.661968259085468054e+09 3.690566122531890869e-02 -2.220736742019653320e-01 1.144158482551574707e+00 -6.129573583602905273e-01 6.187967061996459961e-01 3.330637216567993164e-01 3.611682057380676270e-01 3.571843607917346564e-01 -4.013704867749005034e-01 -2.412587220133997068e-01 3.535254910184221777e-01 3.885984065987353048e-02 -2.731046586610169080e-01 -3.437091118513347365e-01
1.661968259115892649e+09 4.634913057088851929e-02 -2.186594009399414062e-01 1.147903323173522949e+00 -6.130639314651489258e-01 6.203492283821105957e-01 3.280025422573089600e-01 3.629515171051025391e-01 3.522572921186185035e-01 -3.947150526395253323e-01 -2.372582247500163166e-01 3.476634117221681364e-01 3.821547561923156061e-02 -2.685760993182832457e-01 -3.380098055220703834e-01
1.661968259146809816e+09 5.587711557745933533e-02 -2.153550237417221069e-01 1.151619553565979004e+00 -6.131687760353088379e-01 6.218943595886230469e-01 3.229434788227081299e-01 3.646628260612487793e-01 3.476269420553926848e-01 -3.884264464305605125e-01 -2.334782231126004970e-01 3.421244329703569953e-01 3.760662608169699356e-02 -2.642971408279568002e-01 -3.326246281707576635e-01
1.661968259176729679e+09 6.548840552568435669e-02 -2.121622711420059204e-01 1.155307292938232422e+00 -6.132718324661254883e-01 6.234320998191833496e-01 3.178875446319580078e-01 3.663025498390197754e-01 3.602362145292828943e-01 -4.013736851245075510e-01 -2.412606445009000122e-01 3.535283081117491233e-01 3.886015031730987584e-02 -2.731068349151399288e-01 -3.437118507221231800e-01
1.661968259208644629e+09 7.518174499273300171e-02 -2.090828567743301392e-01 1.158966302871704102e+00 -6.133732795715332031e-01 6.249624490737915039e-01 3.128356933593750000e-01 3.678708672523498535e-01 3.386777778829223040e-01 -3.762827699429210915e-01 -2.261788128009620813e-01 3.314283321494984613e-01 3.643090103742045727e-02 -2.560342148497778969e-01 -3.222255270965508900e-01
1.661968259240559578e+09 8.495586365461349487e-02 -2.061184793710708618e-01 1.162596583366394043e+00 -6.134731173515319824e-01 6.264853477478027344e-01 3.077889382839202881e-01 3.693683147430419922e-01 3.396444514925987535e-01 -3.762827699429228678e-01 -2.261788128009620813e-01 3.314283321495193335e-01 3.643090103742067237e-02 -2.560342148497778969e-01 -3.222255270965508900e-01
1.661968259272475243e+09 9.480944275856018066e-02 -2.032708078622817993e-01 1.166197776794433594e+00 -6.135711669921875000e-01 6.280007958412170410e-01 3.027482330799102783e-01 3.707950115203857422e-01 3.406052071288619976e-01 -3.762743371431440109e-01 -2.261737439517080561e-01 3.314209045737903647e-01 3.643008459160147067e-02 -2.560284769169131058e-01 -3.222183057630984004e-01
1.661968259304390669e+09 1.047411337494850159e-01 -2.005415409803390503e-01 1.169770002365112305e+00 -6.136677265167236328e-01 6.295087337493896484e-01 2.977145016193389893e-01 3.721515238285064697e-01 3.415825034263483828e-01 -3.762771480344035413e-01 -2.261754335428728113e-01 3.314233803953664514e-01 3.643035673614172104e-02 -2.560303895326275780e-01 -3.222207128382836849e-01
1.661968259336305380e+09 1.147495582699775696e-01 -1.979323178529739380e-01 1.173313140869140625e+00 -6.137627363204956055e-01 6.310091614723205566e-01 2.926887571811676025e-01 3.734381794929504395e-01 3.425692192585452212e-01 -3.762855809601792778e-01 -2.261805024678737730e-01 3.314308080820698721e-01 3.643117319415933170e-02 -2.560361275512186285e-01 -3.222279342796309787e-01
1.661968259367222786e+09 1.248333081603050232e-01 -1.954448074102401733e-01 1.176826834678649902e+00 -6.138561964035034180e-01 6.325020194053649902e-01 2.876718640327453613e-01 3.746553659439086914e-01 3.546317871299066726e-01 -3.884234510925576034e-01 -2.334764226528187880e-01 3.421217946888490125e-01 3.760633607941377132e-02 -2.642951027090822413e-01 -3.326220631466751954e-01
1.661968259398139715e+09 1.349909305572509766e-01 -1.930806040763854980e-01 1.180311322212219238e+00 -6.139481663703918457e-01 6.339873075485229492e-01 2.826648354530334473e-01 3.758035302162170410e-01 3.556574344406148724e-01 -3.884294418147645755e-01 -2.334800236001582097e-01 3.421270712925843505e-01 3.760691608845320028e-02 -2.642991789782655476e-01 -3.326271932344044835e-01
1.661968259430053711e+09 1.452209353446960449e-01 -1.908413469791412354e-01 1.183766245841979980e+00 -6.140387058258056641e-01 6.354651451110839844e-01 2.776685357093811035e-01 3.768829703330993652e-01 3.455352291237690499e-01 -3.762940142639485397e-01 -2.261855716200839861e-01 3.314382361017045864e-01 3.643198968877339045e-02 -2.560418658270068315e-01 -3.222351560446683472e-01
1.661968259459974289e+09 1.555218249559402466e-01 -1.887286156415939331e-01 1.187191605567932129e+00 -6.141277551651000977e-01 6.369352936744689941e-01 2.726838886737823486e-01 3.778942823410034180e-01 3.696172362634771447e-01 -4.013640902286096379e-01 -2.412548771303508754e-01 3.535198569664839696e-01 3.885922135980540704e-02 -2.731003062568181927e-01 -3.437036342407041034e-01
1.661968259490890026e+09 1.658920496702194214e-01 -1.867439895868301392e-01 1.190587162971496582e+00 -6.142154335975646973e-01 6.383977532386779785e-01 2.677117884159088135e-01 3.788378238677978516e-01 3.587490828476455618e-01 -3.884444194287794416e-01 -2.334890264544581262e-01 3.421402635140352033e-01 3.760836618932805048e-02 -2.643093702013309954e-01 -3.326400191460738842e-01
1.661968259520810127e+09 1.763300299644470215e-01 -1.848890334367752075e-01 1.193953037261962891e+00 -6.143017411231994629e-01 6.398526430130004883e-01 2.627531588077545166e-01 3.797140419483184814e-01 3.717571785847409438e-01 -4.013704867749023353e-01 -2.412587220134071453e-01 3.535254910184221777e-01 3.885984065987353048e-02 -2.731046586610169080e-01 -3.437091118513347365e-01
1.661968259551727772e+09 1.868341565132141113e-01 -1.831652820110321045e-01 1.197288990020751953e+00 -6.143867373466491699e-01 6.412998437881469727e-01 2.578088641166687012e-01 3.805234134197235107e-01 3.608009099156796462e-01 -3.884204558007495200e-01 -2.334746222208124444e-01 3.421191564480164371e-01 3.760604608160319356e-02 -2.642930646216484214e-01 -3.326194981621508617e-01
1.661968259583642483e+09 1.974027901887893677e-01 -1.815742701292037964e-01 1.200594902038574219e+00 -6.144704222679138184e-01 6.427392959594726562e-01 2.528797984123229980e-01 3.812663853168487549e-01 3.505383994561184213e-01 -3.762855809601775015e-01 -2.261805024678737730e-01 3.314308080820698721e-01 3.643117319415911659e-02 -2.560361275512151313e-01 -3.222279342796292023e-01
1.661968259615065813e+09 2.080342471599578857e-01 -1.801174730062484741e-01 1.203870654106140137e+00 -6.145529150962829590e-01 6.441711187362670898e-01 2.479668110609054565e-01 3.819436132907867432e-01 3.570486055877651888e-01 -3.821697271400359419e-01 -2.297173882984664683e-01 3.366135400865399308e-01 3.700086376808753297e-02 -2.600398791645317509e-01 -3.272667568241898750e-01
1.661968259646980286e+09 2.187268286943435669e-01 -1.787963956594467163e-01 1.207116246223449707e+00 -6.146340370178222656e-01 6.455951929092407227e-01 2.430707067251205444e-01 3.825553357601165771e-01 3.525713688526335154e-01 -3.762883920194353693e-01 -2.261821921600379037e-01 3.314332840516135970e-01 3.643144535496409958e-02 -2.560380402812371670e-01 -3.222303414986769643e-01
1.661968259676900625e+09 2.294787913560867310e-01 -1.776124686002731323e-01 1.210331559181213379e+00 -6.147139072418212891e-01 6.470115184783935547e-01 2.381924092769622803e-01 3.831021785736083984e-01 3.771584008275399302e-01 -4.013672884762707338e-01 -2.412567995565527146e-01 3.535226739700057519e-01 3.885953100737215421e-02 -2.731024824415803076e-01 -3.437063730241953774e-01
1.661968259707818270e+09 2.402883768081665039e-01 -1.765671670436859131e-01 1.213516592979431152e+00 -6.147927045822143555e-01 6.484200358390808105e-01 2.333327233791351318e-01 3.835847079753875732e-01 3.660508648048617641e-01 -3.884204558007477437e-01 -2.334746222208124444e-01 3.421191564480164371e-01 3.760604608160308254e-02 -2.642930646216448132e-01 -3.326194981621490854e-01
1.661968259739239931e+09 2.511537671089172363e-01 -1.756618618965148926e-01 1.216670989990234375e+00 -6.148703694343566895e-01 6.498207449913024902e-01 2.284924536943435669e-01 3.840034604072570801e-01 3.612213963895345437e-01 -3.821900257020898750e-01 -2.297295895073265815e-01 3.366314189773724763e-01 3.700282903188484990e-02 -2.600536909221054516e-01 -3.272841392699966656e-01
1.661968259769160032e+09 2.620731592178344727e-01 -1.748979687690734863e-01 1.219794869422912598e+00 -6.149468421936035156e-01 6.512137055397033691e-01 2.236724346876144409e-01 3.843588531017303467e-01 3.804503775638873875e-01 -4.013704867749023353e-01 -2.412587220134071453e-01 3.535254910184221777e-01 3.885984065987341252e-02 -2.731046586610206273e-01 -3.437091118513365684e-01
1.661968259801075697e+09 2.730446755886077881e-01 -1.742768585681915283e-01 1.222888112068176270e+00 -6.150223016738891602e-01 6.525987982749938965e-01 2.188734859228134155e-01 3.846515715122222900e-01 3.576968680557536806e-01 -3.762743371431422346e-01 -2.261737439516941228e-01 3.314209045737903647e-01 3.643008459160147067e-02 -2.560284769169131058e-01 -3.222183057630966241e-01
1.661968259832499981e+09 2.840664386749267578e-01 -1.737998574972152710e-01 1.225950598716735840e+00 -6.150966286659240723e-01 6.539760828018188477e-01 2.140962779521942139e-01 3.848820328712463379e-01 3.643444252092430946e-01 -3.821581289297633077e-01 -2.297104167610032888e-01 3.366033244301410154e-01 3.699974085392720990e-02 -2.600319873903182977e-01 -3.272568248269872582e-01
1.661968259863415956e+09 2.951365113258361816e-01 -1.734682768583297729e-01 1.228982210159301758e+00 -6.151699423789978027e-01 6.553454995155334473e-01 2.093417793512344360e-01 3.850509524345397949e-01 3.714089560307656801e-01 -3.884414238135712183e-01 -2.334872258280539514e-01 3.421376249883547049e-01 3.760807616020674093e-02 -2.643073318938399807e-01 -3.326374538846110784e-01
1.661968259894333601e+09 3.062529265880584717e-01 -1.732834279537200928e-01 1.231982946395874023e+00 -6.152422428131103516e-01 6.567070484161376953e-01 2.046106457710266113e-01 3.851588666439056396e-01 3.724664001829325333e-01 -3.884204558007477437e-01 -2.334746222208124444e-01 3.421191564480164371e-01 3.760604608160319356e-02 -2.642930646216448132e-01 -3.326194981621490854e-01
1.661968259925755024e+09 3.174137771129608154e-01 -1.732465624809265137e-01 1.234952569007873535e+00 -6.153135895729064941e-01 6.580606698989868164e-01 1.999036371707916260e-01 3.852063417434692383e-01 3.675589479949252780e-01 -3.821929256726925850e-01 -2.297313326429694380e-01 3.366339732596753676e-01 3.700310980089793061e-02 -2.600556641501022281e-01 -3.272866226272783119e-01
1.661968259956672430e+09 3.286169767379760742e-01 -1.733589172363281250e-01 1.237891197204589844e+00 -6.153839826583862305e-01 6.594063639640808105e-01 1.952214837074279785e-01 3.851939141750335693e-01 3.746348868550423150e-01 -3.884234510925558270e-01 -2.334764226528259767e-01 3.421217946888490125e-01 3.760633607941377132e-02 -2.642951027090858496e-01 -3.326220631466734190e-01
1.661968259987589836e+09 3.398605287075042725e-01 -1.736216992139816284e-01 1.240798711776733398e+00 -6.154534816741943359e-01 6.607441902160644531e-01 1.905650496482849121e-01 3.851222693920135498e-01 3.757228034323931154e-01 -3.884234510925594352e-01 -2.334764226528187880e-01 3.421217946888490125e-01 3.760633607941399337e-02 -2.642951027090858496e-01 -3.326220631466751954e-01
1.661968260019013166e+09 3.511423766613006592e-01 -1.740360856056213379e-01 1.243674874305725098e+00 -6.155220270156860352e-01 6.620740890502929688e-01 1.859349012374877930e-01 3.849919736385345459e-01 3.707458574130966800e-01 -3.821697271400341656e-01 -2.297173882984735460e-01 3.366135400865399308e-01 3.700086376808753297e-02 -2.600398791645317509e-01 -3.272667568241898750e-01
1.661968260049930334e+09 3.624604046344757080e-01 -1.746032387018203735e-01 1.246519804000854492e+00 -6.155897974967956543e-01 6.633959412574768066e-01 1.813317984342575073e-01 3.848037123680114746e-01 3.779091223854409987e-01 -3.884264464305622888e-01 -2.334782231126004970e-01 3.421244329703641562e-01 3.760662608169699356e-02 -2.642971408279531920e-01 -3.326246281707576635e-01
1.661968260080847502e+09 3.738125264644622803e-01 -1.753242909908294678e-01 1.249333381652832031e+00 -6.156566143035888672e-01 6.647098660469055176e-01 1.767564713954925537e-01 3.845579624176025391e-01 3.790062141729252931e-01 -3.884264464305622888e-01 -2.334782231126076857e-01 3.421244329703713172e-01 3.760662608169699356e-02 -2.642971408279568002e-01 -3.326246281707612162e-01
1.661968260111765146e+09 3.851965963840484619e-01 -1.762003004550933838e-01 1.252115368843078613e+00 -6.157227158546447754e-01 6.660158634185791016e-01 1.722096055746078491e-01 3.842555582523345947e-01 3.800988552759408945e-01 -3.884204558007495200e-01 -2.334746222208052557e-01 3.421191564480164371e-01 3.760604608160342255e-02 -2.642930646216484214e-01 -3.326194981621490854e-01
1.661968260142682552e+09 3.966104090213775635e-01 -1.772323548793792725e-01 1.254865884780883789e+00 -6.157879829406738281e-01 6.673138141632080078e-01 1.676918715238571167e-01 3.838969469070434570e-01 3.812034447570972762e-01 -3.884234510925576034e-01 -2.334764226528259767e-01 3.421217946888490125e-01 3.760633607941377132e-02 -2.642951027090822413e-01 -3.326220631466751954e-01
1.661968260174597025e+09 4.080517888069152832e-01 -1.784214824438095093e-01 1.257584691047668457e+00 -6.158524751663208008e-01 6.686037182807922363e-01 1.632039397954940796e-01 3.834829628467559814e-01 3.703631672862852664e-01 -3.762883920194353693e-01 -2.261821921600309648e-01 3.314332840516205358e-01 3.643144535496431469e-02 -2.560380402812371670e-01 -3.222303414986769643e-01
1.661968260205514431e+09 4.195185005664825439e-01 -1.797686666250228882e-01 1.260271906852722168e+00 -6.159163713455200195e-01 6.698856353759765625e-01 1.587464213371276855e-01 3.830141425132751465e-01 3.834143452472194569e-01 -3.884234510925576034e-01 -2.334764226528259767e-01 3.421217946888490125e-01 3.760633607941377132e-02 -2.642951027090858496e-01 -3.326220631466751954e-01
1.661968260236432076e+09 4.310083389282226562e-01 -1.812748908996582031e-01 1.262927412986755371e+00 -6.159794926643371582e-01 6.711595058441162109e-01 1.543200165033340454e-01 3.824912011623382568e-01 3.845220448713297379e-01 -3.884204558007495200e-01 -2.334746222208052557e-01 3.421191564480092207e-01 3.760604608160319356e-02 -2.642930646216448132e-01 -3.326194981621508617e-01
1.661968260266351938e+09 4.425189793109893799e-01 -1.829410642385482788e-01 1.265551090240478516e+00 -6.160418987274169922e-01 6.724253296852111816e-01 1.499253213405609131e-01 3.819147944450378418e-01 3.984932326037970429e-01 -4.013736851245057191e-01 -2.412606445008926015e-01 3.535283081117343018e-01 3.886015031730987584e-02 -2.731068349151436481e-01 -3.437118507221212926e-01
1.661968260297271729e+09 4.540481865406036377e-01 -1.847681254148483276e-01 1.268142819404602051e+00 -6.161037087440490723e-01 6.736831068992614746e-01 1.455629914999008179e-01 3.812856078147888184e-01 3.867210518129082231e-01 -3.883935002531430647e-01 -2.334584195821445829e-01 3.420954141114057045e-01 3.760343630256031411e-02 -2.642747232491006737e-01 -3.325964150814761933e-01
1.661968260328186989e+09 4.655935764312744141e-01 -1.867569088935852051e-01 1.270702719688415527e+00 -6.161648631095886230e-01 6.749328374862670898e-01 1.412336081266403198e-01 3.806042969226837158e-01 3.878940738606775906e-01 -3.884504107978054011e-01 -2.334926277905922387e-01 3.421455406874932548e-01 3.760894626099090671e-02 -2.643134469106152573e-01 -3.326451497876993790e-01
1.661968260360101461e+09 4.771528840065002441e-01 -1.889082491397857666e-01 1.273230552673339844e+00 -6.162254214286804199e-01 6.761744022369384766e-01 1.369377821683883667e-01 3.798716068267822266e-01 3.768341242564501314e-01 -3.762883920194335929e-01 -2.261821921600309648e-01 3.314332840516205358e-01 3.643144535496409958e-02 -2.560380402812371670e-01 -3.222303414986769643e-01
1.661968260391019344e+09 4.887236654758453369e-01 -1.912229359149932861e-01 1.275726318359375000e+00 -6.162854433059692383e-01 6.774079203605651855e-01 1.326760649681091309e-01 3.790881335735321045e-01 3.901003873967042179e-01 -3.884174605551386494e-01 -2.334728218165663949e-01 3.421165182478654310e-01 3.760575608826539906e-02 -2.642910265656437940e-01 -3.326169332171854953e-01
1.661968260421936989e+09 5.003036260604858398e-01 -1.937017589807510376e-01 1.278190016746520996e+00 -6.163448691368103027e-01 6.786333322525024414e-01 1.284490376710891724e-01 3.782547712326049805e-01 3.912284230875305302e-01 -3.884204558007477437e-01 -2.334746222208052557e-01 3.421191564480164371e-01 3.760604608160319356e-02 -2.642930646216484214e-01 -3.326194981621490854e-01
1.661968260453851461e+09 5.118902921676635742e-01 -1.963454186916351318e-01 1.280621528625488281e+00 -6.164037585258483887e-01 6.798506975173950195e-01 1.242572590708732605e-01 3.773719668388366699e-01 3.800978733411944366e-01 -3.762883920194370901e-01 -2.261821921600379037e-01 3.314332840516205358e-01 3.643144535496431469e-02 -2.560380402812336698e-01 -3.222303414986769643e-01
1.661968260484768867e+09 5.234812498092651367e-01 -1.991546005010604858e-01 1.283020853996276855e+00 -6.164622306823730469e-01 6.810597777366638184e-01 1.201013252139091492e-01 3.764407038688659668e-01 3.934827519971964005e-01 -3.884234510925558270e-01 -2.334764226528187880e-01 3.421217946888490125e-01 3.760633607941377132e-02 -2.642951027090858496e-01 -3.326220631466751954e-01
1.661968260515686989e+09 5.234812498092651367e-01 -1.991546005010604858e-01 1.283020853996276855e+00 -6.164622306823730469e-01 6.810597777366638184e-01 1.201013252139091492e-01 3.764407038688659668e-01 0.000000000000000000e+00 0.000000000000000000e+00 0.000000000000000000e+00 0.000000000000000000e+00 0.000000000000000000e+00 0.000000000000000000e+00 0.000000000000000000e+00
1.661968260547602177e+09 5.183444619178771973e-01 -1.856962740421295166e-01 1.281943321228027344e+00 -6.173367500305175781e-01 6.781114339828491211e-01 1.240456029772758484e-01 3.790421485900878906e-01 4.526233892573787720e-01 3.890521602910612664e-01 -3.285413135874716839e-01 1.679174178430562492e-01 -2.965873843888723257e-02 4.152061384616113071e-01 1.993814118039535510e-01
1.661968260579515219e+09 5.129439234733581543e-01 -1.722553819417953491e-01 1.280799269676208496e+00 -6.181952357292175293e-01 6.751465797424316406e-01 1.280474513769149780e-01 3.815961182117462158e-01 4.553119859664331859e-01 3.890783193569217202e-01 -3.285634040286513069e-01 1.679287082643367290e-01 -2.966073263136645086e-02 4.152340560670901293e-01 1.993948177993831172e-01
1.661968260611430407e+09 5.072788596153259277e-01 -1.588372141122817993e-01 1.279588699340820312e+00 -6.190375685691833496e-01 6.721653342247009277e-01 1.321064233779907227e-01 3.841017484664916992e-01 4.579404116548744796e-01 3.890521602910647636e-01 -3.285413135874786228e-01 1.679174178430562492e-01 -2.965873843888723257e-02 4.152061384616113071e-01 1.993814118039535510e-01
1.661968260643344641e+09 5.013486742973327637e-01 -1.454470753669738770e-01 1.278311491012573242e+00 -6.198636293411254883e-01 6.691679358482360840e-01 1.362219452857971191e-01 3.865579366683959961e-01 4.606139667796603776e-01 3.890637861082792415e-01 -3.285511311945952806e-01 1.679224356206298063e-01 -2.965962471354981894e-02 4.152185458227988790e-01 1.993873698015869722e-01
1.661968260675259352e+09 4.951528906822204590e-01 -1.320902854204177856e-01 1.276967525482177734e+00 -6.206731200218200684e-01 6.661543846130371094e-01 1.403935402631759644e-01 3.889638781547546387e-01 4.632676696509204772e-01 3.890579731128231966e-01 -3.285462223176910945e-01 1.679199266943612601e-01 -2.965918156959729268e-02 4.152123420495160144e-01 1.993843907582610875e-01
1.661968260705179930e+09 4.886911213397979736e-01 -1.187722384929656982e-01 1.275556683540344238e+00 -6.214661002159118652e-01 6.631247997283935547e-01 1.446206271648406982e-01 3.913186788558959961e-01 4.969805931463159299e-01 4.149877309307232753e-01 -3.504430206496387257e-01 1.791113771539108446e-01 -3.163589313528974989e-02 4.428852242840267128e-01 2.126728704253588176e-01
1.661968260737094879e+09 4.819630682468414307e-01 -1.054983139038085938e-01 1.274078965187072754e+00 -6.222423315048217773e-01 6.600793600082397461e-01 1.489026099443435669e-01 3.936213552951812744e-01 4.685843607017901591e-01 3.890550666802283231e-01 -3.285437679342531614e-01 1.679186722593306869e-01 -2.965896000258718204e-02 4.152092402323919185e-01 1.993829012699802616e-01
1.661968260769011021e+09 4.749685823917388916e-01 -9.227392822504043579e-02 1.272534251213073730e+00 -6.230017542839050293e-01 6.570181250572204590e-01 1.532389670610427856e-01 3.958710432052612305e-01 4.712263144798635728e-01 3.890405351686201940e-01 -3.285314965670605991e-01 1.679124003653444386e-01 -2.965785221718996237e-02 4.151937318419032241e-01 1.993754541623775078e-01
1.661968260799932957e+09 4.677076339721679688e-01 -7.910450547933578491e-02 1.270922541618347168e+00 -6.237441897392272949e-01 6.539412140846252441e-01 1.576290726661682129e-01 3.980668187141418457e-01 4.891211172868792922e-01 4.015490090741583584e-01 -3.390944772348188363e-01 1.733111382564324621e-01 -3.061141473064931534e-02 4.285430861919273804e-01 2.057857956058847526e-01
1.661968260829846859e+09 4.601802527904510498e-01 -6.599549949169158936e-02 1.269243717193603516e+00 -6.244694590568542480e-01 6.508488059043884277e-01 1.620723605155944824e-01 4.002078175544738770e-01 5.084393010330866547e-01 4.150803414486725074e-01 -3.505212270813763964e-01 1.791513484498613029e-01 -3.164295314268413678e-02 4.429840605313563051e-01 2.127203314542419621e-01
1.661968260860764265e+09 4.523866474628448486e-01 -5.295237898826599121e-02 1.267497777938842773e+00 -6.251775622367858887e-01 6.477409005165100098e-01 1.665681749582290649e-01 4.022931158542633057e-01 4.946782450126991915e-01 4.016078431863942533e-01 -3.391441606410316445e-01 1.733365314381671018e-01 -3.061589985044650686e-02 4.286058754192972886e-01 2.058159469057799784e-01
1.661968260891682148e+09 4.443271160125732422e-01 -3.998062387108802795e-02 1.265684604644775391e+00 -6.258682608604431152e-01 6.446177363395690918e-01 1.711158752441406250e-01 4.043218791484832764e-01 4.974106446998622366e-01 4.016016493100849627e-01 -3.391389301231975129e-01 1.733338581212624796e-01 -3.061542767068162543e-02 4.285992651604979553e-01 2.058127726686728720e-01
1.661968260921602249e+09 4.360020458698272705e-01 -2.708571217954158783e-02 1.263804197311401367e+00 -6.265414357185363770e-01 6.414795517921447754e-01 1.757148504257202148e-01 4.062931835651397705e-01 5.168282332744296159e-01 4.149943445972081868e-01 -3.504486056659845139e-01 1.791142316549497737e-01 -3.163639731705358837e-02 4.428922825533349594e-01 2.126762597964909074e-01
1.661968260952518463e+09 4.274120032787322998e-01 -1.427314709872007370e-02 1.261856555938720703e+00 -6.271969676017761230e-01 6.383262276649475098e-01 1.803644299507141113e-01 4.082061946392059326e-01 5.029114386204134313e-01 4.016233287130764329e-01 -3.391572376414810353e-01 1.733432150912085634e-01 -3.061708036358113880e-02 4.286224019583854128e-01 2.058238829269297132e-01
1.661968260984433174e+09 4.185576140880584717e-01 -1.548425643704831600e-03 1.259841561317443848e+00 -6.278347373008728027e-01 6.351580023765563965e-01 1.850639581680297852e-01 4.100600183010101318e-01 4.898250357450718018e-01 3.890579731128231966e-01 -3.285462223176980889e-01 1.679199266943542934e-01 -2.965918156959772636e-02 4.152123420495195116e-01 1.993843907582628361e-01
1.661968261016347885e+09 4.094396829605102539e-01 1.108295004814863205e-02 1.257759451866149902e+00 -6.284546256065368652e-01 6.319750547409057617e-01 1.898126900196075439e-01 4.118537902832031250e-01 4.924682304953703627e-01 3.890579731128196994e-01 -3.285462223176980889e-01 1.679199266943612601e-01 -2.965918156959750779e-02 4.152123420495160144e-01 1.993843907582593389e-01
1.661968261048264265e+09 4.000590443611145020e-01 2.361547760665416718e-02 1.255609989166259766e+00 6.290563941001892090e-01 -6.287774443626403809e-01 -1.946099549531936646e-01 -4.135867059230804443e-01 4.950840813887019687e-01 3.890376289965566392e-01 -3.285290424036254597e-01 1.679111460427678004e-01 -2.965763067004058284e-02 4.151906303028245482e-01 1.993739648076154891e-01
1.661968261081178188e+09 3.904167115688323975e-01 3.604365885257720947e-02 1.253393292427062988e+00 6.296399831771850586e-01 -6.255653500556945801e-01 -1.994550377130508423e-01 -4.152579009532928467e-01 4.826366460646913104e-01 3.772468166176416449e-01 -3.185721024798593426e-01 1.628221554882345323e-01 -2.875877787851079462e-02 4.026071821772225223e-01 1.933314104707723746e-01
1.661968261111094952e+09 3.805138468742370605e-01 4.836199805140495300e-02 1.251109242439270020e+00 6.302053332328796387e-01 -6.223389506340026855e-01 -2.043472379446029663e-01 -4.168665409088134766e-01 5.337978900881167332e-01 4.150406461657834556e-01 -3.504877057654298134e-01 1.791342157101306620e-01 -3.163992703941944512e-02 4.429416967385098602e-01 2.126999884196769386e-01
1.661968261141014576e+09 3.703516423702239990e-01 6.056500971317291260e-02 1.248757958412170410e+00 6.307522058486938477e-01 -6.190983057022094727e-01 -2.092858105897903442e-01 -4.184118211269378662e-01 5.365516654519183470e-01 4.150009584745007474e-01 -3.504541908603501787e-01 1.791170862469819991e-01 -3.163690151488775248e-02 4.428993410476222969e-01 2.126796492756558021e-01
1.661968261171931982e+09 3.599314987659454346e-01 7.264722138643264771e-02 1.246339559555053711e+00 6.312804818153381348e-01 -6.158435940742492676e-01 -2.142698764801025391e-01 -4.198928475379943848e-01 5.219441263676155573e-01 4.016078431863960296e-01 -3.391441606410244836e-01 1.733365314381671018e-01 -3.061589985044628134e-02 4.286058754192972886e-01 2.058159469057817548e-01
1.661968261203846455e+09 3.492548465728759766e-01 8.460316807031631470e-02 1.243853926658630371e+00 6.317901611328125000e-01 -6.125749349594116211e-01 -2.192988246679306030e-01 -4.213088452816009521e-01 5.082580342396703088e-01 3.890608795888381155e-01 -3.285486767378141271e-01 1.679211811481274852e-01 -2.965940313991829308e-02 4.152154439129846497e-01 1.993858802687947518e-01
1.661968261235761166e+09 3.383233249187469482e-01 9.642740339040756226e-02 1.241301178932189941e+00 6.322808861732482910e-01 -6.092925667762756348e-01 -2.243717908859252930e-01 -4.226591289043426514e-01 5.108681351030387452e-01 3.890579731128196994e-01 -3.285462223176910945e-01 1.679199266943542934e-01 -2.965918156959750779e-02 4.152123420495160144e-01 1.993843907582628361e-01
1.661968261267675877e+09 3.271386325359344482e-01 1.081145107746124268e-01 1.238681316375732422e+00 6.327526569366455078e-01 -6.059966683387756348e-01 -2.294880002737045288e-01 -4.239427745342254639e-01 5.134773131685346215e-01 3.890579731128196994e-01 -3.285462223176980889e-01 1.679199266943612601e-01 -2.965918156959750779e-02 4.152123420495160144e-01 1.993843907582593389e-01
1.661968261299590588e+09 3.157026171684265137e-01 1.196590662002563477e-01 1.235994338989257812e+00 6.332053542137145996e-01 -6.026871204376220703e-01 -2.346466481685638428e-01 -4.251589775085449219e-01 5.160802221657764255e-01 3.890579731128214203e-01 -3.285462223176980889e-01 1.679199266943542934e-01 -2.965918156959750779e-02 4.152123420495160144e-01 1.993843907582628361e-01
1.661968261331505299e+09 3.040171861648559570e-01 1.310556977987289429e-01 1.233240485191345215e+00 6.336388587951660156e-01 -5.993643403053283691e-01 -2.398469448089599609e-01 -4.263070225715637207e-01 5.186772739992223658e-01 3.890579731128214203e-01 -3.285462223176910945e-01 1.679199266943612601e-01 -2.965918156959750779e-02 4.152123420495160144e-01 1.993843907582610875e-01
1.661968261361426353e+09 2.920844852924346924e-01 1.422990560531616211e-01 1.230419754981994629e+00 6.340529322624206543e-01 -5.960283279418945312e-01 -2.450879365205764771e-01 -4.273861646652221680e-01 5.559989299053380574e-01 4.149811174750357989e-01 -3.504374358113042653e-01 1.791085227438460881e-01 -3.163538896959570967e-02 4.428781662396867880e-01 2.126694811622562020e-01
1.661968261393342257e+09 2.799066305160522461e-01 1.533838063478469849e-01 1.227532148361206055e+00 6.344475746154785156e-01 -5.926794409751892090e-01 -2.503688931465148926e-01 -4.283956289291381836e-01 5.238315128471158211e-01 3.890434413840980210e-01 -3.285339507671619086e-01 1.679136547066542029e-01 -2.965807376764892020e-02 4.151968334273201666e-01 1.993769435393928924e-01
1.661968261424769878e+09 2.674859762191772461e-01 1.643046438694000244e-01 1.224577784538269043e+00 6.348225474357604980e-01 -5.893176794052124023e-01 -2.556888461112976074e-01 -4.293345808982849121e-01 5.345858588226815034e-01 3.950878891256990877e-01 -3.336382812493613459e-01 1.705224772776439690e-01 -3.011886209598388722e-02 4.216476183401853817e-01 2.024746015073991268e-01
1.661968261456684589e+09 2.548249065876007080e-01 1.750563234090805054e-01 1.221556782722473145e+00 6.351777911186218262e-01 -5.859432220458984375e-01 -2.610470652580261230e-01 -4.302024245262145996e-01 5.289963256954662851e-01 3.890579731128196994e-01 -3.285462223176910945e-01 1.679199266943612601e-01 -2.965918156959750779e-02 4.152123420495160144e-01 1.993843907582610875e-01
1.661968261487602234e+09 2.419260144233703613e-01 1.856336146593093872e-01 1.218469381332397461e+00 6.355131864547729492e-01 -5.825562477111816406e-01 -2.664424777030944824e-01 -4.309983551502227783e-01 5.486980027640049329e-01 4.016047462243578781e-01 -3.391415453619508469e-01 1.733351947694000972e-01 -3.061566375874336804e-02 4.286025702644104540e-01 2.058143597749874931e-01
1.661968261518518686e+09 2.287919074296951294e-01 1.960313469171524048e-01 1.215315461158752441e+00 6.358285546302795410e-01 -5.791569948196411133e-01 -2.718743681907653809e-01 -4.317216277122497559e-01 5.513556864886687281e-01 4.016202315122050504e-01 -3.391546221607129596e-01 1.733418783193663715e-01 -3.061684425367133117e-02 4.286190965486124105e-01 2.058222956737395526e-01
1.661968261549948215e+09 2.154253721237182617e-01 2.062443494796752930e-01 1.212095141410827637e+00 6.361238360404968262e-01 -5.757454633712768555e-01 -2.773417234420776367e-01 -4.323716163635253906e-01 5.449389831607173162e-01 3.950639126181085814e-01 -3.336180339043964826e-01 1.705121288625617015e-01 -3.011703428717104128e-02 4.216220300151580780e-01 2.024623140292116652e-01
1.661968261581861973e+09 2.018292993307113647e-01 2.162675410509109497e-01 1.208808779716491699e+00 6.363987922668457031e-01 -5.723220109939575195e-01 -2.828435897827148438e-01 -4.329476058483123779e-01 5.392054500481163748e-01 3.890695992774486078e-01 -3.285560402181906814e-01 1.679249446218792352e-01 -2.966006787074399256e-02 4.152247497814682831e-01 1.993903489339352020e-01
1.661968261613776207e+09 1.880066841840744019e-01 2.260958850383758545e-01 1.205456256866455078e+00 6.366534233093261719e-01 -5.688866972923278809e-01 -2.883791327476501465e-01 -4.334488511085510254e-01 5.417249687630021349e-01 3.890637861082810178e-01 -3.285511311946022195e-01 1.679224356206367730e-01 -2.965962471354960037e-02 4.152185458227988790e-01 1.993873698015869722e-01
1.661968261645691872e+09 1.739606410264968872e-01 2.357243597507476807e-01 1.202037930488586426e+00 6.368874907493591309e-01 -5.654397010803222656e-01 -2.939473092555999756e-01 -4.338747560977935791e-01 5.442170049049972480e-01 3.890463476429971146e-01 -3.285364050039303319e-01 1.679149090667114708e-01 -2.965829532141817451e-02 4.151999350590764859e-01 1.993784329386603382e-01
1.661968261677605629e+09 1.596943885087966919e-01 2.451480329036712646e-01 1.198553800582885742e+00 6.371009945869445801e-01 -5.619812011718750000e-01 -2.995471656322479248e-01 -4.342246055603027344e-01 5.467576163805860645e-01 3.890695992774486078e-01 -3.285560402181976203e-01 1.679249446218861741e-01 -2.966006787074410359e-02 4.152247497814682831e-01 1.993903489339352020e-01
1.661968261709520102e+09 1.596943885087966919e-01 2.451480329036712646e-01 1.198553800582885742e+00 6.371009945869445801e-01 -5.619812011718750000e-01 -2.995471656322479248e-01 -4.342246055603027344e-01 0.000000000000000000e+00 0.000000000000000000e+00 0.000000000000000000e+00 0.000000000000000000e+00 0.000000000000000000e+00 0.000000000000000000e+00 0.000000000000000000e+00
1.661968261741435766e+09 1.615443527698516846e-01 2.531743645668029785e-01 1.203469157218933105e+00 6.335706114768981934e-01 -5.614252686500549316e-01 -3.044500648975372314e-01 -4.366922080516815186e-01 3.005398422314948803e-01 -3.744221413454608405e-02 -3.250908833250814034e-01 5.326532755871138392e-01 2.737243243869407761e-01 1.455163527926071065e-01 -7.353059513181289808e-02
1.661968261773349524e+09 1.634195446968078613e-01 2.611276507377624512e-01 1.208332300186157227e+00 6.300122737884521484e-01 -5.608402490615844727e-01 -3.093336820602416992e-01 -4.391530156135559082e-01 2.979595786525328083e-01 -3.744445189537085050e-02 -3.251103126152633527e-01 5.326851099927789601e-01 2.737406837178286145e-01 1.455250496819683603e-01 -7.353498974065415805e-02
1.661968261805264473e+09 1.653196811676025391e-01 2.690068483352661133e-01 1.213142514228820801e+00 6.264265775680541992e-01 -5.602260828018188477e-01 -3.141977787017822266e-01 -4.416065216064453125e-01 2.953158303936597173e-01 -3.744305326351123758e-02 -3.250981690367522603e-01 5.326652130433385812e-01 2.737304589068785821e-01 1.455196140042996633e-01 -7.353224304857453042e-02
1.661968261837179184e+09 1.672444641590118408e-01 2.768108844757080078e-01 1.217899441719055176e+00 6.228132843971252441e-01 -5.595830082893371582e-01 -3.190420866012573242e-01 -4.440524578094482422e-01 2.926558949051930036e-01 -3.744333298152455886e-02 -3.251005976798796993e-01 5.326691923143090923e-01 2.737325038079611028e-01 1.455207011073476608e-01 -7.353279237057375184e-02
1.661968261868097544e+09 1.691935956478118896e-01 2.845387458801269531e-01 1.222602725028991699e+00 6.191729307174682617e-01 -5.589112639427185059e-01 -3.238664865493774414e-01 -4.464903175830841064e-01 2.993101540058286103e-01 -3.864995298391343120e-02 -3.355770390838186956e-01 5.498345793384799007e-01 2.825535965926671556e-01 1.502101391123569218e-01 -7.590240348798206471e-02
1.661968261899013996e+09 1.711667329072952271e-01 2.921894490718841553e-01 1.227251768112182617e+00 6.155055165290832520e-01 -5.582110285758972168e-01 -3.286707103252410889e-01 -4.489197432994842529e-01 2.965198064697768809e-01 -3.865233744038371749e-02 -3.355977420544654088e-01 5.498685006377144191e-01 2.825710283538858114e-01 1.502194061233221856e-01 -7.590708618390105966e-02
1.661968261930927753e+09 1.731635928153991699e-01 2.997619509696960449e-01 1.231846094131469727e+00 6.118112802505493164e-01 -5.574825406074523926e-01 -3.334546089172363281e-01 -4.513404369354248047e-01 2.845024162640943377e-01 -3.744445189537085050e-02 -3.251103126152564138e-01 5.326851099927789601e-01 2.737406837178286145e-01 1.455250496819683603e-01 -7.353498974065415805e-02
1.661968261961845398e+09 1.751838177442550659e-01 3.072552978992462158e-01 1.236385226249694824e+00 6.080905199050903320e-01 -5.567259192466735840e-01 -3.382179737091064453e-01 -4.537519812583923340e-01 2.907997756603834527e-01 -3.865084712061318817e-02 -3.355848023984764339e-01 5.498472993352258031e-01 2.825601332510809249e-01 1.502136141074781883e-01 -7.590415943124509401e-02
1.661968261992762566e+09 1.772271096706390381e-01 3.146685063838958740e-01 1.240868806838989258e+00 6.043432950973510742e-01 -5.559414029121398926e-01 -3.429606258869171143e-01 -4.561538994312286377e-01 2.879081031737627527e-01 -3.865144323473022892e-02 -3.355899781411191274e-01 5.498557796600322956e-01 2.825644911913821611e-01 1.502159308602174503e-01 -7.590533010522380886e-02
1.661968262024677992e+09 1.792931109666824341e-01 3.220005929470062256e-01 1.245296359062194824e+00 6.005699634552001953e-01 -5.551291704177856445e-01 -3.476823270320892334e-01 -4.585458636283874512e-01 2.760686849447069879e-01 -3.744249384002209385e-02 -3.250933118593608562e-01 5.326572546797353480e-01 2.737263691963699452e-01 1.455174398469297470e-01 -7.353114442919428395e-02
1.661968262055594921e+09 1.813814938068389893e-01 3.292506039142608643e-01 1.249667525291442871e+00 5.967706441879272461e-01 -5.542895197868347168e-01 -3.523829579353332520e-01 -4.609275162220001221e-01 2.820325757504275055e-01 -3.865174129868333142e-02 -3.355925660723174109e-01 5.498600199205199157e-01 2.825666702119427054e-01 1.502170892633858112e-01 -7.590591545575478549e-02
1.661968262086512804e+09 1.834919005632400513e-01 3.364176452159881592e-01 1.253981709480285645e+00 5.929455757141113281e-01 -5.534225702285766602e-01 -3.570623397827148438e-01 -4.632984995841979980e-01 2.790432393762135588e-01 -3.865054907044993687e-02 -3.355822145870086537e-01 5.498430592709182552e-01 2.825579543313377906e-01 1.502124557579065101e-01 -7.590357410779696723e-02
1.661968262117431402e+09 1.856239736080169678e-01 3.435007929801940918e-01 1.258238434791564941e+00 5.890949368476867676e-01 -5.525286197662353516e-01 -3.617202043533325195e-01 -4.656584560871124268e-01 2.760288809663942189e-01 -3.864965494753996172e-02 -3.355744513920875249e-01 5.498303394703459857e-01 2.825514177737363242e-01 1.502089808163782070e-01 -7.590181819161488652e-02
1.661968262148347616e+09 1.877773702144622803e-01 3.504990935325622559e-01 1.262437462806701660e+00 5.852190256118774414e-01 -5.516077876091003418e-01 -3.663564622402191162e-01 -4.680069386959075928e-01 2.730180686618093877e-01 -3.865263551812941206e-02 -3.356003301054097387e-01 5.498727410944100891e-01 2.825732074752735357e-01 1.502205645800927802e-01 -7.590767156151675965e-02
1.661968262180262804e+09 1.899517178535461426e-01 3.574117124080657959e-01 1.266578316688537598e+00 5.813180804252624512e-01 -5.506603121757507324e-01 -3.709710538387298584e-01 -4.703435599803924561e-01 2.615112998426592505e-01 -3.744277354967710802e-02 -3.250957404299106290e-01 5.326612338318075235e-01 2.737284140363483997e-01 1.455185269174938123e-01 -7.353169373478085635e-02
1.661968262211179018e+09 1.921466588973999023e-01 3.642377257347106934e-01 1.270660400390625000e+00 5.773922204971313477e-01 -5.496864914894104004e-01 -3.755635619163513184e-01 -4.726679623126983643e-01 2.668760091806506307e-01 -3.865263551812851694e-02 -3.356003301054097387e-01 5.498727410944028726e-01 2.825732074752717593e-01 1.502205645800891720e-01 -7.590767156151675965e-02
1.661968262242095947e+09 1.943617910146713257e-01 3.709762692451477051e-01 1.274683594703674316e+00 5.734418034553527832e-01 -5.486864447593688965e-01 -3.801340162754058838e-01 -4.749798178672790527e-01 2.637650906568358988e-01 -3.865174129868422653e-02 -3.355925660723246273e-01 5.498600199205270211e-01 2.825666702119427054e-01 1.502170892633876154e-01 -7.590591545575478549e-02
1.661968262274010420e+09 1.965967714786529541e-01 3.776265382766723633e-01 1.278647303581237793e+00 5.694670677185058594e-01 -5.476604104042053223e-01 -3.846822082996368408e-01 -4.772787392139434814e-01 2.524889639816412235e-01 -3.744361270371717593e-02 -3.251030263592936675e-01 5.326731716447412612e-01 2.737345487395966837e-01 1.455217882266381657e-01 -7.353334170078218435e-02
1.661968262305925131e+09 1.988511830568313599e-01 3.841876387596130371e-01 1.282551050186157227e+00 5.654680728912353516e-01 -5.466086864471435547e-01 -3.892079591751098633e-01 -4.795643687248229980e-01 2.494306012614113111e-01 -3.744333298152455886e-02 -3.251005976798796993e-01 5.326691923143090923e-01 2.737325038079611028e-01 1.455207011073476608e-01 -7.353279237057375184e-02
1.661968262337839842e+09 2.011246532201766968e-01 3.906588256359100342e-01 1.286394596099853516e+00 5.614452362060546875e-01 -5.455313920974731445e-01 -3.937111496925354004e-01 -4.818362593650817871e-01 2.463574816362555098e-01 -3.744333298152369149e-02 -3.251005976798796993e-01 5.326691923143160867e-01 2.737325038079611028e-01 1.455207011073476608e-01 -7.353279237057548656e-02
1.661968262369755507e+09 2.034167945384979248e-01 3.970392048358917236e-01 1.290177583694458008e+00 5.573987364768981934e-01 -5.444288849830627441e-01 -3.981916904449462891e-01 -4.840941727161407471e-01 2.432549230339782487e-01 -3.744221413454608405e-02 -3.250908833250814034e-01 5.326532755871138392e-01 2.737243243869416087e-01 1.455163527926071065e-01 -7.353059513181289808e-02
1.661968262402671576e+09 2.057271897792816162e-01 4.033280611038208008e-01 1.293899416923522949e+00 5.533288717269897461e-01 -5.433012843132019043e-01 -4.026493430137634277e-01 -4.863376319408416748e-01 2.328401287478174542e-01 -3.630424853619351744e-02 -3.152105316922257927e-01 5.164645667332566914e-01 2.654051351566976136e-01 1.410937349719655065e-01 -7.129581042101261479e-02
1.661968262431589365e+09 2.080554366111755371e-01 4.095245897769927979e-01 1.297559976577758789e+00 5.492358803749084473e-01 -5.421488881111145020e-01 -4.070841073989868164e-01 -4.885663688182830811e-01 2.615766419834162915e-01 -4.132380701547429258e-02 -3.587926952380962597e-01 5.878728508796593477e-01 3.021010220111596256e-01 1.606018719616584822e-01 -8.115343051137770269e-02
1.661968262463504314e+09 2.104011476039886475e-01 4.156280159950256348e-01 1.301158666610717773e+00 5.451199412345886230e-01 -5.409719347953796387e-01 -4.114956557750701904e-01 -4.907799959182739258e-01 2.338578332981141872e-01 -3.744305326351123758e-02 -3.250981690367453214e-01 5.326652130433351395e-01 2.737304589068785821e-01 1.455196140042996633e-01 -7.353224304857279570e-02
1.661968262495420694e+09 2.127638906240463257e-01 4.216376245021820068e-01 1.304695248603820801e+00 5.409814715385437012e-01 -5.397705435752868652e-01 -4.158840179443359375e-01 -4.929780364036560059e-01 2.306786998956323054e-01 -3.744137504319033916e-02 -3.250835979399674946e-01 5.326413386659402116e-01 2.737181901419593610e-01 1.455130917270840152e-01 -7.352894728891364029e-02
1.661968262527336597e+09 2.151432633399963379e-01 4.275526702404022217e-01 1.308169364929199219e+00 -5.368204712867736816e-01 5.385451316833496094e-01 4.202490150928497314e-01 4.951603114604949951e-01 2.274966802959011991e-01 -3.744193443324900228e-02 -3.250884548270852048e-01 5.326492965539452173e-01 2.737222796080645004e-01 1.455152657545255024e-01 -7.353004584263998777e-02
1.661968262559251308e+09 2.175388336181640625e-01 4.333724081516265869e-01 1.311580538749694824e+00 -5.326374173164367676e-01 5.372958779335021973e-01 4.245905280113220215e-01 4.973263144493103027e-01 2.243011490589703616e-01 -3.744333298152455886e-02 -3.251005976798796993e-01 5.326691923143125340e-01 2.737325038079611028e-01 1.455207011073476608e-01 -7.353279237057548656e-02
1.661968262590166807e+09 2.199501693248748779e-01 4.390962123870849609e-01 1.314928531646728516e+00 -5.284325480461120605e-01 5.360228419303894043e-01 4.289084672927856445e-01 4.994757473468780518e-01 2.282313588071773480e-01 -3.865352977895161746e-02 -3.356080944977495872e-01 5.498854628569157521e-01 2.825797450410943989e-01 1.502240400576048129e-01 -7.590942774853667863e-02
1.661968262622082233e+09 2.223768681287765503e-01 4.447233378887176514e-01 1.318213105201721191e+00 -5.242061018943786621e-01 5.347265601158142090e-01 4.332026839256286621e-01 5.016083717346191406e-01 2.178516747468418890e-01 -3.744249384002121955e-02 -3.250933118593539173e-01 5.326572546797353480e-01 2.737263691963699452e-01 1.455174398469297470e-01 -7.353114442919254923e-02
1.661968262653994799e+09 2.248184680938720703e-01 4.502531290054321289e-01 1.321433663368225098e+00 -5.199584364891052246e-01 5.334071516990661621e-01 4.374731481075286865e-01 5.037236213684082031e-01 2.146249643525919848e-01 -3.744585063172391204e-02 -3.251224571010205011e-01 5.327050084287295872e-01 2.737509092926737053e-01 1.455304857657379325e-01 -7.353773663794070659e-02
1.661968262685909510e+09 2.272745370864868164e-01 4.556849598884582520e-01 1.324590206146240234e+00 -5.156896114349365234e-01 5.320647954940795898e-01 4.417196512222290039e-01 5.058212876319885254e-01 2.113580115676916005e-01 -3.744333298152455886e-02 -3.251005976798796993e-01 5.326691923143125340e-01 2.737325038079593265e-01 1.455207011073476608e-01 -7.353279237057375184e-02
1.661968262717824459e+09 2.297446429729461670e-01 4.610181450843811035e-01 1.327682137489318848e+00 -5.113998651504516602e-01 5.306996107101440430e-01 4.459418356418609619e-01 5.079011917114257812e-01 2.080877137078873951e-01 -3.744305326351123758e-02 -3.250981690367522603e-01 5.326652130433315868e-01 2.737304589068785821e-01 1.455196140042996633e-01 -7.353224304857453042e-02
1.661968262747745037e+09 2.322283387184143066e-01 4.662521183490753174e-01 1.330709218978881836e+00 -5.070900321006774902e-01 5.293123126029968262e-01 4.501403272151947021e-01 5.099626183509826660e-01 2.184632502880631821e-01 -3.993883910966785494e-02 -3.467677535971560587e-01 5.681702849747711781e-01 2.919761025031369361e-01 1.552192982264738175e-01 -7.843357227899695749e-02
1.661968262779660463e+09 2.347251623868942261e-01 4.713862538337707520e-01 1.333671331405639648e+00 -5.027598142623901367e-01 5.279027819633483887e-01 4.543145298957824707e-01 5.120054483413696289e-01 2.015252358889488005e-01 -3.744249384002121955e-02 -3.250933118593539173e-01 5.326572546797353480e-01 2.737263691963699452e-01 1.455174398469297470e-01 -7.353114442919254923e-02
1.661968262810576439e+09 2.372346967458724976e-01 4.764199554920196533e-01 1.336567878723144531e+00 -4.984097182750701904e-01 5.264713168144226074e-01 4.584643542766571045e-01 5.140292644500732422e-01 2.046386232764822732e-01 -3.865293360047256099e-02 -3.356029181962713048e-01 5.498769816165054447e-01 2.825753866302694317e-01 1.502217230547273907e-01 -7.590825694816112634e-02
1.661968262841494560e+09 2.397564500570297241e-01 4.813526868820190430e-01 1.339398860931396484e+00 -4.940401315689086914e-01 5.250183939933776855e-01 4.625898897647857666e-01 5.160337686538696289e-01 2.012210739425993600e-01 -3.865025102488338360e-02 -3.355796268154587758e-01 5.498388192720070622e-01 2.825557754452010517e-01 1.502112974261995415e-01 -7.590298879337602223e-02
1.661968262873410463e+09 2.422899752855300903e-01 4.861838221549987793e-01 1.342163801193237305e+00 -4.896510243415832520e-01 5.235438346862792969e-01 4.666907787322998047e-01 5.180187821388244629e-01 1.916236277323071779e-01 -3.744193443324900228e-02 -3.250884548270887020e-01 5.326492965539417757e-01 2.737222796080636122e-01 1.455152657545255024e-01 -7.353004584263998777e-02
1.661968262905325413e+09 2.448348104953765869e-01 4.909128844738006592e-01 1.344862580299377441e+00 -4.852429926395416260e-01 5.220482945442199707e-01 4.707672595977783203e-01 5.199837088584899902e-01 1.883221935428749105e-01 -3.744305326351036328e-02 -3.250981690367522603e-01 5.326652130433351395e-01 2.737304589068785821e-01 1.455196140042996633e-01 -7.353224304857453042e-02
1.661968262936758041e+09 2.473904937505722046e-01 4.955393373966217041e-01 1.347494959831237793e+00 -4.808162748813629150e-01 5.205319523811340332e-01 4.748191237449645996e-01 5.219283103942871094e-01 1.878512839722972783e-01 -3.801760154816424125e-02 -3.300866670112463375e-01 5.408387421167903941e-01 2.779307404521736413e-01 1.477525527558788687e-01 -7.466056513846540399e-02
