1.661968266969048500e+09 1.378528122206244648e-16 -2.367949187755584717e-01 1.128897309303283691e+00 -6.125128269195556641e-01 6.125135421752929688e-01 3.533097505569458008e-01 3.533093035221099854e-01 0.000000000000000000e+00 0.000000000000000000e+00 0.000000000000000000e+00 0.000000000000000000e+00 0.000000000000000000e+00 0.000000000000000000e+00 0.000000000000000000e+00
1.661968268717905045e+09 1.378528122206244648e-16 -2.367949187755584717e-01 1.128897309303283691e+00 -6.125128269195556641e-01 6.125135421752929688e-01 3.533097505569458008e-01 3.533093035221099854e-01 0.000000000000000000e+00 0.000000000000000000e+00 0.000000000000000000e+00 0.000000000000000000e+00 0.000000000000000000e+00 0.000000000000000000e+00 0.000000000000000000e+00
1.661968268745831490e+09 3.460078733041882515e-03 -2.267194390296936035e-01 1.139638781547546387e+00 -6.098312735557556152e-01 6.119905710220336914e-01 3.557209372520446777e-01 3.564210534095764160e-01 5.417209288157533997e-01 -1.781562091862686492e-01 -5.441109123999150476e-01 7.618869731473979501e-01 1.393712179657553563e-01 1.053887510612212947e-01 -1.320804487879031208e-01
1.661968268776747704e+09 7.024778053164482117e-03 -2.166223376989364624e-01 1.150253772735595703e+00 -6.071397662162780762e-01 6.114459037780761719e-01 3.581053316593170166e-01 3.595494627952575684e-01 4.876950540159066816e-01 -1.609275178481555102e-01 -4.914923760813821318e-01 6.882082865900052138e-01 1.258932499133572080e-01 9.519707561619296377e-02 -1.193075384618473428e-01
1.661968268808662415e+09 1.069456618279218674e-02 -2.065066695213317871e-01 1.160740733146667480e+00 -6.044382452964782715e-01 6.108795404434204102e-01 3.604628145694732666e-01 3.626942932605743408e-01 4.708066737616025121e-01 -1.558926721530397852e-01 -4.761153398418122018e-01 6.666767140198651687e-01 1.219545009918178713e-01 9.221870005455680419e-02 -1.155748328658648544e-01
1.661968268840577841e+09 1.446986198425292969e-02 -1.963754296302795410e-01 1.171098470687866211e+00 -6.017269492149353027e-01 6.102916002273559570e-01 3.627932071685791016e-01 3.658552765846252441e-01 4.691324404881019317e-01 -1.558891784466657771e-01 -4.761046696340799356e-01 6.666617731464195007e-01 1.219517678728614801e-01 9.221663334381399735e-02 -1.155722427214739695e-01
1.661968268872012377e+09 1.835103332996368408e-02 -1.862316876649856567e-01 1.181325316429138184e+00 -5.990058183670043945e-01 6.096819639205932617e-01 3.650963306427001953e-01 3.690319657325744629e-01 4.745742556301405513e-01 -1.582739946180090340e-01 -4.833881907014621615e-01 6.768604655332672859e-01 1.238174044170081561e-01 9.362737731370669725e-02 -1.173402843273566865e-01
1.661968268903923035e+09 2.233839593827724457e-02 -1.760785132646560669e-01 1.191420197486877441e+00 -5.962750911712646484e-01 6.090508103370666504e-01 3.673721253871917725e-01 3.722242712974548340e-01 4.657521406230485939e-01 -1.559124727808395283e-01 -4.761758133875275134e-01 6.667613916207733027e-01 1.219699909802136883e-01 9.223041316544737522e-02 -1.155895125439847654e-01
1.661968268934840202e+09 2.643221803009510040e-02 -1.659189611673355103e-01 1.201381564140319824e+00 -5.935347676277160645e-01 6.083980202674865723e-01 3.696204423904418945e-01 3.754318356513977051e-01 4.788783833986970384e-01 -1.609225538604369399e-01 -4.914772154540931193e-01 6.881870580423523620e-01 1.258893665964778141e-01 9.519413915684454830e-02 -1.193038582885396631e-01
1.661968268965760231e+09 3.063271567225456238e-02 -1.557561606168746948e-01 1.211208224296569824e+00 -5.907850265502929688e-01 6.077237129211425781e-01 3.718410432338714600e-01 3.786544501781463623e-01 4.769575236478373337e-01 -1.609076637345476790e-01 -4.914317391834704396e-01 6.881233802564623581e-01 1.258777180831291698e-01 9.518533086563886469e-02 -1.192928191307188746e-01
1.661968268996674776e+09 3.494004905223846436e-02 -1.455932259559631348e-01 1.220898985862731934e+00 -5.880258679389953613e-01 6.070279479026794434e-01 3.740339279174804688e-01 3.818916678428649902e-01 4.751292407177017396e-01 -1.609362055636131827e-01 -4.915189094298840211e-01 6.882454396999896362e-01 1.259000462944114274e-01 9.520221485599614231e-02 -1.193139793114933594e-01
1.661968269026595354e+09 3.935433551669120789e-02 -1.354332417249679565e-01 1.230452537536621094e+00 -5.852575302124023438e-01 6.063106060028076172e-01 3.761988580226898193e-01 3.851433694362640381e-01 4.888979202585980177e-01 -1.662825356537739885e-01 -5.078472572131853546e-01 7.111090786853696555e-01 1.300824687859751805e-01 9.836484979045526100e-02 -1.232776114571354359e-01
1.661968269057513237e+09 4.387562721967697144e-02 -1.252793818712234497e-01 1.239867687225341797e+00 -5.824800133705139160e-01 6.055719256401062012e-01 3.783358037471771240e-01 3.884091973304748535e-01 4.711407332308019114e-01 -1.609188310706120839e-01 -4.914658455974052487e-01 6.881711374910290946e-01 1.258864542660318164e-01 9.519193693121456856e-02 -1.193010983075482728e-01
1.661968269089428186e+09 4.850393906235694885e-02 -1.151347830891609192e-01 1.249143242835998535e+00 -5.796934366226196289e-01 6.048117280006408691e-01 3.804445564746856689e-01 3.916888833045959473e-01 4.544622692372614625e-01 -1.558915075668493577e-01 -4.761117830527560879e-01 6.666717336543137584e-01 1.219535899385545963e-01 9.221801114068305105e-02 -1.155739694715015586e-01
1.661968269121341944e+09 5.323922261595726013e-02 -1.050025969743728638e-01 1.258278131484985352e+00 -5.768978595733642578e-01 6.040303111076354980e-01 3.825250566005706787e-01 3.949820995330810547e-01 4.524875580413227905e-01 -1.558973306718116625e-01 -4.761295675294857643e-01 6.666966362262437551e-01 1.219581453409997046e-01 9.222145581298366035e-02 -1.155782865723215258e-01
1.661968269153256893e+09 5.808137729763984680e-02 -9.488598257303237915e-02 1.267271161079406738e+00 -5.740934610366821289e-01 6.032273769378662109e-01 3.845771253108978271e-01 3.982886075973510742e-01 4.504445470436881371e-01 -1.558915075668484695e-01 -4.761117830527560879e-01 6.666717336543067640e-01 1.219535899385545963e-01 9.221801114068305105e-02 -1.155739694715015586e-01
1.661968269185171366e+09 6.303025037050247192e-02 -8.478810638189315796e-02 1.276121497154235840e+00 -5.712803602218627930e-01 6.024031639099121094e-01 3.866007328033447266e-01 4.016081392765045166e-01 4.483977358347572273e-01 -1.558938367566312655e-01 -4.761188966840175785e-01 6.666816944598357164e-01 1.219554120586941459e-01 9.221938897872368479e-02 -1.155756962731273457e-01
1.661968269216088772e+09 6.808564811944961548e-02 -7.471215724945068359e-02 1.284827828407287598e+00 -5.684585571289062500e-01 6.015576720237731934e-01 3.885956406593322754e-01 4.049402177333831787e-01 4.607005278247589541e-01 -1.609213129113568341e-01 -4.914734254434164340e-01 6.881817511100593032e-01 1.258883958046905505e-01 9.519340507031295862e-02 -1.193029382806871652e-01
1.661968269247006893e+09 7.324730604887008667e-02 -6.466130912303924561e-02 1.293389320373535156e+00 -5.656282901763916016e-01 6.006909012794494629e-01 3.905618488788604736e-01 4.082848727703094482e-01 4.585041092690367304e-01 -1.609175901789483276e-01 -4.914620557620751895e-01 6.881658308042881700e-01 1.258854835191609844e-01 9.519120287864724084e-02 -1.193001783422634743e-01
1.661968269278921843e+09 7.851491123437881470e-02 -5.463874340057373047e-02 1.301805138587951660e+00 -5.627895593643188477e-01 5.998029112815856934e-01 3.924991786479949951e-01 4.116415083408355713e-01 4.420385892628997948e-01 -1.558915075668493577e-01 -4.761117830527630268e-01 6.666717336543137584e-01 1.219535899385545963e-01 9.221801114068305105e-02 -1.155739694715015586e-01
1.661968269311834574e+09 8.388810604810714722e-02 -4.464764520525932312e-02 1.310074090957641602e+00 -5.599424839019775391e-01 5.988938212394714355e-01 3.944076299667358398e-01 4.150100052356719971e-01 4.265255547035272099e-01 -1.511655034872861625e-01 -4.616779869842297379e-01 6.464609256240612112e-01 1.182564471463483091e-01 8.942233160905041500e-02 -1.120702311361768538e-01
1.661968269341753244e+09 8.936647325754165649e-02 -3.469120338559150696e-02 1.318195343017578125e+00 -5.570871829986572266e-01 5.979634523391723633e-01 3.962870836257934570e-01 4.183900356292724609e-01 4.668572300070930603e-01 -1.662931363509331795e-01 -5.078796330424096839e-01 7.111544126824808076e-01 1.300907616884860729e-01 9.837112065936960692e-02 -1.232854705423988978e-01
1.661968269373179436e+09 9.494953602552413940e-02 -2.477260492742061615e-02 1.326168179512023926e+00 -5.542236566543579102e-01 5.970121026039123535e-01 3.981372714042663574e-01 4.217812418937683105e-01 4.421978220039757268e-01 -1.583160213821761531e-01 -4.835165455935082068e-01 6.770401934489470586e-01 1.238502818639177078e-01 9.365223835114651341e-02 -1.173714418935040971e-01
1.661968269405093670e+09 1.006367728114128113e-01 -1.489503122866153717e-02 1.333991765975952148e+00 -5.513522028923034668e-01 5.960395932197570801e-01 3.999582529067993164e-01 4.251834452152252197e-01 4.331798237872152013e-01 -1.558950013776242149e-01 -4.761224535793595614e-01 6.666866749742270670e-01 1.219563231391832953e-01 9.222007791318392877e-02 -1.155765596932919193e-01
1.661968269437007904e+09 1.064276024699211121e-01 -5.061667412519454956e-03 1.341665148735046387e+00 -5.484728217124938965e-01 5.950461030006408691e-01 4.017499089241027832e-01 4.285962283611297607e-01 4.308958478040696427e-01 -1.558950013776242149e-01 -4.761224535793595614e-01 6.666866749742270670e-01 1.219563231391837393e-01 9.222007791318392877e-02 -1.155765596932919193e-01
1.661968269467925549e+09 1.123213991522789001e-01 4.724309314042329788e-03 1.349187731742858887e+00 -5.455856323242187500e-01 5.940316319465637207e-01 4.035122096538543701e-01 4.320193231105804443e-01 4.424055368972245605e-01 -1.609200719814143088e-01 -4.914696354911780030e-01 6.881764442596212117e-01 1.258874250278747275e-01 9.519267099510125840e-02 -1.193020182870233314e-01
1.661968269499347210e+09 1.183174699544906616e-01 1.445972546935081482e-02 1.356558680534362793e+00 -5.426906943321228027e-01 5.929962396621704102e-01 4.052449166774749756e-01 4.354524612426757812e-01 4.329418555798713042e-01 -1.583388452592419948e-01 -4.835862525132545442e-01 6.771378000083401183e-01 1.238681369336898791e-01 9.366573987270071511e-02 -1.173883629311693322e-01
1.661968269531262636e+09 1.244150921702384949e-01 2.414141222834587097e-02 1.363777518272399902e+00 -5.397882461547851562e-01 5.919398069381713867e-01 4.069481790065765381e-01 4.388954043388366699e-01 4.238944500702165330e-01 -1.558891784466653330e-01 -4.761046696340660023e-01 6.666617731464264951e-01 1.219517678728610499e-01 9.221663334381399735e-02 -1.155722427214739695e-01
1.661968269564176321e+09 1.306134611368179321e-01 3.376621380448341370e-02 1.370843291282653809e+00 -5.368782281875610352e-01 5.908626317977905273e-01 4.086216390132904053e-01 4.423477351665496826e-01 4.087340918618469487e-01 -1.511611234654546831e-01 -4.616646098603832682e-01 6.464421944128877495e-01 1.182530206647218890e-01 8.941974059618235104e-02 -1.120669839002149115e-01
1.661968269593607426e+09 1.369117349386215210e-01 4.333097115159034729e-02 1.377755641937255859e+00 -5.339608192443847656e-01 5.897645950317382812e-01 4.102654159069061279e-01 4.458092153072357178e-01 4.545055360529143273e-01 -1.690480067270401787e-01 -5.162933450355703391e-01 7.229356459151193848e-01 1.322458908384015197e-01 1.000007711194881299e-01 -1.253278608541967543e-01
1.661968269624525309e+09 1.433090120553970337e-01 5.283254757523536682e-02 1.384513974189758301e+00 -5.310361385345458984e-01 5.886457562446594238e-01 4.118794202804565430e-01 4.492795467376708984e-01 4.301597962111717854e-01 -1.609188310706120839e-01 -4.914658455974052487e-01 6.881711374910290946e-01 1.258864542660327046e-01 9.519193693121456856e-02 -1.193010983075496190e-01
1.661968269655442953e+09 1.498043537139892578e-01 6.226781383156776428e-02 1.391117572784423828e+00 -5.281042456626892090e-01 5.875062346458435059e-01 4.134635031223297119e-01 4.527584016323089600e-01 4.276521726543451307e-01 -1.609200719814147806e-01 -4.914696354911851639e-01 6.881764442596212117e-01 1.258874250278747275e-01 9.519267099510125840e-02 -1.193020182870233314e-01
1.661968269686871290e+09 1.563967615365982056e-01 7.163364440202713013e-02 1.397566080093383789e+00 -5.251653790473937988e-01 5.863460302352905273e-01 4.150176942348480225e-01 4.562455117702484131e-01 4.182178307400729600e-01 -1.583052123684276780e-01 -4.834835335398718903e-01 6.769939685836753318e-01 1.238418259957886208e-01 9.364584425203287266e-02 -1.173634283676579376e-01
1.661968269718786001e+09 1.630851477384567261e-01 8.092693984508514404e-02 1.403859019279479980e+00 -5.222195386886596680e-01 5.851651430130004883e-01 4.165418744087219238e-01 4.597405195236206055e-01 4.093803871272371220e-01 -1.558926721530397852e-01 -4.761153398418191407e-01 6.666767140198651687e-01 1.219545009918183015e-01 9.221870005455680419e-02 -1.155748328658644242e-01
1.661968269750702143e+09 1.698684394359588623e-01 9.014459699392318726e-02 1.409996032714843750e+00 -5.192667841911315918e-01 5.839636921882629395e-01 4.180360138416290283e-01 4.632432460784912109e-01 4.068847741882339886e-01 -1.558856848968812325e-01 -4.760939999045685767e-01 6.666468329426448181e-01 1.219490348764051824e-01 9.221456672570312041e-02 -1.155696526931757895e-01
1.661968269782616377e+09 1.767454743385314941e-01 9.928356111049652100e-02 1.415976524353027344e+00 -5.163073539733886719e-01 5.827416777610778809e-01 4.195000231266021729e-01 4.667532742023468018e-01 4.044154366298434722e-01 -1.558950013776242149e-01 -4.761224535793595614e-01 6.666866749742200726e-01 1.219563231391828650e-01 9.222007791318392877e-02 -1.155765596932919193e-01
1.661968269811535835e+09 1.837150156497955322e-01 1.083407476544380188e-01 1.421800255775451660e+00 -5.133412480354309082e-01 5.814991593360900879e-01 4.209338426589965820e-01 4.702703654766082764e-01 4.435301332646024441e-01 -1.720388228431537492e-01 -5.254276642557187404e-01 7.357259036802159535e-01 1.345855998315280411e-01 1.017699958721400705e-01 -1.275451752922551196e-01
1.661968269843450546e+09 1.907758265733718872e-01 1.173131391406059265e-01 1.427466869354248047e+00 -5.103686451911926270e-01 5.802361965179443359e-01 4.223375320434570312e-01 4.737941920757293701e-01 3.993878338506384185e-01 -1.558926721530397852e-01 -4.761153398418191407e-01 6.666767140198721631e-01 1.219545009918187456e-01 9.221870005455680419e-02 -1.155748328658648544e-01
1.661968269875365257e+09 1.979265809059143066e-01 1.261976957321166992e-01 1.432976126670837402e+00 -5.073896050453186035e-01 5.789528489112854004e-01 4.237109124660491943e-01 4.773244261741638184e-01 3.968616044155849343e-01 -1.558926721530406456e-01 -4.761153398418191407e-01 6.666767140198651687e-01 1.219545009918178713e-01 9.221870005455680419e-02 -1.155748328658639801e-01
1.661968269907280684e+09 2.051659226417541504e-01 1.349914222955703735e-01 1.438327789306640625e+00 -5.044041872024536133e-01 5.776491761207580566e-01 4.250538945198059082e-01 4.808607697486877441e-01 3.943181453215336418e-01 -1.558891784466657771e-01 -4.761046696340729967e-01 6.666617731464264951e-01 1.219517678728614801e-01 9.221663334381226262e-02 -1.155722427214748299e-01
1.661968269938197851e+09 2.124924361705780029e-01 1.436913311481475830e-01 1.443521499633789062e+00 -5.014127492904663086e-01 5.763251185417175293e-01 4.263666570186614990e-01 4.844029843807220459e-01 4.044236285746942716e-01 -1.609225538604360517e-01 -4.914772154541003357e-01 6.881870580423451456e-01 1.258893665964778141e-01 9.519413915684454830e-02 -1.193038582885387611e-01
1.661968269969115496e+09 2.199046462774276733e-01 1.522944718599319458e-01 1.448557257652282715e+00 -4.984150528907775879e-01 5.749809145927429199e-01 4.276489317417144775e-01 4.879505932331085205e-01 4.017870269692464524e-01 -1.609200719814156688e-01 -4.914696354911780030e-01 6.881764442596212117e-01 1.258874250278747275e-01 9.519267099510304864e-02 -1.193020182870237755e-01
1.661968270001029968e+09 2.274010479450225830e-01 1.607979089021682739e-01 1.453434824943542480e+00 -4.954113364219665527e-01 5.736165642738342285e-01 4.289008080959320068e-01 4.915035367012023926e-01 3.866832442855907548e-01 -1.558938367566312655e-01 -4.761188966840175785e-01 6.666816944598427108e-01 1.219554120586950202e-01 9.221938897872368479e-02 -1.155756962731282061e-01
1.661968270030949354e+09 2.349800914525985718e-01 1.691987216472625732e-01 1.458154082298278809e+00 -4.924019277095794678e-01 5.722318887710571289e-01 4.301223158836364746e-01 4.950614571571350098e-01 4.097396131213267290e-01 -1.662891609311107632e-01 -5.078674916227132741e-01 7.111374117562148101e-01 1.300876517261385923e-01 9.836876898983172579e-02 -1.232825232680006544e-01
1.661968270061866999e+09 2.426401376724243164e-01 1.774940341711044312e-01 1.462715029716491699e+00 -4.893866777420043945e-01 5.708272457122802734e-01 4.313132464885711670e-01 4.986239075660705566e-01 3.938679523534612259e-01 -1.609200719814147806e-01 -4.914696354911851639e-01 6.881764442596283171e-01 1.258874250278747275e-01 9.519267099510304864e-02 -1.193020182870237755e-01
1.661968270092784166e+09 2.503795623779296875e-01 1.856810003519058228e-01 1.467117667198181152e+00 -4.863657653331756592e-01 5.694026350975036621e-01 4.324737787246704102e-01 5.021907091140747070e-01 3.912324062346156928e-01 -1.609225538604369399e-01 -4.914772154541003357e-01 6.881870580423451456e-01 1.258893665964778141e-01 9.519413915684454830e-02 -1.193038582885396631e-01
1.661968270122703791e+09 2.581966221332550049e-01 1.937567591667175293e-01 1.471361875534057617e+00 -4.833393096923828125e-01 5.679579377174377441e-01 4.336037039756774902e-01 5.057615041732788086e-01 4.015444390219547466e-01 -1.662878358334078654e-01 -5.078634446118152068e-01 7.111317449614250608e-01 1.300866151050643904e-01 9.836798512497003932e-02 -1.232815408745152608e-01
1.661968270153621435e+09 2.660895884037017822e-01 2.017185389995574951e-01 1.475447654724121094e+00 -4.803074598312377930e-01 5.664933323860168457e-01 4.347030818462371826e-01 5.093360543251037598e-01 3.859418069542901453e-01 -1.609200719814147806e-01 -4.914696354911780030e-01 6.881764442596283171e-01 1.258874250278756435e-01 9.519267099510304864e-02 -1.193020182870228735e-01
1.661968270184540272e+09 2.740566432476043701e-01 2.095635533332824707e-01 1.479375243186950684e+00 -4.772703647613525391e-01 5.650089383125305176e-01 4.357719719409942627e-01 5.129139423370361328e-01 3.832910730039914560e-01 -1.609138676187782668e-01 -4.914506866067712143e-01 6.881499112350821790e-01 1.258825713683740799e-01 9.518900078886957661e-02 -1.192974185315320429e-01
1.661968270216455460e+09 2.820959687232971191e-01 2.172890603542327881e-01 1.483144640922546387e+00 -4.742279350757598877e-01 5.635046958923339844e-01 4.368102550506591797e-01 5.164949893951416016e-01 3.687761862820995717e-01 -1.558903429980569855e-01 -4.761082263168480155e-01 6.666667533631657205e-01 1.219526788989014066e-01 9.221732223710218945e-02 -1.155731060900380136e-01
1.661968270248370171e+09 2.902056574821472168e-01 2.248923629522323608e-01 1.486755967140197754e+00 -4.711805284023284912e-01 5.619807243347167969e-01 4.378179907798767090e-01 5.200788378715515137e-01 3.662389568917421845e-01 -1.558926721530406456e-01 -4.761153398418191407e-01 6.666767140198651687e-01 1.219545009918187456e-01 9.221870005455680419e-02 -1.155748328658648544e-01
1.661968270278290033e+09 2.902056574821472168e-01 2.248923629522323608e-01 1.486755967140197754e+00 -4.711805284023284912e-01 5.619807243347167969e-01 4.378179907798767090e-01 5.200788378715515137e-01 0.000000000000000000e+00 0.000000000000000000e+00 0.000000000000000000e+00 0.000000000000000000e+00 0.000000000000000000e+00 0.000000000000000000e+00 0.000000000000000000e+00
1.661968270310203314e+09 2.696220576763153076e-01 2.446743696928024292e-01 1.468894720077514648e+00 -4.794469177722930908e-01 5.592422485351562500e-01 4.412940442562103271e-01 5.124824643135070801e-01 1.055217708130991694e+00 5.936772842882110934e-01 -5.567990487388485565e-01 -7.691792424306827247e-02 4.301031166605280287e-01 3.068593918476942295e-01 -4.482153607160498932e-01
1.661968270342117786e+09 2.483759671449661255e-01 2.637729048728942871e-01 1.450769662857055664e+00 -4.875899553298950195e-01 5.564621090888977051e-01 4.446157217025756836e-01 5.048989653587341309e-01 1.060112901437097355e+00 5.936551088168461332e-01 -5.567782507705110184e-01 -7.691505114808612487e-02 4.300870511319994649e-01 3.068479298095851959e-01 -4.481986186456347609e-01
1.661968270373034716e+09 2.264917343854904175e-01 2.821654677391052246e-01 1.432385921478271484e+00 -4.956131279468536377e-01 5.536436438560485840e-01 4.477799534797668457e-01 4.973323643207550049e-01 1.099325280208277356e+00 6.128095562838959953e-01 -5.747428561395013791e-01 -7.939673670045621634e-02 4.439639296508826050e-01 3.167484637469172304e-01 -4.626598719358860912e-01
1.661968270403952599e+09 2.039945572614669800e-01 2.998303771018981934e-01 1.413749098777770996e+00 -5.035205483436584473e-01 5.507905483245849609e-01 4.507839679718017578e-01 4.897862970829010010e-01 1.104198059913057417e+00 6.127906539309696532e-01 -5.747251279689836734e-01 -7.939428767673764598e-02 4.439502354080330226e-01 3.167386935153823080e-01 -4.626456010093077942e-01
1.661968270434870720e+09 1.809102892875671387e-01 3.167468309402465820e-01 1.394864678382873535e+00 -5.113162398338317871e-01 5.479059219360351562e-01 4.536250531673431396e-01 4.822646081447601318e-01 1.108995636557299047e+00 6.127859285249399601e-01 -5.747206960972380818e-01 -7.939367544441440494e-02 4.439468119793207879e-01 3.167362510516753549e-01 -4.626420334152223091e-01
1.661968270465787172e+09 1.572655439376831055e-01 3.328949213027954102e-01 1.375738143920898438e+00 -5.190042853355407715e-01 5.449925065040588379e-01 4.563004076480865479e-01 4.747710824012756348e-01 1.113756547885673243e+00 6.128190078976673005e-01 -5.747517206349035401e-01 -7.939796126897395723e-02 4.439707770891266336e-01 3.167533490887174952e-01 -4.626670077293347783e-01
1.661968270497701645e+09 1.572655439376831055e-01 3.328949213027954102e-01 1.375738143920898438e+00 -5.190042853355407715e-01 5.449925065040588379e-01 4.563004076480865479e-01 4.747710824012756348e-01 0.000000000000000000e+00 0.000000000000000000e+00 0.000000000000000000e+00 0.000000000000000000e+00 0.000000000000000000e+00 0.000000000000000000e+00 0.000000000000000000e+00
1.661968270529616594e+09 1.623147726058959961e-01 3.437965810298919678e-01 1.375827312469482422e+00 -5.166206955909729004e-01 5.434733629226684570e-01 4.578472077846527100e-01 4.776146411895751953e-01 3.764545041165824890e-01 -8.610199731485096430e-02 -5.631006494464719792e-01 6.796562431420491990e-01 1.812200781461203170e-01 1.340063119901996058e-01 -1.765233626808865308e-01
1.661968270560534000e+09 1.674218475818634033e-01 3.545833826065063477e-01 1.375709533691406250e+00 -5.142213106155395508e-01 5.419521927833557129e-01 4.593665599822998047e-01 4.804652333259582520e-01 3.860379205539983816e-01 -8.888005939806800648e-02 -5.812689685569082387e-01 7.015852029522344768e-01 1.870671042722904798e-01 1.383299962932507399e-01 -1.822188503113576219e-01
1.661968270590960979e+09 1.725854277610778809e-01 3.652514517307281494e-01 1.375386238098144531e+00 -5.118058919906616211e-01 5.404292941093444824e-01 4.608583748340606689e-01 4.833223521709442139e-01 3.896681137536102679e-01 -9.031264270931788074e-02 -5.906379567117551188e-01 7.128934678203801001e-01 1.900822824065022121e-01 1.405596217624205391e-01 -1.851558834965221223e-01
1.661968270621879816e+09 1.778040975332260132e-01 3.757969141006469727e-01 1.374858379364013672e+00 -5.093747973442077637e-01 5.389046669006347656e-01 4.623228311538696289e-01 4.861859679222106934e-01 3.809309673926645767e-01 -8.887594721407790499e-02 -5.812420751798939023e-01 7.015527429442361962e-01 1.870584493011251404e-01 1.383235962255662532e-01 -1.822104196527372100e-01
1.661968270653794765e+09 1.830764263868331909e-01 3.862159848213195801e-01 1.374127268791198730e+00 -5.069278478622436523e-01 5.373786687850952148e-01 4.637596607208251953e-01 4.890554845333099365e-01 3.665980319127123965e-01 -8.610199731485096430e-02 -5.631006494464719792e-01 6.796562431420456463e-01 1.812200781461220656e-01 1.340063119901996058e-01 -1.765233626808865308e-01
1.661968270685709000e+09 1.884009242057800293e-01 3.965049386024475098e-01 1.373194456100463867e+00 -5.044654011726379395e-01 5.358510613441467285e-01 4.651690423488616943e-01 4.919309020042419434e-01 3.641798389841983674e-01 -8.610392701641401969e-02 -5.631132695509732944e-01 6.796714754683090831e-01 1.812241396159929019e-01 1.340093153141379279e-01 -1.765273188888684675e-01
1.661968270717622280e+09 1.937760859727859497e-01 4.066600203514099121e-01 1.372061133384704590e+00 -5.019873380661010742e-01 5.343223810195922852e-01 4.665507972240447998e-01 4.948117434978485107e-01 3.617825775635195584e-01 -8.610650008638714992e-02 -5.631300972369460700e-01 6.796917862987835735e-01 1.812295551923574222e-01 1.340133199554746912e-01 -1.765325941086999251e-01
1.661968270748539925e+09 1.992003619670867920e-01 4.166775643825531006e-01 1.370728850364685059e+00 -4.994938969612121582e-01 5.327925682067871094e-01 4.679049253463745117e-01 4.976976811885833740e-01 3.709687028797470365e-01 -8.887937400764404916e-02 -5.812644861545843700e-01 7.015797927423107483e-01 1.870656617214778994e-01 1.383289295741768621e-01 -1.822174451474124768e-01
1.661968270778459787e+09 2.046721577644348145e-01 4.265539348125457764e-01 1.369199156761169434e+00 -4.969849884510040283e-01 5.312616825103759766e-01 4.692313969135284424e-01 5.005884766578674316e-01 3.808172089579505704e-01 -9.184336546710386573e-02 -6.006487695373781133e-01 7.249764079529326111e-01 1.933040160066142599e-01 1.429419882329681646e-01 -1.882941188100206442e-01
1.661968270809377909e+09 2.101898640394210815e-01 4.362855553627014160e-01 1.367473721504211426e+00 -4.944608211517333984e-01 5.297299623489379883e-01 4.705302119255065918e-01 5.034837722778320312e-01 3.661058215848940756e-01 -8.887800325850760130e-02 -5.812555215573271816e-01 7.015689725727743964e-01 1.870627766865963215e-01 1.383267961853802408e-01 -1.822146348845323505e-01
1.661968270841292143e+09 2.157518267631530762e-01 4.458688795566558838e-01 1.365554094314575195e+00 -4.919214546680450439e-01 5.281975269317626953e-01 4.718014001846313477e-01 5.063833594322204590e-01 3.523652085150454361e-01 -8.610392701641489399e-02 -5.631132695509732944e-01 6.796714754683090831e-01 1.812241396159946505e-01 1.340093153141396765e-01 -1.765273188888684675e-01
1.661968270873207331e+09 2.213563770055770874e-01 4.553003907203674316e-01 1.363442063331604004e+00 -4.893669784069061279e-01 5.266644954681396484e-01 4.730448424816131592e-01 5.092868208885192871e-01 3.500688669439144252e-01 -8.610135410021625690e-02 -5.630964428706741742e-01 6.796511658516783960e-01 1.812187243632831790e-01 1.340053109121324693e-01 -1.765220439842966615e-01
1.661968270905121803e+09 2.270017713308334351e-01 4.645766913890838623e-01 1.361139416694641113e+00 -4.867974519729614258e-01 5.251309871673583984e-01 4.742605984210968018e-01 5.121939182281494141e-01 3.478221076530263467e-01 -8.610328377294963753e-02 -5.631090627866200959e-01 6.796663979503609898e-01 1.812227857724756086e-01 1.340083141912019882e-01 -1.765260001331711293e-01
1.661968270937036276e+09 2.326862812042236328e-01 4.736943840980529785e-01 1.358647942543029785e+00 -4.842130541801452637e-01 5.235971212387084961e-01 4.754486680030822754e-01 5.151042938232421875e-01 3.456005962013412036e-01 -8.610328377294963753e-02 -5.631090627866166543e-01 6.796663979503609898e-01 1.812227857724756086e-01 1.340083141912019882e-01 -1.765260001331693807e-01
1.661968270968950272e+09 2.384081184864044189e-01 4.826501309871673584e-01 1.355969667434692383e+00 -4.816137850284576416e-01 5.220631361007690430e-01 4.766089618206024170e-01 5.180177092552185059e-01 3.434178227751752410e-01 -8.610457026949019932e-02 -5.631174763781811032e-01 6.796765530621288187e-01 1.812254934797419004e-01 1.340103164520354551e-01 -1.765286376642697386e-01
1.661968270998870850e+09 2.441654950380325317e-01 4.914406239986419678e-01 1.353106498718261719e+00 -4.789998531341552734e-01 5.205290913581848145e-01 4.777415990829467773e-01 5.209337472915649414e-01 3.640031259341665049e-01 -9.184116993819137209e-02 -6.006344109418163546e-01 7.249590772872196442e-01 1.932993950461991683e-01 1.429385711841004991e-01 -1.882896176119232545e-01
1.661968271030786753e+09 2.499565482139587402e-01 5.000626444816589355e-01 1.350060462951660156e+00 -4.763710200786590576e-01 5.189949274063110352e-01 4.788463413715362549e-01 5.238523483276367188e-01 3.391338797058571219e-01 -8.609942451397500918e-02 -5.630838235203688980e-01 6.796359344357179033e-01 1.812146631361282734e-01 1.340023077676771868e-01 -1.765180880127453222e-01
