1.661968285465503931e+09 1.378528122206244648e-16 -2.367949187755584717e-01 1.128897309303283691e+00 -6.125128269195556641e-01 6.125135421752929688e-01 3.533097505569458008e-01 3.533093035221099854e-01 0.000000000000000000e+00 0.000000000000000000e+00 0.000000000000000000e+00 0.000000000000000000e+00 0.000000000000000000e+00 0.000000000000000000e+00 0.000000000000000000e+00
1.661968291069621086e+09 1.378528122206244648e-16 -2.367949187755584717e-01 1.128897309303283691e+00 -6.125128269195556641e-01 6.125135421752929688e-01 3.533097505569458008e-01 3.533093035221099854e-01 0.000000000000000000e+00 0.000000000000000000e+00 0.000000000000000000e+00 0.000000000000000000e+00 0.000000000000000000e+00 0.000000000000000000e+00 0.000000000000000000e+00
1.661968291098544359e+09 2.239353256300091743e-03 -2.270969450473785400e-01 1.139397263526916504e+00 -6.102010011672973633e-01 6.115311384201049805e-01 3.561519384384155273e-01 3.561464846134185791e-01 5.002097503103570819e-01 -1.184232601919999739e-01 -5.018197665780818051e-01 7.089705093341478470e-01 1.418697377363060952e-01 1.136914821676566906e-01 -1.251011972545816586e-01
1.661968291128972054e+09 4.550050012767314911e-03 -2.173747867345809937e-01 1.149783372879028320e+00 -6.078766584396362305e-01 6.105300188064575195e-01 3.589712679386138916e-01 3.589968383312225342e-01 4.736761936209092916e-01 -1.125681183146627906e-01 -4.770085434669689151e-01 6.739172359124557810e-01 1.348553434255933547e-01 1.080702912187061632e-01 -1.189158814833146394e-01
1.661968291160886765e+09 6.932387128472328186e-03 -2.076307386159896851e-01 1.160054326057434082e+00 -6.055399775505065918e-01 6.095103621482849121e-01 3.617677092552185059e-01 3.618601560592651367e-01 4.498454567739730847e-01 -1.073231806639182162e-01 -4.547830669571704676e-01 6.425171029348085705e-01 1.285719669356379935e-01 1.030349228761761327e-01 -1.133751796096290620e-01
1.661968291190806866e+09 9.386632591485977173e-03 -1.978671699762344360e-01 1.170208930969238281e+00 -6.031907200813293457e-01 6.084721684455871582e-01 3.645410537719726562e-01 3.647360801696777344e-01 4.779122074459300484e-01 -1.144778313200000980e-01 -4.851009717029247104e-01 6.853502111563379851e-01 1.371431581908647834e-01 1.099036987920134489e-01 -1.209332840019846644e-01
1.661968291222721815e+09 1.191302482038736343e-02 -1.880864202976226807e-01 1.180245637893676758e+00 -6.008292436599731445e-01 6.074154376983642578e-01 3.672912120819091797e-01 3.676246106624603271e-01 4.461898558476832255e-01 -1.073223789129933992e-01 -4.547796695294744063e-01 6.425123030520863976e-01 1.285710064470196590e-01 1.030341531604047206e-01 -1.133743326476349539e-01
1.661968291254637718e+09 1.451177336275577545e-02 -1.782908737659454346e-01 1.190163612365722656e+00 -5.984555482864379883e-01 6.063402891159057617e-01 3.700180947780609131e-01 3.705253303050994873e-01 4.442926616279906371e-01 -1.073191720290738865e-01 -4.547660803263360307e-01 6.424931042382511226e-01 1.285671646360466436e-01 1.030310744123179023e-01 -1.133709449261939006e-01
1.661968291286552906e+09 1.718305796384811401e-02 -1.684828996658325195e-01 1.199961304664611816e+00 -5.960696339607238770e-01 6.052467226982116699e-01 3.727215528488159180e-01 3.734380900859832764e-01 4.423698732109462850e-01 -1.073215771740464730e-01 -4.547762721525663299e-01 6.425075032410503262e-01 1.285700459727517897e-01 1.030333834561334566e-01 -1.133734856982942379e-01
1.661968291317470312e+09 1.992703042924404144e-02 -1.586648821830749512e-01 1.209637641906738281e+00 -5.936715602874755859e-01 6.041349768638610840e-01 3.754014372825622559e-01 3.763625323772430420e-01 4.546113280740516904e-01 -1.107851119602712292e-01 -4.694530359499898831e-01 6.632428217714352314e-01 1.327193218072942882e-01 1.063585275430873334e-01 -1.170323306565154015e-01
1.661968291348388195e+09 2.274380996823310852e-02 -1.488392204046249390e-01 1.219191551208496094e+00 -5.912613868713378906e-01 6.030049324035644531e-01 3.780577778816223145e-01 3.792985677719116211e-01 4.525293474873768873e-01 -1.107834033549926489e-01 -4.694457957177793350e-01 6.632325927779703090e-01 1.327172749173304855e-01 1.063568872076815497e-01 -1.170305257022730278e-01
1.661968291378305674e+09 2.563348598778247833e-02 -1.390083283185958862e-01 1.228621840476989746e+00 -5.888392925262451172e-01 6.018566489219665527e-01 3.806903362274169922e-01 3.822458088397979736e-01 4.654726586919875064e-01 -1.144878665928628497e-01 -4.851434962734864631e-01 6.854102898309211156e-01 1.371551803352207000e-01 1.099133330905774919e-01 -1.209438851680710858e-01
1.661968291409223318e+09 2.859612368047237396e-02 -1.291746348142623901e-01 1.237927317619323730e+00 -5.864051580429077148e-01 6.006901860237121582e-01 3.832989335060119629e-01 3.852041661739349365e-01 4.482539335799612390e-01 -1.107842576510431609e-01 -4.694494158059648314e-01 6.632377072352556580e-01 1.327182983544192840e-01 1.063577073690597924e-01 -1.170314281724343930e-01
1.661968291440140963e+09 3.163174912333488464e-02 -1.193405538797378540e-01 1.247107028961181641e+00 -5.839592218399047852e-01 5.995056629180908203e-01 3.858836889266967773e-01 3.881732225418090820e-01 4.460554909922567757e-01 -1.107842576510449650e-01 -4.694494158059648314e-01 6.632377072352699798e-01 1.327182983544201722e-01 1.063577073690615965e-01 -1.170314281724352951e-01
1.661968291472055197e+09 3.474036604166030884e-02 -1.095085218548774719e-01 1.256159901618957520e+00 -5.815014243125915527e-01 5.983030796051025391e-01 3.884443640708923340e-01 3.911529183387756348e-01 4.299575454315897605e-01 -1.073247842017069770e-01 -4.547898619648196861e-01 6.425267029154289045e-01 1.285738879559271686e-01 1.030364623422203862e-01 -1.133768735715829229e-01
1.661968291502972126e+09 3.792194277048110962e-02 -9.968098253011703491e-02 1.265084862709045410e+00 -5.790317654609680176e-01 5.970826148986816406e-01 3.909808695316314697e-01 3.941427767276763916e-01 4.415476120441488295e-01 -1.107868206182544835e-01 -4.694602764055207378e-01 6.632530510804200974e-01 1.327213687603962522e-01 1.063601679290914620e-01 -1.170341356664358068e-01
1.661968291533889771e+09 4.117641597986221313e-02 -8.986038714647293091e-02 1.273880958557128906e+00 -5.765504837036132812e-01 5.958442091941833496e-01 3.934931159019470215e-01 3.971427977085113525e-01 4.392201868260487418e-01 -1.107842576510436189e-01 -4.694494158059648314e-01 6.632377072352628744e-01 1.327182983544192840e-01 1.063577073690597924e-01 -1.170314281724343930e-01
1.661968291565804243e+09 4.450369998812675476e-02 -8.004917949438095093e-02 1.282547235488891602e+00 -5.740576386451721191e-01 5.945879220962524414e-01 3.959810733795166016e-01 4.001526236534118652e-01 4.232201858094775115e-01 -1.073239824268233805e-01 -4.547864644356068853e-01 6.425219028892671380e-01 1.285729274386070431e-01 1.030356926034479287e-01 -1.133760265842794490e-01
1.661968291595724583e+09 4.790366813540458679e-02 -7.024981826543807983e-02 1.291082620620727539e+00 -5.715531706809997559e-01 5.933139324188232422e-01 3.984444141387939453e-01 4.031718969345092773e-01 4.489520583307969326e-01 -1.144769191097027849e-01 -4.850971062025252190e-01 6.853447499809034449e-01 1.371420653731582895e-01 1.099028230304389536e-01 -1.209323203517670420e-01
1.661968291627639771e+09 5.137616768479347229e-02 -6.046476960182189941e-02 1.299486398696899414e+00 -5.690371394157409668e-01 5.920222401618957520e-01 4.008833765983581543e-01 4.062005579471588135e-01 4.185383079605600742e-01 -1.073215771740455987e-01 -4.547762721525663299e-01 6.425075032410573206e-01 1.285700459727517897e-01 1.030333834561334566e-01 -1.133734856982942379e-01
1.661968291659555674e+09 5.492101609706878662e-02 -5.069649964570999146e-02 1.307757616043090820e+00 -5.665098428726196289e-01 5.907127857208251953e-01 4.032977521419525146e-01 4.092383086681365967e-01 4.161403180917533362e-01 -1.073191720290751910e-01 -4.547660803263429696e-01 6.424931042382580060e-01 1.285671646360475040e-01 1.030310744123179023e-01 -1.133709449261947749e-01
1.661968291691468954e+09 5.853800103068351746e-02 -4.094747453927993774e-02 1.315895318984985352e+00 -5.639711618423461914e-01 5.893857479095458984e-01 4.056873321533203125e-01 4.122848808765411377e-01 4.137494066888282029e-01 -1.073279914210410885e-01 -4.548034525892831192e-01 6.425459037373069116e-01 1.285777301687240082e-01 1.030395414123219111e-01 -1.133802616473541802e-01
1.661968291722386122e+09 6.222687661647796631e-02 -3.122016228735446930e-02 1.323898792266845703e+00 -5.614210963249206543e-01 5.880412459373474121e-01 4.080521166324615479e-01 4.153399467468261719e-01 4.245440524511236990e-01 -1.107859662826748970e-01 -4.694566561498342283e-01 6.632479363864822730e-01 1.327203452759531388e-01 1.063593477297644641e-01 -1.170332331545159144e-01
1.661968291753303289e+09 6.598736345767974854e-02 -2.151703834533691406e-02 1.331767320632934570e+00 -5.588598251342773438e-01 5.866792798042297363e-01 4.103921055793762207e-01 4.184033870697021484e-01 4.219755028305269273e-01 -1.107859662826748970e-01 -4.694566561498342283e-01 6.632479363864967059e-01 1.327203452759526947e-01 1.063593477297644641e-01 -1.170332331545163584e-01
1.661968291785218239e+09 6.981915980577468872e-02 -1.184057258069515228e-02 1.339499831199645996e+00 -5.562874078750610352e-01 5.852999687194824219e-01 4.127071499824523926e-01 4.214748144149780273e-01 4.062566766955129638e-01 -1.073223789129925249e-01 -4.547796695294883396e-01 6.425123030520725198e-01 1.285710064470196590e-01 1.030341531604047206e-01 -1.133743326476345237e-01
1.661968291816137314e+09 7.372191548347473145e-02 -2.193237422034144402e-03 1.347095966339111328e+00 -5.537040233612060547e-01 5.839031934738159180e-01 4.149971902370452881e-01 4.245541989803314209e-01 4.167087145336274001e-01 -1.107791320723612166e-01 -4.694276961142853088e-01 6.632070216746358549e-01 1.327121579686343922e-01 1.063527865905195408e-01 -1.170260135602306101e-01
1.661968291847052813e+09 7.769528031349182129e-02 7.422494702041149139e-03 1.354554653167724609e+00 -5.511095523834228516e-01 5.824892520904541016e-01 4.172621369361877441e-01 4.276410639286041260e-01 4.140848041224561293e-01 -1.107919469084522324e-01 -4.694819991122538005e-01 6.632837409007119600e-01 1.327275099985694429e-01 1.063650893907174128e-01 -1.170395510302775777e-01
1.661968291877970695e+09 8.173883706331253052e-02 1.700415462255477905e-02 1.361875534057617188e+00 -5.485040545463562012e-01 5.810580849647521973e-01 4.195019006729125977e-01 4.307352304458618164e-01 4.113557493878998161e-01 -1.107834033549931069e-01 -4.694457957177793350e-01 6.632325927779703090e-01 1.327172749173304855e-01 1.063568872076815497e-01 -1.170305257022725698e-01
1.661968291909886360e+09 8.585216850042343140e-02 2.654927223920822144e-02 1.369057774543762207e+00 -5.458878278732299805e-01 5.796098113059997559e-01 4.217164516448974609e-01 4.338364303112030029e-01 3.958500508719042243e-01 -1.073199737320874175e-01 -4.547694775509913412e-01 6.424979038341411819e-01 1.285681250672655873e-01 1.030318440820903042e-01 -1.133717918375744260e-01
1.661968291940802336e+09 9.003480523824691772e-02 3.605538606643676758e-02 1.376100659370422363e+00 -5.432608127593994141e-01 5.781445503234863281e-01 4.239058196544647217e-01 4.369445145130157471e-01 4.058879287440889105e-01 -1.107902380923420915e-01 -4.694747579866423992e-01 6.632735106450510232e-01 1.327254628560313454e-01 1.063634488529041633e-01 -1.170377458533134324e-01
1.661968291972717524e+09 9.428625553846359253e-02 4.552002996206283569e-02 1.383003830909729004e+00 -5.406230688095092773e-01 5.766621232032775879e-01 4.260697960853576660e-01 4.400591552257537842e-01 3.904807564705827794e-01 -1.073215771740455987e-01 -4.547762721525593910e-01 6.425075032410503262e-01 1.285700459727517897e-01 1.030333834561334566e-01 -1.133734856982938077e-01
1.661968292002639294e+09 9.860599040985107422e-02 5.494074895977973938e-02 1.389766573905944824e+00 -5.379746556282043457e-01 5.751628875732421875e-01 4.282082915306091309e-01 4.431800246238708496e-01 4.135840416657765028e-01 -1.144714461531947391e-01 -4.850739144938034930e-01 6.853119847559334676e-01 1.371355088326343397e-01 1.098975687540731661e-01 -1.209265387729580310e-01
1.661968292034068584e+09 1.029934734106063843e-01 6.431508809328079224e-02 1.396388411521911621e+00 -5.353156924247741699e-01 5.736468434333801270e-01 4.303214251995086670e-01 4.463070034980773926e-01 3.909496047570726884e-01 -1.089807695387194353e-01 -4.618071166319175913e-01 6.524406739201774608e-01 1.305577398197938221e-01 1.046262803146994214e-01 -1.151262406128247123e-01
1.661968292065983057e+09 1.074481084942817688e-01 7.364060729742050171e-02 1.402868866920471191e+00 -5.326462388038635254e-01 5.721139311790466309e-01 4.324090778827667236e-01 4.494397938251495361e-01 3.822272547939013498e-01 -1.073239824268229364e-01 -4.547864644356068853e-01 6.425219028892671380e-01 1.285729274386061827e-01 1.030356926034479287e-01 -1.133760265842790188e-01
1.661968292097898006e+09 1.119692772626876831e-01 8.291485905647277832e-02 1.409207344055175781e+00 -5.299663543701171875e-01 5.705643892288208008e-01 4.344710707664489746e-01 4.525780379772186279e-01 3.794161243355758661e-01 -1.073223789129929551e-01 -4.547796695294813452e-01 6.425123030520795142e-01 1.285710064470196590e-01 1.030341531604047206e-01 -1.133743326476345237e-01
1.661968292128816128e+09 1.165563389658927917e-01 9.213540703058242798e-02 1.415403604507446289e+00 -5.272760391235351562e-01 5.689981579780578613e-01 4.365075230598449707e-01 4.557216763496398926e-01 3.887322856989768316e-01 -1.107825490721166956e-01 -4.694421756854249006e-01 6.632274783995487644e-01 1.327162514960248396e-01 1.063560670589541041e-01 -1.170296232460291685e-01
1.661968292158735514e+09 1.212086230516433716e-01 1.012998372316360474e-01 1.421456933021545410e+00 -5.245755910873413086e-01 5.674154162406921387e-01 4.385182857513427734e-01 4.588702619075775146e-01 3.986658623548566815e-01 -1.144805680381229956e-01 -4.851125685737370241e-01 6.853665952048705323e-01 1.371464367484870051e-01 1.099063261604811131e-01 -1.209361750447836698e-01
1.661968292189652205e+09 1.259254217147827148e-01 1.104057133197784424e-01 1.427367210388183594e+00 -5.218648910522460938e-01 5.658161640167236328e-01 4.405034184455871582e-01 4.620236754417419434e-01 3.828430023937369753e-01 -1.107876749670107380e-01 -4.694638967170435273e-01 6.632581658532505919e-01 1.327223922606266537e-01 1.063609881410686464e-01 -1.170350381922749677e-01
1.661968292221567392e+09 1.307059973478317261e-01 1.194506436586380005e-01 1.433133959770202637e+00 -5.191439986228942871e-01 5.642005205154418945e-01 4.424627423286437988e-01 4.651815891265869141e-01 3.679733142399605472e-01 -1.073215771740460289e-01 -4.547762721525593910e-01 6.425075032410503262e-01 1.285700459727517897e-01 1.030333834561334566e-01 -1.133734856982942379e-01
1.661968292253481865e+09 1.355495750904083252e-01 1.284322142601013184e-01 1.438756942749023438e+00 -5.164132714271545410e-01 5.625684857368469238e-01 4.443963170051574707e-01 4.683438539505004883e-01 3.650708172991710132e-01 -1.073239824268229364e-01 -4.547864644356068853e-01 6.425219028892671380e-01 1.285729274386061827e-01 1.030356926034479287e-01 -1.133760265842794490e-01
1.661968292285397768e+09 1.404553800821304321e-01 1.373480558395385742e-01 1.444235801696777344e+00 -5.136724114418029785e-01 5.609201788902282715e-01 4.463040828704833984e-01 4.715100824832916260e-01 3.621252305776784808e-01 -1.073191720290747608e-01 -4.547660803263429696e-01 6.424931042382511226e-01 1.285671646360475040e-01 1.030310744123179023e-01 -1.133709449261939006e-01
1.661968292317311525e+09 1.454225778579711914e-01 1.461957693099975586e-01 1.449570178985595703e+00 -5.109218358993530273e-01 5.592557191848754883e-01 4.481860101222991943e-01 4.746800959110260010e-01 3.592008650913267043e-01 -1.073263877874140321e-01 -4.547966571755162613e-01 6.425363031829309790e-01 1.285758090336219517e-01 1.030380018542682852e-01 -1.133785675841572083e-01
1.661968292348229885e+09 1.504503190517425537e-01 1.549730151891708374e-01 1.454760074615478516e+00 -5.081613659858703613e-01 5.575751662254333496e-01 4.500420689582824707e-01 4.778536260128021240e-01 3.677090160482158199e-01 -1.107816948024158699e-01 -4.694385557089075234e-01 6.632223641000106751e-01 1.327152280905019577e-01 1.063552469228717934e-01 -1.170287208037034260e-01
1.661968292380144596e+09 1.555377095937728882e-01 1.636774092912673950e-01 1.459805011749267578e+00 -5.053911805152893066e-01 5.558785796165466309e-01 4.518722593784332275e-01 4.810304343700408936e-01 3.532489267483685524e-01 -1.073231806639190905e-01 -4.547830669571634732e-01 6.425171029348155649e-01 1.285719669356379935e-01 1.030349228761761327e-01 -1.133751796096299364e-01
1.661968292410062075e+09 1.606838405132293701e-01 1.723066270351409912e-01 1.464704990386962891e+00 -5.026114583015441895e-01 5.541659593582153320e-01 4.536764919757843018e-01 4.842102527618408203e-01 3.736399568102738433e-01 -1.144878665928619199e-01 -4.851434962734864631e-01 6.854102898309211156e-01 1.371551803352207000e-01 1.099133330905774919e-01 -1.209438851680701560e-01
1.661968292440979719e+09 1.658877879381179810e-01 1.808583438396453857e-01 1.469459891319274902e+00 -4.998220801353454590e-01 5.524374842643737793e-01 4.554547965526580811e-01 4.873928129673004150e-01 3.584525749221930679e-01 -1.107842576510440630e-01 -4.694494158059648314e-01 6.632377072352628744e-01 1.327182983544201722e-01 1.063577073690597924e-01 -1.170314281724352951e-01
1.661968292471896887e+09 1.711485534906387329e-01 1.893302500247955322e-01 1.474069476127624512e+00 -4.970232546329498291e-01 5.506932139396667480e-01 4.572070837020874023e-01 4.905778467655181885e-01 3.553438094057659868e-01 -1.107859662826744529e-01 -4.694566561498342283e-01 6.632479363864894895e-01 1.327203452759522506e-01 1.063593477297644641e-01 -1.170332331545163584e-01
1.661968292501816511e+09 1.764651685953140259e-01 1.977200359106063843e-01 1.478533744812011719e+00 -4.942149519920349121e-01 5.489332675933837891e-01 4.589333832263946533e-01 4.937651455402374268e-01 3.639636461602290818e-01 -1.144796557842100854e-01 -4.851087028885180397e-01 6.853611337683157556e-01 1.371453438785301127e-01 1.099054503570342095e-01 -1.209352113484919167e-01
1.661968292532241344e+09 1.818366050720214844e-01 2.060254216194152832e-01 1.482852697372436523e+00 -4.913974404335021973e-01 5.471576452255249023e-01 4.606336951255798340e-01 4.969544410705566406e-01 3.547374215419918930e-01 -1.125787037455408118e-01 -4.770533993377282234e-01 6.739806082457970859e-01 1.348680246530824245e-01 1.080804536929021453e-01 -1.189270638310573752e-01
1.661968292564156055e+09 1.872617900371551514e-01 2.142441570758819580e-01 1.487026095390319824e+00 -4.885705411434173584e-01 5.453662872314453125e-01 4.623079299926757812e-01 5.001454949378967285e-01 3.351331141084882281e-01 -1.073231806639182162e-01 -4.547830669571634732e-01 6.425171029348085705e-01 1.285719669356371053e-01 1.030349228761761327e-01 -1.133751796096290620e-01
1.661968292595073223e+09 1.927396506071090698e-01 2.223739922046661377e-01 1.491054177284240723e+00 -4.857347607612609863e-01 5.435597300529479980e-01 4.639562964439392090e-01 5.033379793167114258e-01 3.428006550034498612e-01 -1.107859662826744529e-01 -4.694566561498342283e-01 6.632479363864894895e-01 1.327203452759531388e-01 1.063593477297644641e-01 -1.170332331545163584e-01
1.661968292625498533e+09 1.927396506071090698e-01 2.223739922046661377e-01 1.491054177284240723e+00 -4.857347607612609863e-01 5.435597300529479980e-01 4.639562964439392090e-01 5.033379793167114258e-01 0.000000000000000000e+00 0.000000000000000000e+00 0.000000000000000000e+00 0.000000000000000000e+00 0.000000000000000000e+00 0.000000000000000000e+00 0.000000000000000000e+00
1.661968292657415867e+09 1.874559372663497925e-01 2.417739331722259521e-01 1.472821831703186035e+00 -4.914610683917999268e-01 5.438245534896850586e-01 4.628173410892486572e-01 4.985187649726867676e-01 8.503875497374874248e-01 1.968614603288322551e-01 -7.313707793885274588e-01 1.202574792020424388e-01 3.773368736879381125e-01 2.180369110126978427e-01 -4.666288428973096036e-01
1.661968292690327883e+09 1.819144934415817261e-01 2.608009874820709229e-01 1.454177618026733398e+00 -4.971132278442382812e-01 5.440816283226013184e-01 4.616273343563079834e-01 4.937143623828887939e-01 8.267268295504118791e-01 1.909118213577017109e-01 -7.092669502077002530e-01 1.166230015158800093e-01 3.659328225080451524e-01 2.114472976839180951e-01 -4.525261681324342367e-01
1.661968292719754934e+09 1.761208027601242065e-01 2.794435620307922363e-01 1.435127973556518555e+00 -5.026931166648864746e-01 5.443322062492370605e-01 4.603840708732604980e-01 4.889259934425354004e-01 9.269154563052125484e-01 2.135209806335869320e-01 -7.932634745314728342e-01 1.304343412105690159e-01 4.092692351488176339e-01 2.364884166559809708e-01 -5.061175913300732798e-01
1.661968292751669168e+09 1.700805574655532837e-01 2.976902127265930176e-01 1.415679454803466797e+00 -5.082026124000549316e-01 5.445774793624877930e-01 4.590854942798614502e-01 4.841547906398773193e-01 8.567822588042403043e-01 1.968805790888934759e-01 -7.314418085398075586e-01 1.202691583488220695e-01 3.773735198305515071e-01 2.180580862868179148e-01 -4.666741608832166710e-01
1.661968292783584118e+09 1.637996882200241089e-01 3.155296444892883301e-01 1.395838975906372070e+00 -5.136441588401794434e-01 5.448183417320251465e-01 4.577296376228332520e-01 4.794020652770996094e-01 8.588629674361765165e-01 1.968761667377445235e-01 -7.314254159726997218e-01 1.202664629597614276e-01 3.773650623966508522e-01 2.180531993200474639e-01 -4.666637021052107981e-01
1.661968292815007448e+09 1.572844386100769043e-01 3.329507410526275635e-01 1.375613689422607422e+00 -5.190193057060241699e-01 5.450558662414550781e-01 4.563143253326416016e-01 4.746686220169067383e-01 8.744254487185458835e-01 1.999563013048741011e-01 -7.428685923832620830e-01 1.221480360113249980e-01 3.832689520973449060e-01 2.214646493082732537e-01 -4.739646721713034472e-01
1.661968292845925331e+09 1.572844386100769043e-01 3.329507410526275635e-01 1.375613689422607422e+00 -5.190193057060241699e-01 5.450558662414550781e-01 4.563143253326416016e-01 4.746686220169067383e-01 0.000000000000000000e+00 0.000000000000000000e+00 0.000000000000000000e+00 0.000000000000000000e+00 0.000000000000000000e+00 0.000000000000000000e+00 0.000000000000000000e+00
1.661968292876842737e+09 1.620510667562484741e-01 3.432467281818389893e-01 1.375709414482116699e+00 -5.167678594589233398e-01 5.436177253723144531e-01 4.577753245830535889e-01 4.773599803447723389e-01 3.669856455695632569e-01 -8.390023474433284945e-02 -5.488237400735291871e-01 6.626501061389835634e-01 1.762179951218383889e-01 1.308026988309602678e-01 -1.719207567583845020e-01
1.661968292908760786e+09 1.668693274259567261e-01 3.534404337406158447e-01 1.375620603561401367e+00 -5.145021677017211914e-01 5.421778559684753418e-01 4.592118561267852783e-01 4.800575077533721924e-01 3.532616519005200573e-01 -8.126993098690447892e-02 -5.316179104345576389e-01 6.418757773263359390e-01 1.706934950282701369e-01 1.267019852719920570e-01 -1.665309766956784565e-01
1.661968292938676596e+09 1.717380434274673462e-01 3.635285794734954834e-01 1.375348448753356934e+00 -5.122222900390625000e-01 5.407363176345825195e-01 4.606238901615142822e-01 4.827609956264495850e-01 3.745468285936660036e-01 -8.670925707658011516e-02 -5.671986367234772564e-01 6.848359671473824850e-01 1.821178628057509297e-01 1.351820394043676266e-01 -1.776767507264897239e-01
1.661968292970591545e+09 1.766560524702072144e-01 3.735079169273376465e-01 1.374893784523010254e+00 -5.099282860755920410e-01 5.392933487892150879e-01 4.620113670825958252e-01 4.854701757431030273e-01 3.488854810208260604e-01 -8.127782357027700522e-02 -5.316695388613190687e-01 6.419381135191387644e-01 1.707100720405094474e-01 1.267142900195160071e-01 -1.665471494621811044e-01
1.661968293002506733e+09 1.816221475601196289e-01 3.833752870559692383e-01 1.374257683753967285e+00 -5.076202750205993652e-01 5.378488898277282715e-01 4.633743464946746826e-01 4.881848394870758057e-01 3.466965874082483245e-01 -8.127721639405395548e-02 -5.316655670878593920e-01 6.419333179975270642e-01 1.707087967714093768e-01 1.267133434156252902e-01 -1.665459052916961336e-01
1.661968293034423828e+09 1.866350919008255005e-01 3.931274414062500000e-01 1.373441338539123535e+00 -5.052982568740844727e-01 5.364032387733459473e-01 4.647126793861389160e-01 4.909046292304992676e-01 3.445012249028733264e-01 -8.127235931083028053e-02 -5.316337950363484444e-01 6.418949564038651801e-01 1.706985953045091209e-01 1.267057710936164427e-01 -1.665359525969766219e-01
1.661968293065340996e+09 1.916936188936233521e-01 4.027613103389739990e-01 1.372445821762084961e+00 -5.029624104499816895e-01 5.349563360214233398e-01 4.660263657569885254e-01 4.936293661594390869e-01 3.534161735218655509e-01 -8.390088174327528514e-02 -5.488279723427237355e-01 6.626552161832950372e-01 1.762193540316992768e-01 1.308037075195289389e-01 -1.719220825299749011e-01
1.661968293096257448e+09 1.967964321374893188e-01 4.122737348079681396e-01 1.371272563934326172e+00 -5.006126761436462402e-01 5.335084199905395508e-01 4.673154354095458984e-01 4.963587522506713867e-01 3.512124727316109918e-01 -8.390282279997263171e-02 -5.488406695419635328e-01 6.626705467891189638e-01 1.762234308870343213e-01 1.308067336785794510e-01 -1.719260599674336809e-01
1.661968293128171682e+09 2.019422203302383423e-01 4.216617047786712646e-01 1.369922518730163574e+00 -4.982492029666900635e-01 5.320594906806945801e-01 4.685798287391662598e-01 4.990925192832946777e-01 3.381105510401359315e-01 -8.127964515337783580e-02 -5.316814545377637202e-01 6.419525005138686513e-01 1.707138979621287966e-01 1.267171299160503306e-01 -1.665508820851742677e-01
1.661968293160087109e+09 2.071296125650405884e-01 4.309221208095550537e-01 1.368397355079650879e+00 -4.958721101284027100e-01 5.306099057197570801e-01 4.698195755481719971e-01 5.018303990364074707e-01 3.359930317537253575e-01 -8.127660922690251033e-02 -5.316615953737405809e-01 6.419285225475670487e-01 1.707075215213661457e-01 1.267123968258774547e-01 -1.665446611397998489e-01
1.661968293192000866e+09 2.123572528362274170e-01 4.400520026683807373e-01 1.366698145866394043e+00 -4.934812486171722412e-01 5.291593074798583984e-01 4.710344672203063965e-01 5.045722723007202148e-01 3.339292062886939361e-01 -8.128085958747348350e-02 -5.316893986187771759e-01 6.419620922019591003e-01 1.707164486718145135e-01 1.267190232511238579e-01 -1.665533705934513775e-01
1.661968293223914862e+09 2.176237255334854126e-01 4.490483999252319336e-01 1.364826560020446777e+00 -4.910769462585449219e-01 5.277082324028015137e-01 4.722246527671813965e-01 5.073177814483642578e-01 3.318672537142170476e-01 -8.128025236589021818e-02 -5.316854265486001818e-01 6.419572963220822048e-01 1.707151733074447897e-01 1.267180765765139883e-01 -1.665521263300165644e-01
1.661968293255829811e+09 2.229276150465011597e-01 4.579083919525146484e-01 1.362783908843994141e+00 -4.886591732501983643e-01 5.262566208839416504e-01 4.733901619911193848e-01 5.100665688514709473e-01 3.298236906718888806e-01 -8.127782357027700522e-02 -5.316695388613190687e-01 6.419381135191387644e-01 1.707100720405094474e-01 1.267142900195160071e-01 -1.665471494621828530e-01
1.661968293287746191e+09 2.282674759626388550e-01 4.666290581226348877e-01 1.360571742057800293e+00 -4.862279891967773438e-01 5.248046517372131348e-01 4.745309054851531982e-01 5.128185153007507324e-01 3.278006126488616223e-01 -8.127418064900872319e-02 -5.316457091106474575e-01 6.419093414641803275e-01 1.707024207117094072e-01 1.267086106083084862e-01 -1.665396847180935225e-01
1.661968293320659637e+09 2.336418032646179199e-01 4.752076268196105957e-01 1.358191728591918945e+00 -4.837836027145385742e-01 5.233524441719055176e-01 4.756469428539276123e-01 5.155732631683349609e-01 3.159506241538245219e-01 -7.881209382857427836e-02 -5.155402512261262338e-01 6.224636021541986031e-01 1.655312313266639745e-01 1.228701517309247621e-01 -1.614945995563678571e-01
1.661968293352573633e+09 2.390491068363189697e-01 4.836412370204925537e-01 1.355645418167114258e+00 -4.813258051872253418e-01 5.218998789787292480e-01 4.767380952835083008e-01 5.183307528495788574e-01 3.238939594431054503e-01 -8.128025236589021818e-02 -5.316854265485966291e-01 6.419572963220857575e-01 1.707151733074447897e-01 1.267180765765157369e-01 -1.665521263300165644e-01
1.661968293383489370e+09 2.444878816604614258e-01 4.919271469116210938e-01 1.352934360504150391e+00 -4.788550436496734619e-01 5.204474329948425293e-01 4.778046607971191406e-01 5.210904479026794434e-01 3.323719778852297635e-01 -8.390476394648607728e-02 -5.488533673287193659e-01 6.626858781043029056e-01 1.762275079310126058e-01 1.308097599776542885e-01 -1.719300375889354360e-01
1.661968293415403843e+09 2.499565482139587402e-01 5.000626444816589355e-01 1.350060462951660156e+00 -4.763710200786590576e-01 5.189949274063110352e-01 4.788463413715362549e-01 5.238523483276367188e-01 3.200829596007255806e-01 -8.127903794993873721e-02 -5.316774825862699005e-01 6.419477047773062273e-01 1.707126226358678667e-01 1.267161832697273616e-01 -1.665496378589189086e-01
