1.661968320155952930e+09 1.378528122206244648e-16 -2.367949187755584717e-01 1.128897309303283691e+00 -6.125128269195556641e-01 6.125135421752929688e-01 3.533097505569458008e-01 3.533093035221099854e-01 0.000000000000000000e+00 0.000000000000000000e+00 0.000000000000000000e+00 0.000000000000000000e+00 0.000000000000000000e+00 0.000000000000000000e+00 0.000000000000000000e+00
1.661968323415322065e+09 1.378528122206244648e-16 -2.367949187755584717e-01 1.128897309303283691e+00 -6.125128269195556641e-01 6.125135421752929688e-01 3.533097505569458008e-01 3.533093035221099854e-01 0.000000000000000000e+00 0.000000000000000000e+00 0.000000000000000000e+00 0.000000000000000000e+00 0.000000000000000000e+00 0.000000000000000000e+00 0.000000000000000000e+00
1.661968323444244385e+09 2.451588632538914680e-03 -2.263488620519638062e-01 1.139833927154541016e+00 6.107484102249145508e-01 -6.105523109436035156e-01 -3.560679554939270020e-01 -3.569703996181488037e-01 5.297371493155432765e-01 -1.303198034835739150e-01 -5.388387092331855532e-01 7.393484741116254089e-01 1.618963456282428715e-01 1.622176100312909541e-01 -2.351538236423629247e-01
1.661968323476158857e+09 4.989870358258485794e-03 -2.158720642328262329e-01 1.150640249252319336e+00 6.089608669281005859e-01 -6.085762381553649902e-01 -3.587864935398101807e-01 -3.606576621532440186e-01 4.782711946116963708e-01 -1.181016221605485639e-01 -4.883196869718632316e-01 6.700305847646331747e-01 1.467176939303036221e-01 1.470088380705543984e-01 -2.131068900278026701e-01
1.661968323508074045e+09 7.615268696099519730e-03 -2.053674757480621338e-01 1.161314725875854492e+00 6.071501374244689941e-01 -6.065853834152221680e-01 -3.614650070667266846e-01 -3.643705248832702637e-01 4.764102057307281757e-01 -1.180989753685801058e-01 -4.883087431710765314e-01 6.700155686155072621e-01 1.467144058195493372e-01 1.470055434349245849e-01 -2.131021140594896723e-01
1.661968323539988756e+09 1.032816804945468903e-02 -1.948380619287490845e-01 1.171855688095092773e+00 6.053163409233093262e-01 -6.045799851417541504e-01 -3.641033768653869629e-01 -3.681085705757141113e-01 4.745142256470604170e-01 -1.181007398833771871e-01 -4.883160389837778448e-01 6.700255793068058408e-01 1.467165978770105239e-01 1.470077398422671155e-01 -2.131052980145796971e-01
1.661968323571903467e+09 1.312891021370887756e-02 -1.842868179082870483e-01 1.182261466979980469e+00 6.034594178199768066e-01 -6.025602817535400391e-01 -3.667011260986328125e-01 -3.718712031841278076e-01 4.725579278250837123e-01 -1.181007398833771871e-01 -4.883160389837639670e-01 6.700255793067989574e-01 1.467165978770096635e-01 1.470077398422705850e-01 -2.131052980145779485e-01
1.661968323603819609e+09 1.601780019700527191e-02 -1.737167239189147949e-01 1.192530751228332520e+00 6.015793085098266602e-01 -6.005263328552246094e-01 -3.692581057548522949e-01 -3.756579458713531494e-01 4.705356362917814672e-01 -1.180954464971595008e-01 -4.882941521997119505e-01 6.699955481302802829e-01 1.467100219011279738e-01 1.470011508171296388e-01 -2.130957464347288111e-01
1.661968323635732889e+09 1.899509690701961517e-02 -1.631308197975158691e-01 1.202661991119384766e+00 5.996762514114379883e-01 -5.984781980514526367e-01 -3.717740476131439209e-01 -3.794682025909423828e-01 4.685253180788100935e-01 -1.181060337441456332e-01 -4.883379277299782495e-01 6.700556131756100209e-01 1.467231744424261908e-01 1.470143294581101323e-01 -2.131148504507254515e-01
1.661968323666650772e+09 2.206102013587951660e-02 -1.525321304798126221e-01 1.212653636932373047e+00 5.977499485015869141e-01 -5.964165329933166504e-01 -3.742488622665405273e-01 -3.833016455173492432e-01 4.814386085169259366e-01 -1.219084434703295722e-01 -5.040599093019427768e-01 6.916279740436624968e-01 1.514469096138658932e-01 1.517474383306943175e-01 -2.199760577443659881e-01
1.661968323697567225e+09 2.521575056016445160e-02 -1.419236809015274048e-01 1.222504258155822754e+00 5.958006978034973145e-01 -5.943410396575927734e-01 -3.766820728778839111e-01 -3.871575891971588135e-01 4.792405858419840903e-01 -1.219140842024852428e-01 -5.040832322717027081e-01 6.916599758315843394e-01 1.514539170977498295e-01 1.517544597201122003e-01 -2.199862360879397127e-01
1.661968323728989363e+09 2.845942601561546326e-02 -1.313085407018661499e-01 1.232212662696838379e+00 5.938283205032348633e-01 -5.922520160675048828e-01 -3.790735602378845215e-01 -3.910355269908905029e-01 4.692990920453052883e-01 -1.199520846228877557e-01 -4.959708710439522661e-01 6.805288863378310404e-01 1.490165242106356314e-01 1.493122301112787820e-01 -2.164459322293248444e-01
1.661968323760905027e+09 3.179213777184486389e-02 -1.206897720694541931e-01 1.241777420043945312e+00 5.918329358100891113e-01 -5.901497006416320801e-01 -3.814230263233184814e-01 -3.949349522590637207e-01 4.597993372566397952e-01 -1.180972109065077519e-01 -4.883014475763957640e-01 6.700055582233318541e-01 1.467122138275900600e-01 1.470033470932148034e-01 -2.130989301995413754e-01
1.661968323792819738e+09 3.521393984556198120e-02 -1.100704520940780640e-01 1.251197218894958496e+00 5.898145437240600586e-01 -5.880342721939086914e-01 -3.837303519248962402e-01 -3.988552987575531006e-01 4.575243255895694028e-01 -1.181007398833771871e-01 -4.883160389837778448e-01 6.700255793067989574e-01 1.467165978770096635e-01 1.470077398422688364e-01 -2.131052980145779485e-01
1.661968323824734449e+09 3.872484713792800903e-02 -9.945367276668548584e-02 1.260470628738403320e+00 5.877731442451477051e-01 -5.859058499336242676e-01 -3.859952688217163086e-01 -4.027961194515228271e-01 4.551871947382983286e-01 -1.181007398833771871e-01 -4.883160389837639670e-01 6.700255793067989574e-01 1.467165978770096635e-01 1.470077398422671155e-01 -2.131052980145788367e-01
1.661968323854653835e+09 4.232482239603996277e-02 -8.884252607822418213e-02 1.269596695899963379e+00 5.857088565826416016e-01 -5.837646126747131348e-01 -3.882175683975219727e-01 -4.067567586898803711e-01 4.830093952929184753e-01 -1.259768831293787417e-01 -5.208818558969772194e-01 7.147096130081761478e-01 1.565011338806489294e-01 1.568116921156585408e-01 -2.273172991866470316e-01
1.661968323886569262e+09 4.601379111409187317e-02 -7.824011892080307007e-02 1.278573989868164062e+00 5.836216211318969727e-01 -5.816107988357543945e-01 -3.903971314430236816e-01 -4.107368588447570801e-01 4.503772269007892404e-01 -1.180980931309529303e-01 -4.883050953464928567e-01 6.700105633820186979e-01 1.467133098153813875e-01 1.470044452558651460e-01 -2.131005221176224262e-01
1.661968323918483973e+09 4.979164153337478638e-02 -6.764955073595046997e-02 1.287401437759399414e+00 5.815114974975585938e-01 -5.794445872306823730e-01 -3.925336599349975586e-01 -4.147357344627380371e-01 4.479225356033037508e-01 -1.181007398833771871e-01 -4.883160389837639670e-01 6.700255793068058408e-01 1.467165978770096635e-01 1.470077398422688364e-01 -2.131052980145788367e-01
1.661968323950398922e+09 5.365820974111557007e-02 -5.707393959164619446e-02 1.296077966690063477e+00 5.793784260749816895e-01 -5.772660970687866211e-01 -3.946270644664764404e-01 -4.187528789043426514e-01 4.454133883724171739e-01 -1.180998576193877936e-01 -4.883123910501757647e-01 6.700205739237644620e-01 1.467155018400916888e-01 1.470066416303917878e-01 -2.131037060251419202e-01
1.661968323982313156e+09 5.761329829692840576e-02 -4.651640355587005615e-02 1.304602384567260742e+00 5.772226452827453613e-01 -5.750755071640014648e-01 -3.966770470142364502e-01 -4.227877557277679443e-01 4.428745251886851420e-01 -1.181025044509022154e-01 -4.883233350144748353e-01 6.700355902972411348e-01 1.467187899999748135e-01 1.470099363152470584e-01 -2.131084820648113942e-01
1.661968324014227152e+09 6.165665388107299805e-02 -3.598006442189216614e-02 1.312973737716674805e+00 5.750439763069152832e-01 -5.728730559349060059e-01 -3.986835777759552002e-01 -4.268397986888885498e-01 4.402905661507023338e-01 -1.181033867544384608e-01 -4.883269831115860660e-01 6.700405959046452642e-01 1.467198860860210174e-01 1.470110345763454562e-01 -2.131100741256080899e-01
1.661968324046142101e+09 6.578799337148666382e-02 -2.546804398298263550e-02 1.321190953254699707e+00 5.728425979614257812e-01 -5.706589221954345703e-01 -4.006464183330535889e-01 -4.309085905551910400e-01 4.376499400291427033e-01 -1.180998576193869193e-01 -4.883123910501757647e-01 6.700205739237574676e-01 1.467155018400908284e-01 1.470066416303917878e-01 -2.131037060251401716e-01
1.661968324078056812e+09 7.000698894262313843e-02 -1.498347055166959763e-02 1.329252958297729492e+00 5.706184506416320801e-01 -5.684332847595214844e-01 -4.025653898715972900e-01 -4.349934458732604980e-01 4.349855961718295805e-01 -1.181007398833771871e-01 -4.883160389837639670e-01 6.700255793067989574e-01 1.467165978770096635e-01 1.470077398422688364e-01 -2.131052980145788367e-01
1.661968324109971523e+09 7.431326061487197876e-02 -4.529465921223163605e-03 1.337159037590026855e+00 5.683716535568237305e-01 -5.661962628364562988e-01 -4.044404029846191406e-01 -4.390938282012939453e-01 4.322847058323526781e-01 -1.181007398833771871e-01 -4.883160389837709059e-01 6.700255793068058408e-01 1.467165978770096635e-01 1.470077398422688364e-01 -2.131052980145788367e-01
1.661968324140889406e+09 7.870639115571975708e-02 5.890844389796257019e-03 1.344908118247985840e+00 5.661022067070007324e-01 -5.639480948448181152e-01 -4.062713384628295898e-01 -4.432092905044555664e-01 4.433933074336593450e-01 -1.219084434703295722e-01 -5.040599093019499932e-01 6.916279740436624968e-01 1.514469096138658932e-01 1.517474383306925134e-01 -2.199760577443651000e-01
1.661968324171806812e+09 8.318592607975006104e-02 1.627433858811855316e-02 1.352499485015869141e+00 5.638102293014526367e-01 -5.616889595985412598e-01 -4.080579280853271484e-01 -4.473391771316528320e-01 4.405376124315816821e-01 -1.219103236563828102e-01 -5.040676833853855454e-01 6.916386409772596888e-01 1.514492453697761087e-01 1.517497787216399718e-01 -2.199794504209027501e-01
1.661968324203228712e+09 8.775135874748229980e-02 2.661789581179618835e-02 1.359932184219360352e+00 5.614956021308898926e-01 -5.594190359115600586e-01 -4.098000526428222656e-01 -4.514829814434051514e-01 4.306107740895809277e-01 -1.199529947780904049e-01 -4.959746343005205782e-01 6.805340499571912449e-01 1.490176548968193682e-01 1.493133630411772605e-01 -2.164475745466861445e-01
1.661968324234146833e+09 9.240214526653289795e-02 3.691840171813964844e-02 1.367205500602722168e+00 5.591585040092468262e-01 -5.571386218070983887e-01 -4.114978015422821045e-01 -4.556401968002319336e-01 4.346938428589733339e-01 -1.219075033990505014e-01 -5.040560223501437953e-01 6.916226407002475929e-01 1.514457417629280767e-01 1.517462681622926135e-01 -2.199743614453386897e-01
1.661968324265063524e+09 9.713769704103469849e-02 4.717274382710456848e-02 1.374318718910217285e+00 5.567989945411682129e-01 -5.548475980758666992e-01 -4.131508469581604004e-01 -4.598101377487182617e-01 4.317478732811946274e-01 -1.219131440442098591e-01 -5.040793449601892462e-01 6.916546419946097979e-01 1.514527491387369362e-01 1.517532894434204804e-01 -2.199845396319348723e-01
1.661968324295981169e+09 1.019573882222175598e-01 5.737781897187232971e-02 1.381271004676818848e+00 5.544170737266540527e-01 -5.525464415550231934e-01 -4.147591590881347656e-01 -4.639924466609954834e-01 4.287345203287759032e-01 -1.219093835561067540e-01 -5.040637963136967992e-01 6.916333074693324923e-01 1.514480774828143306e-01 1.517486085171415033e-01 -2.199777540695523059e-01
1.661968324327403069e+09 1.068605333566665649e-01 6.753052771091461182e-02 1.388061881065368652e+00 5.520127415657043457e-01 -5.502353310585021973e-01 -4.163226783275604248e-01 -4.681864380836486816e-01 4.188750955229883499e-01 -1.199529947780904049e-01 -4.959746343005134728e-01 6.805340499571912449e-01 1.490176548968193682e-01 1.493133630411790369e-01 -2.164475745466870049e-01
1.661968324359317780e+09 1.118464246392250061e-01 7.762778550386428833e-02 1.394690513610839844e+00 5.495861172676086426e-01 -5.479142665863037109e-01 -4.178412556648254395e-01 -4.723916649818420410e-01 4.094422118268613575e-01 -1.181007398833767430e-01 -4.883160389837639670e-01 6.700255793068058408e-01 1.467165978770096635e-01 1.470077398422671155e-01 -2.131052980145788367e-01
1.661968324391232491e+09 1.169143095612525940e-01 8.766651153564453125e-02 1.401156425476074219e+00 5.471373200416564941e-01 -5.455834865570068359e-01 -4.193147718906402588e-01 -4.766074120998382568e-01 4.064519370065208248e-01 -1.181007398833771871e-01 -4.883160389837709059e-01 6.700255793067989574e-01 1.467165978770096635e-01 1.470077398422688364e-01 -2.131052980145788367e-01
1.661968324422653675e+09 1.220633760094642639e-01 9.764362126588821411e-02 1.407459139823913574e+00 5.446662902832031250e-01 -5.432432293891906738e-01 -4.207431972026824951e-01 -4.808332622051239014e-01 4.097729327698572122e-01 -1.199557253265711443e-01 -4.959859244128353994e-01 6.805495412854397630e-01 1.490210470583239466e-01 1.493167619340322327e-01 -2.164525016483147823e-01
1.661968324454568148e+09 1.272927820682525635e-01 1.075560748577117920e-01 1.413598060607910156e+00 5.421731472015380859e-01 -5.408937931060791016e-01 -4.221263825893402100e-01 -4.850685894489288330e-01 4.003979268002516023e-01 -1.181016221605485639e-01 -4.883196869718702260e-01 6.700305847646261803e-01 1.467176939303036221e-01 1.470088380705509012e-01 -2.131068900278009492e-01
1.661968324486483097e+09 1.326016634702682495e-01 1.174008026719093323e-01 1.419572830200195312e+00 5.396579504013061523e-01 -5.385351181030273438e-01 -4.234643876552581787e-01 -4.893128871917724609e-01 3.973286548298592402e-01 -1.180998576193882238e-01 -4.883123910501687703e-01 6.700205739237574676e-01 1.467155018400916888e-01 1.470066416303935364e-01 -2.131037060251427806e-01
1.661968324517908573e+09 1.379890888929367065e-01 1.271747946739196777e-01 1.425382852554321289e+00 5.371207594871520996e-01 -5.361676216125488281e-01 -4.247571825981140137e-01 -4.935656487941741943e-01 4.003820025862575016e-01 -1.199393439001331663e-01 -4.959181914479210418e-01 6.804566038936106231e-01 1.490006964055028138e-01 1.492963708977156634e-01 -2.164229424028238369e-01
1.661968324549823046e+09 1.434540748596191406e-01 1.368750035762786865e-01 1.431027889251708984e+00 5.345616340637207031e-01 -5.337913036346435547e-01 -4.260044693946838379e-01 -4.978260993957519531e-01 3.911407598941309405e-01 -1.181016221605485639e-01 -4.883196869718702260e-01 6.700305847646261803e-01 1.467176939303036221e-01 1.470088380705509012e-01 -2.131068900278009492e-01
1.661968324581737518e+09 1.489956229925155640e-01 1.464984565973281860e-01 1.436507463455200195e+00 -5.319806337356567383e-01 5.314065217971801758e-01 4.272064864635467529e-01 5.020939707756042480e-01 3.880141966012021215e-01 -1.181016221605485639e-01 -4.883196869718702260e-01 6.700305847646261803e-01 1.467176939303036221e-01 1.470088380705526498e-01 -2.131068900278009492e-01
1.661968324612655163e+09 1.546126902103424072e-01 1.560421288013458252e-01 1.441821336746215820e+00 -5.293777585029602051e-01 5.290132761001586914e-01 4.283629357814788818e-01 5.063686370849609375e-01 3.972789754863714773e-01 -1.219093835561062961e-01 -5.040637963136967992e-01 6.916333074693397087e-01 1.514480774828152465e-01 1.517486085171415033e-01 -2.199777540695541100e-01
1.661968324643571854e+09 1.603041887283325195e-01 1.655030697584152222e-01 1.446969270706176758e+00 -5.267534255981445312e-01 5.266121029853820801e-01 4.294741153717041016e-01 5.106493234634399414e-01 3.940301765722958871e-01 -1.219131440442098591e-01 -5.040793449601820297e-01 6.916546419946026925e-01 1.514527491387364644e-01 1.517532894434204804e-01 -2.199845396319339563e-01
1.661968324675486803e+09 1.660689860582351685e-01 1.748783290386199951e-01 1.451951026916503906e+00 -5.241070389747619629e-01 5.242025852203369141e-01 4.305395483970642090e-01 5.149358510971069336e-01 3.785317732503704624e-01 -1.180998576193877936e-01 -4.883123910501757647e-01 6.700205739237574676e-01 1.467155018400916888e-01 1.470066416303935364e-01 -2.131037060251410320e-01
1.661968324707401514e+09 1.719059199094772339e-01 1.841649562120437622e-01 1.456766366958618164e+00 -5.214393734931945801e-01 5.217856168746948242e-01 4.315596818923950195e-01 5.192273259162902832e-01 3.753471554736719229e-01 -1.181007398833771871e-01 -4.883160389837709059e-01 6.700255793067989574e-01 1.467165978770096635e-01 1.470077398422671155e-01 -2.131052980145796971e-01
1.661968324739316463e+09 1.778137832880020142e-01 1.933600306510925293e-01 1.461415290832519531e+00 -5.187501311302185059e-01 5.193610191345214844e-01 4.325343072414398193e-01 5.235233306884765625e-01 3.721474701728092471e-01 -1.180998576193877936e-01 -4.883123910501757647e-01 6.700205739237574676e-01 1.467155018400916888e-01 1.470066416303935364e-01 -2.131037060251410320e-01
1.661968324771231413e+09 1.837913095951080322e-01 2.024606764316558838e-01 1.465897440910339355e+00 -5.160393118858337402e-01 5.169288516044616699e-01 4.334632456302642822e-01 5.278234481811523438e-01 3.689382034324856230e-01 -1.180998576193869193e-01 -4.883123910501687703e-01 6.700205739237644620e-01 1.467155018400908284e-01 1.470066416303917878e-01 -2.131037060251410320e-01
1.661968324803146839e+09 1.898372471332550049e-01 2.114640176296234131e-01 1.470213055610656738e+00 -5.133072137832641602e-01 5.144894123077392578e-01 4.343465864658355713e-01 5.321269631385803223e-01 3.657198645377245927e-01 -1.180980931309538046e-01 -4.883050953464928567e-01 6.700105633820256923e-01 1.467133098153822479e-01 1.470044452558668668e-01 -2.131005221176250353e-01
1.661968324834064245e+09 1.959502398967742920e-01 2.203671932220458984e-01 1.474361777305603027e+00 -5.105540752410888672e-01 5.120432376861572266e-01 4.351848065853118896e-01 5.364332199096679688e-01 3.741979858382725177e-01 -1.219103236563836984e-01 -5.040676833853927619e-01 6.916386409772596888e-01 1.514492453697765528e-01 1.517497787216399718e-01 -2.199794504209027501e-01
1.661968324864979982e+09 2.021289467811584473e-01 2.291673868894577026e-01 1.478343963623046875e+00 -5.077794790267944336e-01 5.095900297164916992e-01 4.359772205352783203e-01 5.407419800758361816e-01 3.708910349537754558e-01 -1.219169047643161030e-01 -5.040948945659564639e-01 6.916759778361077915e-01 1.514574210828758816e-01 1.517579706584859522e-01 -2.199913256129513717e-01
1.661968324896894693e+09 2.083719670772552490e-01 2.378617972135543823e-01 1.482159376144409180e+00 -5.049837827682495117e-01 5.071301460266113281e-01 4.367241859436035156e-01 5.450525283813476562e-01 3.560532884923006125e-01 -1.181007398833763128e-01 -4.883160389837639670e-01 6.700255793068058408e-01 1.467165978770096635e-01 1.470077398422688364e-01 -2.131052980145779485e-01
1.661968324926815271e+09 2.146778553724288940e-01 2.464476525783538818e-01 1.485808253288269043e+00 -5.021672844886779785e-01 5.046640038490295410e-01 4.374258518218994141e-01 5.493642091751098633e-01 3.763412693360335126e-01 -1.259718639700776743e-01 -5.208611029703542616e-01 7.146811376140124183e-01 1.564948985769786527e-01 1.568054444387540214e-01 -2.273082424318833838e-01
1.661968324958730459e+09 2.210451513528823853e-01 2.549221813678741455e-01 1.489290714263916016e+00 -4.993295967578887939e-01 5.021913051605224609e-01 4.380818903446197510e-01 5.536767840385437012e-01 3.495953890892766203e-01 -1.180989753685801058e-01 -4.883087431710834703e-01 6.700155686155002677e-01 1.467144058195493372e-01 1.470055434349263335e-01 -2.131021140594896723e-01
1.661968324989648104e+09 2.210451513528823853e-01 2.549221813678741455e-01 1.489290714263916016e+00 -4.993295967578887939e-01 5.021913051605224609e-01 4.380818903446197510e-01 5.536767840385437012e-01 0.000000000000000000e+00 0.000000000000000000e+00 0.000000000000000000e+00 0.000000000000000000e+00 0.000000000000000000e+00 0.000000000000000000e+00 0.000000000000000000e+00
1.661968325019566774e+09 2.228731065988540649e-01 2.695681452751159668e-01 1.484103560447692871e+00 -4.981900155544281006e-01 5.030583143234252930e-01 4.404647648334503174e-01 5.520234107971191406e-01 5.229028970590438030e-01 1.459945252661228911e-02 -7.298463500953668026e-01 6.476540416999216898e-01 2.635927960679463333e-01 8.501338843535191647e-02 -5.399349103996864407e-02
1.661968325050484657e+09 2.246804982423782349e-01 2.841279506683349609e-01 1.478604078292846680e+00 -4.970340132713317871e-01 5.039330720901489258e-01 4.428341388702392578e-01 5.503695011138916016e-01 5.067748204463160544e-01 1.412762358330497958e-02 -7.062589839586079776e-01 6.267229881849780693e-01 2.550739348157716191e-01 8.226590340745564001e-02 -5.224851520773282632e-02
1.661968325081401587e+09 2.264662235975265503e-01 2.985949516296386719e-01 1.472793936729431152e+00 -4.958616793155670166e-01 5.048157572746276855e-01 4.451901018619537354e-01 5.487149953842163086e-01 5.075555091162422539e-01 1.412805936888006896e-02 -7.062807694680418580e-01 6.267423202995127118e-01 2.550818029147818300e-01 8.226844101002846188e-02 -5.225012688354413459e-02
1.661968325112318993e+09 2.282291799783706665e-01 3.129625022411346436e-01 1.466675281524658203e+00 -4.946730434894561768e-01 5.057061314582824707e-01 4.475322365760803223e-01 5.470600128173828125e-01 5.083012995050407712e-01 1.412784147273242648e-02 -7.062698765453194749e-01 6.267326540931682510e-01 2.550778688046043685e-01 8.226717218917341257e-02 -5.224932103321189292e-02
1.661968325144233704e+09 2.299682945013046265e-01 3.272239565849304199e-01 1.460250139236450195e+00 -4.934682846069335938e-01 5.066044926643371582e-01 4.498608708381652832e-01 5.454045534133911133e-01 4.931381786655206767e-01 1.368635961944959616e-02 -6.841996024261790543e-01 6.071478439028784591e-01 2.471069235990902280e-01 7.969639988028866251e-02 -5.061657854193624129e-02
1.661968325176148415e+09 2.316825240850448608e-01 3.413728177547454834e-01 1.453520894050598145e+00 -4.922474324703216553e-01 5.075106620788574219e-01 4.521756470203399658e-01 5.437486171722412109e-01 4.938499529175200409e-01 1.368635961944872532e-02 -6.841996024261720599e-01 6.071478439028819007e-01 2.471069235990919488e-01 7.969639988028866251e-02 -5.061657854193624129e-02
1.661968325206068277e+09 2.333708256483078003e-01 3.554024994373321533e-01 1.446489691734313965e+00 -4.910106956958770752e-01 5.084248185157775879e-01 4.544766843318939209e-01 5.420921444892883301e-01 5.275271540039143670e-01 1.459887084267268154e-02 -7.298172709296002481e-01 6.476282373107645762e-01 2.635822937771385432e-01 8.501000125883866054e-02 -5.399133978487712787e-02
1.661968325237983227e+09 2.350321859121322632e-01 3.693065941333770752e-01 1.439159393310546875e+00 -4.897577464580535889e-01 5.093466043472290039e-01 4.567635357379913330e-01 5.404354333877563477e-01 4.952415161107124875e-01 1.368625737637940015e-02 -6.841944911570015941e-01 6.071433082439194884e-01 2.471050776026957052e-01 7.969580451345381622e-02 -5.061620041403833148e-02
1.661968325269897938e+09 2.366656064987182617e-01 3.830786943435668945e-01 1.431532502174377441e+00 -4.884891211986541748e-01 5.102762579917907715e-01 4.590364396572113037e-01 5.387783050537109375e-01 4.959297052765845870e-01 1.368635961944872532e-02 -6.841996024261790543e-01 6.071478439028784591e-01 2.471069235990919488e-01 7.969639988028866251e-02 -5.061657854193624129e-02
1.661968325301813602e+09 2.382701337337493896e-01 3.967124223709106445e-01 1.423611879348754883e+00 -4.872047007083892822e-01 5.112138390541076660e-01 4.612951874732971191e-01 5.371208190917968750e-01 4.965885321732696478e-01 1.368595065633421148e-02 -6.841791578076809044e-01 6.071297016736372232e-01 2.470995397789879922e-01 7.969401846631984920e-02 -5.061506606424120980e-02
1.661968325333729744e+09 2.398448139429092407e-01 4.102015495300292969e-01 1.415400624275207520e+00 -4.859045445919036865e-01 5.121591687202453613e-01 4.635397493839263916e-01 5.354630351066589355e-01 4.972444855795327134e-01 1.368574618394157415e-02 -6.841689359566157647e-01 6.071206309655907685e-01 2.470958480344108976e-01 7.969282781270405069e-02 -5.061430985928903198e-02
1.661968325365642548e+09 2.413887083530426025e-01 4.235398471355438232e-01 1.406901717185974121e+00 -4.845888018608093262e-01 5.131123065948486328e-01 4.657700061798095703e-01 5.338049530982971191e-01 4.979519235437199209e-01 1.368717761900847818e-02 -6.842404953289259462e-01 6.071841316143151701e-01 2.471216925632373773e-01 7.970116313521979912e-02 -5.061960376851735999e-02
1.661968325396560431e+09 2.429009079933166504e-01 4.367211461067199707e-01 1.398118495941162109e+00 -4.832575619220733643e-01 5.140733122825622559e-01 4.679858386516571045e-01 5.321466326713562012e-01 5.146400112100237845e-01 1.412762358330497958e-02 -7.062589839586079776e-01 6.267229881849780693e-01 2.550739348157716191e-01 8.226590340745564001e-02 -5.224851520773282632e-02
1.661968325427985191e+09 2.443805485963821411e-01 4.497393667697906494e-01 1.389054298400878906e+00 -4.819107949733734131e-01 5.150420665740966797e-01 4.701871871948242188e-01 5.304881334304809570e-01 5.069832092944521751e-01 1.389974658517903645e-02 -6.948671050473608224e-01 6.166140160452165953e-01 2.509596205984177542e-01 8.093896352927006099e-02 -5.140575246480648397e-02
1.661968325459899902e+09 2.458267509937286377e-01 4.625885188579559326e-01 1.379712700843811035e+00 -4.805488288402557373e-01 5.160187482833862305e-01 4.723741412162780762e-01 5.288293361663818359e-01 4.998236996449280101e-01 1.368635961944959616e-02 -6.841996024261790543e-01 6.071478439028784591e-01 2.471069235990919488e-01 7.969639988028866251e-02 -5.061657854193624129e-02
1.661968325491813898e+09 2.472386956214904785e-01 4.752626717090606689e-01 1.370097279548645020e+00 -4.791712462902069092e-01 5.170028805732727051e-01 4.745461344718933105e-01 5.271705389022827148e-01 5.004497558296032711e-01 1.368666635782605882e-02 -6.842149366919014764e-01 6.071614512863711122e-01 2.471124617537704404e-01 7.969818603416661817e-02 -5.061771295952834093e-02
1.661968325523729086e+09 2.486155629158020020e-01 4.877559542655944824e-01 1.360211968421936035e+00 -4.777787327766418457e-01 5.179949998855590820e-01 4.767036139965057373e-01 5.255115032196044922e-01 5.010321826697816672e-01 1.368615513483592387e-02 -6.841893799642009277e-01 6.071387726527267548e-01 2.471032316338800383e-01 7.969520915551418783e-02 -5.061582229178994419e-02
1.661968325555643320e+09 2.499565482139587402e-01 5.000626444816589355e-01 1.350060462951660156e+00 -4.763710200786590576e-01 5.189949274063110352e-01 4.788463413715362549e-01 5.238523483276367188e-01 5.016431647534933536e-01 1.368656411017289166e-02 -6.842098251936220565e-01 6.071569154241044375e-01 2.471106156746287197e-01 7.969759064064486920e-02 -5.061733481468112111e-02
