1.661968333995241165e+09 1.378528122206244648e-16 -2.367949187755584717e-01 1.128897309303283691e+00 -6.125128269195556641e-01 6.125135421752929688e-01 3.533097505569458008e-01 3.533093035221099854e-01 0.000000000000000000e+00 0.000000000000000000e+00 0.000000000000000000e+00 0.000000000000000000e+00 0.000000000000000000e+00 0.000000000000000000e+00 0.000000000000000000e+00
1.661968336200403214e+09 1.378528122206244648e-16 -2.367949187755584717e-01 1.128897309303283691e+00 -6.125128269195556641e-01 6.125135421752929688e-01 3.533097505569458008e-01 3.533093035221099854e-01 0.000000000000000000e+00 0.000000000000000000e+00 0.000000000000000000e+00 0.000000000000000000e+00 0.000000000000000000e+00 0.000000000000000000e+00 0.000000000000000000e+00
1.661968336227332115e+09 2.183171920478343964e-03 -2.267315983772277832e-01 1.139631271362304688e+00 -6.102992296218872070e-01 6.108698248863220215e-01 3.565877377986907959e-01 3.566764891147613525e-01 5.523667299789285501e-01 -1.289515656284054290e-01 -5.525886978115236436e-01 7.660573500979156458e-01 1.880956850881159992e-01 1.897715123968968798e-01 -2.031703153157090602e-01
1.661968336257250786e+09 4.445470869541168213e-03 -2.166438400745391846e-01 1.150248885154724121e+00 -6.080620288848876953e-01 6.092082858085632324e-01 3.598304688930511475e-01 3.600664734840393066e-01 4.953227759454944534e-01 -1.160654519523550837e-01 -4.973685789909322863e-01 6.895053357999270105e-01 1.692993070200539130e-01 1.708076691173996131e-01 -1.828675313518320911e-01
1.661968336288168430e+09 6.787227466702461243e-03 -2.065342068672180176e-01 1.160748481750488281e+00 -6.058012843132019043e-01 6.075291037559509277e-01 3.630376160144805908e-01 3.634788393974304199e-01 4.774766589101006597e-01 -1.123152842779587546e-01 -4.812982020112584469e-01 6.672268663833447189e-01 1.638291108694807374e-01 1.652887365798725305e-01 -1.769589350104004144e-01
1.661968336318088293e+09 9.208738803863525391e-03 -1.964053362607955933e-01 1.171128869056701660e+00 -6.035169363021850586e-01 6.058325171470642090e-01 3.662089705467224121e-01 3.669131100177764893e-01 4.914490159146522874e-01 -1.160608275728298444e-01 -4.973487624044048427e-01 6.894778639355133576e-01 1.692925616515066622e-01 1.708008636513965728e-01 -1.828602453864265065e-01
1.661968336349005938e+09 1.171026937663555145e-02 -1.862598508596420288e-01 1.181388258934020996e+00 -6.012091636657714844e-01 6.041185259819030762e-01 3.693443536758422852e-01 3.703688979148864746e-01 4.736419445618350599e-01 -1.123152842779587546e-01 -4.812982020112441250e-01 6.672268663833447189e-01 1.638291108694807374e-01 1.652887365798725305e-01 -1.769589350104004144e-01
1.661968336379923105e+09 1.429205015301704407e-02 -1.761003732681274414e-01 1.191525578498840332e+00 -5.988779664039611816e-01 6.023873686790466309e-01 3.724434375762939453e-01 3.738456368446350098e-01 4.716596549119971837e-01 -1.123170165226951706e-01 -4.813056250996018970e-01 6.672371570595898582e-01 1.638316376147661013e-01 1.652912858370418903e-01 -1.769616642576775090e-01
1.661968336411838293e+09 1.695427671074867249e-02 -1.659295707941055298e-01 1.201539158821105957e+00 -5.965232849121093750e-01 6.006392836570739746e-01 3.755061030387878418e-01 3.773428797721862793e-01 4.549278211085904799e-01 -1.088047499260218348e-01 -4.662547118705461235e-01 6.463719769528343262e-01 1.587084567639249766e-01 1.601224603114006217e-01 -1.714278942065621536e-01
1.661968336442755699e+09 1.969711296260356903e-02 -1.557500809431076050e-01 1.211427807807922363e+00 -5.941452980041503906e-01 5.988742709159851074e-01 3.785320222377777100e-01 3.808602392673492432e-01 4.675175478886363645e-01 -1.123161503936483396e-01 -4.813019135268015725e-01 6.672320116817963553e-01 1.638303742323814205e-01 1.652900111986297382e-01 -1.769602996235161707e-01
1.661968336473672628e+09 2.252068929374217987e-02 -1.455645859241485596e-01 1.221190094947814941e+00 -5.917440056800842285e-01 5.970926284790039062e-01 3.815210163593292236e-01 3.843971192836761475e-01 4.653812699438714118e-01 -1.123178826651022588e-01 -4.813093367296392699e-01 6.672423025167485422e-01 1.638329010166379440e-01 1.652925604951165917e-01 -1.769630289128876488e-01
1.661968336505587816e+09 2.542509697377681732e-02 -1.353757679462432861e-01 1.230824828147888184e+00 -5.893194675445556641e-01 5.952944159507751465e-01 3.844729363918304443e-01 3.879531919956207275e-01 4.487037249863478072e-01 -1.088047499260218348e-01 -4.662547118705461235e-01 6.463719769528273318e-01 1.587084567639249766e-01 1.601224603114006217e-01 -1.714278942065621536e-01
1.661968336537502766e+09 2.841039933264255524e-02 -1.251862794160842896e-01 1.240330576896667480e+00 -5.868716835975646973e-01 5.934798717498779297e-01 3.873875141143798828e-01 3.915278911590576172e-01 4.465371100604579313e-01 -1.088055627449146384e-01 -4.662581949964145211e-01 6.463768056331521406e-01 1.587096423852534244e-01 1.601236564959508391e-01 -1.714291748476299282e-01
1.661968336568420410e+09 3.147662058472633362e-02 -1.149988546967506409e-01 1.249706268310546875e+00 -5.844008326530456543e-01 5.916491150856018066e-01 3.902646899223327637e-01 3.951207697391510010e-01 4.586566309357141824e-01 -1.123152842779587546e-01 -4.812982020112584469e-01 6.672268663833519353e-01 1.638291108694807374e-01 1.652887365798707264e-01 -1.769589350104004144e-01
1.661968336599337578e+09 3.462375700473785400e-02 -1.048161610960960388e-01 1.258950710296630859e+00 -5.819068551063537598e-01 5.898023843765258789e-01 3.931040763854980469e-01 3.987313508987426758e-01 4.563341215305363741e-01 -1.123170165226960726e-01 -4.813056250995875196e-01 6.672371570595970747e-01 1.638316376147661013e-01 1.652912858370454707e-01 -1.769616642576784249e-01
1.661968336629257917e+09 3.785175830125808716e-02 -9.464091807603836060e-02 1.268062472343444824e+00 -5.793899297714233398e-01 5.879397392272949219e-01 3.959055840969085693e-01 4.023591578006744385e-01 4.690771688245171656e-01 -1.160589779241967961e-01 -4.973408362119285941e-01 6.894668758026962774e-01 1.692898636545880353e-01 1.707981416168350142e-01 -1.828573311628248488e-01
1.661968336661173582e+09 4.116054996848106384e-02 -8.447583019733428955e-02 1.277040600776672363e+00 -5.768500566482543945e-01 5.860614180564880371e-01 3.986691534519195557e-01 4.060038328170776367e-01 4.374053514429601663e-01 -1.088031243246659063e-01 -4.662477457749286125e-01 6.463623198086070332e-01 1.587060855744069077e-01 1.601200679959081108e-01 -1.714253329818226368e-01
1.661968336693086386e+09 4.455002024769783020e-02 -7.432360947132110596e-02 1.285883903503417969e+00 -5.742872357368469238e-01 5.841675400733947754e-01 4.013943374156951904e-01 4.096646010875701904e-01 4.350544433266810840e-01 -1.088128786614853405e-01 -4.662895454712297494e-01 6.464202670028044162e-01 1.587203137744114811e-01 1.601344229612161885e-01 -1.714407014783395633e-01
1.661968336725001335e+09 4.802002012729644775e-02 -6.418697535991668701e-02 1.294591307640075684e+00 -5.717015862464904785e-01 5.822582840919494629e-01 4.040811955928802490e-01 4.133412539958953857e-01 4.325934860714749641e-01 -1.088055627449155127e-01 -4.662581949964214600e-01 6.463768056331590239e-01 1.587096423852542848e-01 1.601236564959525877e-01 -1.714291748476307886e-01
1.661968336755919218e+09 5.157037079334259033e-02 -5.406865105032920837e-02 1.303161859512329102e+00 -5.690931677818298340e-01 5.803338885307312012e-01 4.067294895648956299e-01 4.170331954956054688e-01 4.439934984555285458e-01 -1.123144181756270121e-01 -4.812944905529425998e-01 6.672217211642618162e-01 1.638278475260645517e-01 1.652874619807715717e-01 -1.769575704183306841e-01
1.661968336786836386e+09 5.520084872841835022e-02 -4.397135600447654724e-02 1.311594247817993164e+00 -5.664620995521545410e-01 5.783944129943847656e-01 4.093391597270965576e-01 4.207400083541870117e-01 4.414056025402056105e-01 -1.123170165226956146e-01 -4.813056250995947360e-01 6.672371570595898582e-01 1.638316376147669895e-01 1.652912858370436944e-01 -1.769616642576793131e-01
1.661968336818750858e+09 5.891120806336402893e-02 -3.389780968427658081e-02 1.319887757301330566e+00 -5.638083219528198242e-01 5.764400959014892578e-01 4.119098782539367676e-01 4.244610667228698730e-01 4.250609565406711643e-01 -1.088071884191356420e-01 -4.662651614042764847e-01 6.463864632102389596e-01 1.587120136810555027e-01 1.601260489186734637e-01 -1.714317361871715018e-01
1.661968336850665331e+09 6.270115822553634644e-02 -2.385073527693748474e-02 1.328041195869445801e+00 -5.611320734024047852e-01 5.744711160659790039e-01 4.144416153430938721e-01 4.281961023807525635e-01 4.224667458226347705e-01 -1.088071884191360722e-01 -4.662651614042834236e-01 6.463864632102389596e-01 1.587120136810563631e-01 1.601260489186717151e-01 -1.714317361871723622e-01
1.661968336880585194e+09 6.657037883996963501e-02 -1.383285876363515854e-02 1.336053848266601562e+00 -5.584332942962646484e-01 5.724876523017883301e-01 4.169341921806335449e-01 4.319444000720977783e-01 4.478272440034474222e-01 -1.160608275728298444e-01 -4.973487624043974042e-01 6.894778639355207961e-01 1.692925616515066622e-01 1.708008636513947132e-01 -1.828602453864255906e-01
1.661968336912007332e+09 7.051850855350494385e-02 -3.846897045150399208e-03 1.343924641609191895e+00 -5.557121634483337402e-01 5.704897642135620117e-01 4.193875789642333984e-01 4.357056617736816406e-01 4.237067751394650306e-01 -1.105120220540930231e-01 -4.735707865336437616e-01 6.565142994283525990e-01 1.611987756599884969e-01 1.626349665554176205e-01 -1.741177957591303338e-01
1.661968336941927910e+09 7.454516738653182983e-02 6.104430183768272400e-03 1.351652741432189941e+00 -5.529686808586120605e-01 5.684778094291687012e-01 4.218015670776367188e-01 4.394793212413787842e-01 4.420866254095115466e-01 -1.160580531219881084e-01 -4.973368732104214152e-01 6.894613818676242900e-01 1.692885146883758019e-01 1.707967806320876969e-01 -1.828558740858560461e-01
1.661968336973842621e+09 7.864990830421447754e-02 1.601840741932392120e-02 1.359237194061279297e+00 -5.502029657363891602e-01 5.664517879486083984e-01 4.241760671138763428e-01 4.432648420333862305e-01 4.117225518017297858e-01 -1.088063755759535040e-01 -4.662616781743312289e-01 6.463816343856221280e-01 1.587108280242979508e-01 1.601248526983750087e-01 -1.714304555078343395e-01
1.661968337005756378e+09 8.283229172229766846e-02 2.589232288300991058e-02 1.366677403450012207e+00 -5.474150776863098145e-01 5.644119381904602051e-01 4.265109598636627197e-01 4.470618665218353271e-01 4.089634826290655112e-01 -1.088096270215540284e-01 -4.662756114063997259e-01 6.464009501169937222e-01 1.587155707576240471e-01 1.601296376868030502e-01 -1.714355783399975075e-01
1.661968337037671089e+09 8.709181100130081177e-02 3.572347015142440796e-02 1.373972535133361816e+00 -5.446051359176635742e-01 5.623584389686584473e-01 4.288060963153839111e-01 4.508697986602783203e-01 4.061455507178245439e-01 -1.088063755759535040e-01 -4.662616781743242345e-01 6.463816343856221280e-01 1.587108280242979508e-01 1.601248526983750087e-01 -1.714304555078352277e-01
1.661968337067591429e+09 9.142793715000152588e-02 4.550914838910102844e-02 1.381121754646301270e+00 -5.417731404304504395e-01 5.602915287017822266e-01 4.310614764690399170e-01 4.546881914138793945e-01 4.301888252211639174e-01 -1.160589779241967961e-01 -4.973408362119285941e-01 6.894668758027037159e-01 1.692898636545880353e-01 1.707981416168331545e-01 -1.828573311628248488e-01
1.661968337099506140e+09 9.584009647369384766e-02 5.524665862321853638e-02 1.388124346733093262e+00 -5.389192700386047363e-01 5.582112073898315430e-01 4.332768917083740234e-01 4.585165083408355713e-01 4.004351215878806935e-01 -1.088063755759535040e-01 -4.662616781743242345e-01 6.463816343856221280e-01 1.587108280242979508e-01 1.601248526983767295e-01 -1.714304555078343395e-01
1.661968337131421089e+09 1.003277078270912170e-01 6.493331491947174072e-02 1.394979715347290039e+00 -5.360435247421264648e-01 5.561178922653198242e-01 4.354523420333862305e-01 4.623543024063110352e-01 3.975328075163391817e-01 -1.088055627449150825e-01 -4.662581949964145211e-01 6.463768056331521406e-01 1.587096423852534244e-01 1.601236564959508391e-01 -1.714291748476307886e-01
1.661968337162339211e+09 1.048901230096817017e-01 7.456643879413604736e-02 1.401687145233154297e+00 -5.331460237503051758e-01 5.540115833282470703e-01 4.375876486301422119e-01 4.662010371685028076e-01 4.073255715088842654e-01 -1.123135520866528070e-01 -4.812907791518741818e-01 6.672165760245242216e-01 1.638265842021314478e-01 1.652861874013300258e-01 -1.769562058473064803e-01
1.661968337193256617e+09 1.095266714692115784e-01 8.414335548877716064e-02 1.408246040344238281e+00 -5.302269458770751953e-01 5.518925189971923828e-01 4.396829009056091309e-01 4.700563251972198486e-01 4.042823241159930192e-01 -1.123161503936478955e-01 -4.813019135268015725e-01 6.672320116817891389e-01 1.638303742323814205e-01 1.652900111986297382e-01 -1.769602996235161707e-01
1.661968337225171566e+09 1.142366677522659302e-01 9.366140514612197876e-02 1.414655923843383789e+00 -5.272862911224365234e-01 5.497608780860900879e-01 4.417378604412078857e-01 4.739196002483367920e-01 3.886639545825721909e-01 -1.088055627449155127e-01 -4.662581949964214600e-01 6.463768056331590239e-01 1.587096423852542848e-01 1.601236564959508391e-01 -1.714291748476307886e-01
1.661968337257085800e+09 1.190193593502044678e-01 1.031179353594779968e-01 1.420915961265563965e+00 -5.243241190910339355e-01 5.476168394088745117e-01 4.437526166439056396e-01 4.777904152870178223e-01 3.856602993586503159e-01 -1.088080012744630648e-01 -4.662686446862723266e-01 6.463912921070041895e-01 1.587131993555299103e-01 1.601272451568431510e-01 -1.714330168856452730e-01
1.661968337288999319e+09 1.238739863038063049e-01 1.125102937221527100e-01 1.427025914192199707e+00 -5.213406085968017578e-01 5.454605817794799805e-01 4.457269310951232910e-01 4.816681146621704102e-01 3.826365422757516677e-01 -1.088104399133176664e-01 -4.662790948445336148e-01 6.464057792302071448e-01 1.587167564852454138e-01 1.601308339785923462e-01 -1.714368590958776639e-01
1.661968337319916725e+09 1.287997364997863770e-01 1.218358650803565979e-01 1.432985186576843262e+00 -5.183359384536743164e-01 5.432921648025512695e-01 4.476609230041503906e-01 4.855524897575378418e-01 3.918090810343754504e-01 -1.123161503936483396e-01 -4.813019135268087334e-01 6.672320116817963553e-01 1.638303742323814205e-01 1.652900111986297382e-01 -1.769602996235161707e-01
1.661968337350834131e+09 1.337957829236984253e-01 1.310920268297195435e-01 1.438793420791625977e+00 -5.153099298477172852e-01 5.411120057106018066e-01 4.495544433593750000e-01 4.894428551197052002e-01 3.886326920775886595e-01 -1.123161503936483396e-01 -4.813019135268015725e-01 6.672320116817891389e-01 1.638303742323805046e-01 1.652900111986279619e-01 -1.769602996235161707e-01
1.661968337382254601e+09 1.388612538576126099e-01 1.402761787176132202e-01 1.444450020790100098e+00 -5.122629404067993164e-01 5.389200448989868164e-01 4.514075517654418945e-01 4.933388233184814453e-01 3.792615292534784466e-01 -1.105178920120878372e-01 -4.735959407256788989e-01 6.565491708503896628e-01 1.612073378962456394e-01 1.626436050764072105e-01 -1.741270442022256060e-01
1.661968337414170265e+09 1.439952403306961060e-01 1.493857204914093018e-01 1.449954748153686523e+00 -5.091948509216308594e-01 5.367167592048645020e-01 4.532200396060943604e-01 4.972397089004516602e-01 3.702598424170650548e-01 -1.088031243246663504e-01 -4.662477457749286125e-01 6.463623198086070332e-01 1.587060855744077958e-01 1.601200679959098594e-01 -1.714253329818226368e-01
1.661968337445087910e+09 1.491968184709548950e-01 1.584180742502212524e-01 1.455307245254516602e+00 -5.061060786247253418e-01 5.345020890235900879e-01 4.549920856952667236e-01 5.011451840400695801e-01 3.789758696771486357e-01 -1.123152842779587546e-01 -4.812982020112584469e-01 6.672268663833447189e-01 1.638291108694798492e-01 1.652887365798725305e-01 -1.769589350104004144e-01
1.661968337475008249e+09 1.544650197029113770e-01 1.673707067966461182e-01 1.460507154464721680e+00 -5.029963850975036621e-01 5.322762131690979004e-01 4.567234814167022705e-01 5.050548315048217773e-01 3.882469619508402969e-01 -1.160589779241972680e-01 -4.973408362119211557e-01 6.894668758027037159e-01 1.692898636545880353e-01 1.707981416168331545e-01 -1.828573311628248488e-01
1.661968337505435705e+09 1.597988307476043701e-01 1.762410551309585571e-01 1.465554118156433105e+00 -4.998660087585449219e-01 5.300393700599670410e-01 4.584142565727233887e-01 5.089680552482604980e-01 3.784542858358468931e-01 -1.141246919386715158e-01 -4.890519521745078646e-01 6.779759412864504453e-01 1.664684101434903418e-01 1.679515505336439674e-01 -1.798097567369160987e-01
1.661968337537350416e+09 1.651972383260726929e-01 1.850265860557556152e-01 1.470448017120361328e+00 -4.967152178287506104e-01 5.277918577194213867e-01 4.600646197795867920e-01 5.128843188285827637e-01 3.576396274958110189e-01 -1.088063755759526297e-01 -4.662616781743242345e-01 6.463816343856290114e-01 1.587108280242979508e-01 1.601248526983750087e-01 -1.714304555078343395e-01
1.661968337568267822e+09 1.706591695547103882e-01 1.937248110771179199e-01 1.475188612937927246e+00 -4.935439229011535645e-01 5.255337357521057129e-01 4.616742730140686035e-01 5.168032050132751465e-01 3.658833544431189244e-01 -1.123161503936483396e-01 -4.813019135268087334e-01 6.672320116817891389e-01 1.638303742323805046e-01 1.652900111986279619e-01 -1.769602996235161707e-01
1.661968337599693775e+09 1.761835217475891113e-01 2.023332267999649048e-01 1.479775547981262207e+00 -4.903523325920104980e-01 5.232651829719543457e-01 4.632433354854583740e-01 5.207242965698242188e-01 3.567103480334085641e-01 -1.104986073484343773e-01 -4.735133012701239763e-01 6.564346072290370149e-01 1.611792082492415068e-01 1.626152248099894670e-01 -1.740966601492960064e-01
1.661968337631608725e+09 1.817691922187805176e-01 2.108493596315383911e-01 1.484208941459655762e+00 -4.871406257152557373e-01 5.209866166114807129e-01 4.647720456123352051e-01 5.246468186378479004e-01 3.480381355336207294e-01 -1.088055627449155127e-01 -4.662581949964145211e-01 6.463768056331590239e-01 1.587096423852542848e-01 1.601236564959508391e-01 -1.714291748476307886e-01
1.661968337663522482e+09 1.874150037765502930e-01 2.192707806825637817e-01 1.488488554954528809e+00 -4.839085042476654053e-01 5.186976194381713867e-01 4.662597775459289551e-01 5.285708308219909668e-01 3.448364469546464917e-01 -1.088096270215531541e-01 -4.662756114063997259e-01 6.464009501169867278e-01 1.587155707576231867e-01 1.601296376868013294e-01 -1.714355783399975075e-01
1.661968337694945097e+09 1.931197792291641235e-01 2.275950312614440918e-01 1.492614269256591797e+00 -4.806566834449768066e-01 5.163990855216979980e-01 4.677072167396545410e-01 5.324953198432922363e-01 3.469556362765423008e-01 -1.105103450377639407e-01 -4.735636001124159944e-01 6.565043368452783135e-01 1.611963294738271713e-01 1.626324985751063101e-01 -1.741151535272595918e-01
1.661968337725863695e+09 1.988823115825653076e-01 2.358197271823883057e-01 1.496586203575134277e+00 -4.773849248886108398e-01 5.140907764434814453e-01 4.691140949726104736e-01 5.364200472831726074e-01 3.492873489072008675e-01 -1.123118199487757457e-01 -4.812833565214528209e-01 6.672062859830922843e-01 1.638240576127182324e-01 1.652836383014179011e-01 -1.769534767683927368e-01
1.661968337757777929e+09 1.988823115825653076e-01 2.358197271823883057e-01 1.496586203575134277e+00 -4.773849248886108398e-01 5.140907764434814453e-01 4.691140949726104736e-01 5.364200472831726074e-01 0.000000000000000000e+00 0.000000000000000000e+00 0.000000000000000000e+00 0.000000000000000000e+00 0.000000000000000000e+00 0.000000000000000000e+00 0.000000000000000000e+00
1.661968337789691925e+09 2.013730108737945557e-01 2.494084686040878296e-01 1.492234826087951660e+00 -4.774020910263061523e-01 5.142882466316223145e-01 4.696028530597686768e-01 5.357872843742370605e-01 4.538509406939247315e-01 -9.955907789131008753e-03 -6.379312742822103033e-01 5.755945423696259278e-01 1.838235172592704580e-01 3.770544826783783082e-02 -1.406300896603266959e-01
1.661968337820609093e+09 2.038642317056655884e-01 2.629303038120269775e-01 1.487609386444091797e+00 -4.774126112461090088e-01 5.144892930984497070e-01 4.700894653797149658e-01 5.351579189300537109e-01 4.692079637093655164e-01 -1.027690512453892369e-02 -6.584993875628013527e-01 5.941528012737208320e-01 1.897503358352676250e-01 3.892114337879177405e-02 -1.451642702710029820e-01
1.661968337851526499e+09 2.063549906015396118e-01 2.763797640800476074e-01 1.482711195945739746e+00 -4.774163067340850830e-01 5.146937370300292969e-01 4.705735743045806885e-01 5.345320701599121094e-01 4.699208803620812946e-01 -1.027682587451675573e-02 -6.584943095660280576e-01 5.941482194835708830e-01 1.897488725816772748e-01 3.892084323964904030e-02 -1.451631508414163718e-01
1.661968337883440971e+09 2.088442742824554443e-01 2.897514104843139648e-01 1.477541446685791016e+00 -4.774133861064910889e-01 5.149016380310058594e-01 4.710553586483001709e-01 5.339096784591674805e-01 4.559289147487541882e-01 -9.955759036969567821e-03 -6.379217428906144294e-01 5.755859423570400812e-01 1.838207707346830033e-01 3.770488490716327606e-02 -1.406279884928346435e-01
1.661968337915355682e+09 2.113310545682907104e-01 3.030397593975067139e-01 1.472102046012878418e+00 -4.774037599563598633e-01 5.151131749153137207e-01 4.715347886085510254e-01 5.332907438278198242e-01 4.566007497941264592e-01 -9.955684662555724929e-03 -6.379169773016123424e-01 5.755816424471200676e-01 1.838193975031687244e-01 3.770460323314060724e-02 -1.406269379326337277e-01
1.661968337947270393e+09 2.138143330812454224e-01 3.162394762039184570e-01 1.466394305229187012e+00 -4.773876070976257324e-01 5.153282880783081055e-01 4.720117747783660889e-01 5.326752066612243652e-01 4.572734087931522029e-01 -9.955684662556595760e-03 -6.379169773016123424e-01 5.755816424471166259e-01 1.838193975031687244e-01 3.770460323313886558e-02 -1.406269379326354763e-01
1.661968337977190733e+09 2.162931114435195923e-01 3.293451964855194092e-01 1.460420250892639160e+00 -4.773646891117095947e-01 5.155467987060546875e-01 4.724861681461334229e-01 5.320632457733154297e-01 4.884583864611493631e-01 -1.061929119829243748e-02 -6.804379981799579813e-01 6.139476366227420989e-01 1.960720709970450171e-01 4.021784285260927849e-02 -1.500005730241232849e-01
1.661968338009106159e+09 2.187663465738296509e-01 3.423516154289245605e-01 1.454181671142578125e+00 -4.773352742195129395e-01 5.157690048217773438e-01 4.729580283164978027e-01 5.314546227455139160e-01 4.585776010696749339e-01 -9.955461545981409907e-03 -6.379026809618327798e-01 5.755687431028068124e-01 1.838152779317224761e-01 3.770375823631599843e-02 -1.406237863462073134e-01
1.661968338041020870e+09 2.212330549955368042e-01 3.552534580230712891e-01 1.447680473327636719e+00 -4.772993326187133789e-01 5.159947872161865234e-01 4.734273552894592285e-01 5.308495163917541504e-01 4.592340410430651443e-01 -9.955684662555724929e-03 -6.379169773016193368e-01 5.755816424471200676e-01 1.838193975031669758e-01 3.770460323313886558e-02 -1.406269379326337277e-01
1.661968338071938276e+09 2.236922085285186768e-01 3.680454790592193604e-01 1.440918922424316406e+00 -4.772570729255676270e-01 5.162243843078613281e-01 4.738942384719848633e-01 5.302476882934570312e-01 4.747026135998789198e-01 -1.027682587451675573e-02 -6.584943095660280576e-01 5.941482194835708830e-01 1.897488725816772748e-01 3.892084323965083748e-02 -1.451631508414163718e-01
1.661968338102854729e+09 2.261427938938140869e-01 3.807224631309509277e-01 1.433899164199829102e+00 -4.772080183029174805e-01 5.164573788642883301e-01 4.743582010269165039e-01 5.296494364738464355e-01 4.753630912158087196e-01 -1.027714288193925726e-02 -6.585146220230412295e-01 5.941665470681716243e-01 1.897547257314488311e-01 3.892204382398779111e-02 -1.451676286633500068e-01
1.661968338134769440e+09 2.285838127136230469e-01 3.932793438434600830e-01 1.426623463630676270e+00 -4.771527051925659180e-01 5.166941881179809570e-01 4.748196303844451904e-01 5.290545821189880371e-01 4.611135413152508966e-01 -9.955684662555724929e-03 -6.379169773016123424e-01 5.755816424471166259e-01 1.838193975031687244e-01 3.770460323314060724e-02 -1.406269379326337277e-01
1.661968338166683912e+09 2.310142368078231812e-01 4.057109653949737549e-01 1.419094324111938477e+00 -4.770910441875457764e-01 5.169348120689392090e-01 4.752784967422485352e-01 5.284630060195922852e-01 4.617239078130532248e-01 -9.955759036969567821e-03 -6.379217428906074350e-01 5.755859423570400812e-01 1.838207707346847242e-01 3.770488490716327606e-02 -1.406279884928346435e-01
1.661968338198598385e+09 2.334330826997756958e-01 4.180123507976531982e-01 1.411314129829406738e+00 -4.770228862762451172e-01 5.171789526939392090e-01 4.757343232631683350e-01 5.278749465942382812e-01 4.623255000541293125e-01 -9.955759036969567821e-03 -6.379217428906074350e-01 5.755859423570400812e-01 1.838207707346830033e-01 3.770488490716327606e-02 -1.406279884928346435e-01
1.661968338230513573e+09 2.358393222093582153e-01 4.301784634590148926e-01 1.403285741806030273e+00 -4.769485294818878174e-01 5.174269676208496094e-01 4.761875867843627930e-01 5.272902250289916992e-01 4.629019116786084465e-01 -9.955535917061671125e-03 -6.379074463372266246e-01 5.755730428200013238e-01 1.838166511016880444e-01 3.770403989771706210e-02 -1.406248368593221720e-01
1.661968338260434866e+09 2.382319718599319458e-01 4.422043561935424805e-01 1.395011663436889648e+00 -4.768677651882171631e-01 5.176787376403808594e-01 4.766379296779632568e-01 5.267089009284973145e-01 4.943681515187457465e-01 -1.061895273213193588e-02 -6.804163107402828592e-01 6.139280684146568579e-01 1.960658216382135666e-01 4.021656099879655777e-02 -1.499957920912704523e-01
1.661968338292349100e+09 2.406100332736968994e-01 4.540852308273315430e-01 1.386494874954223633e+00 -4.767807722091674805e-01 5.179342627525329590e-01 4.770854115486145020e-01 5.261309146881103516e-01 4.640667749538038844e-01 -9.955833412494653756e-03 -6.379265085508062372e-01 5.755902423312093674e-01 1.838221439867185059e-01 3.770516658539622978e-02 -1.406290390687321701e-01
1.661968338323265791e+09 2.429725080728530884e-01 4.658161997795104980e-01 1.377738356590270996e+00 -4.766875505447387695e-01 5.181936025619506836e-01 4.775300323963165283e-01 5.255562663078308105e-01 4.796157927396216269e-01 -1.027706362825014583e-02 -6.585095437913061067e-01 5.941619650660231455e-01 1.897532624101528897e-01 3.892174367096103843e-02 -1.451665091819667186e-01
1.661968338353185654e+09 2.453184127807617188e-01 4.773925542831420898e-01 1.368744969367980957e+00 -4.765883386135101318e-01 5.184569358825683594e-01 4.779718816280364990e-01 5.249848961830139160e-01 4.961837299011980784e-01 -1.061946043946442736e-02 -6.804488424182529860e-01 6.139574211945767468e-01 1.960751958258542815e-01 4.021848381015649676e-02 -1.500029636048431647e-01
1.661968338384102821e+09 2.476467490196228027e-01 4.888095557689666748e-01 1.359517931938171387e+00 -4.764826297760009766e-01 5.187239050865173340e-01 4.784105122089385986e-01 5.244170427322387695e-01 4.807345383181713672e-01 -1.027690512453892369e-02 -6.584993875628049054e-01 5.941528012737208320e-01 1.897503358352676250e-01 3.892114337879087199e-02 -1.451642702710012056e-01
1.661968338415019989e+09 2.499565482139587402e-01 5.000626444816589355e-01 1.350060462951660156e+00 -4.763710200786590576e-01 5.189949274063110352e-01 4.788463413715362549e-01 5.238523483276367188e-01 4.812821947581996662e-01 -1.027690512453892369e-02 -6.584993875628013527e-01 5.941528012737208320e-01 1.897503358352676250e-01 3.892114337879087199e-02 -1.451642702710012056e-01
