1.661968236205657959e+09 1.378528122206244648e-16 -2.367949187755584717e-01 1.128897309303283691e+00 -6.125128269195556641e-01 6.125135421752929688e-01 3.533097505569458008e-01 3.533093035221099854e-01 0.000000000000000000e+00 0.000000000000000000e+00 0.000000000000000000e+00 0.000000000000000000e+00 0.000000000000000000e+00 0.000000000000000000e+00 0.000000000000000000e+00
1.661968238271653414e+09 1.378528122206244648e-16 -2.367949187755584717e-01 1.128897309303283691e+00 -6.125128269195556641e-01 6.125135421752929688e-01 3.533097505569458008e-01 3.533093035221099854e-01 0.000000000000000000e+00 0.000000000000000000e+00 0.000000000000000000e+00 0.000000000000000000e+00 0.000000000000000000e+00 0.000000000000000000e+00 0.000000000000000000e+00
1.661968238307557344e+09 4.359790589660406113e-03 -2.265855222940444946e-01 1.136751055717468262e+00 -6.094950437545776367e-01 6.138555407524108887e-01 3.552431464195251465e-01 3.542588949203491211e-01 3.787485536066568792e-01 -1.848712831000927925e-01 -4.554225761329632749e-01 5.201072332149956345e-01 2.164358502022379893e-01 6.604763772431704316e-02 -1.114312497398513985e-01
1.661968238338474751e+09 8.862659335136413574e-03 -2.163200974464416504e-01 1.144454121589660645e+00 -6.064623594284057617e-01 6.151781082153320312e-01 3.571689426898956299e-01 3.552317619323730469e-01 4.399197110098394536e-01 -2.146883122266028121e-01 -5.288755645566692865e-01 6.039929090302404990e-01 2.513437815006163145e-01 7.670015392228295148e-02 -1.294034775698366113e-01
1.661968238369392157e+09 1.351007912307977676e-02 -2.060027867555618286e-01 1.152005195617675781e+00 -6.034145951271057129e-01 6.164813041687011719e-01 3.590868711471557617e-01 3.562277257442474365e-01 4.400054686869891429e-01 -2.146883122266028121e-01 -5.288755645566692865e-01 6.039929090302260661e-01 2.513437815006180909e-01 7.670015392228654583e-02 -1.294034775698366113e-01
1.661968238400309563e+09 1.830343902111053467e-02 -1.956378072500228882e-01 1.159402728080749512e+00 -6.003520488739013672e-01 6.177650094032287598e-01 3.609967529773712158e-01 3.572467267513275146e-01 4.400868413972405802e-01 -2.146883122266028121e-01 -5.288755645566692865e-01 6.039929090302404990e-01 2.513437815006163145e-01 7.670015392228654583e-02 -1.294034775698366113e-01
1.661968238430229425e+09 2.324403822422027588e-02 -1.852294355630874634e-01 1.166645050048828125e+00 -5.972747206687927246e-01 6.190291643142700195e-01 3.628982007503509521e-01 3.582885265350341797e-01 4.548361471431849323e-01 -2.218461289841617001e-01 -5.465085429865974564e-01 6.241303376627590493e-01 2.597237101165437156e-01 7.925737579131812705e-02 -1.337178548669951117e-01
1.661968238461147070e+09 2.833309210836887360e-02 -1.747819185256958008e-01 1.173731088638305664e+00 -5.941828489303588867e-01 6.202738881111145020e-01 3.647910356521606445e-01 3.593530654907226562e-01 4.402360787967231626e-01 -2.146866566773773521e-01 -5.288714861812593426e-01 6.039882513943199971e-01 2.513418432861024288e-01 7.669956245608623713e-02 -1.294024796867902505e-01
1.661968238492065907e+09 3.357172384858131409e-02 -1.642996221780776978e-01 1.180659294128417969e+00 -5.910763740539550781e-01 6.214990019798278809e-01 3.666749894618988037e-01 3.604402244091033936e-01 4.402913431993284443e-01 -2.146783793142445218e-01 -5.288510952477596394e-01 6.039649642922703121e-01 2.513321526619191060e-01 7.669660526191059147e-02 -1.293974905024074251e-01
1.661968238524979115e+09 3.896096721291542053e-02 -1.537868827581405640e-01 1.187428355216979980e+00 -5.879555940628051758e-01 6.227045655250549316e-01 3.685498535633087158e-01 3.615497946739196777e-01 4.136788894263928040e-01 -2.016699717823450810e-01 -4.968054342331373330e-01 5.673677884816341610e-01 2.361027146619684436e-01 7.204918477761275419e-02 -1.215566669623877327e-01
1.661968238554898024e+09 4.450176656246185303e-02 -1.432480961084365845e-01 1.194037199020385742e+00 -5.848206281661987305e-01 6.238905191421508789e-01 3.704153001308441162e-01 3.626815676689147949e-01 4.551555232161106912e-01 -2.218532003969206357e-01 -5.465259631124258499e-01 6.241502320068974541e-01 2.597319888887107409e-01 7.925990214425449043e-02 -1.337221171642430928e-01
1.661968238585818529e+09 5.019497126340866089e-02 -1.326876729726791382e-01 1.200484275817871094e+00 -5.816715955734252930e-01 6.250568628311157227e-01 3.722711503505706787e-01 3.638355135917663574e-01 4.404790656018940376e-01 -2.146667920781029637e-01 -5.288225505822746753e-01 6.039323653659770530e-01 2.513185870433758962e-01 7.669246557313685875e-02 -1.293905062905675307e-01
1.661968238618728399e+09 5.604134872555732727e-02 -1.221100836992263794e-01 1.206768751144409180e+00 -5.785085558891296387e-01 6.262035369873046875e-01 3.741171658039093018e-01 3.650114536285400391e-01 4.139197927292502244e-01 -2.016904260153960238e-01 -4.968558223699610643e-01 5.674253333549170719e-01 2.361266612114074903e-01 7.205649231479287209e-02 -1.215689957606365251e-01
1.661968238665601015e+09 6.204155832529067993e-02 -1.115197911858558655e-01 1.212889194488525391e+00 -5.753316879272460938e-01 6.273305416107177734e-01 3.759530484676361084e-01 3.662092387676239014e-01 2.906626707136537591e-01 -1.416094582071494856e-01 -3.488489027610413573e-01 3.983966696727004320e-01 1.657875845820172278e-01 5.059179574655058714e-02 -8.535516516355050320e-02
1.661968238697028637e+09 6.819618493318557739e-02 -1.009212955832481384e-01 1.218844771385192871e+00 -5.721411108970642090e-01 6.284378170967102051e-01 3.777785301208496094e-01 3.674286305904388428e-01 4.335776373157702035e-01 -2.112029272750037823e-01 -5.202894663436138378e-01 5.941873086499734891e-01 2.472633086298081651e-01 7.545495543200132771e-02 -1.273026602094092796e-01
1.661968238728943348e+09 7.450570166110992432e-02 -9.031911194324493408e-02 1.224634170532226562e+00 -5.689370632171630859e-01 6.295254230499267578e-01 3.795935213565826416e-01 3.686695396900177002e-01 4.270258218730439981e-01 -2.079795029479253599e-01 -5.123486970343285041e-01 5.851186946385225074e-01 2.434895230364217955e-01 7.430334573569490064e-02 -1.253597397342275654e-01
1.661968238759860516e+09 8.097051084041595459e-02 -7.971777766942977905e-02 1.230256676673889160e+00 -5.657194256782531738e-01 6.305932998657226562e-01 3.813976049423217773e-01 3.699317574501037598e-01 4.408764160322223846e-01 -2.146899678013583224e-01 -5.288796429949588207e-01 6.039975667379743340e-01 2.513457197450216229e-01 7.670074539760905752e-02 -1.294044754682715792e-01
1.661968238790778875e+09 8.759088814258575439e-02 -6.912185996770858765e-02 1.235711216926574707e+00 -5.624885559082031250e-01 6.316413879394531250e-01 3.831906616687774658e-01 3.712151944637298584e-01 4.409308998401899049e-01 -2.146816901829048940e-01 -5.288592514324853555e-01 6.039742789176021365e-01 2.513360288219201322e-01 7.669778811221474035e-02 -1.293994861299944954e-01
1.661968238821696758e+09 9.436704218387603760e-02 -5.853591114282608032e-02 1.240996837615966797e+00 -5.592445135116577148e-01 6.326697468757629395e-01 3.849724829196929932e-01 3.725196123123168945e-01 4.410106305393992066e-01 -2.146850011536885205e-01 -5.288674078687776170e-01 6.039835938302472451e-01 2.513399051014845731e-01 7.669897099900616078e-02 -1.294014818191357163e-01
1.661968238852614403e+09 1.012990772724151611e-01 -4.796452447772026062e-02 1.246112704277038574e+00 -5.559874176979064941e-01 6.336781978607177734e-01 3.867428004741668701e-01 3.738448619842529297e-01 4.410888128902650251e-01 -2.146866566773791563e-01 -5.288714861812736645e-01 6.039882513943343190e-01 2.513418432861042051e-01 7.669956245608623713e-02 -1.294024796867911387e-01
1.661968238884528875e+09 1.083870008587837219e-01 -3.741228580474853516e-02 1.251057982444763184e+00 -5.527174472808837891e-01 6.346669197082519531e-01 3.885012865066528320e-01 3.751907348632812500e-01 4.273860772188846080e-01 -2.079810566686526307e-01 -5.123525245595380584e-01 5.851230657954461511e-01 2.434913420364378800e-01 7.430390082235874272e-02 -1.253606762401011654e-01
1.661968238916443110e+09 1.156307235360145569e-01 -2.688379585742950439e-02 1.255831956863403320e+00 -5.494346618652343750e-01 6.356357932090759277e-01 3.902478814125061035e-01 3.765571117401123047e-01 4.274665339403972975e-01 -2.079826104125943598e-01 -5.123563521419355338e-01 5.851274370176801076e-01 2.434931610636293930e-01 7.430445591731625610e-02 -1.253616127599664065e-01
1.661968238947359085e+09 1.230300664901733398e-01 -1.638365723192691803e-02 1.260433912277221680e+00 -5.461392402648925781e-01 6.365848183631896973e-01 3.919822573661804199e-01 3.779438138008117676e-01 4.413518332776754649e-01 -2.146982460581725316e-01 -5.289000361300152386e-01 6.040208563542696085e-01 2.513554114154700758e-01 7.670370291106223815e-02 -1.294094651913207938e-01
1.661968238977278948e+09 1.305847465991973877e-01 -5.916478112339973450e-03 1.264863252639770508e+00 -5.428313016891479492e-01 6.375140547752380371e-01 3.937043249607086182e-01 3.793506622314453125e-01 4.561349057505983962e-01 -2.218461289841598683e-01 -5.465085429865825795e-01 6.241303376627590493e-01 2.597237101165446593e-01 7.925737579131998667e-02 -1.337178548669941958e-01
1.661968239008198500e+09 1.382943987846374512e-01 4.513133782893419266e-03 1.269119143486022949e+00 -5.395110249519348145e-01 6.384233832359313965e-01 3.954137563705444336e-01 3.807774186134338379e-01 4.414749266552248086e-01 -2.146734132027294517e-01 -5.288388614423701339e-01 6.039509928929379656e-01 2.513263386460791726e-01 7.669483105485648544e-02 -1.293944971764392493e-01
1.661968239039114952e+09 1.461585462093353271e-01 1.490057166665792465e-02 1.273201227188110352e+00 -5.361784696578979492e-01 6.393128037452697754e-01 3.971103429794311523e-01 3.822239637374877930e-01 4.416127026678509648e-01 -2.146949346788387392e-01 -5.288918786872764954e-01 6.040115402922239252e-01 2.513515346576026266e-01 7.670251987831019913e-02 -1.294074692559256112e-01
1.661968239070034504e+09 1.541766375303268433e-01 2.524123340845108032e-02 1.277108788490295410e+00 -5.328338146209716797e-01 6.401823163032531738e-01 3.987939059734344482e-01 3.836900889873504639e-01 4.416643871049099612e-01 -2.146734132027294517e-01 -5.288388614423701339e-01 6.039509928929308602e-01 2.513263386460791726e-01 7.669483105485828955e-02 -1.293944971764392493e-01
1.661968239101948738e+09 1.623479872941970825e-01 3.553052246570587158e-02 1.280841469764709473e+00 -5.294771194458007812e-01 6.410320401191711426e-01 4.004642069339752197e-01 3.851755559444427490e-01 4.279966413686582816e-01 -2.079826104125952480e-01 -5.123563521419355338e-01 5.851274370176871020e-01 2.434931610636311416e-01 7.430445591731625610e-02 -1.253616127599672947e-01
1.661968239131868601e+09 1.706718504428863525e-01 4.576384648680686951e-02 1.284398794174194336e+00 -5.261087417602539062e-01 6.418617367744445801e-01 4.021211266517639160e-01 3.866803050041198730e-01 4.566343356798004405e-01 -2.218461289841607842e-01 -5.465085429865825795e-01 6.241303376627664878e-01 2.597237101165437156e-01 7.925737579131998667e-02 -1.337178548669946399e-01
1.661968239163782597e+09 1.791473776102066040e-01 5.593663454055786133e-02 1.287780404090881348e+00 -5.227285623550415039e-01 6.426715850830078125e-01 4.037644267082214355e-01 3.882040083408355713e-01 4.282086882715438469e-01 -2.079841641797519347e-01 -5.123601797815221515e-01 5.851318083052329255e-01 2.434949801180022189e-01 7.430501102056935592e-02 -1.253625492938258146e-01
1.661968239194216490e+09 1.877736151218414307e-01 6.604431569576263428e-02 1.290985941886901855e+00 -5.193368792533874512e-01 6.434615254402160645e-01 4.053938388824462891e-01 3.897465169429779053e-01 4.491507563253669955e-01 -2.180991332843122410e-01 -5.372779777751115482e-01 6.135887352373583514e-01 2.553369595817861493e-01 7.791871350484624870e-02 -1.314593515094023557e-01
1.661968239226130724e+09 1.965495347976684570e-01 7.608234137296676636e-02 1.294015049934387207e+00 -5.159337520599365234e-01 6.442314982414245605e-01 4.070092141628265381e-01 3.913077116012573242e-01 4.284332915986907020e-01 -2.079826104125952480e-01 -5.123563521419355338e-01 5.851274370176801076e-01 2.434931610636302812e-01 7.430445591731625610e-02 -1.253616127599672947e-01
1.661968239258046150e+09 2.054739892482757568e-01 8.604618906974792480e-02 1.296867609024047852e+00 -5.125193595886230469e-01 6.449815034866333008e-01 4.086103439331054688e-01 3.928872644901275635e-01 4.285398932432804009e-01 -2.079748419250216362e-01 -5.123372148018208172e-01 5.851055815596061249e-01 2.434840661994383815e-01 7.430168052546522184e-02 -1.253569303005588054e-01
1.661968239289960861e+09 2.145457416772842407e-01 9.593132883310317993e-02 1.299543380737304688e+00 -5.090937018394470215e-01 6.457116603851318359e-01 4.101971387863159180e-01 3.944850265979766846e-01 4.286768478049688968e-01 -2.079795029479236390e-01 -5.123486970343215097e-01 5.851186946385295018e-01 2.434895230364217955e-01 7.430334573569490064e-02 -1.253597397342267050e-01
1.661968239320389032e+09 2.237634956836700439e-01 1.057332754135131836e-01 1.302042245864868164e+00 -5.056571364402770996e-01 6.464217901229858398e-01 4.117691814899444580e-01 3.961008191108703613e-01 4.497600047768235965e-01 -2.181401470292598510e-01 -5.373790133987552675e-01 6.137041211699324483e-01 2.553849759346155102e-01 7.793336619142110511e-02 -1.314840725627723361e-01
1.661968239351305246e+09 2.331258058547973633e-01 1.154475659132003784e-01 1.304364085197448730e+00 -5.022096633911132812e-01 6.471120119094848633e-01 4.133265018463134766e-01 3.977344334125518799e-01 4.428039642793437092e-01 -2.146965903557373490e-01 -5.288959573771917499e-01 6.040161982873215596e-01 2.513534730215902790e-01 7.670311139012368773e-02 -1.294084672159271088e-01
1.661968239382222652e+09 2.426311671733856201e-01 1.250697523355484009e-01 1.306508779525756836e+00 -4.987514913082122803e-01 6.477823257446289062e-01 4.148688614368438721e-01 3.993856608867645264e-01 4.429367160678857607e-01 -2.146883122266028121e-01 -5.288755645566692865e-01 6.039929090302332826e-01 2.513437815006145382e-01 7.670015392228654583e-02 -1.294034775698366113e-01
1.661968239412646294e+09 2.522780001163482666e-01 1.345954388380050659e-01 1.308476328849792480e+00 -4.952826499938964844e-01 6.484326124191284180e-01 4.163960516452789307e-01 4.010542929172515869e-01 4.502853176330977591e-01 -2.181726271853139665e-01 -5.374590268875696353e-01 6.137954991482654776e-01 2.554230016900118638e-01 7.794497014388131195e-02 -1.315036499915654689e-01
1.661968239443563700e+09 2.620646059513092041e-01 1.440202295780181885e-01 1.310266971588134766e+00 -4.918033480644226074e-01 6.490630507469177246e-01 4.179078936576843262e-01 4.027401208877563477e-01 4.432585860146107670e-01 -2.146883122266019239e-01 -5.288755645566692865e-01 6.039929090302260661e-01 2.513437815006145382e-01 7.670015392228474171e-02 -1.294034775698366113e-01
1.661968239474481106e+09 2.719891667366027832e-01 1.533397734165191650e-01 1.311880588531494141e+00 -4.883137643337249756e-01 6.496735215187072754e-01 4.194042384624481201e-01 4.044429361820220947e-01 4.434282803589570943e-01 -2.146883122266046162e-01 -5.288755645566692865e-01 6.039929090302332826e-01 2.513437815006180909e-01 7.670015392228654583e-02 -1.294034775698366113e-01
1.661968239504906416e+09 2.820498645305633545e-01 1.625497639179229736e-01 1.313317418098449707e+00 -4.848140180110931396e-01 6.502640247344970703e-01 4.208849370479583740e-01 4.061625599861145020e-01 4.507817877316531163e-01 -2.181606596867790848e-01 -5.374295454617884493e-01 6.137618304115847190e-01 2.554089908838082512e-01 7.794069460149137540e-02 -1.314964365763966192e-01
1.661968239536823750e+09 2.922447025775909424e-01 1.716459393501281738e-01 1.314577698707580566e+00 -4.813041687011718750e-01 6.508346199989318848e-01 4.223497211933135986e-01 4.078986942768096924e-01 4.298890560894641499e-01 -2.079624135519206884e-01 -5.123065980310538281e-01 5.850706162224347251e-01 2.434695158298318673e-01 7.429724032972129244e-02 -1.253494390930342262e-01
1.661968239568735600e+09 3.025716245174407959e-01 1.806240230798721313e-01 1.315661668777465820e+00 -4.777844846248626709e-01 6.513852477073669434e-01 4.237985312938690186e-01 4.096512198448181152e-01 4.301488569222282621e-01 -2.079981491289311091e-01 -5.123946311115236130e-01 5.851711528324116118e-01 2.435113528304899688e-01 7.431000732308552792e-02 -1.253709787282874522e-01
1.661968239599653482e+09 3.130285143852233887e-01 1.894798576831817627e-01 1.316569447517395020e+00 -4.742548763751983643e-01 6.519160270690917969e-01 4.252310991287231445e-01 4.114197790622711182e-01 4.441779216441989475e-01 -2.146850011536885205e-01 -5.288674078687776170e-01 6.039835938302543505e-01 2.513399051014845731e-01 7.669897099900616078e-02 -1.294014818191348282e-01
1.661968239630572319e+09 3.236131668090820312e-01 1.982092708349227905e-01 1.317301511764526367e+00 -4.707157909870147705e-01 6.524267792701721191e-01 4.266474843025207520e-01 4.132043421268463135e-01 4.443726279089345588e-01 -2.146783793142445218e-01 -5.288510952477667448e-01 6.039649642922630957e-01 2.513321526619172741e-01 7.669660526190880123e-02 -1.293974905024074251e-01
1.661968239661489487e+09 3.343232274055480957e-01 2.068081647157669067e-01 1.317858338356018066e+00 -4.671671986579895020e-01 6.529176831245422363e-01 4.280472695827484131e-01 4.150045514106750488e-01 4.446119550959541367e-01 -2.146899678013600987e-01 -5.288796429949659261e-01 6.039975667379671176e-01 2.513457197450216229e-01 7.670074539760905752e-02 -1.294044754682724674e-01
1.661968239692404985e+09 3.451563417911529541e-01 2.152724713087081909e-01 1.318240165710449219e+00 -4.636092782020568848e-01 6.533887386322021484e-01 4.294304251670837402e-01 4.168202877044677734e-01 4.448597001535111173e-01 -2.147015575396522824e-01 -5.289081938243929137e-01 6.040301727036806456e-01 2.513592882929259753e-01 7.670488598030461569e-02 -1.294114611882848098e-01
1.661968239723322630e+09 3.561100363731384277e-01 2.235981822013854980e-01 1.318447470664978027e+00 -4.600421190261840820e-01 6.538398265838623047e-01 4.307968318462371826e-01 4.186512827873229980e-01 4.450606691255740155e-01 -2.146866566773791563e-01 -5.288714861812736645e-01 6.039882513943272135e-01 2.513418432861042051e-01 7.669956245608444689e-02 -1.294024796867911387e-01
1.661968239754240036e+09 3.671817183494567871e-01 2.317813485860824585e-01 1.318480968475341797e+00 -4.564659297466278076e-01 6.542710661888122559e-01 4.321462512016296387e-01 4.204972684383392334e-01 4.453033400719198509e-01 -2.146883122266028121e-01 -5.288755645566692865e-01 6.039929090302332826e-01 2.513437815006163145e-01 7.670015392228474171e-02 -1.294034775698366113e-01
1.661968239785157442e+09 3.783687651157379150e-01 2.398180514574050903e-01 1.318341135978698730e+00 -4.528807997703552246e-01 6.546823978424072266e-01 4.334786236286163330e-01 4.223580658435821533e-01 4.455507528210861379e-01 -2.146883122266028121e-01 -5.288755645566692865e-01 6.039929090302260661e-01 2.513437815006163145e-01 7.670015392228654583e-02 -1.294034775698366113e-01
1.661968239816074610e+09 3.896684646606445312e-01 2.477044612169265747e-01 1.318028569221496582e+00 -4.492868781089782715e-01 6.550739407539367676e-01 4.347936511039733887e-01 4.242334067821502686e-01 4.458102891157264547e-01 -2.146899678013600987e-01 -5.288796429949659261e-01 6.039975667379743340e-01 2.513457197450216229e-01 7.670074539760725341e-02 -1.294044754682724674e-01
1.661968239845994949e+09 3.896684646606445312e-01 2.477044612169265747e-01 1.318028569221496582e+00 -4.492868781089782715e-01 6.550739407539367676e-01 4.347936511039733887e-01 4.242334067821502686e-01 0.000000000000000000e+00 0.000000000000000000e+00 0.000000000000000000e+00 0.000000000000000000e+00 0.000000000000000000e+00 0.000000000000000000e+00 0.000000000000000000e+00
1.661968239875919580e+09 3.853884041309356689e-01 2.600375413894653320e-01 1.321016311645507812e+00 -4.513376355171203613e-01 6.492982506752014160e-01 4.368748664855957031e-01 4.287732839584350586e-01 4.475302092985977698e-01 2.156382899339603643e-01 -5.164653615745548043e-01 6.996769537574935027e-01 -1.363031304104169762e-02 2.317117267754860155e-01 -2.416153791116753824e-01
1.661968239908830881e+09 3.809363245964050293e-01 2.722758948802947998e-01 1.323855876922607422e+00 -4.533102512359619141e-01 6.435024142265319824e-01 4.389414191246032715e-01 4.332953691482543945e-01 4.049967536954317548e-01 1.960693182011095936e-01 -4.695966163960303419e-01 6.361819291289723122e-01 -1.239337496899642690e-02 2.106841057865208866e-01 -2.196890110000277452e-01
1.661968239940745354e+09 3.763130307197570801e-01 2.844152450561523438e-01 1.326547622680664062e+00 -4.552044570446014404e-01 6.376873850822448730e-01 4.409933686256408691e-01 4.377996921539306641e-01 4.156704228822135638e-01 2.021934175847807658e-01 -4.842641654823958697e-01 6.560526636009851309e-01 -1.278047408631843677e-02 2.172646886856419435e-01 -2.265508563372183592e-01
1.661968239987616301e+09 3.715195059776306152e-01 2.964513301849365234e-01 1.329091668128967285e+00 -4.570199549198150635e-01 6.318544745445251465e-01 4.430305361747741699e-01 4.422857761383056641e-01 2.816868884566408604e-01 1.376736914939196976e-01 -3.297359336251766138e-01 4.467068863628718689e-01 -8.702237033843190223e-03 1.479357344068221725e-01 -1.542586948458663509e-01
1.661968240019531488e+09 3.665567338466644287e-01 3.083799779415130615e-01 1.331488490104675293e+00 -4.587566256523132324e-01 6.260043382644653320e-01 4.450528323650360107e-01 4.467537105083465576e-01 4.117244312080586277e-01 2.021888861998264453e-01 -4.842533125704613917e-01 6.560379607130050195e-01 -1.278018766132484746e-02 2.172598195363252827e-01 -2.265457790742991251e-01
1.661968240051448107e+09 3.614259064197540283e-01 3.201968967914581299e-01 1.333738446235656738e+00 -4.604142308235168457e-01 6.201382279396057129e-01 4.470603764057159424e-01 4.512031674385070801e-01 4.097470196745792159e-01 2.021798240392115309e-01 -4.842316082059045512e-01 6.560085569139999517e-01 -1.277961484985408458e-02 2.172500818923965571e-01 -2.265356252311509222e-01
1.661968240082365513e+09 3.561281263828277588e-01 3.318980038166046143e-01 1.335842013359069824e+00 -4.619925618171691895e-01 6.142572164535522461e-01 4.490529000759124756e-01 4.556340575218200684e-01 4.209815904094361128e-01 2.087140254978228082e-01 -4.998813739314452720e-01 6.772099408296327061e-01 -1.319263617079743933e-02 2.242713354162368389e-01 -2.338569760130455866e-01
1.661968240113283157e+09 3.506647348403930664e-01 3.434790670871734619e-01 1.337799549102783203e+00 -4.634914696216583252e-01 6.083624362945556641e-01 4.510304033756256104e-01 4.600460231304168701e-01 4.189784397739534927e-01 2.087124160187631416e-01 -4.998775191420834485e-01 6.772047185872958064e-01 -1.319253443699213921e-02 2.242696059684108068e-01 -2.338551726464306313e-01
1.661968240145196199e+09 3.450370430946350098e-01 3.549359738826751709e-01 1.339611530303955078e+00 -4.649108648300170898e-01 6.024546623229980469e-01 4.529929459095001221e-01 4.644391238689422607e-01 4.039864290566335669e-01 2.022024809640513843e-01 -4.842858727656989548e-01 6.560820713541293259e-01 -1.278104697481764924e-02 2.172744276390618234e-01 -2.265610115458279727e-01
1.661968240177110434e+09 3.392465412616729736e-01 3.662646412849426270e-01 1.341278672218322754e+00 -4.662505090236663818e-01 5.965351462364196777e-01 4.549402296543121338e-01 4.688131213188171387e-01 4.020626905556871633e-01 2.021949280915684433e-01 -4.842677832278087791e-01 6.560575647100943542e-01 -1.278056956416700335e-02 2.172663117839171154e-01 -2.265525488087653527e-01
1.661968240209026098e+09 3.332947492599487305e-01 3.774609863758087158e-01 1.342801332473754883e+00 -4.675102829933166504e-01 5.906049609184265137e-01 4.568723142147064209e-01 4.731676876544952393e-01 4.001508161988786560e-01 2.021858653893591207e-01 -4.842460775660971661e-01 6.560281591537964196e-01 -1.277999671846251871e-02 2.172565735580241353e-01 -2.265423943587799027e-01
1.661968240240941763e+09 3.271832466125488281e-01 3.885209560394287109e-01 1.344180226325988770e+00 -4.686900973320007324e-01 5.846651196479797363e-01 4.587891399860382080e-01 4.775027632713317871e-01 3.982748125428315911e-01 2.021858653893582325e-01 -4.842460775660902272e-01 6.560281591537964196e-01 -1.277999671846425864e-02 2.172565735580258839e-01 -2.265423943587799027e-01
1.661968240272855520e+09 3.209137618541717529e-01 3.994405865669250488e-01 1.345415949821472168e+00 -4.697898030281066895e-01 5.787167549133300781e-01 4.606904983520507812e-01 4.818181693553924561e-01 3.964418118613678987e-01 2.021979491728511935e-01 -4.842750188807905531e-01 6.560673671480083957e-01 -1.278076052414734223e-02 2.172695580532164605e-01 -2.265559338277249035e-01
1.661968240304769754e+09 3.144880235195159912e-01 4.102158546447753906e-01 1.346509099006652832e+00 -4.708093702793121338e-01 5.727608203887939453e-01 4.625764191150665283e-01 4.861136674880981445e-01 3.945985754675300217e-01 2.021949280915684433e-01 -4.842677832278087791e-01 6.560575647100977958e-01 -1.278056956416700335e-02 2.172663117839171154e-01 -2.265525488087653527e-01
1.661968240336683750e+09 3.079079091548919678e-01 4.208428561687469482e-01 1.347460508346557617e+00 -4.717487692832946777e-01 5.667983889579772949e-01 4.644470810890197754e-01 4.903893172740936279e-01 3.927869083639070058e-01 2.021964386209250675e-01 -4.842714010272756164e-01 6.560624658924325558e-01 -1.278066504344387358e-02 2.172679349064400300e-01 -2.265542413056001181e-01
1.661968240368597984e+09 3.011753261089324951e-01 4.313176870346069336e-01 1.348270773887634277e+00 -4.726077616214752197e-01 5.608306527137756348e-01 4.663020074367523193e-01 4.946446120738983154e-01 3.909926974713440750e-01 2.021949280915675828e-01 -4.842677832278018402e-01 6.560575647100943542e-01 -1.278056956416700335e-02 2.172663117839171154e-01 -2.265525488087653527e-01
1.661968240399514914e+09 2.942923009395599365e-01 4.416364729404449463e-01 1.348940610885620117e+00 -4.733864963054656982e-01 5.548585057258605957e-01 4.681413471698760986e-01 4.988796114921569824e-01 4.017811056198482556e-01 2.087172445304119328e-01 -4.998890836885066524e-01 6.772203855559191243e-01 -1.319283964311162086e-02 2.242747943919131959e-01 -2.338605828297182498e-01
1.661968240430936575e+09 2.872608900070190430e-01 4.517954587936401367e-01 1.349471092224121094e+00 -4.740849733352661133e-01 5.488832592964172363e-01 4.699652194976806641e-01 5.030940175056457520e-01 3.935619869738062881e-01 2.053645796746476904e-01 -4.918592701173669646e-01 6.663420655044636209e-01 -1.298092054692444666e-02 2.206722256492926471e-01 -2.301040357414995963e-01
1.661968240462851048e+09 2.800832688808441162e-01 4.617908298969268799e-01 1.349862813949584961e+00 -4.747028350830078125e-01 5.429056286811828613e-01 4.717730581760406494e-01 5.072878003120422363e-01 3.857731877346916027e-01 2.021934175847807658e-01 -4.842641654823924280e-01 6.560526636009816892e-01 -1.278047408631669685e-02 2.172646886856419435e-01 -2.265508563372183592e-01
1.661968240492771387e+09 2.727617025375366211e-01 4.716188907623291016e-01 1.350116729736328125e+00 -4.752404391765594482e-01 5.369269847869873047e-01 4.735652506351470947e-01 5.114606618881225586e-01 4.096906218516486176e-01 2.156692193671554125e-01 -5.165394392390737499e-01 6.997773098287884963e-01 -1.363226806422779096e-02 2.317449616540226687e-01 -2.416500344909673359e-01
1.661968240523688793e+09 2.652984261512756348e-01 4.812759459018707275e-01 1.350233674049377441e+00 -4.756976068019866943e-01 5.309482216835021973e-01 4.753414988517761230e-01 5.156125426292419434e-01 3.947758370414400919e-01 2.087140254978228082e-01 -4.998813739314417193e-01 6.772099408296290424e-01 -1.319263617079743933e-02 2.242713354162368389e-01 -2.338569760130455866e-01
1.661968240553608656e+09 2.576959133148193359e-01 4.907583892345428467e-01 1.350214600563049316e+00 -4.760745167732238770e-01 5.249705910682678223e-01 4.771019518375396729e-01 5.197430849075317383e-01 4.062123646900716589e-01 2.156726565185402289e-01 -5.165476714024492821e-01 6.997884622804763088e-01 -1.363248532364567424e-02 2.317486550068256768e-01 -2.416538857023396714e-01
1.661968240585523605e+09 2.499565482139587402e-01 5.000626444816589355e-01 1.350060462951660156e+00 -4.763710200786590576e-01 5.189949274063110352e-01 4.788463413715362549e-01 5.238523483276367188e-01 3.792371386564523106e-01 2.021903966389102802e-01 -4.842569301537233972e-01 6.560428616024369664e-01 -1.278028313489565013e-02 2.172614425618465683e-01 -2.265474714699853842e-01
