1.661968240685256958e+09 1.378528122206244648e-16 -2.367949187755584717e-01 1.128897309303283691e+00 -6.125128269195556641e-01 6.125135421752929688e-01 3.533097505569458008e-01 3.533093035221099854e-01 0.000000000000000000e+00 0.000000000000000000e+00 0.000000000000000000e+00 0.000000000000000000e+00 0.000000000000000000e+00 0.000000000000000000e+00 0.000000000000000000e+00
1.661968243048495531e+09 1.378528122206244648e-16 -2.367949187755584717e-01 1.128897309303283691e+00 -6.125128269195556641e-01 6.125135421752929688e-01 3.533097505569458008e-01 3.533093035221099854e-01 0.000000000000000000e+00 0.000000000000000000e+00 0.000000000000000000e+00 0.000000000000000000e+00 0.000000000000000000e+00 0.000000000000000000e+00 0.000000000000000000e+00
1.661968243073428154e+09 1.868287473917007446e-02 -2.332590818405151367e-01 1.118812322616577148e+00 6.137192249298095703e-01 -6.121132969856262207e-01 -3.415275216102600098e-01 -3.633524179458618164e-01 8.632645775799218102e-01 -9.157732562797410436e-01 -3.234033479652862475e-01 -4.199794470067125807e-01 -4.840552382707415946e-01 6.499945256936455751e-01 -7.338604789716308696e-01
1.661968243103348017e+09 3.744826093316078186e-02 -2.303853332996368408e-01 1.108718991279602051e+00 6.150344014167785645e-01 -6.115725040435791016e-01 -3.295515775680541992e-01 -3.729712069034576416e-01 7.186044397276045714e-01 -7.631261367204060786e-01 -2.694963473139522225e-01 -3.499745059145038528e-01 -4.033697221531323263e-01 5.416491559243401532e-01 -6.115357795929518003e-01
1.661968243135262728e+09 5.627001076936721802e-02 -2.281728535890579224e-01 1.098620176315307617e+00 6.164570450782775879e-01 -6.108940243721008301e-01 -3.173998892307281494e-01 -3.821604251861572266e-01 6.728607535609387735e-01 -7.154264774798588800e-01 -2.526513156541895233e-01 -3.280991384336532923e-01 -3.781568544909833518e-01 5.077930488899836670e-01 -5.733113670137295337e-01
1.661968243167178154e+09 7.512219995260238647e-02 -2.266198843717575073e-01 1.088518500328063965e+00 6.179859042167663574e-01 -6.100805997848510742e-01 -3.050905466079711914e-01 -3.909153938293457031e-01 6.719120898780972517e-01 -7.154104440768092044e-01 -2.526456534925244912e-01 -3.280917854128995170e-01 -3.781483796281481791e-01 5.077816687539722373e-01 -5.732985185485033330e-01
1.661968243200092077e+09 9.397915750741958618e-02 -2.257236540317535400e-01 1.078416705131530762e+00 6.196194887161254883e-01 -6.091353297233581543e-01 -2.926417887210845947e-01 -3.992325067520141602e-01 6.505174040234651400e-01 -6.937073130615022398e-01 -2.449812396394796810e-01 -3.181385913229808904e-01 -3.666766379248451724e-01 4.923772919023637340e-01 -5.559065822663964429e-01
1.661968243230012178e+09 1.128154918551445007e-01 -2.254805117845535278e-01 1.068317532539367676e+00 6.213563680648803711e-01 -6.080611348152160645e-01 -2.800720036029815674e-01 -4.071088731288909912e-01 7.143786407185599430e-01 -7.631200557433336362e-01 -2.694941998300302011e-01 -3.499717171396797277e-01 -4.033665078980910312e-01 5.416448397884598975e-01 -6.115309065649199294e-01
1.661968243260929346e+09 1.316061317920684814e-01 -2.258858680725097656e-01 1.058223366737365723e+00 6.231948137283325195e-01 -6.068610548973083496e-01 -2.673994898796081543e-01 -4.145423173904418945e-01 6.900411942514469432e-01 -7.385097340714852354e-01 -2.608031178743160372e-01 -3.386852669015764650e-01 -3.903580966575390665e-01 5.241770067276382283e-01 -5.918092753358992208e-01
1.661968243292844534e+09 1.503263562917709351e-01 -2.269342094659805298e-01 1.048137068748474121e+00 6.251331567764282227e-01 -6.055383086204528809e-01 -2.546429336071014404e-01 -4.215316176414489746e-01 6.670916520218156398e-01 -7.154157884646420440e-01 -2.526475408515471699e-01 -3.280942363832068387e-01 -3.781512045402190547e-01 5.077854620759661985e-01 -5.733028013062578809e-01
1.661968243324758768e+09 1.689518094062805176e-01 -2.286192029714584351e-01 1.038061022758483887e+00 6.271695494651794434e-01 -6.040959954261779785e-01 -2.418204694986343384e-01 -4.280761480331420898e-01 6.656339198716830774e-01 -7.154371668144893226e-01 -2.526550905696320903e-01 -3.281040406305709700e-01 -3.781625046105783761e-01 5.078006359307117856e-01 -5.733199329771720976e-01
1.661968243356673717e+09 1.874585449695587158e-01 -2.309336215257644653e-01 1.027997851371765137e+00 6.293021440505981445e-01 -6.025373935699462891e-01 -2.289507240056991577e-01 -4.341764748096466064e-01 6.640313606663408308e-01 -7.154211329323246771e-01 -2.526494282387686252e-01 -3.280966873901198233e-01 -3.781540294944982783e-01 5.077892554546373782e-01 -5.733070841279989116e-01
1.661968243387589931e+09 2.058230638504028320e-01 -2.338694185018539429e-01 1.017950177192687988e+00 6.315286755561828613e-01 -6.008657217025756836e-01 -2.160518318414688110e-01 -4.398335218429565430e-01 6.837305123186588895e-01 -7.385325149257641053e-01 -2.608111628838130636e-01 -3.386957143464045528e-01 -3.903701380572755508e-01 5.241931760473578228e-01 -5.918275309122869032e-01
1.661968243418506861e+09 2.240222692489624023e-01 -2.374177426099777222e-01 1.007920265197753906e+00 6.338471174240112305e-01 -5.990844964981079102e-01 -2.031420320272445679e-01 -4.450493454933166504e-01 6.818534961798885519e-01 -7.385154291532979309e-01 -2.608051290801604583e-01 -3.386878787023623327e-01 -3.903611069378276621e-01 5.241810489640502668e-01 -5.918138391244133212e-01
1.661968243450422287e+09 2.420336008071899414e-01 -2.415689677000045776e-01 9.979108572006225586e-01 6.362553238868713379e-01 -5.971968770027160645e-01 -1.902393847703933716e-01 -4.498265981674194336e-01 6.586071653559920636e-01 -7.154104440768092044e-01 -2.526456534925244912e-01 -3.280917854128995170e-01 -3.781483796281490672e-01 5.077816687539722373e-01 -5.732985185485033330e-01
1.661968243482336998e+09 2.598349452018737793e-01 -2.463126778602600098e-01 9.879243373870849609e-01 6.387508511543273926e-01 -5.952064990997314453e-01 -1.773617267608642578e-01 -4.541689455509185791e-01 6.566006362875500546e-01 -7.154264774798572146e-01 -2.526513156541895233e-01 -3.280991384336532923e-01 -3.781568544909825191e-01 5.077930488899836670e-01 -5.733113670137311990e-01
1.661968243514251471e+09 2.774047851562500000e-01 -2.516377270221710205e-01 9.779633283615112305e-01 6.413312554359436035e-01 -5.931167602539062500e-01 -1.645265966653823853e-01 -4.580804705619812012e-01 6.544757354623816914e-01 -7.154318221072465400e-01 -2.526532030978104748e-01 -3.281015895137941452e-01 -3.781596795296761626e-01 5.077968423820062860e-01 -5.733156499634545211e-01
1.661968243546167135e+09 2.947221100330352783e-01 -2.575322687625885010e-01 9.680303335189819336e-01 6.439940929412841797e-01 -5.909310579299926758e-01 -1.517514288425445557e-01 -4.615663886070251465e-01 6.522143135995425167e-01 -7.154050997688243818e-01 -2.526437661616999786e-01 -3.280893344792388810e-01 -3.781455547582839305e-01 5.077778754886542734e-01 -5.732942358547353789e-01
1.661968243576086521e+09 3.117664456367492676e-01 -2.639837563037872314e-01 9.581279158592224121e-01 6.467366814613342285e-01 -5.886531472206115723e-01 -1.390532404184341431e-01 -4.646325111389160156e-01 6.932293577091258596e-01 -7.631382989652956139e-01 -2.695006423844722443e-01 -3.499800835974598567e-01 -4.033761508168945964e-01 5.416577884024599276e-01 -6.115455258820018392e-01
1.661968243606006384e+09 3.285179436206817627e-01 -2.709789872169494629e-01 9.482585787773132324e-01 6.495562791824340820e-01 -5.862864255905151367e-01 -1.264487653970718384e-01 -4.672852754592895508e-01 6.906035193956251428e-01 -7.631261367204060786e-01 -2.694963473139522225e-01 -3.499745059144890313e-01 -4.033697221531313826e-01 5.416491559243391540e-01 -6.115357795929499130e-01
1.661968243636923075e+09 3.449573516845703125e-01 -2.785040736198425293e-01 9.384250044822692871e-01 6.524500846862792969e-01 -5.838347077369689941e-01 -1.139544397592544556e-01 -4.695320427417755127e-01 6.656943122495121434e-01 -7.385211243229458100e-01 -2.608071403170242886e-01 -3.386904905434307000e-01 -3.903641172645473945e-01 5.241850912628059911e-01 -5.918184029833124526e-01
1.661968243667839527e+09 3.610660433769226074e-01 -2.865445315837860107e-01 9.286298155784606934e-01 6.554152369499206543e-01 -5.813013911247253418e-01 -1.015861406922340393e-01 -4.713807106018066406e-01 6.629469032398382922e-01 -7.385268195804363112e-01 -2.608091515849082498e-01 -3.386931024247682442e-01 -3.903671276376957100e-01 5.241891336239086208e-01 -5.918229669126054970e-01
1.661968243698756933e+09 3.768260180950164795e-01 -2.950853407382965088e-01 9.188756346702575684e-01 6.584487557411193848e-01 -5.786903500556945801e-01 -8.935955911874771118e-02 -4.728399813175201416e-01 6.600652449990522808e-01 -7.385040390775072794e-01 -2.608011066994903593e-01 -3.386826551410723196e-01 -3.903550864236742246e-01 5.241729645535693205e-01 -5.918047116177757028e-01
1.661968243729674101e+09 3.922200202941894531e-01 -3.041107952594757080e-01 9.091651439666748047e-01 6.615475416183471680e-01 -5.760051012039184570e-01 -7.728968560695648193e-02 -4.739190936088562012e-01 6.571010187475142539e-01 -7.385097340714833480e-01 -2.608031178743160372e-01 -3.386852669015621431e-01 -3.903580966575390665e-01 5.241770067276373402e-01 -5.918092753358992208e-01
1.661968243760591507e+09 4.072313010692596436e-01 -3.136047422885894775e-01 8.995011448860168457e-01 6.647084355354309082e-01 -5.732494592666625977e-01 -6.539121270179748535e-02 -4.746280312538146973e-01 6.540149746855093982e-01 -7.385040390775072794e-01 -2.608011066994903593e-01 -3.386826551410723196e-01 -3.903550864236760010e-01 5.241729645535684323e-01 -5.918047116177739264e-01
1.661968243791508913e+09 4.218439757823944092e-01 -3.235504627227783203e-01 8.898864388465881348e-01 6.679281592369079590e-01 -5.704271197319030762e-01 -5.367828160524368286e-02 -4.749773740768432617e-01 6.508270226183009433e-01 -7.385040390775072794e-01 -2.608011066994903593e-01 -3.386826551410579422e-01 -3.903550864236742246e-01 5.241729645535684323e-01 -5.918047116177757028e-01
1.661968243822942257e+09 4.360427558422088623e-01 -3.339307904243469238e-01 8.803238272666931152e-01 6.712034344673156738e-01 -5.675418376922607422e-01 -4.216444119811058044e-02 -4.749782383441925049e-01 6.369030461556463019e-01 -7.263824476107880734e-01 -2.565203928479745099e-01 -3.331236161037069987e-01 -3.839479110607686430e-01 5.155693412854355229e-01 -5.820910004358150758e-01
1.661968243854857922e+09 4.498131275177001953e-01 -3.447279930114746094e-01 8.708162307739257812e-01 6.745308637619018555e-01 -5.645974278450012207e-01 -3.086274862289428711e-02 -4.746423661708831787e-01 6.239803015149234522e-01 -7.154050997688243818e-01 -2.526437661616999786e-01 -3.280893344792388810e-01 -3.781455547582847632e-01 5.077778754886533852e-01 -5.732942358547336026e-01
1.661968243900737047e+09 4.631412625312805176e-01 -3.559240102767944336e-01 8.613665699958801270e-01 6.779069304466247559e-01 -5.615974664688110352e-01 -1.978565566241741180e-02 -4.739820361137390137e-01 4.317042395084926820e-01 -4.976692335198274475e-01 -1.757508151673576879e-01 -2.282342796676573304e-01 -2.630557266872958766e-01 3.532340294672540182e-01 -3.988102727131182523e-01
1.661968243946614265e+09 4.760141372680664062e-01 -3.675003051757812500e-01 8.519778847694396973e-01 6.813281178474426270e-01 -5.585458874702453613e-01 -8.944920264184474945e-03 -4.730100035667419434e-01 4.292847023324800060e-01 -4.976899241538352836e-01 -1.757581220200797600e-01 -2.282437685241828218e-01 -2.630666632479630729e-01 3.532487151973158213e-01 -3.988268532787572207e-01
1.661968243993489981e+09 4.884194433689117432e-01 -3.794379234313964844e-01 8.426532745361328125e-01 6.847907304763793945e-01 -5.554463863372802734e-01 1.648158533498644829e-03 -4.717395305633544922e-01 4.176841159893310840e-01 -4.870886586989228162e-01 -1.720143080166919025e-01 -2.233819606773118915e-01 -2.574630948530997610e-01 3.457241839185655752e-01 -3.903314646101098129e-01
1.661968244040361881e+09 5.003456473350524902e-01 -3.917176425457000732e-01 8.333958387374877930e-01 6.882912516593933105e-01 -5.523027181625366211e-01 1.198304165154695511e-02 -4.701843261718750000e-01 4.151929533075891521e-01 -4.871283006966297124e-01 -1.720283075025804687e-01 -2.234001407499114078e-01 -2.574840486388922933e-01 3.457523208851350782e-01 -3.903632319665191197e-01
1.661968244072276831e+09 5.117820501327514648e-01 -4.043197929859161377e-01 8.242088556289672852e-01 6.918256878852844238e-01 -5.491186976432800293e-01 2.204992622137069702e-02 -4.683585464954376221e-01 6.059617610815185573e-01 -7.154211329323246771e-01 -2.526494282387686252e-01 -3.280966873901059455e-01 -3.781540294944982783e-01 5.077892554546366011e-01 -5.733070841280006880e-01
1.661968244104191542e+09 5.227187275886535645e-01 -4.172244668006896973e-01 8.150956034660339355e-01 6.953902840614318848e-01 -5.458980202674865723e-01 3.183955699205398560e-02 -4.662766456604003906e-01 6.020544147783716271e-01 -7.154264774798588800e-01 -2.526513156541895233e-01 -3.280991384336532923e-01 -3.781568544909816310e-01 5.077930488899828898e-01 -5.733113670137329754e-01
1.661968244136106491e+09 5.227187275886535645e-01 -4.172244668006896973e-01 8.150956034660339355e-01 6.953902840614318848e-01 -5.458980202674865723e-01 3.183955699205398560e-02 -4.662766456604003906e-01 0.000000000000000000e+00 0.000000000000000000e+00 0.000000000000000000e+00 0.000000000000000000e+00 0.000000000000000000e+00 0.000000000000000000e+00 0.000000000000000000e+00
1.661968244168020964e+09 5.259575843811035156e-01 -3.996370136737823486e-01 8.272834420204162598e-01 6.911568641662597656e-01 -5.475986599922180176e-01 2.552969567477703094e-02 -4.709418416023254395e-01 6.781075325856739111e-01 3.840044452697303767e-01 -3.793520882414243012e-01 8.715190543928611477e-01 4.217430080266160730e-01 -2.018859443880393345e-01 2.038908458932675027e-01
1.661968244199935913e+09 5.287321209907531738e-01 -3.819635510444641113e-01 8.394728302955627441e-01 6.869301199913024902e-01 -5.492517948150634766e-01 1.899641193449497223e-02 -4.754877984523773193e-01 6.782989185364475260e-01 3.839987079086577548e-01 -3.793464203906202203e-01 8.715060331386448311e-01 4.217367068185267076e-01 -2.018829280360880940e-01 2.038877995863387638e-01
1.661968244231850386e+09 5.310401916503906250e-01 -3.642155230045318604e-01 8.516614437103271484e-01 6.827114224433898926e-01 -5.508560538291931152e-01 1.224279962480068207e-02 -4.799091815948486328e-01 6.784910175889891093e-01 3.840044452697303767e-01 -3.793520882414173068e-01 8.715190543928611477e-01 4.217430080266160730e-01 -2.018859443880393345e-01 2.038908458932709722e-01
1.661968244263765574e+09 5.328800678253173828e-01 -3.464044332504272461e-01 8.638468980789184570e-01 6.785025000572204590e-01 -5.524098277091979980e-01 5.272026639431715012e-03 -4.842003881931304932e-01 6.786374047367829121e-01 3.839958392924118780e-01 -3.793435865287227426e-01 8.714995226574681064e-01 4.217335562850906272e-01 -2.018814198939098137e-01 2.038862764670100192e-01
1.661968244295680046e+09 5.342501401901245117e-01 -3.285418152809143066e-01 8.760269880294799805e-01 6.743048429489135742e-01 -5.539115071296691895e-01 -1.912497100420296192e-03 -4.883558750152587891e-01 6.787968701137132577e-01 3.840044452697303767e-01 -3.793520882414243012e-01 8.715190543928471589e-01 4.217430080266160730e-01 -2.018859443880410554e-01 2.038908458932675027e-01
1.661968244327101707e+09 5.351492762565612793e-01 -3.106393516063690186e-01 8.881995081901550293e-01 6.701200008392333984e-01 -5.553594231605529785e-01 -9.307243861258029938e-03 -4.923702180385589600e-01 6.895693811344753010e-01 3.900270960252582575e-01 -3.853017723375380399e-01 8.851877891068663518e-01 4.283575430332215439e-01 -2.050522841283106967e-01 2.070886301173583688e-01
1.661968244359016418e+09 5.355764627456665039e-01 -2.927086353302001953e-01 9.003620743751525879e-01 6.659494638442993164e-01 -5.567522048950195312e-01 -1.690859720110893250e-02 -4.962382614612579346e-01 6.790204910764535695e-01 3.840015765677636250e-01 -3.793492542948514457e-01 8.715125437171222789e-01 4.217398573990348010e-01 -2.018844362007977677e-01 2.038893227284244436e-01
1.661968244389934063e+09 5.355311036109924316e-01 -2.747614085674285889e-01 9.125126600265502930e-01 6.617947220802307129e-01 -5.580880045890808105e-01 -2.471270784735679626e-02 -4.999547898769378662e-01 7.010083252472444348e-01 3.963852853942907428e-01 -3.915829298717429241e-01 8.996180470239669713e-01 4.353405921701044012e-01 -2.083950294563345906e-01 2.104645717887950185e-01
1.661968244420853615e+09 5.350127220153808594e-01 -2.568094134330749512e-01 9.246490001678466797e-01 -6.576572060585021973e-01 5.593654513359069824e-01 3.271566331386566162e-02 5.035146474838256836e-01 7.010336192240572695e-01 3.963608333926589844e-01 -3.915587741152312673e-01 8.995625518712284663e-01 4.353137371145289758e-01 -2.083821740961904478e-01 2.104515887638364613e-01
1.661968244467250586e+09 5.340213179588317871e-01 -2.388643920421600342e-01 9.367690086364746094e-01 -6.535382866859436035e-01 5.605827569961547852e-01 4.091327264904975891e-02 5.069128870964050293e-01 4.672116759406920727e-01 2.641400751240260414e-01 -2.609399196307806701e-01 5.994803219990038068e-01 2.900988027493632271e-01 -1.388686229392072924e-01 1.402477081053575547e-01
1.661968244498168230e+09 5.325570106506347656e-01 -2.209381312131881714e-01 9.488705396652221680e-01 -6.494395136833190918e-01 5.617384910583496094e-01 4.930143803358078003e-02 5.101446509361267090e-01 7.011577948549528871e-01 3.963852853942871346e-01 -3.915829298717501405e-01 8.996180470239669713e-01 4.353405921701044012e-01 -2.083950294563345906e-01 2.104645717887914103e-01
1.661968244529594898e+09 5.306202173233032227e-01 -2.030424475669860840e-01 9.609514474868774414e-01 -6.453621387481689453e-01 5.628310441970825195e-01 5.787568539381027222e-02 5.132051110267639160e-01 6.898104913244632597e-01 3.899649582314402840e-01 -3.852403873662528233e-01 8.850467639912148465e-01 4.282892985626195470e-01 -2.050196158940216229e-01 2.070556374593317261e-01
1.661968244560513496e+09 5.282118320465087891e-01 -1.851891577243804932e-01 9.730097651481628418e-01 -6.413072347640991211e-01 5.638585686683654785e-01 6.663154065608978271e-02 5.160897970199584961e-01 7.011370826066448680e-01 3.963730590163695444e-01 -3.915708516209559509e-01 8.995902985917253458e-01 4.353271642281488774e-01 -2.083886015780036793e-01 2.104580800760889048e-01
1.661968244591429949e+09 5.253327488899230957e-01 -1.673900634050369263e-01 9.850434064865112305e-01 -6.372765898704528809e-01 5.648199319839477539e-01 7.556443661451339722e-02 5.187938213348388672e-01 7.011574697836981951e-01 3.964005694274123082e-01 -3.915980287331046750e-01 8.996527349716131328e-01 4.353573782625126398e-01 -2.084030648619107640e-01 2.104726869928735811e-01
1.661968244621351480e+09 5.219844579696655273e-01 -1.496570110321044922e-01 9.970503449440002441e-01 -6.332711577415466309e-01 5.657132863998413086e-01 8.466953039169311523e-02 5.213130116462707520e-01 7.244202871446911995e-01 4.095812831821580846e-01 -4.046190532263650441e-01 9.295670844778656239e-01 4.498334447126242086e-01 -2.153326743413430666e-01 2.174711134695370141e-01
1.661968244651780605e+09 5.181683897972106934e-01 -1.320018023252487183e-01 1.009028553962707520e+00 -6.292921900749206543e-01 5.665369033813476562e-01 9.394204616546630859e-02 5.236430764198303223e-01 7.122659849513059971e-01 4.027489915251301622e-01 -3.978695373301429083e-01 9.140608255331709175e-01 4.423297002361125108e-01 -2.117406751587692093e-01 2.138434426378557629e-01
1.661968244682696819e+09 5.138865709304809570e-01 -1.144362241029739380e-01 1.020975947380065918e+00 -6.253411173820495605e-01 5.672896504402160645e-01 1.033769026398658752e-01 5.257796645164489746e-01 7.009526916977862898e-01 3.964036263754768807e-01 -3.916010486451036443e-01 8.996596728821415478e-01 4.353607356363347614e-01 -2.084046720173874934e-01 2.104743101087890589e-01
1.661968244714611292e+09 5.091412067413330078e-01 -9.697206318378448486e-02 1.032890796661376953e+00 -6.214188933372497559e-01 5.679695606231689453e-01 1.129690632224082947e-01 5.277189016342163086e-01 6.789228540681577773e-01 3.840044452697268795e-01 -3.793520882414243012e-01 8.715190543928611477e-01 4.217430080266160730e-01 -2.018859443880393345e-01 2.038908458932692513e-01
1.661968244744531393e+09 5.039346814155578613e-01 -7.962108403444290161e-02 1.044770956039428711e+00 -6.175266504287719727e-01 5.685752630233764648e-01 1.227132827043533325e-01 5.294568538665771484e-01 7.240414154859046159e-01 4.096008656936653280e-01 -4.046383984884367457e-01 9.296115280569036132e-01 4.498549517222719674e-01 -2.153429696227602275e-01 2.174815109919767120e-01
1.661968244775448561e+09 4.982698559761047363e-01 -6.239498779177665710e-02 1.056614518165588379e+00 -6.136655211448669434e-01 5.691052079200744629e-01 1.326042115688323975e-01 5.309897065162658691e-01 7.005390814643627229e-01 3.963913988661016963e-01 -3.915889692765724961e-01 8.996319218820217900e-01 4.353473064517284219e-01 -2.083982435442058578e-01 2.104678177953275553e-01
1.661968244805368662e+09 4.921497404575347900e-01 -4.530546814203262329e-02 1.068419575691223145e+00 -6.098366379737854004e-01 5.695577263832092285e-01 1.426363587379455566e-01 5.323138833045959473e-01 7.237052445566225511e-01 4.096008656936653280e-01 -4.046383984884441842e-01 9.296115280568961747e-01 4.498549517222719674e-01 -2.153429696227602275e-01 2.174815109919748801e-01
1.661968244836287260e+09 4.855776727199554443e-01 -2.836415730416774750e-02 1.080184221267700195e+00 -6.060411334037780762e-01 5.699315071105957031e-01 1.528042852878570557e-01 5.334257483482360840e-01 7.001394968874136149e-01 3.963730590163695444e-01 -3.915708516209487899e-01 8.995902985917397787e-01 4.353271642281488774e-01 -2.083886015780036793e-01 2.104580800760852966e-01
1.661968244867204905e+09 4.785572886466979980e-01 -1.158263999968767166e-02 1.091906428337097168e+00 -6.022799015045166016e-01 5.702250599861145020e-01 1.631023883819580078e-01 5.343220233917236328e-01 6.999431259989581378e-01 3.963852853942889665e-01 -3.915829298717501405e-01 8.996180470239598659e-01 4.353405921701044012e-01 -2.083950294563345906e-01 2.104645717887932144e-01
1.661968244897124767e+09 4.710925519466400146e-01 5.027560982853174210e-03 1.103584408760070801e+00 -5.985539555549621582e-01 5.704365968704223633e-01 1.735248565673828125e-01 5.349996089935302734e-01 7.230388140473121839e-01 4.096041296276334287e-01 -4.046416228786297031e-01 9.296189357332526049e-01 4.498585364238191220e-01 -2.153446855987071473e-01 2.174832440090434804e-01
1.661968244928041935e+09 4.631876349449157715e-01 2.145498804748058319e-02 1.115216374397277832e+00 -5.948640704154968262e-01 5.705646872520446777e-01 1.840658038854598999e-01 5.354553461074829102e-01 6.994571145984396221e-01 3.963913988661034726e-01 -3.915889692765724961e-01 8.996319218820146846e-01 4.353473064517320301e-01 -2.083982435442067738e-01 2.104678177953275553e-01
1.661968244958959579e+09 4.548470377922058105e-01 3.768825158476829529e-02 1.126800179481506348e+00 -5.912114977836608887e-01 5.706081390380859375e-01 1.947195231914520264e-01 5.356862545013427734e-01 6.991607837698234906e-01 3.963852853942907428e-01 -3.915829298717501405e-01 8.996180470239669713e-01 4.353405921701044012e-01 -2.083950294563354788e-01 2.104645717887932144e-01
1.661968244988879681e+09 4.460755288600921631e-01 5.371605232357978821e-02 1.138334155082702637e+00 -5.875968337059020996e-01 5.705652236938476562e-01 2.054798603057861328e-01 5.356897115707397461e-01 7.221565792594064614e-01 4.096008656936653280e-01 -4.046383984884367457e-01 9.296115280569036132e-01 4.498549517222719674e-01 -2.153429696227602275e-01 2.174815109919748801e-01
1.661968245019797087e+09 4.368782043457031250e-01 6.952716410160064697e-02 1.149816393852233887e+00 -5.840209126472473145e-01 5.704344511032104492e-01 2.163408249616622925e-01 5.354630947113037109e-01 6.985336313421979249e-01 3.963883421066233814e-01 -3.915859495508749455e-01 8.996249843994931217e-01 4.353439492850279535e-01 -2.083966364878780120e-01 2.104661947795437582e-01
1.661968245051711798e+09 4.272603690624237061e-01 8.511047065258026123e-02 1.161244869232177734e+00 -5.804848074913024902e-01 5.702147483825683594e-01 2.272962480783462524e-01 5.350038409233093262e-01 6.763629188351203414e-01 3.840015765677636250e-01 -3.793492542948444513e-01 8.715125437171153955e-01 4.217398573990348010e-01 -2.018844362007960191e-01 2.038893227284261644e-01
1.661968245083625793e+09 4.172277152538299561e-01 1.004549413919448853e-01 1.172617793083190918e+00 -5.769889950752258301e-01 5.699042081832885742e-01 2.383399009704589844e-01 5.343098044395446777e-01 6.760136801058006517e-01 3.840101828022486896e-01 -3.793577562615986776e-01 8.715320760361658925e-01 4.217493094230004291e-01 -2.018889608301288330e-01 2.038938922912278962e-01
1.661968245114543438e+09 4.067861139774322510e-01 1.155496612191200256e-01 1.183933377265930176e+00 -5.735344290733337402e-01 5.695018172264099121e-01 2.494656443595886230e-01 5.333787798881530762e-01 6.974012771105202457e-01 3.963852853942889665e-01 -3.915829298717501405e-01 8.996180470239598659e-01 4.353405921701035131e-01 -2.083950294563354788e-01 2.104645717887932144e-01
1.661968245145460844e+09 3.959417939186096191e-01 1.303838342428207397e-01 1.195189714431762695e+00 -5.701216459274291992e-01 5.690059661865234375e-01 2.606669664382934570e-01 5.322088599205017090e-01 6.969842940754087390e-01 3.963883421066252133e-01 -3.915859495508677846e-01 8.996249843994931217e-01 4.353439492850279535e-01 -2.083966364878780120e-01 2.104661947795437582e-01
1.661968245177375555e+09 3.847011923789978027e-01 1.449467837810516357e-01 1.206384778022766113e+00 -5.667513608932495117e-01 5.684154033660888672e-01 2.719375193119049072e-01 5.307981967926025391e-01 6.747699923724891358e-01 3.840015765677636250e-01 -3.793492542948514457e-01 8.715125437171153955e-01 4.217398573990348010e-01 -2.018844362007960191e-01 2.038893227284244436e-01
1.661968245209290028e+09 3.730710744857788086e-01 1.592279672622680664e-01 1.217516779899597168e+00 -5.634244680404663086e-01 5.677289366722106934e-01 2.832709848880767822e-01 5.291450619697570801e-01 6.743189073926881827e-01 3.840044452697303767e-01 -3.793520882414173068e-01 8.715190543928541533e-01 4.217430080266160730e-01 -2.018859443880401949e-01 2.038908458932692513e-01
1.661968245240207911e+09 3.610585033893585205e-01 1.732169687747955322e-01 1.228583931922912598e+00 -5.601410269737243652e-01 5.669448375701904297e-01 2.946606576442718506e-01 5.272482037544250488e-01 6.955603161555587999e-01 3.963822287290972857e-01 -3.915799102391968600e-01 8.996111097554196911e-01 4.353372351069531021e-01 -2.083934224495759269e-01 2.104629488230700118e-01
1.661968245271125317e+09 3.486706912517547607e-01 1.869035363197326660e-01 1.239584088325500488e+00 -5.569021105766296387e-01 5.660620927810668945e-01 3.061001896858215332e-01 5.251061916351318359e-01 6.950501433946285612e-01 3.963883421066233814e-01 -3.915859495508677846e-01 8.996249843994931217e-01 4.353439492850297299e-01 -2.083966364878789002e-01 2.104661947795455346e-01
1.661968245302042961e+09 3.359152674674987793e-01 2.002775520086288452e-01 1.250515460968017578e+00 -5.537079572677612305e-01 5.650794506072998047e-01 3.175829052925109863e-01 5.227178335189819336e-01 6.945001474695875476e-01 3.963852853942907428e-01 -3.915829298717501405e-01 8.996180470239598659e-01 4.353405921701026249e-01 -2.083950294563345906e-01 2.104645717887914103e-01
1.661968245332958937e+09 3.228000700473785400e-01 2.133290767669677734e-01 1.261376261711120605e+00 -5.505591630935668945e-01 5.639955401420593262e-01 3.291021287441253662e-01 5.200822353363037109e-01 6.939707437104754018e-01 3.964066833706907378e-01 -3.916040686036879048e-01 8.996666108996850264e-01 4.353640930619398497e-01 -2.084062791976506457e-01 2.104759332497389002e-01
1.661968245363876581e+09 3.093331754207611084e-01 2.260483354330062866e-01 1.272164344787597656e+00 -5.474560856819152832e-01 5.628090500831604004e-01 3.406513333320617676e-01 5.171987414360046387e-01 6.933389317485839642e-01 3.963852853942889665e-01 -3.915829298717429241e-01 8.996180470239669713e-01 4.353405921701035131e-01 -2.083950294563345906e-01 2.104645717887914103e-01
1.661968245394793749e+09 2.955229282379150391e-01 2.384257167577743530e-01 1.282877802848815918e+00 -5.443993210792541504e-01 5.615190267562866211e-01 3.522238135337829590e-01 5.140663981437683105e-01 6.927315863300195220e-01 3.963913988661034726e-01 -3.915889692765724961e-01 8.996319218820146846e-01 4.353473064517302538e-01 -2.083982435442085501e-01 2.104678177953293317e-01
1.661968245426708460e+09 2.813779711723327637e-01 2.504518032073974609e-01 1.293514847755432129e+00 -5.413889884948730469e-01 5.601239204406738281e-01 3.638127446174621582e-01 5.106851458549499512e-01 6.704590441707013460e-01 3.840015765677627368e-01 -3.793492542948444513e-01 8.715125437171222789e-01 4.217398573990348010e-01 -2.018844362007960191e-01 2.038893227284244436e-01
1.661968245457626581e+09 2.669071555137634277e-01 2.621173858642578125e-01 1.304073214530944824e+00 -5.384256839752197266e-01 5.586229562759399414e-01 3.754116296768188477e-01 5.070543885231018066e-01 6.914017563007613942e-01 3.963791721110481170e-01 -3.915768906532141602e-01 8.996041725938700440e-01 4.353338780955781084e-01 -2.083918154676014378e-01 2.104613258823806732e-01
1.661968245488544226e+09 2.521196007728576660e-01 2.734133899211883545e-01 1.314551234245300293e+00 -5.355099439620971680e-01 5.570150613784790039e-01 3.870137929916381836e-01 5.031739473342895508e-01 6.907243607491936332e-01 3.963852853942898546e-01 -3.915829298717429241e-01 8.996180470239598659e-01 4.353405921701044012e-01 -2.083950294563345906e-01 2.104645717887914103e-01
1.661968245520458221e+09 2.370247244834899902e-01 2.843310534954071045e-01 1.324946522712707520e+00 -5.326412916183471680e-01 5.552985072135925293e-01 3.986121118068695068e-01 4.990443587303161621e-01 6.684644104285502042e-01 3.840101828022495778e-01 -3.793577562615986776e-01 8.715320760361658925e-01 4.217493094230013173e-01 -2.018889608301288330e-01 2.038938922912278962e-01
1.661968245551881313e+09 2.216320782899856567e-01 2.948617637157440186e-01 1.335257411003112793e+00 -5.298206210136413574e-01 5.534727573394775391e-01 4.102001786231994629e-01 4.946654140949249268e-01 6.781843984129680702e-01 3.900093403493287703e-01 -3.852842317782425585e-01 8.851474916309280960e-01 4.283380423939261994e-01 -2.050429492848036828e-01 2.070792025708062811e-01
1.661968245583796263e+09 2.059515267610549927e-01 3.049971163272857666e-01 1.345481634140014648e+00 -5.270478129386901855e-01 5.515366196632385254e-01 4.217710793018341064e-01 4.900377690792083740e-01 6.669940311800008903e-01 3.839987079086560340e-01 -3.793464203906132259e-01 8.715060331386517145e-01 4.217367068185258194e-01 -2.018829280360863454e-01 2.038877995863387638e-01
1.661968245615710974e+09 1.899931579828262329e-01 3.147289454936981201e-01 1.355617165565490723e+00 -5.243233442306518555e-01 5.494891405105590820e-01 4.333182573318481445e-01 4.851618409156799316e-01 6.662384822316421706e-01 3.840015765677636250e-01 -3.793492542948514457e-01 8.715125437171153955e-01 4.217398573990339683e-01 -2.018844362007977677e-01 2.038893227284244436e-01
1.661968245647625208e+09 1.737672835588455200e-01 3.240493834018707275e-01 1.365661859512329102e+00 -5.216471552848815918e-01 5.473291277885437012e-01 4.448349475860595703e-01 4.800385236740112305e-01 6.654657696885342144e-01 3.840073140145581210e-01 -3.793549222303327362e-01 8.715255651658703195e-01 4.217461587012697466e-01 -2.018874525978167633e-01 2.038923690808702172e-01
1.661968245678542852e+09 1.572844386100769043e-01 3.329507410526275635e-01 1.375613689422607422e+00 -5.190193057060241699e-01 5.450558662414550781e-01 4.563143253326416016e-01 4.746686220169067383e-01 6.860870697504911631e-01 3.963852853942898546e-01 -3.915829298717501405e-01 8.996180470239598659e-01 4.353405921701044012e-01 -2.083950294563345906e-01 2.104645717887914103e-01
1.661968245709459305e+09 1.572844386100769043e-01 3.329507410526275635e-01 1.375613689422607422e+00 -5.190193057060241699e-01 5.450558662414550781e-01 4.563143253326416016e-01 4.746686220169067383e-01 0.000000000000000000e+00 0.000000000000000000e+00 0.000000000000000000e+00 0.000000000000000000e+00 0.000000000000000000e+00 0.000000000000000000e+00 0.000000000000000000e+00
1.661968245741374493e+09 1.638981997966766357e-01 3.471796810626983643e-01 1.375697016716003418e+00 -5.158981680870056152e-01 5.430641174316406250e-01 4.583306908607482910e-01 4.783967733383178711e-01 4.916508278874062166e-01 -1.125376842379215286e-01 -7.361523236601162923e-01 8.888307479965764646e-01 2.363660262988758753e-01 1.754492447293273250e-01 -2.306020227115792298e-01
1.661968245772291660e+09 1.706100702285766602e-01 3.612100780010223389e-01 1.375427484512329102e+00 -5.127496719360351562e-01 5.410691499710083008e-01 4.603002071380615234e-01 4.821365773677825928e-01 5.031350265729457316e-01 -1.161704516445335733e-01 -7.599156540130053150e-01 9.175226070230244613e-01 2.439960286592748329e-01 1.811128257962708321e-01 -2.380459604261191131e-01
1.661968245803208590e+09 1.774169802665710449e-01 3.750333487987518311e-01 1.374807715415954590e+00 -5.095741152763366699e-01 5.390712022781372070e-01 4.622226655483245850e-01 4.858874976634979248e-01 4.987816227256082757e-01 -1.161713475030386328e-01 -7.599215141684247943e-01 9.175296825781271703e-01 2.439979102557942592e-01 1.811142224635237941e-01 -2.380477961381735341e-01
1.661968245835123777e+09 1.843156963586807251e-01 3.886409699916839600e-01 1.373840451240539551e+00 -5.063717365264892578e-01 5.370706319808959961e-01 4.640980362892150879e-01 4.896487593650817871e-01 4.789911914038604834e-01 -1.125376842379215286e-01 -7.361523236601162923e-01 8.888307479965799063e-01 2.363660262988775962e-01 1.754492447293273250e-01 -2.306020227115809784e-01
1.661968245867038488e+09 1.913029104471206665e-01 4.020245075225830078e-01 1.372528791427612305e+00 -5.031425952911376953e-01 5.350676774978637695e-01 4.659262597560882568e-01 4.934197068214416504e-01 4.748455973259975704e-01 -1.125393656615617105e-01 -7.361633224995554059e-01 8.888440280017758655e-01 2.363695578396841634e-01 1.754518661135306690e-01 -2.306054681325072631e-01
1.661968245896958351e+09 1.983752399682998657e-01 4.151757359504699707e-01 1.370875835418701172e+00 -4.998868703842163086e-01 5.330626964569091797e-01 4.677071273326873779e-01 4.971994459629058838e-01 5.021239236473432621e-01 -1.200427074614244249e-01 -7.852455702691821804e-01 9.481059627893044794e-01 2.521290351845929534e-01 1.871497756684214753e-01 -2.459806360850200491e-01
1.661968245928874016e+09 2.055291384458541870e-01 4.280865192413330078e-01 1.368885159492492676e+00 -4.966048598289489746e-01 5.310558676719665527e-01 4.694406092166900635e-01 5.009876489639282227e-01 4.666654390727713597e-01 -1.125360028645240734e-01 -7.361413251493342802e-01 8.888174683882013039e-01 2.363624948635938139e-01 1.754466234234555166e-01 -2.305985773936058414e-01
1.661968245960789442e+09 2.127609997987747192e-01 4.407488107681274414e-01 1.366560339927673340e+00 -4.932968020439147949e-01 5.290477275848388672e-01 4.711268544197082520e-01 5.047833323478698730e-01 4.626639657758599422e-01 -1.125368435449417281e-01 -7.361468243636440922e-01 8.888241081427891155e-01 2.363642605680443542e-01 1.754479340665995590e-01 -2.306003000397228442e-01
1.661968245992704153e+09 2.200671136379241943e-01 4.531547427177429199e-01 1.363904953002929688e+00 -4.899628162384033203e-01 5.270383954048156738e-01 4.727657735347747803e-01 5.085859894752502441e-01 4.587311073701579867e-01 -1.125393656615617105e-01 -7.361633224995554059e-01 8.888440280017758655e-01 2.363695578396841634e-01 1.754518661135306690e-01 -2.306054681325072631e-01
1.661968246024618864e+09 2.274436801671981812e-01 4.652965962886810303e-01 1.360923051834106445e+00 -4.866029620170593262e-01 5.250281095504760742e-01 4.743570685386657715e-01 5.123949050903320312e-01 4.548543435944197300e-01 -1.125393656615608501e-01 -7.361633224995554059e-01 8.888440280017793071e-01 2.363695578396859120e-01 1.754518661135306690e-01 -2.306054681325089839e-01
1.661968246056047201e+09 2.348867654800415039e-01 4.771668016910552979e-01 1.357618808746337891e+00 -4.832175374031066895e-01 5.230171680450439453e-01 4.759009182453155518e-01 5.162094235420227051e-01 4.580297813066405710e-01 -1.142809853395285319e-01 -7.475559273994084597e-01 9.025994658497813461e-01 2.400275300593242289e-01 1.781670975417800618e-01 -2.341742373252725107e-01
1.661968246087961674e+09 2.423924207687377930e-01 4.887579083442687988e-01 1.353996396064758301e+00 -4.798068106174468994e-01 5.210059881210327148e-01 4.773972928524017334e-01 5.200288295745849609e-01 4.473274952819250583e-01 -1.125402063922226747e-01 -7.361688220425259832e-01 8.888506681531889164e-01 2.363713236496621239e-01 1.754531768350071075e-01 -2.306071908815817695e-01
1.661968246119876146e+09 2.499565482139587402e-01 5.000626444816589355e-01 1.350060462951660156e+00 -4.763710200786590576e-01 5.189949274063110352e-01 4.788463413715362549e-01 5.238523483276367188e-01 4.436848051178594043e-01 -1.125402063922235490e-01 -7.361688220425259832e-01 8.888506681531923581e-01 2.363713236496621239e-01 1.754531768350071075e-01 -2.306071908815800209e-01
