1.661602943815967560e+09 1.378528122206244648e-16 -2.367949187755584717e-01 1.128897309303283691e+00 -6.125128269195556641e-01 6.125135421752929688e-01 3.533097505569458008e-01 3.533093035221099854e-01 0.000000000000000000e+00 0.000000000000000000e+00 0.000000000000000000e+00 0.000000000000000000e+00 0.000000000000000000e+00 0.000000000000000000e+00 0.000000000000000000e+00
1.661602946930199862e+09 1.378528122206244648e-16 -2.367949187755584717e-01 1.128897309303283691e+00 -6.125128269195556641e-01 6.125135421752929688e-01 3.533097505569458008e-01 3.533093035221099854e-01 0.000000000000000000e+00 0.000000000000000000e+00 0.000000000000000000e+00 0.000000000000000000e+00 0.000000000000000000e+00 0.000000000000000000e+00 0.000000000000000000e+00
1.661602946931197166e+09 1.378528122206244648e-16 -2.367949187755584717e-01 1.128897309303283691e+00 -6.125128269195556641e-01 6.125135421752929688e-01 3.533097505569458008e-01 3.533093035221099854e-01 0.000000000000000000e+00 0.000000000000000000e+00 0.000000000000000000e+00 0.000000000000000000e+00 0.000000000000000000e+00 0.000000000000000000e+00 0.000000000000000000e+00
1.661602946933192015e+09 -1.356119103729724884e-02 -2.353794276714324951e-01 1.128304123878479004e+00 6.127063035964965820e-01 -6.102397441864013672e-01 -3.656901419162750244e-01 -3.441934585571289062e-01 6.841503463984617284e+00 6.748050661009821205e+00 -9.331561643550123630e-01 -7.449493882012232504e-01 1.663968009740620602e+01 4.462024818408012017e+00 -4.993042447514190130e+00
1.661602946935186386e+09 -2.705299295485019684e-02 -2.341987490653991699e-01 1.127817511558532715e+00 6.126357913017272949e-01 -6.080012917518615723e-01 -3.778623342514038086e-01 -3.350102305412292480e-01 6.795175423557290095e+00 6.749664062243774687e+00 -9.333792740177392355e-01 -7.451274992324727897e-01 1.664365850268950453e+01 4.463091650402849275e+00 -4.994236241285263667e+00
1.661602946936184168e+09 -4.046742990612983704e-02 -2.332481741905212402e-01 1.127431869506835938e+00 6.123046875000000000e-01 -6.058059930801391602e-01 -3.898209035396575928e-01 -3.257631659507751465e-01 1.348351265845009728e+01 1.349126400971784356e+01 -1.865643399559949511e+00 -1.489364762504094442e+00 3.326743210872108136e+01 8.920851052716805896e+00 -9.982505653130520074e+00
1.661602946938178778e+09 -5.379694700241088867e-02 -2.325227707624435425e-01 1.127141714096069336e+00 6.117171049118041992e-01 -6.036613583564758301e-01 -4.015605151653289795e-01 -3.164559006690979004e-01 6.694238547336697209e+00 6.748857265200713940e+00 -9.332677058520665314e-01 -7.450384330719143078e-01 1.664166906227560361e+01 4.462558170645450240e+00 -4.993639273051784677e+00
1.661602946939175844e+09 -6.703440099954605103e-02 -2.320174723863601685e-01 1.126941442489624023e+00 6.108770370483398438e-01 -6.015747785568237305e-01 -4.130758047103881836e-01 -3.070919513702392578e-01 1.328758752776869301e+01 1.350094210441634957e+01 -1.866981737723191870e+00 -1.490433173381070064e+00 3.329129683763694914e+01 8.927250515451897073e+00 -9.989666704531618535e+00
1.661602946941170692e+09 -8.017310500144958496e-02 -2.317270487546920776e-01 1.126825213432312012e+00 6.097889542579650879e-01 -5.995533466339111328e-01 -4.243616163730621338e-01 -2.976749241352081299e-01 6.588184033457421762e+00 6.748050661009821205e+00 -9.331561643550123630e-01 -7.449493882012232504e-01 1.663968009740620602e+01 4.462024818408012017e+00 -4.993042447514190130e+00
1.661602946943165302e+09 -9.320677071809768677e-02 -2.316461503505706787e-01 1.126787185668945312e+00 6.084575653076171875e-01 -5.976042151451110840e-01 -4.354131519794464111e-01 -2.882084548473358154e-01 6.534597412629848279e+00 6.748857265200713940e+00 -9.332677058520665314e-01 -7.450384330719143078e-01 1.664166906227560361e+01 4.462558170645450240e+00 -4.993639273051784677e+00
1.661602946944162607e+09 -1.061295941472053528e-01 -2.317693382501602173e-01 1.126821279525756836e+00 6.068878769874572754e-01 -5.957338213920593262e-01 -4.462251067161560059e-01 -2.786960899829864502e-01 1.295837945367706467e+01 1.349771453040142788e+01 -1.866535411704133063e+00 -1.490076866143828616e+00 3.328333812455120722e+01 8.925116341290900479e+00 -9.987278546103569354e+00
1.661602946946157217e+09 -1.189361736178398132e-01 -2.320910692214965820e-01 1.126921415328979492e+00 6.050850152969360352e-01 -5.939489006996154785e-01 -4.567928612232208252e-01 -2.691415548324584961e-01 6.422815777174912810e+00 6.748857265200713940e+00 -9.332677058520665314e-01 -7.450384330719143078e-01 1.664166906227560361e+01 4.462558170645450240e+00 -4.993639273051784677e+00
1.661602946947154522e+09 -1.316215842962265015e-01 -2.326058000326156616e-01 1.127081274986267090e+00 6.030542254447937012e-01 -5.922557711601257324e-01 -4.671117663383483887e-01 -2.595483958721160889e-01 1.273116735235194419e+01 1.349771453040142788e+01 -1.866535411704133063e+00 -1.490076866143828616e+00 3.328333812455120722e+01 8.925116341290900479e+00 -9.987278546103569354e+00
1.661602946949149132e+09 -1.441812962293624878e-01 -2.333079278469085693e-01 1.127294659614562988e+00 6.008013486862182617e-01 -5.906603932380676270e-01 -4.771769940853118896e-01 -2.499203830957412720e-01 6.307565374563777638e+00 6.748857265200721045e+00 -9.332677058520665314e-01 -7.450384330719143078e-01 1.664166906227560361e+01 4.462558170645450240e+00 -4.993639273051784677e+00
1.661602946951143742e+09 -1.566112786531448364e-01 -2.341918647289276123e-01 1.127555251121520996e+00 5.983319878578186035e-01 -5.891686677932739258e-01 -4.869843125343322754e-01 -2.402610629796981812e-01 6.248889808133252899e+00 6.748857265200706834e+00 -9.332677058520665314e-01 -7.450384330719143078e-01 1.664166906227560361e+01 4.462558170645450240e+00 -4.993639273051784677e+00
1.661602946953138590e+09 -1.689078956842422485e-01 -2.352520376443862915e-01 1.127856612205505371e+00 5.956523418426513672e-01 -5.877861380577087402e-01 -4.965292811393737793e-01 -2.305741608142852783e-01 6.188898481036978261e+00 6.748050661009814100e+00 -9.331561643550123630e-01 -7.449493882012232504e-01 1.663968009740620602e+01 4.462024818408012017e+00 -4.993042447514190130e+00
1.661602946954135895e+09 -1.810679435729980469e-01 -2.364829182624816895e-01 1.128192424774169922e+00 5.927684307098388672e-01 -5.865181088447570801e-01 -5.058077573776245117e-01 -2.208633124828338623e-01 1.225983980464448564e+01 1.349771453040141367e+01 -1.866535411704133063e+00 -1.490076866143828616e+00 3.328333812455120722e+01 8.925116341290900479e+00 -9.987278546103569354e+00
1.661602946956130743e+09 -1.930886656045913696e-01 -2.378790527582168579e-01 1.128556132316589355e+00 5.896868109703063965e-01 -5.853697061538696289e-01 -5.148155093193054199e-01 -2.111321240663528442e-01 6.069128850233582284e+00 6.748050661009814100e+00 -9.331561643550123630e-01 -7.449493882012232504e-01 1.663968009740620602e+01 4.462024818408012017e+00 -4.993042447514190130e+00
1.661602946958125353e+09 -2.049676924943923950e-01 -2.394350469112396240e-01 1.128941416740417480e+00 5.864138603210449219e-01 -5.843457579612731934e-01 -5.235486626625061035e-01 -2.013843357563018799e-01 6.009543403231033309e+00 6.748857265200721045e+00 -9.332677058520665314e-01 -7.450384330719143078e-01 1.664166906227560361e+01 4.462558170645450240e+00 -4.993639273051784677e+00
1.661602946959122419e+09 -2.167030870914459229e-01 -2.411456406116485596e-01 1.129341840744018555e+00 -5.829563140869140625e-01 5.834506750106811523e-01 5.320034027099609375e-01 1.916235685348510742e-01 1.190108041586309540e+01 1.350094210441636378e+01 -1.866981737723191870e+00 -1.490433173381070064e+00 3.329129683763694914e+01 8.927250515451897073e+00 -9.989666704531618535e+00
1.661602946961117268e+09 -2.282932996749877930e-01 -2.430057078599929810e-01 1.129751086235046387e+00 -5.793210864067077637e-01 5.826888680458068848e-01 5.401759743690490723e-01 1.818533837795257568e-01 5.887993131927113488e+00 6.748050661009814100e+00 -9.331561643550123630e-01 -7.449493882012232504e-01 1.663968009740620602e+01 4.462024818408012017e+00 -4.993042447514190130e+00
1.661602946963111877e+09 -2.397371679544448853e-01 -2.450102418661117554e-01 1.130162596702575684e+00 -5.755152106285095215e-01 5.820641517639160156e-01 5.480629205703735352e-01 1.720775663852691650e-01 5.828401437718958356e+00 6.748857265200706834e+00 -9.332677058520665314e-01 -7.450384330719143078e-01 1.664166906227560361e+01 4.462558170645450240e+00 -4.993639273051784677e+00
1.661602946965106726e+09 -2.510339021682739258e-01 -2.471544295549392700e-01 1.130570173263549805e+00 -5.715456008911132812e-01 5.815804004669189453e-01 5.556606054306030273e-01 1.622995585203170776e-01 5.767679241492709608e+00 6.748050661009814100e+00 -9.331561643550123630e-01 -7.449493882012232504e-01 1.663968009740620602e+01 4.462024818408012017e+00 -4.993042447514190130e+00
1.661602946966104031e+09 -2.621830701828002930e-01 -2.494336217641830444e-01 1.130967617034912109e+00 -5.674195885658264160e-01 5.812410116195678711e-01 5.629658102989196777e-01 1.525230258703231812e-01 1.141745735495407921e+01 1.349771453040141367e+01 -1.866535411704133063e+00 -1.490076866143828616e+00 3.328333812455120722e+01 8.925116341290900479e+00 -9.987278546103569354e+00
1.661602946968098879e+09 -2.731846272945404053e-01 -2.518433630466461182e-01 1.131348729133605957e+00 -5.631446242332458496e-01 5.810490250587463379e-01 5.699755549430847168e-01 1.427516490221023560e-01 5.648962218543855940e+00 6.748050661009814100e+00 -9.331561643550123630e-01 -7.449493882012232504e-01 1.663968009740620602e+01 4.462024818407983595e+00 -4.993042447514190130e+00
1.661602946970093012e+09 -2.840387821197509766e-01 -2.543794214725494385e-01 1.131707429885864258e+00 -5.587279796600341797e-01 5.810074210166931152e-01 5.766865611076354980e-01 1.329888850450515747e-01 5.592536444961544895e+00 6.750471052208167677e+00 -9.334908688615959349e-01 -7.452165866905350322e-01 1.664564841881847457e+01 4.463625257725921003e+00 -4.994833352265809268e+00
1.661602946972088099e+09 -2.947461009025573730e-01 -2.570377886295318604e-01 1.132037758827209473e+00 -5.541771650314331055e-01 5.811186432838439941e-01 5.830961465835571289e-01 1.232383474707603455e-01 5.532257151641954529e+00 6.747244249601950017e+00 -9.330446495172384225e-01 -7.448603646127670563e-01 1.663769160791081703e+01 4.461491593644817399e+00 -4.992445764621322724e+00
1.661602946974082470e+09 -3.053074777126312256e-01 -2.598146796226501465e-01 1.132333755493164062e+00 -5.494998693466186523e-01 5.813849568367004395e-01 5.892014503479003906e-01 1.135035231709480286e-01 5.477590425246118500e+00 6.749664062243767582e+00 -9.333792740179618352e-01 -7.451274992324727897e-01 1.664365850268950453e+01 4.463091650402849275e+00 -4.994236241285263667e+00
1.661602946975079775e+09 -3.157240152359008789e-01 -2.627066075801849365e-01 1.132589697837829590e+00 -5.447035431861877441e-01 5.818083882331848145e-01 5.949999690055847168e-01 1.037879735231399536e-01 1.084277886169736682e+01 1.349771453040147051e+01 -1.866535411704133063e+00 -1.490076866143828616e+00 3.328333812455120722e+01 8.925116341290843636e+00 -9.987278546103569354e+00
1.661602946977074385e+09 -3.259971737861633301e-01 -2.657102942466735840e-01 1.132799983024597168e+00 -5.397961735725402832e-01 5.823907256126403809e-01 6.004891395568847656e-01 9.409515559673309326e-02 5.367131026144019934e+00 6.748857265200735256e+00 -9.332677058520665314e-01 -7.450384330719143078e-01 1.664166906227560361e+01 4.462558170645421818e+00 -4.993639273051784677e+00
1.661602946979069233e+09 -3.361285924911499023e-01 -2.688227891921997070e-01 1.132959246635437012e+00 -5.347852110862731934e-01 5.831331610679626465e-01 6.056668162345886230e-01 8.442849665880203247e-02 5.313655106252590521e+00 6.748050661009814100e+00 -9.331561643552349627e-01 -7.449493882012232504e-01 1.663968009740620602e+01 4.462024818408012017e+00 -4.993042447514190130e+00
1.661602946981063843e+09 -3.461201190948486328e-01 -2.720413506031036377e-01 1.133062124252319336e+00 -5.296786427497863770e-01 5.840368866920471191e-01 6.105306744575500488e-01 7.479143142700195312e-02 5.263001362935350258e+00 6.748857265200706834e+00 -9.332677058522891311e-01 -7.450384330719143078e-01 1.664166906227560361e+01 4.462558170645450240e+00 -4.993639273051784677e+00
1.661602946982061148e+09 -3.559738993644714355e-01 -2.753635644912719727e-01 1.133103489875793457e+00 -5.244840383529663086e-01 5.851026773452758789e-01 6.150788068771362305e-01 6.518734991550445557e-02 1.042693803150915777e+01 1.349771453040147051e+01 -1.866535411704133063e+00 -1.490076866143828616e+00 3.328333812455120722e+01 8.925116341290843636e+00 -9.987278546103569354e+00
1.661602946984055996e+09 -3.656921386718750000e-01 -2.787873148918151855e-01 1.133078336715698242e+00 -5.192093253135681152e-01 5.863310098648071289e-01 6.193093061447143555e-01 5.561969056725502014e-02 5.165170383227239981e+00 6.748050661009842521e+00 -9.331561643550123630e-01 -7.449493882012232504e-01 1.663968009740620602e+01 4.462024818407997806e+00 -4.993042447514190130e+00
1.661602946986050844e+09 -3.752772808074951172e-01 -2.823107540607452393e-01 1.132981896400451660e+00 -5.138621926307678223e-01 5.877221822738647461e-01 6.232205629348754883e-01 4.609165340662002563e-02 5.119528272184436624e+00 6.748050661009814100e+00 -9.331561643552349627e-01 -7.449493882012232504e-01 1.663968009740620602e+01 4.462024818407997806e+00 -4.993042447514190130e+00
1.661602946988045216e+09 -3.767164945602416992e-01 -2.715905606746673584e-01 1.140878558158874512e+00 -5.159759521484375000e-01 5.862790346145629883e-01 6.224141120910644531e-01 5.144403874874114990e-02 6.715000377616904714e+00 -1.702067990702656575e+00 -7.915203889994227637e+00 1.045754775038791706e+01 -1.278649885278758447e+01 -6.374506241969821740e-01 7.198345520439598744e+00
1.661602946990039825e+09 -3.780831396579742432e-01 -2.607810497283935547e-01 1.148629426956176758e+00 -5.180366039276123047e-01 5.848624110221862793e-01 6.215644478797912598e-01 5.684782564640045166e-02 6.703671131016486484e+00 -1.701864540070278986e+00 -7.914257774300724080e+00 1.045629774468002182e+01 -1.278497046420836902e+01 -6.373744288079894460e-01 7.197485091857160455e+00
1.661602946991037130e+09 -3.793753683567047119e-01 -2.498847842216491699e-01 1.156234145164489746e+00 -5.200431346893310547e-01 5.834720730781555176e-01 6.206721067428588867e-01 6.230257079005241394e-02 1.338636561242371315e+01 -3.403729080140557972e+00 -1.582851554860144816e+01 2.091259548936004364e+01 -2.556994092841696187e+01 -1.274748857615978892e+00 1.439497018371432091e+01
1.661602946993031740e+09 -3.805914521217346191e-01 -2.389044165611267090e-01 1.163692712783813477e+00 -5.219947695732116699e-01 5.821074247360229492e-01 6.197375059127807617e-01 6.780789047479629517e-02 6.682798104704014364e+00 -1.701864540070251230e+00 -7.914257774300724080e+00 1.045629774468024564e+01 -1.278497046420848093e+01 -6.373744288079894460e-01 7.197485091857188877e+00
1.661602946995026350e+09 -3.817296326160430908e-01 -2.278426736593246460e-01 1.171004891395568848e+00 -5.238903164863586426e-01 5.807678699493408203e-01 6.187611818313598633e-01 7.336339354515075684e-02 6.672409176956652033e+00 -1.701864540070251230e+00 -7.914257774300724080e+00 1.045629774468024564e+01 -1.278497046420848093e+01 -6.373744288079894460e-01 7.197485091857174666e+00
1.661602946997021198e+09 -3.827882409095764160e-01 -2.167023122310638428e-01 1.178170561790466309e+00 -5.257288813591003418e-01 5.794528722763061523e-01 6.177438497543334961e-01 7.896856963634490967e-02 6.661237387091314410e+00 -1.701661138069553658e+00 -7.913311884761657033e+00 1.045504803776681335e+01 -1.278344244096661697e+01 -6.372982516323222324e-01 7.196624868946710052e+00
1.661602946999015570e+09 -3.837656080722808838e-01 -2.054861634969711304e-01 1.185189723968505859e+00 -5.275095701217651367e-01 5.781618356704711914e-01 6.166859269142150879e-01 8.462298661470413208e-02 6.652459163422728139e+00 -1.702067990702684330e+00 -7.915203889994116615e+00 1.045754775038791706e+01 -1.278649885278752940e+01 -6.374506241969682963e-01 7.198345520439584533e+00
1.661602947000013351e+09 -3.846601247787475586e-01 -1.941971480846405029e-01 1.192062258720397949e+00 -5.292313694953918457e-01 5.768942236900329590e-01 6.155878901481628418e-01 9.032615274190902710e-02 1.327610067533383642e+01 -3.402102447366242011e+00 -1.582095114451609419e+01 2.090260141744203892e+01 -2.555772112391114703e+01 -1.274139658639818373e+00 1.438809086701962414e+01
1.661602947002007961e+09 -3.854702711105346680e-01 -1.828382015228271484e-01 1.198788285255432129e+00 -5.308933854103088379e-01 5.756492614746093750e-01 6.144503951072692871e-01 9.607754647731781006e-02 6.630763873373402895e+00 -1.701864540070251230e+00 -7.914257774300724080e+00 1.045629774468024564e+01 -1.278497046420848093e+01 -6.373744288079894460e-01 7.197485091857174666e+00
1.661602947004002571e+09 -3.861945271492004395e-01 -1.714123189449310303e-01 1.205367803573608398e+00 -5.324947237968444824e-01 5.744264125823974609e-01 6.132738590240478516e-01 1.018766686320304871e-01 6.620216625215492812e+00 -1.701864540070278986e+00 -7.914257774300835102e+00 1.045629774468013373e+01 -1.278497046420842409e+01 -6.373744288079755682e-01 7.197485091857174666e+00
1.661602947005997419e+09 -3.868314623832702637e-01 -1.599225997924804688e-01 1.211800813674926758e+00 -5.340344309806823730e-01 5.732248425483703613e-01 6.120589971542358398e-01 1.077229678630828857e-01 6.608740657573962451e+00 -1.701661138069553658e+00 -7.913311884761657033e+00 1.045504803776670322e+01 -1.278344244096661697e+01 -6.372982516323082436e-01 7.196624868946710052e+00
1.661602947006994486e+09 -3.873796164989471436e-01 -1.483721286058425903e-01 1.218087553977966309e+00 -5.355116724967956543e-01 5.720438957214355469e-01 6.108063459396362305e-01 1.136158779263496399e-01 1.320067547945662234e+01 -3.404542979968369742e+00 -1.583230046384501577e+01 2.091759610999400465e+01 -2.557605521367004897e+01 -1.275053675611610871e+00 1.439841230953541995e+01
1.661602947008989096e+09 -3.878376781940460205e-01 -1.367641091346740723e-01 1.224228143692016602e+00 -5.369257330894470215e-01 5.708829164505004883e-01 6.095163226127624512e-01 1.195548623800277710e-01 6.587815188082381646e+00 -1.701864540070251230e+00 -7.914257774300724080e+00 1.045629774468024564e+01 -1.278497046420848093e+01 -6.373744288080033238e-01 7.197485091857174666e+00
1.661602947010983706e+09 -3.882043361663818359e-01 -1.251017451286315918e-01 1.230222702026367188e+00 -5.382754802703857422e-01 5.697410106658935547e-01 6.081896424293518066e-01 1.255392134189605713e-01 6.576686182374274381e+00 -1.701864540070278986e+00 -7.914257774300835102e+00 1.045629774468013373e+01 -1.278497046420848093e+01 -6.373744288079755682e-01 7.197485091857174666e+00
1.661602947012978792e+09 -3.884783685207366943e-01 -1.133883297443389893e-01 1.236071586608886719e+00 -5.395603775978088379e-01 5.686172246932983398e-01 6.068267822265625000e-01 1.315684467554092407e-01 6.563808726250692338e+00 -1.701457784683072960e+00 -7.912366221295505042e+00 1.045379862954039218e+01 -1.278191478293118344e+01 -6.372220926634230009e-01 7.195764851634455894e+00
1.661602947013975859e+09 -3.886585235595703125e-01 -1.016271784901618958e-01 1.241774916648864746e+00 -5.407794713973999023e-01 5.675110816955566406e-01 6.054283380508422852e-01 1.376418769359588623e-01 1.311076354864019677e+01 -3.404542979968369742e+00 -1.583230046384501577e+01 2.091759610999400465e+01 -2.557605521367004897e+01 -1.275053675611610871e+00 1.439841230953541995e+01
1.661602947015970469e+09 -3.887436985969543457e-01 -8.982168138027191162e-02 1.247333049774169922e+00 -5.419319868087768555e-01 5.664214491844177246e-01 6.039949059486389160e-01 1.437588185071945190e-01 6.542005947949194322e+00 -1.701864540070251230e+00 -7.914257774300724080e+00 1.045629774468024564e+01 -1.278497046420848093e+01 -6.373744288080033238e-01 7.197485091857174666e+00
1.661602947017965078e+09 -3.887327909469604492e-01 -7.797525078058242798e-02 1.252746462821960449e+00 -5.430172681808471680e-01 5.653476119041442871e-01 6.025269627571105957e-01 1.499186158180236816e-01 6.529953909469739415e+00 -1.701864540070278986e+00 -7.914257774300835102e+00 1.045629774468013373e+01 -1.278497046420848093e+01 -6.373744288079755682e-01 7.197485091857174666e+00
1.661602947019959927e+09 -3.886247873306274414e-01 -6.609135866165161133e-02 1.258015275001525879e+00 -5.440345406532287598e-01 5.642886161804199219e-01 6.010251045227050781e-01 1.561205536127090454e-01 6.516765955850429393e+00 -1.701661138069553658e+00 -7.913311884761657033e+00 1.045504803776670322e+01 -1.278344244096667204e+01 -6.372982516323082436e-01 7.196624868946710052e+00
1.661602947020957232e+09 -3.884187340736389160e-01 -5.417352542281150818e-02 1.263139843940734863e+00 -5.449830293655395508e-01 5.632435679435729980e-01 5.994898676872253418e-01 1.623640060424804688e-01 1.300959136410910588e+01 -3.403729080140502461e+00 -1.582851554860144816e+01 2.091259548936049129e+01 -2.556994092841696187e+01 -1.274748857616006648e+00 1.439497018371434933e+01
1.661602947022951841e+09 -3.881136775016784668e-01 -4.222530499100685120e-02 1.268120884895324707e+00 -5.458621382713317871e-01 5.622114539146423340e-01 5.979219675064086914e-01 1.686481833457946777e-01 6.491748657922093102e+00 -1.701864540070251230e+00 -7.914257774300724080e+00 1.045629774468024564e+01 -1.278497046420848093e+01 -6.373744288080033238e-01 7.197485091857174666e+00
1.661602947024946451e+09 -3.877087831497192383e-01 -3.025028854608535767e-02 1.272958517074584961e+00 -5.466712117195129395e-01 5.611913800239562988e-01 5.963217020034790039e-01 1.749723553657531738e-01 6.478257449531152901e+00 -1.701864540070251230e+00 -7.914257774300835102e+00 1.045629774468013373e+01 -1.278497046420848093e+01 -6.373744288079755682e-01 7.197485091857175554e+00
1.661602947025943756e+09 -3.872032761573791504e-01 -1.825211942195892334e-02 1.277653336524963379e+00 -5.474095344543457031e-01 5.601822733879089355e-01 5.946897864341735840e-01 1.813357174396514893e-01 1.292875462676373566e+01 -3.403729080140502461e+00 -1.582851554860167020e+01 2.091259548936026746e+01 -2.556994092841696187e+01 -1.274748857615951136e+00 1.439497018371434756e+01
1.661602947027938366e+09 -3.865964114665985107e-01 -6.234473548829555511e-03 1.282205820083618164e+00 -5.480765104293823242e-01 5.591831803321838379e-01 5.930268764495849609e-01 1.877375692129135132e-01 6.450057921049700660e+00 -1.701864540070251230e+00 -7.914257774300724080e+00 1.045629774468024564e+01 -1.278497046420848093e+01 -6.373744288080033238e-01 7.197485091857174666e+00
1.661602947029933214e+09 -3.858875334262847900e-01 5.798939615488052368e-03 1.286616563796997070e+00 -5.486717224121093750e-01 5.581930875778198242e-01 5.913333296775817871e-01 1.941770613193511963e-01 6.434522022300802391e+00 -1.701661138069525681e+00 -7.913311884761546011e+00 1.045504803776681335e+01 -1.278344244096667204e+01 -6.372982516323361102e-01 7.196624868946710052e+00
1.661602947031927824e+09 -3.850759863853454590e-01 1.784437149763107300e-02 1.290886044502258301e+00 -5.491943955421447754e-01 5.572109818458557129e-01 5.896097421646118164e-01 2.006534039974212646e-01 6.420026602995444698e+00 -1.701864540070251230e+00 -7.914257774300835102e+00 1.045629774468013373e+01 -1.278497046420848093e+01 -6.373744288079755682e-01 7.197485091857174666e+00
1.661602947032925129e+09 -3.841612637042999268e-01 2.989804558455944061e-02 1.295014739036560059e+00 -5.496441721916198730e-01 5.562356710433959961e-01 5.878567695617675781e-01 2.071657180786132812e-01 1.280847368608259274e+01 -3.403729080140502461e+00 -1.582851554860167020e+01 2.091259548936026746e+01 -2.556994092841696187e+01 -1.274748857615951136e+00 1.439497018371434933e+01
1.661602947034919739e+09 -3.831428885459899902e-01 4.195614904165267944e-02 1.299003362655639648e+00 -5.500203967094421387e-01 5.552661418914794922e-01 5.860748291015625000e-01 2.137132436037063599e-01 6.387931536950588907e+00 -1.701864540070251230e+00 -7.914257774300724080e+00 1.045629774468024564e+01 -1.278497046420848093e+01 -6.373744288080033238e-01 7.197485091857174666e+00
1.661602947036914349e+09 -3.820204138755798340e-01 5.401484295725822449e-02 1.302852511405944824e+00 -5.503227114677429199e-01 5.543012619018554688e-01 5.842645764350891113e-01 2.202950567007064819e-01 6.371066890927446380e+00 -1.701864540070251230e+00 -7.914257774300724080e+00 1.045629774468024564e+01 -1.278497046420848093e+01 -6.373744288080033238e-01 7.197485091857174666e+00
1.661602947038909197e+09 -3.807934820652008057e-01 6.607025861740112305e-02 1.306562781333923340e+00 -5.505506992340087891e-01 5.533399581909179688e-01 5.824264287948608398e-01 2.269102931022644043e-01 6.352855919391644512e+00 -1.701661138069525681e+00 -7.913311884761657033e+00 1.045504803776670322e+01 -1.278344244096667204e+01 -6.372982516323082436e-01 7.196624868946710052e+00
1.661602947039906263e+09 -3.794618248939514160e-01 7.811851054430007935e-02 1.310134768486022949e+00 -5.507038831710815430e-01 5.523810386657714844e-01 5.805609822273254395e-01 2.335580140352249146e-01 1.267414038979016055e+01 -3.404542979968369742e+00 -1.583230046384523781e+01 2.091759610999378083e+01 -2.557605521367004897e+01 -1.275053675611555137e+00 1.439841230953541995e+01
1.661602947041901112e+09 -3.780252039432525635e-01 9.015567600727081299e-02 1.313569188117980957e+00 -5.507818460464477539e-01 5.514233708381652832e-01 5.786688327789306641e-01 2.402374148368835449e-01 6.316120132062153836e+00 -1.701661138069525681e+00 -7.913311884761546011e+00 1.045504803776681335e+01 -1.278344244096665783e+01 -6.372982516323361102e-01 7.196624868946710052e+00
1.661602947043895721e+09 -3.764834403991699219e-01 1.021778210997581482e-01 1.316866755485534668e+00 -5.507844090461730957e-01 5.504658222198486328e-01 5.767503380775451660e-01 2.469475120306015015e-01 6.297556769881119010e+00 -1.701864540070251230e+00 -7.914257774300724080e+00 1.045629774468024564e+01 -1.278497046420846672e+01 -6.373744288080033238e-01 7.197485091857174666e+00
1.661602947044893026e+09 -3.748364448547363281e-01 1.141809821128845215e-01 1.320028305053710938e+00 -5.507109761238098145e-01 5.495069622993469238e-01 5.748062729835510254e-01 2.536872625350952148e-01 1.255517360519025871e+01 -3.403729080140502461e+00 -1.582851554860167020e+01 2.091259548936049129e+01 -2.556994092841693345e+01 -1.274748857615951136e+00 1.439497018371434933e+01
1.661602947046887636e+09 -3.730842173099517822e-01 1.261612027883529663e-01 1.323054194450378418e+00 -5.505616068840026855e-01 5.485459566116333008e-01 5.728367567062377930e-01 2.604558765888214111e-01 6.256894814619347045e+00 -1.701864540070251230e+00 -7.914257774300835102e+00 1.045629774468024564e+01 -1.278497046420846672e+01 -6.373744288079755682e-01 7.197485091857174666e+00
1.661602947048882484e+09 -3.712267577648162842e-01 1.381144672632217407e-01 1.325945496559143066e+00 -5.503358244895935059e-01 5.475813746452331543e-01 5.708426833152770996e-01 2.672523260116577148e-01 6.234788104999868352e+00 -1.701661138069525681e+00 -7.913311884761546011e+00 1.045504803776681335e+01 -1.278344244096665783e+01 -6.372982516323361102e-01 7.196624868946710052e+00
1.661602947049879789e+09 -3.692641556262969971e-01 1.500367969274520874e-01 1.328702926635742188e+00 -5.500334501266479492e-01 5.466119647026062012e-01 5.688243508338928223e-01 2.740755975246429443e-01 1.242692423192640483e+01 -3.403729080140502461e+00 -1.582851554860144816e+01 2.091259548936049129e+01 -2.556994092841693345e+01 -1.274748857616006648e+00 1.439497018371434933e+01
1.661602947051874399e+09 -3.671966195106506348e-01 1.619241684675216675e-01 1.331327080726623535e+00 -5.496543049812316895e-01 5.456365942955017090e-01 5.667822957038879395e-01 2.809246778488159180e-01 6.190631394351449046e+00 -1.701864540070251230e+00 -7.914257774300835102e+00 1.045629774468024564e+01 -1.278497046420846672e+01 -6.373744288079755682e-01 7.197485091857174666e+00
1.661602947053869247e+09 -3.650243282318115234e-01 1.737725436687469482e-01 1.333818793296813965e+00 -5.491982102394104004e-01 5.446538925170898438e-01 5.647170543670654297e-01 2.877986133098602295e-01 6.166320151134965677e+00 -1.701661138069525681e+00 -7.913311884761657033e+00 1.045504803776681335e+01 -1.278344244096665783e+01 -6.372982516323082436e-01 7.196624868946710052e+00
1.661602947054866314e+09 -3.627476394176483154e-01 1.855779141187667847e-01 1.336179018020629883e+00 -5.486652255058288574e-01 5.436627864837646484e-01 5.626289844512939453e-01 2.946963608264923096e-01 1.228842520458877274e+01 -3.404542979968369742e+00 -1.583230046384501577e+01 2.091759610999400465e+01 -2.557605521367002055e+01 -1.275053675611610871e+00 1.439841230953541995e+01
1.661602947056860924e+09 -3.603668510913848877e-01 1.973362267017364502e-01 1.338408350944519043e+00 -5.480551123619079590e-01 5.426618456840515137e-01 5.605186223983764648e-01 3.016169071197509766e-01 6.117634829906066329e+00 -1.701864540070251230e+00 -7.914257774300724080e+00 1.045629774468024564e+01 -1.278497046420847205e+01 -6.373744288080033238e-01 7.197485091857160455e+00
1.661602947057858467e+09 -3.578824400901794434e-01 2.090434581041336060e-01 1.340507745742797852e+00 -5.473678112030029297e-01 5.416497588157653809e-01 5.583863854408264160e-01 3.085590600967407227e-01 1.218060362971196575e+01 -3.402915569366090409e+00 -1.582473244259101008e+01 2.090759725908100464e+01 -2.556382956586234556e+01 -1.274444185326846002e+00 1.439152970326888337e+01
1.661602947059853077e+09 -3.552948832511901855e-01 2.206955701112747192e-01 1.342478036880493164e+00 -5.466032624244689941e-01 5.406252145767211914e-01 5.562329292297363281e-01 3.155218958854675293e-01 6.065089839107807634e+00 -1.701864540070251230e+00 -7.914257774300835102e+00 1.045629774468024564e+01 -1.278497046420847028e+01 -6.373744288079755682e-01 7.197485091857188877e+00
1.661602947061847925e+09 -3.526047468185424805e-01 2.322885096073150635e-01 1.344319939613342285e+00 -5.457617044448852539e-01 5.395871996879577637e-01 5.540584921836853027e-01 3.225042819976806641e-01 6.036880785714378028e+00 -1.701661138069525681e+00 -7.913311884761546011e+00 1.045504803776681335e+01 -1.278344244096666138e+01 -6.372982516323361102e-01 7.196624868946724263e+00
1.661602947062845230e+09 -3.498126566410064697e-01 2.438182383775711060e-01 1.346034407615661621e+00 -5.448430180549621582e-01 5.385341048240661621e-01 5.518636107444763184e-01 3.295052051544189453e-01 1.201862553883131568e+01 -3.403729080140502461e+00 -1.582851554860144816e+01 2.091259548936049129e+01 -2.556994092841693345e+01 -1.274748857616006648e+00 1.439497018371437775e+01
1.661602947064839602e+09 -3.469192981719970703e-01 2.552807629108428955e-01 1.347622156143188477e+00 -5.438474416732788086e-01 5.374647974967956543e-01 5.496485829353332520e-01 3.365235030651092529e-01 5.980931717561722927e+00 -1.702067990702656575e+00 -7.915203889994116615e+00 1.045754775038791706e+01 -1.278649885278757026e+01 -6.374506241969544185e-01 7.198345520439570322e+00
1.661602947066834211e+09 -3.439254164695739746e-01 2.666720151901245117e-01 1.349084258079528809e+00 -5.427749752998352051e-01 5.363777875900268555e-01 5.474140048027038574e-01 3.435580730438232422e-01 5.950295094044498967e+00 -1.701864540070251230e+00 -7.914257774300835102e+00 1.045629774468024564e+01 -1.278497046420846672e+01 -6.373744288079755682e-01 7.197485091857160455e+00
1.661602947067831755e+09 -3.408318459987640381e-01 2.779880464076995850e-01 1.350421547889709473e+00 -5.416259169578552246e-01 5.352720022201538086e-01 5.451601743698120117e-01 3.506077229976654053e-01 1.183632501681346305e+01 -3.402915569366090409e+00 -1.582473244259078804e+01 2.090759725908100464e+01 -2.556382956586234201e+01 -1.274444185326846002e+00 1.439152970326888337e+01
1.661602947069826365e+09 -3.376394808292388916e-01 2.892248034477233887e-01 1.351634740829467773e+00 -5.404003262519836426e-01 5.341458916664123535e-01 5.428875684738159180e-01 3.576714098453521729e-01 5.888000747158135262e+00 -1.701864540070251230e+00 -7.914257774300724080e+00 1.045629774468024564e+01 -1.278497046420846672e+01 -6.373744288079755682e-01 7.197485091857160455e+00
1.661602947070823908e+09 -3.343492448329925537e-01 3.003783226013183594e-01 1.352724790573120117e+00 -5.390985012054443359e-01 5.329982042312622070e-01 5.405965447425842285e-01 3.647479712963104248e-01 1.170844054702483561e+01 -3.402915569366090409e+00 -1.582473244259101008e+01 2.090759725908100464e+01 -2.556382956586234201e+01 -1.274444185326846002e+00 1.439152970326893843e+01
1.661602947072818518e+09 -3.309621512889862061e-01 3.114446699619293213e-01 1.353692650794982910e+00 -5.377208590507507324e-01 5.318276286125183105e-01 5.382874608039855957e-01 3.718362152576446533e-01 5.822438033923759804e+00 -1.701864540070251230e+00 -7.914257774300835102e+00 1.045629774468024564e+01 -1.278497046420846672e+01 -6.373744288079755682e-01 7.197485091857188877e+00
1.661602947074812889e+09 -3.274793028831481934e-01 3.224198520183563232e-01 1.354539275169372559e+00 5.362675786018371582e-01 -5.306329727172851562e-01 -5.359607338905334473e-01 -3.789350688457489014e-01 5.789108436098537425e+00 -1.702067990702656575e+00 -7.915203889994005593e+00 1.045754775038791706e+01 -1.278649885278757026e+01 -6.374506241969544185e-01 7.198345520439598744e+00
1.661602947075810671e+09 -3.239018023014068604e-01 3.332999944686889648e-01 1.355265378952026367e+00 5.347391963005065918e-01 -5.294127464294433594e-01 -5.336166024208068848e-01 -3.860433101654052734e-01 1.150171671024970266e+01 -3.402102447366242011e+00 -1.582095114451609419e+01 2.090260141744203892e+01 -2.555772112391114703e+01 -1.274139658639790618e+00 1.438809086701965079e+01
1.661602947077805042e+09 -3.202308416366577148e-01 3.440811634063720703e-01 1.355871915817260742e+00 5.331358313560485840e-01 -5.281656980514526367e-01 -5.312556624412536621e-01 -3.931597471237182617e-01 5.718668928553083397e+00 -1.702067990702656575e+00 -7.915203889994116615e+00 1.045754775038791706e+01 -1.278649885278758447e+01 -6.374506241969544185e-01 7.198345520439570322e+00
1.661602947079799891e+09 -3.164677023887634277e-01 3.547594845294952393e-01 1.356359958648681641e+00 5.314581394195556641e-01 -5.268903970718383789e-01 -5.288780331611633301e-01 -4.002831578254699707e-01 5.680891835306042026e+00 -1.701661138069525681e+00 -7.913311884761546011e+00 1.045504803776675828e+01 -1.278344244096667204e+01 -6.372982516323082436e-01 7.196624868946695841e+00
1.661602947080796957e+09 -3.126136660575866699e-01 3.653311431407928467e-01 1.356730103492736816e+00 5.297065377235412598e-01 -5.255858302116394043e-01 -5.264842510223388672e-01 -4.074125885963439941e-01 1.129147909993669252e+01 -3.404542979968369742e+00 -1.583230046384501577e+01 2.091759610999389452e+01 -2.557605521367004897e+01 -1.275053675611555137e+00 1.439841230953544660e+01
1.661602947082792044e+09 -3.086701631546020508e-01 3.757922947406768799e-01 1.356983542442321777e+00 5.278815627098083496e-01 -5.242502689361572266e-01 -5.240743160247802734e-01 -4.145464301109313965e-01 5.605083146856563836e+00 -1.701457784683045205e+00 -7.912366221295394020e+00 1.045379862954044725e+01 -1.278191478293118344e+01 -6.372220926634230009e-01 7.195764851634469217e+00
1.661602947083789110e+09 -3.046385645866394043e-01 3.861391842365264893e-01 1.357121109962463379e+00 5.259837508201599121e-01 -5.228827595710754395e-01 -5.216488242149353027e-01 -4.216838181018829346e-01 1.113811532829553741e+01 -3.404542979968369742e+00 -1.583230046384501577e+01 2.091759610999389452e+01 -2.557605521367004897e+01 -1.275053675611555137e+00 1.439841230953544660e+01
1.661602947085783720e+09 -3.005203902721405029e-01 3.963680565357208252e-01 1.357143759727478027e+00 5.240136981010437012e-01 -5.214818120002746582e-01 -5.192080140113830566e-01 -4.288233220577239990e-01 5.528285201532155746e+00 -1.701864540070251230e+00 -7.914257774300724080e+00 1.045629774468018880e+01 -1.278497046420848093e+01 -6.373744288079755682e-01 7.197485091857188877e+00
1.661602947086781025e+09 -2.963171899318695068e-01 4.064751863479614258e-01 1.357052326202392578e+00 5.219720602035522461e-01 -5.200461745262145996e-01 -5.167520046234130859e-01 -4.359638690948486328e-01 1.097624010700035946e+01 -3.403729080140502461e+00 -1.582851554860144816e+01 2.091259548936037760e+01 -2.556994092841696187e+01 -1.274748857615951136e+00 1.439497018371437775e+01
1.661602947088775635e+09 -2.920305430889129639e-01 4.164569079875946045e-01 1.356847763061523438e+00 5.198593735694885254e-01 -5.185746550559997559e-01 -5.142812728881835938e-01 -4.431041777133941650e-01 5.447266644354741061e+00 -1.701864540070251230e+00 -7.914257774300724080e+00 1.045629774468018880e+01 -1.278497046420848093e+01 -6.373744288079755682e-01 7.197485091857188877e+00
1.661602947090770245e+09 -2.876621186733245850e-01 4.263096153736114502e-01 1.356530904769897461e+00 5.176765322685241699e-01 -5.170658826828002930e-01 -5.117960572242736816e-01 -4.502429962158203125e-01 5.405750961471345484e+00 -1.701864540070251230e+00 -7.914257774300724080e+00 1.045629774468018880e+01 -1.278497046420848093e+01 -6.373744288079755682e-01 7.197485091857188877e+00
1.661602947091767550e+09 -2.832136154174804688e-01 4.360297024250030518e-01 1.356102824211120605e+00 -5.154241323471069336e-01 5.155186653137207031e-01 5.092964172363281250e-01 4.573790729045867920e-01 1.072715934852485020e+01 -3.403729080140502461e+00 -1.582851554860144816e+01 2.091259548936037760e+01 -2.556994092841696187e+01 -1.274748857615951136e+00 1.439497018371437775e+01
1.661602947093762398e+09 -2.786867916584014893e-01 4.456136524677276611e-01 1.355564475059509277e+00 -5.131030082702636719e-01 5.139316916465759277e-01 5.067827701568603516e-01 4.645111560821533203e-01 5.320163617069177953e+00 -1.701661138069525681e+00 -7.913311884761546011e+00 1.045504803776675828e+01 -1.278344244096667204e+01 -6.372982516323082436e-01 7.196624868946724263e+00
1.661602947094759703e+09 -2.740834951400756836e-01 4.550579190254211426e-01 1.354916572570800781e+00 -5.107141137123107910e-01 5.123036503791809082e-01 5.042553544044494629e-01 4.716382026672363281e-01 1.055480762972862152e+01 -3.403729080140502461e+00 -1.582851554860144816e+01 2.091259548936037760e+01 -2.556994092841696187e+01 -1.274748857615951136e+00 1.439497018371437775e+01
1.661602947096755505e+09 -2.694055140018463135e-01 4.643591344356536865e-01 1.354160189628601074e+00 -5.082581043243408203e-01 5.106335282325744629e-01 5.017142891883850098e-01 4.787586927413940430e-01 5.230371208045051290e+00 -1.700848016034849142e+00 -7.909530586524890161e+00 1.045005219591380552e+01 -1.277733399875381082e+01 -6.369937249322091821e-01 7.193186032550141995e+00
1.661602947098749161e+09 -2.646548151969909668e-01 4.735138416290283203e-01 1.353296160697937012e+00 -5.057359337806701660e-01 5.089199542999267578e-01 4.991598427295684814e-01 4.858715236186981201e-01 5.191511723702134873e+00 -1.702678634564424920e+00 -7.918043594809891950e+00 1.046129956134829797e+01 -1.279108621185938155e+01 -6.376793197091035204e-01 7.200928040956378950e+00
1.661602947099746466e+09 -2.598333358764648438e-01 4.825187325477600098e-01 1.352325558662414551e+00 -5.031486153602600098e-01 5.071617960929870605e-01 4.965920746326446533e-01 4.929753541946411133e-01 1.028817541735763363e+01 -3.403729080140502461e+00 -1.582851554860155829e+01 2.091259548936037760e+01 -2.556994092841696187e+01 -1.274748857615951136e+00 1.439497018371437775e+01
1.661602947101741076e+09 -2.549430727958679199e-01 4.913705587387084961e-01 1.351249098777770996e+00 -5.004969835281372070e-01 5.053578019142150879e-01 4.940112531185150146e-01 5.000690221786499023e-01 5.098725902547404765e+00 -1.701864540070251230e+00 -7.914257774300779147e+00 1.045629774468018880e+01 -1.278497046420848093e+01 -6.373744288079755682e-01 7.197485091857188877e+00
1.661602947102738380e+09 -2.499860674142837524e-01 5.000660419464111328e-01 1.350067853927612305e+00 -4.977822601795196533e-01 5.035070776939392090e-01 4.914176762104034424e-01 5.071511864662170410e-01 1.010586054755574281e+01 -3.403729080140502461e+00 -1.582851554860155829e+01 2.091259548936037760e+01 -2.556994092841696187e+01 -1.274748857615951136e+00 1.439497018371437775e+01
