1.661603139043561935e+09 1.378528122206244648e-16 -2.367949187755584717e-01 1.128897309303283691e+00 -6.125128269195556641e-01 6.125135421752929688e-01 3.533097505569458008e-01 3.533093035221099854e-01 0.000000000000000000e+00 0.000000000000000000e+00 0.000000000000000000e+00 0.000000000000000000e+00 0.000000000000000000e+00 0.000000000000000000e+00 0.000000000000000000e+00
1.661603141804210663e+09 1.378528122206244648e-16 -2.367949187755584717e-01 1.128897309303283691e+00 -6.125128269195556641e-01 6.125135421752929688e-01 3.533097505569458008e-01 3.533093035221099854e-01 0.000000000000000000e+00 0.000000000000000000e+00 0.000000000000000000e+00 0.000000000000000000e+00 0.000000000000000000e+00 0.000000000000000000e+00 0.000000000000000000e+00
1.661603141806205511e+09 -4.085258580744266510e-03 -2.344401031732559204e-01 1.128091931343078613e+00 -6.092452406883239746e-01 6.096171736717224121e-01 3.647441864013671875e-01 3.523476421833038330e-01 2.397992548012896741e+00 9.489408106864071213e-01 -7.800262592614027879e-01 -2.473541632092740361e+00 1.378314301585691659e+01 1.183014747058834537e+01 -6.946955872762088369e+00
1.661603141807202816e+09 -7.948033511638641357e-03 -2.321743965148925781e-01 1.127381324768066406e+00 -6.055643558502197266e-01 6.069071292877197266e-01 3.759522438049316406e-01 3.515898287296295166e-01 4.546502705479572803e+00 1.898108477889832058e+00 -1.560238993841332800e+00 -4.947674596156304005e+00 2.756958106948955844e+01 2.366312309022530513e+01 -1.389557250475744610e+01
1.661603141809197664e+09 -1.158209424465894699e-02 -2.299958616495132446e-01 1.126755118370056152e+00 -6.014804244041442871e-01 6.043901443481445312e-01 3.869212269783020020e-01 3.510354757308959961e-01 2.147057226044980283e+00 9.489408106864068992e-01 -7.800262592611801882e-01 -2.473541632092962850e+00 1.378314301585691481e+01 1.183014747058834537e+01 -6.946955872762087481e+00
1.661603141811192274e+09 -1.498184259980916977e-02 -2.279027551412582397e-01 1.126202583312988281e+00 -5.970034003257751465e-01 6.020728945732116699e-01 3.976383507251739502e-01 3.506835103034973145e-01 2.020680300810790087e+00 9.490542389449159177e-01 -7.801194969208889995e-01 -2.473837298077929514e+00 1.378479053474478100e+01 1.183156154511267921e+01 -6.947786252378721272e+00
1.661603141812189579e+09 -1.814232021570205688e-02 -2.258935272693634033e-01 1.125712752342224121e+00 -5.921443700790405273e-01 5.999613404273986816e-01 4.080912172794342041e-01 3.505326211452484131e-01 3.787183049965964887e+00 1.898108477889831835e+00 -1.560238993841777999e+00 -4.947674596155859028e+00 2.756958106948956200e+01 2.366312309022535842e+01 -1.389557250475744254e+01
1.661603141814184189e+09 -2.105921879410743713e-02 -2.239668667316436768e-01 1.125274538993835449e+00 -5.869140625000000000e-01 5.980612635612487793e-01 4.182672798633575439e-01 3.505811095237731934e-01 1.766318570216200312e+00 9.490542389449162508e-01 -7.801194969206663998e-01 -2.473837298078152003e+00 1.378479053474477389e+01 1.183156154511267921e+01 -6.947786252378717720e+00
1.661603141815181494e+09 -2.372888848185539246e-02 -2.221217155456542969e-01 1.124876737594604492e+00 -5.813239812850952148e-01 5.963778495788574219e-01 4.281546473503112793e-01 3.508270382881164551e-01 3.278386733206358539e+00 1.898108477889832502e+00 -1.560238993841332800e+00 -4.947674596156304005e+00 2.756958106948954779e+01 2.366312309022535842e+01 -1.389557250475743544e+01
1.661603141817176104e+09 -2.614834532141685486e-02 -2.203572392463684082e-01 1.124507784843444824e+00 -5.753856301307678223e-01 5.949158072471618652e-01 4.377411901950836182e-01 3.512679636478424072e-01 1.512658371155325643e+00 9.490542389449162508e-01 -7.801194969208889995e-01 -2.473837298077929514e+00 1.378479053474477389e+01 1.183156154511267921e+01 -6.947786252378724825e+00
1.661603141818173170e+09 -2.831527031958103180e-02 -2.186728715896606445e-01 1.124156355857849121e+00 -5.691108107566833496e-01 5.936797857284545898e-01 4.470153152942657471e-01 3.519012629985809326e-01 2.775117626450526398e+00 1.898562353661685798e+00 -1.560612078249679069e+00 -4.948857684294585724e+00 2.757617350876967421e+01 2.366878141712402694e+01 -1.389889521458642108e+01
1.661603141820168734e+09 -3.022801503539085388e-02 -2.170683145523071289e-01 1.123810768127441406e+00 -5.625116825103759766e-01 5.926736593246459961e-01 4.559654295444488525e-01 3.527237772941589355e-01 1.263022560230046887e+00 9.486006885320393822e-01 -7.797466799567854823e-01 -2.472655058031280717e+00 1.377820282122757334e+01 1.182590727436232747e+01 -6.944465924420598846e+00
1.661603141822162628e+09 -3.188560530543327332e-02 -2.155435085296630859e-01 1.123459458351135254e+00 -5.556006431579589844e-01 5.919008851051330566e-01 4.645802974700927734e-01 3.537321984767913818e-01 1.143233075324336934e+00 9.493946864777197403e-01 -7.803993436850764631e-01 -2.474724720282412971e+00 1.378973545541967916e+01 1.183580579772960384e+01 -6.950278582733518284e+00
1.661603141823160172e+09 -3.328773751854896545e-02 -2.140986919403076172e-01 1.123091101646423340e+00 -5.483899116516113281e-01 5.913646817207336426e-01 4.728489816188812256e-01 3.549226522445678711e-01 2.051783416037937791e+00 1.897654819075805355e+00 -1.559866087772504128e+00 -4.946492073546835400e+00 2.756299178147103035e+01 2.365746746807183598e+01 -1.389225138322189501e+01
1.661603141825154781e+09 -3.443476930260658264e-02 -2.127343714237213135e-01 1.122694015502929688e+00 -5.408924818038940430e-01 5.910676717758178711e-01 4.807606935501098633e-01 3.562912344932556152e-01 9.155295556971442261e-01 9.490542389449162508e-01 -7.801194969208889995e-01 -2.473837298077929514e+00 1.378479053474477389e+01 1.183156154511267921e+01 -6.947786252378724825e+00
1.661603141826152086e+09 -3.532772138714790344e-02 -2.114513367414474487e-01 1.122256994247436523e+00 -5.331211686134338379e-01 5.910120010375976562e-01 4.883050322532653809e-01 3.578335046768188477e-01 1.627509497775835978e+00 1.898108477889832502e+00 -1.560238993841332800e+00 -4.947674596156304005e+00 2.756958106948954779e+01 2.366312309022535842e+01 -1.389557250475744965e+01
1.661603141828147173e+09 -3.596828132867813110e-02 -2.102506309747695923e-01 1.121768832206726074e+00 -5.250890254974365234e-01 5.911995768547058105e-01 4.954718053340911865e-01 3.595447838306427002e-01 7.246761218001454008e-01 9.488274095379026774e-01 -7.799330438860294645e-01 -2.473246036773640188e+00 1.378149589073551518e+01 1.182873373403593220e+01 -6.946125691610947506e+00
1.661603141829144239e+09 -3.635876625776290894e-02 -2.091335952281951904e-01 1.121218442916870117e+00 -5.168092846870422363e-01 5.916314721107482910e-01 5.022510290145874023e-01 3.614198267459869385e-01 1.308897395155337762e+00 1.898562353661685798e+00 -1.560612078249679069e+00 -4.948857684294585724e+00 2.757617350876967421e+01 2.366878141712402694e+01 -1.389889521458642108e+01
1.661603141831138849e+09 -3.650214150547981262e-02 -2.081018388271331787e-01 1.120594978332519531e+00 -5.082951784133911133e-01 5.923087000846862793e-01 5.086334347724914551e-01 3.634534776210784912e-01 6.086382347067907927e-01 9.490542389449162508e-01 -7.801194969208889995e-01 -2.473837298077929514e+00 1.378479053474477389e+01 1.183156154511267921e+01 -6.947786252378724825e+00
1.661603141833133221e+09 -3.640200570225715637e-02 -2.071571946144104004e-01 1.119887828826904297e+00 -4.995602071285247803e-01 5.932316780090332031e-01 5.146096348762512207e-01 3.656401038169860840e-01 5.937944709727296377e-01 9.491676943231506236e-01 -7.802127568724799289e-01 -2.474133034754551375e+00 1.378643844754032166e+01 1.183297595773014699e+01 -6.948616830532027500e+00
1.661603141834130764e+09 -3.606255725026130676e-02 -2.063018381595611572e-01 1.119086861610412598e+00 -4.906179308891296387e-01 5.944002866744995117e-01 5.201708078384399414e-01 3.679736554622650146e-01 1.223007962829884887e+00 1.897654819075801802e+00 -1.559866087772058929e+00 -4.946492073547280377e+00 2.756299178147103035e+01 2.365746746807186440e+01 -1.389225138322189501e+01
1.661603141836125374e+09 -3.548859804868698120e-02 -2.055381238460540771e-01 1.118182063102722168e+00 -4.814819693565368652e-01 5.958140492439270020e-01 5.253084897994995117e-01 3.704480230808258057e-01 6.596815862733005353e-01 9.490542389449145855e-01 -7.801194969208889995e-01 -2.473837298077929514e+00 1.378479053474480232e+01 1.183156154511267921e+01 -6.947786252378724825e+00
1.661603141837122917e+09 -3.468552231788635254e-02 -2.048686891794204712e-01 1.117163777351379395e+00 -4.721659421920776367e-01 5.974720716476440430e-01 5.300145149230957031e-01 3.730565905570983887e-01 1.463039048075166271e+00 1.897654819075801802e+00 -1.559866087772504128e+00 -4.946492073546835400e+00 2.756299178147108364e+01 2.365746746807185374e+01 -1.389225138322189501e+01
1.661603141839117289e+09 -3.365927934646606445e-02 -2.042963951826095581e-01 1.116022944450378418e+00 -4.626833498477935791e-01 5.993729829788208008e-01 5.342809557914733887e-01 3.757924437522888184e-01 8.211814198888784944e-01 9.491676943231506236e-01 -7.802127568724799289e-01 -2.474133034754551375e+00 1.378643844754034831e+01 1.183297595773014521e+01 -6.948616830532027500e+00
1.661603141840114832e+09 -3.241636604070663452e-02 -2.038243412971496582e-01 1.114750504493713379e+00 -4.530481994152069092e-01 6.015148758888244629e-01 5.381006002426147461e-01 3.786488473415374756e-01 1.844850576204472903e+00 1.897654819075801802e+00 -1.559866087772058929e+00 -4.946492073547280377e+00 2.756299178147108364e+01 2.365746746807185730e+01 -1.389225138322189501e+01
1.661603141842109203e+09 -3.096381388604640961e-02 -2.034558206796646118e-01 1.113338232040405273e+00 -4.432741403579711914e-01 6.038954854011535645e-01 5.414663553237915039e-01 3.816181421279907227e-01 1.032496526784321800e+00 9.491676943231506236e-01 -7.802127568727026397e-01 -2.474133034754328442e+00 1.378643844754034831e+01 1.183297595773014343e+01 -6.948616830532027500e+00
1.661603141844104052e+09 -2.930915355682373047e-02 -2.031943500041961670e-01 1.111778259277343750e+00 -4.333748519420623779e-01 6.065121293067932129e-01 5.443717241287231445e-01 3.846930265426635742e-01 1.147484361951928600e+00 9.489408106864055670e-01 -7.800262592614027879e-01 -2.473541632092740361e+00 1.378314301585693968e+01 1.183014747058834537e+01 -6.946955872762090145e+00
1.661603141845101595e+09 -2.746040001511573792e-02 -2.030435949563980103e-01 1.110063195228576660e+00 -4.233640134334564209e-01 6.093616485595703125e-01 5.468103885650634766e-01 3.878655433654785156e-01 2.532495713512973534e+00 1.897654819075801802e+00 -1.559866087772058929e+00 -4.946492073547280377e+00 2.756299178147108364e+01 2.365746746807186440e+01 -1.389225138322189501e+01
1.661603141847095728e+09 -2.542603202164173126e-02 -2.030074149370193481e-01 1.108186125755310059e+00 -4.132553637027740479e-01 6.124405264854431152e-01 5.487765669822692871e-01 3.911277353763580322e-01 1.388210310950368953e+00 9.492811768308411224e-01 -7.803060391246168237e-01 -2.474428842147515795e+00 1.378808675438486553e+01 1.183439070856201347e+01 -6.949447607293210538e+00
1.661603141849090576e+09 -2.321495860815048218e-02 -2.030898332595825195e-01 1.106140851974487305e+00 -4.030623435974121094e-01 6.157447695732116699e-01 5.502650141716003418e-01 3.944712579250335693e-01 1.510441674401985734e+00 9.489408106864055670e-01 -7.800262592614027879e-01 -2.473541632092740361e+00 1.378314301585693968e+01 1.183014747058834537e+01 -6.946955872762090145e+00
1.661603141850087881e+09 -2.083649858832359314e-02 -2.032949775457382202e-01 1.103921532630920410e+00 -3.927986025810241699e-01 6.192700266838073730e-01 5.512706041336059570e-01 3.978877365589141846e-01 3.268338256505741057e+00 1.898108477889829171e+00 -1.560238993841777999e+00 -4.947674596155859028e+00 2.756958106948960463e+01 2.366312309022535842e+01 -1.389557250475744965e+01
1.661603141852082729e+09 -1.830035448074340820e-02 -2.036271095275878906e-01 1.101523160934448242e+00 -3.824774324893951416e-01 6.230114102363586426e-01 5.517891645431518555e-01 4.013684093952178955e-01 1.757705127243235355e+00 9.489408106864055670e-01 -7.800262592611801882e-01 -2.473541632092962850e+00 1.378314301585693968e+01 1.183014747058834537e+01 -6.946955872762090145e+00
1.661603141854077339e+09 -1.561658643186092377e-02 -2.040905654430389404e-01 1.098941087722778320e+00 -3.721122741699218750e-01 6.269637942314147949e-01 5.518163442611694336e-01 4.049044847488403320e-01 1.881537286654022756e+00 9.490542389449145855e-01 -7.801194969206663998e-01 -2.473837298078152003e+00 1.378479053474480232e+01 1.183156154511267921e+01 -6.947786252378724825e+00
1.661603141855074883e+09 -1.279557775706052780e-02 -2.046898007392883301e-01 1.096171379089355469e+00 -3.617162108421325684e-01 6.311214566230773926e-01 5.513488650321960449e-01 4.084869027137756348e-01 4.008404396397606817e+00 1.897654819075801802e+00 -1.559866087772504128e+00 -4.946492073546835400e+00 2.756299178147108364e+01 2.365746746807186440e+01 -1.389225138322189501e+01
1.661603141857069492e+09 -9.848011657595634460e-03 -2.054292857646942139e-01 1.093210816383361816e+00 -3.513023555278778076e-01 6.354785561561584473e-01 5.503833889961242676e-01 4.121064841747283936e-01 2.127047939324630210e+00 9.490542389449145855e-01 -7.801194969208889995e-01 -2.473837298077929514e+00 1.378479053474480232e+01 1.183156154511267921e+01 -6.947786252378724825e+00
1.661603141858066797e+09 -6.784841418266296387e-03 -2.063135355710983276e-01 1.090056777000427246e+00 -3.408836126327514648e-01 6.400287747383117676e-01 5.489172935485839844e-01 4.157538414001464844e-01 4.496857310109211525e+00 1.898108477889829171e+00 -1.560238993841332800e+00 -4.947674596156304005e+00 2.756958106948960463e+01 2.366312309022535842e+01 -1.389557250475744965e+01
1.661603141860061169e+09 -3.617257578298449516e-03 -2.073470801115036011e-01 1.086707234382629395e+00 -3.304726779460906982e-01 6.447652578353881836e-01 5.469486117362976074e-01 4.194195866584777832e-01 2.368934719199380368e+00 9.491676943231506236e-01 -7.802127568724799289e-01 -2.474133034754551375e+00 1.378643844754034831e+01 1.183297595773014699e+01 -6.948616830532027500e+00
1.661603141862056732e+09 -3.566603700164705515e-04 -2.085344493389129639e-01 1.083161115646362305e+00 -3.200821280479431152e-01 6.496810913085937500e-01 5.444753766059875488e-01 4.230939745903015137e-01 2.486255840613167845e+00 9.486006885320376059e-01 -7.797466799570080820e-01 -2.472655058031058228e+00 1.377820282122759998e+01 1.182590727436232747e+01 -6.944465924420598846e+00
1.661603141863053322e+09 2.985372440889477730e-03 -2.098801285028457642e-01 1.079417586326599121e+00 -3.097242116928100586e-01 6.547687649726867676e-01 5.414965152740478516e-01 4.267672598361968994e-01 5.213358933674379081e+00 1.899470756701711727e+00 -1.561358782593339045e+00 -4.951225558784678960e+00 2.758936785016148718e+01 2.368010619292169494e+01 -1.390554540368430914e+01
1.661603141865048409e+09 6.397115997970104218e-03 -2.113885283470153809e-01 1.075476884841918945e+00 -2.994112074375152588e-01 6.600205898284912109e-01 5.380112528800964355e-01 4.304296970367431641e-01 2.719816044308782654e+00 9.488274095379009010e-01 -7.799330438860294645e-01 -2.473246036773640188e+00 1.378149589073548675e+01 1.182873373403593220e+01 -6.946125691610975927e+00
1.661603141866045713e+09 9.866730310022830963e-03 -2.130640000104904175e-01 1.071339607238769531e+00 -2.891550362110137939e-01 6.654284000396728516e-01 5.340192914009094238e-01 4.340713024139404297e-01 5.668816182816600602e+00 1.898108477889829171e+00 -1.560238993841332800e+00 -4.947674596156304005e+00 2.756958106948949450e+01 2.366312309022535842e+01 -1.389557250475750472e+01
1.661603141868039846e+09 1.338228955864906311e-02 -2.149107903242111206e-01 1.067007303237915039e+00 -2.789672315120697021e-01 6.709839701652526855e-01 5.295208692550659180e-01 4.376819431781768799e-01 2.947124989584576582e+00 9.492811768308411224e-01 -7.803060391248395344e-01 -2.474428842147292862e+00 1.378808675438481046e+01 1.183439070856201347e+01 -6.949447607293182116e+00
1.661603141869037390e+09 1.693181693553924561e-02 -2.169330269098281860e-01 1.062482118606567383e+00 -2.688593864440917969e-01 6.766785383224487305e-01 5.245167016983032227e-01 4.412516057491302490e-01 6.111396298711285091e+00 1.897654819075801802e+00 -1.559866087772504128e+00 -4.946492073546835400e+00 2.756299178147097351e+01 2.365746746807186440e+01 -1.389225138322183994e+01
1.661603141871032000e+09 2.050331048667430878e-02 -2.191346734762191772e-01 1.057766675949096680e+00 -2.588426470756530762e-01 6.825031638145446777e-01 5.190081000328063965e-01 4.447702169418334961e-01 3.164404331720550800e+00 9.490542389449145855e-01 -7.801194969206663998e-01 -2.473837298078152003e+00 1.378479053474474725e+01 1.183156154511267921e+01 -6.947786252378752359e+00
1.661603141873026609e+09 2.408478222787380219e-02 -2.215195149183273315e-01 1.052864670753479004e+00 -2.489278912544250488e-01 6.884485483169555664e-01 5.129966735839843750e-01 4.482274651527404785e-01 3.270103724952814872e+00 9.490542389449145855e-01 -7.801194969206663998e-01 -2.473837298078152003e+00 1.378479053474474725e+01 1.183156154511267921e+01 -6.947786252378752359e+00
1.661603141874023914e+09 2.766428142786026001e-02 -2.240911573171615601e-01 1.047780036926269531e+00 -2.391258031129837036e-01 6.945053339004516602e-01 5.064846277236938477e-01 4.516131877899169922e-01 6.747200565352128088e+00 1.898108477889829171e+00 -1.560238993841777999e+00 -4.947674596155859028e+00 2.756958106948949450e+01 2.366312309022535842e+01 -1.389557250475750472e+01
1.661603141876018763e+09 3.122992813587188721e-02 -2.268529683351516724e-01 1.042517662048339844e+00 -2.294466495513916016e-01 7.006636261940002441e-01 4.994746744632720947e-01 4.549171924591064453e-01 3.474278506395759525e+00 9.489408106864055670e-01 -7.800262592611801882e-01 -2.473541632092740361e+00 1.378314301585688462e+01 1.183014747058834537e+01 -6.946955872762118567e+00
1.661603141878013372e+09 3.476994484663009644e-02 -2.298081070184707642e-01 1.037082791328430176e+00 -2.199005633592605591e-01 7.069135904312133789e-01 4.919700324535369873e-01 4.581291973590850830e-01 3.573420176384556335e+00 9.490542389449145855e-01 -7.801194969206663998e-01 -2.473837298078152003e+00 1.378479053474474725e+01 1.183156154511267921e+01 -6.947786252378752359e+00
1.661603141879010916e+09 3.827268257737159729e-02 -2.329594343900680542e-01 1.031481623649597168e+00 -2.104971855878829956e-01 7.132449746131896973e-01 4.839744269847869873e-01 4.612390100955963135e-01 7.337391276115435623e+00 1.897654819075801802e+00 -1.559866087772058929e+00 -4.946492073547280377e+00 2.756299178147097351e+01 2.365746746807186440e+01 -1.389225138322195185e+01
1.661603141881005287e+09 4.172665625810623169e-02 -2.363095581531524658e-01 1.025720834732055664e+00 -2.012459486722946167e-01 7.196472883224487305e-01 4.754918217658996582e-01 4.642363488674163818e-01 3.763589056471875249e+00 9.491676943231506236e-01 -7.802127568724799289e-01 -2.474133034754328442e+00 1.378643844754029324e+01 1.183297595773014699e+01 -6.948616830532055921e+00
1.661603141882999897e+09 4.512056708335876465e-02 -2.398607581853866577e-01 1.019807338714599609e+00 -1.921559274196624756e-01 7.261101007461547852e-01 4.665269851684570312e-01 4.671110808849334717e-01 3.854183892537142331e+00 9.490542389449145855e-01 -7.801194969206663998e-01 -2.473837298077929514e+00 1.378479053474474725e+01 1.183156154511267921e+01 -6.947786252378752359e+00
1.661603141884994507e+09 4.844333231449127197e-02 -2.436150163412094116e-01 1.013749241828918457e+00 -1.832359433174133301e-01 7.326225042343139648e-01 4.570851325988769531e-01 4.698532521724700928e-01 3.942411011574914248e+00 9.490542389449145855e-01 -7.801194969206663998e-01 -2.473837298078152003e+00 1.378479053474474725e+01 1.183156154511267921e+01 -6.947786252378752359e+00
1.661603141885992289e+09 5.168412253260612488e-02 -2.475739419460296631e-01 1.007554650306701660e+00 -1.744943112134933472e-01 7.391736507415771484e-01 4.471718072891235352e-01 4.724526107311248779e-01 8.052086884065964512e+00 1.897201377064075212e+00 -1.559493359913570965e+00 -4.945310116062561434e+00 2.755640564245508983e+01 2.365181454872465494e+01 -1.388893184884125276e+01
1.661603141887986422e+09 5.483236163854598999e-02 -2.517388463020324707e-01 1.001232504844665527e+00 -1.659390181303024292e-01 7.457524538040161133e-01 4.367930889129638672e-01 4.748992621898651123e-01 4.111676258043991616e+00 9.492811768308411224e-01 -7.803060391246168237e-01 -2.474428842147292862e+00 1.378808675438481046e+01 1.183439070856201347e+01 -6.949447607293238072e+00
1.661603141889981270e+09 5.787779018282890320e-02 -2.561105787754058838e-01 9.947920441627502441e-01 -1.575779169797897339e-01 7.523477077484130859e-01 4.259555935859680176e-01 4.771833419799804688e-01 4.190093743295128625e+00 9.489408106864055670e-01 -7.800262592611801882e-01 -2.473541632092740361e+00 1.378314301585688462e+01 1.183014747058834537e+01 -6.946955872762118567e+00
1.661603141891975880e+09 6.081045791506767273e-02 -2.606896758079528809e-01 9.882431626319885254e-01 -1.494182050228118896e-01 7.589480876922607422e-01 4.146664142608642578e-01 4.792951047420501709e-01 4.267571214137618085e+00 9.490542389449145855e-01 -7.801194969206663998e-01 -2.473837298078152003e+00 1.378479053474474725e+01 1.183156154511267921e+01 -6.947786252378752359e+00
1.661603141893970490e+09 6.362076103687286377e-02 -2.654762566089630127e-01 9.815961122512817383e-01 -1.414669007062911987e-01 7.655420899391174316e-01 4.029329419136047363e-01 4.812248647212982178e-01 4.341609723278458510e+00 9.490542389449145855e-01 -7.801194969206663998e-01 -2.473837298078152003e+00 1.378479053474474725e+01 1.183156154511267921e+01 -6.947786252378752359e+00
1.661603141894968271e+09 6.629946827888488770e-02 -2.704699635505676270e-01 9.748615026473999023e-01 -1.337306052446365356e-01 7.721183896064758301e-01 3.907632231712341309e-01 4.829631149768829346e-01 8.821132535464542457e+00 1.897201377064075212e+00 -1.559493359913570965e+00 -4.945310116062116457e+00 2.755640564245508983e+01 2.365181454872465494e+01 -1.388893184884125276e+01
1.661603141896962881e+09 6.883773952722549438e-02 -2.756700813770294189e-01 9.680503010749816895e-01 -1.262154728174209595e-01 7.786652445793151855e-01 3.781657218933105469e-01 4.845005273818969727e-01 4.480759081416210599e+00 9.490542389449145855e-01 -7.801194969206663998e-01 -2.473837298077929514e+00 1.378479053474474725e+01 1.183156154511267921e+01 -6.947786252378752359e+00
1.661603141898957253e+09 7.122714072465896606e-02 -2.810754477977752686e-01 9.611739516258239746e-01 -1.189273372292518616e-01 7.851711511611938477e-01 3.651491999626159668e-01 4.858277440071105957e-01 4.546319959164902613e+00 9.491676943231506236e-01 -7.802127568724799289e-01 -2.474133034754551375e+00 1.378643844754029324e+01 1.183297595773014699e+01 -6.948616830532055921e+00
1.661603141900952101e+09 7.345966994762420654e-02 -2.866843938827514648e-01 9.542440772056579590e-01 -1.118716895580291748e-01 7.916243672370910645e-01 3.517230451107025146e-01 4.869358837604522705e-01 4.607180957727011972e+00 9.489408106864055670e-01 -7.800262592611801882e-01 -2.473541632092962850e+00 1.378314301585688462e+01 1.183014747058834537e+01 -6.946955872762118567e+00
1.661603141902946711e+09 7.552777975797653198e-02 -2.924948930740356445e-01 9.472725987434387207e-01 -1.050535365939140320e-01 7.980132102966308594e-01 3.378968834877014160e-01 4.878160059452056885e-01 4.666620631277567988e+00 9.490542389449145855e-01 -7.801194969206663998e-01 -2.473837298077929514e+00 1.378479053474474725e+01 1.183156154511267921e+01 -6.947786252378752359e+00
1.661603141904941320e+09 7.742436975240707397e-02 -2.985043525695800781e-01 9.402717947959899902e-01 -9.847756475210189819e-02 8.043259382247924805e-01 3.236809968948364258e-01 4.884593486785888672e-01 4.722342616580974983e+00 9.490542389449145855e-01 -7.801194969207776442e-01 -2.473837298077929514e+00 1.378479053474474725e+01 1.183156154511267921e+01 -6.947786252378752359e+00
1.661603141906935692e+09 7.914285361766815186e-02 -3.047097623348236084e-01 9.332540035247802734e-01 -9.214803576469421387e-02 8.105509877204895020e-01 3.090859055519104004e-01 4.888575375080108643e-01 4.775521495181989096e+00 9.491676943231506236e-01 -7.802127568725912843e-01 -2.474133034754551375e+00 1.378643844754029324e+01 1.183297595773014699e+01 -6.948616830532055921e+00
1.661603141908930779e+09 8.067710697650909424e-02 -3.111076951026916504e-01 9.262318015098571777e-01 -8.606886118650436401e-02 8.166766762733459473e-01 2.941226065158843994e-01 4.890023171901702881e-01 4.823262607829372328e+00 9.488274095379009010e-01 -7.799330438861408199e-01 -2.473246036773640188e+00 1.378149589073548675e+01 1.182873373403593220e+01 -6.946125691610975927e+00
1.661603141910925388e+09 8.202153444290161133e-02 -3.176941573619842529e-01 9.192178249359130859e-01 -8.024350553750991821e-02 8.226913213729858398e-01 2.788024246692657471e-01 4.888856709003448486e-01 4.870719963375637285e+00 9.490542389449145855e-01 -7.801194969207776442e-01 -2.473837298077929514e+00 1.378479053474474725e+01 1.183156154511267921e+01 -6.947786252378752359e+00
1.661603141912919998e+09 8.317106217145919800e-02 -3.244647681713104248e-01 9.122249484062194824e-01 -7.467509061098098755e-02 8.285834193229675293e-01 2.631372213363647461e-01 4.884998202323913574e-01 4.913827500588245911e+00 9.490542389449145855e-01 -7.801194969207776442e-01 -2.473837298077929514e+00 1.378479053474474725e+01 1.183156154511267921e+01 -6.947786252378752359e+00
1.661603141914914608e+09 8.412113785743713379e-02 -3.314146399497985840e-01 9.052659869194030762e-01 -6.936629116535186768e-02 8.343414068222045898e-01 2.471389770507812500e-01 4.878371059894561768e-01 4.953758329794466064e+00 9.490542389449145855e-01 -7.801194969207776442e-01 -2.473837298078152003e+00 1.378479053474474725e+01 1.183156154511267921e+01 -6.947786252378752359e+00
1.661603141916909218e+09 8.486776053905487061e-02 -3.385383784770965576e-01 8.983537554740905762e-01 -6.431946158409118652e-02 8.399539589881896973e-01 2.308203279972076416e-01 4.868904650211334229e-01 4.990498121423460276e+00 9.490542389449145855e-01 -7.801194969207776442e-01 -2.473837298078152003e+00 1.378479053474474725e+01 1.183156154511267921e+01 -6.947786252378752359e+00
1.661603141918903828e+09 8.540748059749603271e-02 -3.458302021026611328e-01 8.915011286735534668e-01 -5.953653529286384583e-02 8.454097509384155273e-01 2.141940891742706299e-01 4.856528043746948242e-01 5.024041273984440004e+00 9.490542389449145855e-01 -7.801194969207776442e-01 -2.473837298077929514e+00 1.378479053474474725e+01 1.183156154511267921e+01 -6.947786252378752359e+00
1.661603141920898914e+09 8.573739230632781982e-02 -3.532838821411132812e-01 8.847209215164184570e-01 -5.501903966069221497e-02 8.506976366043090820e-01 1.972734183073043823e-01 4.841174185276031494e-01 5.053182692067585080e+00 9.488274095379009010e-01 -7.799330438861408199e-01 -2.473246036773417700e+00 1.378149589073548675e+01 1.182873373403593220e+01 -6.946125691610975927e+00
1.661603141922893286e+09 8.585514873266220093e-02 -3.608926832675933838e-01 8.780257105827331543e-01 -5.076813697814941406e-02 8.558064699172973633e-01 1.800718754529953003e-01 4.822779297828674316e-01 5.082181262511871189e+00 9.491676943231506236e-01 -7.802127568725912843e-01 -2.474133034754551375e+00 1.378643844754029324e+01 1.183297595773014699e+01 -6.948616830532055921e+00
1.661603141925885439e+09 8.575898408889770508e-02 -3.686494827270507812e-01 8.714280724525451660e-01 -4.678462445735931396e-02 8.607254624366760254e-01 1.626032739877700806e-01 4.801281690597534180e-01 3.403440407396164158e+00 6.326524113954705708e-01 -5.200382240031256043e-01 -1.649093453045563429e+00 9.189128096707134929e+00 7.887079194136468629e+00 -4.631488429274951635e+00
1.661603141927880287e+09 8.544768393039703369e-02 -3.765467107295989990e-01 8.649404644966125488e-01 -4.306890070438385010e-02 8.654437661170959473e-01 1.448817700147628784e-01 4.776623547077178955e-01 5.125741159862213792e+00 9.489408106864055670e-01 -7.800262592612915435e-01 -2.473541632092740361e+00 1.378314301585688462e+01 1.183014747058834537e+01 -6.946955872762118567e+00
1.661603141929874659e+09 8.492060005664825439e-02 -3.845763802528381348e-01 8.585749268531799316e-01 -3.962101414799690247e-02 8.699509501457214355e-01 1.269217878580093384e-01 4.748751223087310791e-01 5.144621734405998126e+00 9.491676943231506236e-01 -7.802127568725912843e-01 -2.474133034754551375e+00 1.378643844754029324e+01 1.183297595773014699e+01 -6.948616830532055921e+00
1.661603141931869268e+09 8.417765796184539795e-02 -3.927301764488220215e-01 8.523434400558471680e-01 -3.644062206149101257e-02 8.742365241050720215e-01 1.087380424141883850e-01 4.717612266540527344e-01 5.158506163242367215e+00 9.490542389449145855e-01 -7.801194969207776442e-01 -2.473837298078152003e+00 1.378479053474474725e+01 1.183156154511267921e+01 -6.947786252378697291e+00
1.661603141933863640e+09 8.321934193372726440e-02 -4.009993076324462891e-01 8.462576866149902344e-01 -3.352703154087066650e-02 8.782902956008911133e-01 9.034550935029983521e-02 4.683157801628112793e-01 5.170453008012485085e+00 9.491676943231506236e-01 -7.802127568725912843e-01 -2.474133034754551375e+00 1.378643844754029324e+01 1.183297595773014699e+01 -6.948616830531999966e+00
1.661603141935858727e+09 8.204669505357742310e-02 -4.093746840953826904e-01 8.403289318084716797e-01 -3.087921440601348877e-02 8.821024298667907715e-01 7.175941020250320435e-02 4.645345509052276611e-01 5.176828624388174482e+00 9.488274095379009010e-01 -7.799330438861408199e-01 -2.473246036773640188e+00 1.378149589073548675e+01 1.182873373403593220e+01 -6.946125691610919972e+00
1.661603141937853098e+09 8.066132664680480957e-02 -4.178468286991119385e-01 8.345681428909301758e-01 -2.849576249718666077e-02 8.856631517410278320e-01 5.299520120024681091e-02 4.604133069515228271e-01 5.183804564093213330e+00 9.491676943231506236e-01 -7.802127568725912843e-01 -2.474133034754551375e+00 1.378643844754029324e+01 1.183297595773014699e+01 -6.948616830531999966e+00
1.661603141939847708e+09 7.906538993120193481e-02 -4.264060258865356445e-01 8.289859890937805176e-01 -2.637493237853050232e-02 8.889628648757934570e-01 3.406855091452598572e-02 4.559482336044311523e-01 5.185224741364600654e+00 9.490542389449145855e-01 -7.801194969207776442e-01 -2.473837298078152003e+00 1.378479053474474725e+01 1.183156154511267921e+01 -6.947786252378697291e+00
1.661603141941842318e+09 7.726156711578369141e-02 -4.350421428680419922e-01 8.235925436019897461e-01 -2.451465837657451630e-02 8.919924497604370117e-01 1.499535422772169113e-02 4.511360228061676025e-01 5.184212391431596068e+00 9.490542389449145855e-01 -7.801194969207776442e-01 -2.473837298078152003e+00 1.378479053474474725e+01 1.183156154511267921e+01 -6.947786252378697291e+00
1.661603141943837166e+09 7.525309175252914429e-02 -4.437448680400848389e-01 8.183976411819458008e-01 -2.291254140436649323e-02 8.947428464889526367e-01 -4.208322148770093918e-03 4.459737241268157959e-01 5.179539910618530918e+00 9.489408106864055670e-01 -7.800262592612915435e-01 -2.473541632092962850e+00 1.378314301585688462e+01 1.183014747058834537e+01 -6.946955872762062612e+00
1.661603141946829081e+09 7.304371148347854614e-02 -4.525035917758941650e-01 8.134105205535888672e-01 -2.156585454940795898e-02 8.972054123878479004e-01 -2.352623268961906433e-02 4.404587149620056152e-01 3.448738631770608798e+00 6.327028259632764273e-01 -5.200796646138517998e-01 -1.649224865385434668e+00 9.189860356496497573e+00 7.887707696741786734e+00 -4.631857501585797898e+00
1.661603141948823690e+09 7.063768804073333740e-02 -4.613074660301208496e-01 8.086399435997009277e-01 -2.047156542539596558e-02 8.993717432022094727e-01 -4.294197633862495422e-02 4.345887601375579834e-01 5.163078821577006927e+00 9.490542389449145855e-01 -7.801194969207776442e-01 -2.473837298078152003e+00 1.378479053474474725e+01 1.183156154511267921e+01 -6.947786252378697291e+00
1.661603141950818777e+09 6.803978979587554932e-02 -4.701454341411590576e-01 8.040941357612609863e-01 -1.962633617222309113e-02 9.012337327003479004e-01 -6.243900209665298462e-02 4.283619225025177002e-01 5.148871509999673357e+00 9.488274095379009010e-01 -7.799330438861408199e-01 -2.473246036773640188e+00 1.378149589073548675e+01 1.182873373403593220e+01 -6.946125691610919972e+00
1.661603141952813387e+09 6.525525450706481934e-02 -4.790063202381134033e-01 7.997809052467346191e-01 -1.902654021978378296e-02 9.027835726737976074e-01 -8.200064301490783691e-02 4.217768609523773193e-01 5.134210567012113202e+00 9.490542389449145855e-01 -7.801194969207776442e-01 -2.473837298078152003e+00 1.378479053474474725e+01 1.183156154511267921e+01 -6.947786252378697291e+00
1.661603141954807997e+09 6.228981539607048035e-02 -4.878787100315093994e-01 7.957072257995605469e-01 -1.866825670003890991e-02 9.040137529373168945e-01 -1.016101166605949402e-01 4.148325026035308838e-01 5.115452820639958986e+00 9.490542389449145855e-01 -7.801194969207776442e-01 -2.473837298078152003e+00 1.378479053474474725e+01 1.183156154511267921e+01 -6.947786252378697291e+00
1.661603141957799911e+09 5.914964154362678528e-02 -4.967511594295501709e-01 7.918797731399536133e-01 -1.854730024933815002e-02 9.049171209335327148e-01 -1.212505549192428589e-01 4.075282216072082520e-01 3.395898357806544254e+00 6.327028259632764273e-01 -5.200796646138517998e-01 -1.649224865385434668e+00 9.189860356496497573e+00 7.887707696741786734e+00 -4.631857501585797898e+00
1.661603141959794521e+09 5.914964154362678528e-02 -4.967511594295501709e-01 7.918797731399536133e-01 -1.854730024933815002e-02 9.049171209335327148e-01 -1.212505549192428589e-01 4.075282216072082520e-01 0.000000000000000000e+00 0.000000000000000000e+00 0.000000000000000000e+00 0.000000000000000000e+00 0.000000000000000000e+00 0.000000000000000000e+00 0.000000000000000000e+00
1.661603141962786913e+09 6.028752028942108154e-02 -4.824478626251220703e-01 7.992357611656188965e-01 -1.701013371348381042e-02 9.032145738601684570e-01 -1.038389727473258972e-01 4.160909354686737061e-01 5.388397001565515154e+00 8.742428588349308860e-02 -2.969482680792322249e+00 5.291395877315138385e+00 -8.894596838022117424e+00 -5.282656014667196587e+00 5.410270595379603087e+00
1.661603141964781284e+09 6.126765534281730652e-02 -4.681355953216552734e-01 8.067394495010375977e-01 -1.561695802956819534e-02 9.012548327445983887e-01 -8.637335896492004395e-02 4.243058264255523682e-01 8.117705060013166829e+00 1.311730080243401486e-01 -4.455466482561311281e+00 7.939307789142909577e+00 -1.334561684566855533e+01 -7.926194338324812350e+00 8.117669604615477041e+00
1.661603141966775894e+09 6.208648160099983215e-02 -4.538224935531616211e-01 8.143867254257202148e-01 -1.437209174036979675e-02 8.990422487258911133e-01 -6.886684894561767578e-02 4.321733117103576660e-01 8.146242276629246604e+00 1.311573287262258469e-01 -4.454933914251179239e+00 7.938358792275931108e+00 -1.334402162491243971e+01 -7.925246908927451095e+00 8.116699287904429738e+00
1.661603141968770504e+09 6.274071335792541504e-02 -4.395166635513305664e-01 8.221730589866638184e-01 -1.327968016266822815e-02 8.965813517570495605e-01 -5.133238434791564941e-02 4.396936893463134766e-01 8.172359257644998820e+00 1.311573287262397525e-01 -4.454933914251068217e+00 7.938358792276154041e+00 -1.334402162491221766e+01 -7.925246908927562117e+00 8.116699287904541649e+00
1.661603141971762419e+09 6.322731822729110718e-02 -4.252260923385620117e-01 8.300937414169311523e-01 -1.234374940395355225e-02 8.938766121864318848e-01 -3.378292918205261230e-02 4.468679428100585938e-01 5.463418607522504189e+00 8.743821915082650165e-02 -2.969955942834045182e+00 5.292239194850769657e+00 -8.896014416608144515e+00 -5.283497939285041411e+00 5.411132858603028062e+00
1.661603141973757267e+09 6.354355067014694214e-02 -4.109586477279663086e-01 8.381436467170715332e-01 -1.156815327703952789e-02 8.909329771995544434e-01 -1.623133569955825806e-02 4.536972045898437500e-01 8.213546122205267253e+00 1.311416531760015991e-01 -4.454401473243141396e+00 7.937410022251755848e+00 -1.334242678546880256e+01 -7.924299705998213206e+00 8.115729203132360681e+00
1.661603141975751877e+09 6.368691474199295044e-02 -3.967221975326538086e-01 8.463174700736999512e-01 -1.095659099519252777e-02 8.877554535865783691e-01 1.309623476117849350e-03 4.601831138134002686e-01 8.230538336171477454e+00 1.311573287262258469e-01 -4.454933914251179239e+00 7.938358792275931108e+00 -1.334402162491221766e+01 -7.925246908927451095e+00 8.116699287904429738e+00
1.661603141977746725e+09 6.365522742271423340e-02 -3.825243711471557617e-01 8.546094894409179688e-01 -1.051259506493806839e-02 8.843492865562438965e-01 1.882727630436420441e-02 4.663274586200714111e-01 8.242192830473117127e+00 1.311416531760155046e-01 -4.454401473243030374e+00 7.937410022251978781e+00 -1.334242678546858052e+01 -7.924299705998325116e+00 8.115729203132360681e+00
1.661603141979741096e+09 6.344657391309738159e-02 -3.683727681636810303e-01 8.630139231681823730e-01 -1.023952756077051163e-02 8.807200193405151367e-01 3.630905598402023315e-02 4.721325039863586426e-01 8.253444947180625491e+00 1.311730080243540819e-01 -4.455466482561199371e+00 7.939307789143132510e+00 -1.334561684566833328e+01 -7.926194338324923372e+00 8.117669604615477041e+00
1.661603141981735706e+09 6.305932253599166870e-02 -3.542747497558593750e-01 8.715245723724365234e-01 -1.014056708663702011e-02 8.768731951713562012e-01 5.374252796173095703e-02 4.776006937026977539e-01 8.258385324399615257e+00 1.311573287262258469e-01 -4.454933914251179239e+00 7.938358792275931108e+00 -1.334402162491221766e+01 -7.925246908927451095e+00 8.116699287904429738e+00
1.661603141983730316e+09 6.249213963747024536e-02 -3.402376174926757812e-01 8.801350593566894531e-01 -1.021871343255043030e-02 8.728145360946655273e-01 7.111535966396331787e-02 4.827348589897155762e-01 8.260941989657132112e+00 1.311573287262258469e-01 -4.454933914251179239e+00 7.938358792275931108e+00 -1.334402162491221766e+01 -7.925246908927451095e+00 8.116699287904429738e+00
1.661603141984727859e+09 6.174398213624954224e-02 -3.262683749198913574e-01 8.888388276100158691e-01 -1.047678571194410324e-02 8.685501813888549805e-01 8.841540664434432983e-02 4.875382781028747559e-01 1.651646871543745476e+01 2.622519627446753820e-01 -8.907738318982895365e+00 1.587292295797856134e+01 -2.668166465440143398e+01 -1.584670545891204263e+01 1.622951870043223366e+01
1.661603141986722708e+09 6.081410497426986694e-02 -3.123739659786224365e-01 8.976290225982666016e-01 -1.091739255934953690e-02 8.640861511230468750e-01 1.056306436657905579e-01 4.920143485069274902e-01 8.255139341670457043e+00 1.311416531760155046e-01 -4.454401473243030374e+00 7.937410022251978781e+00 -1.334242678546858052e+01 -7.924299705998325116e+00 8.115729203132360681e+00
1.661603141988717318e+09 5.970204994082450867e-02 -2.985610365867614746e-01 9.064986705780029297e-01 -1.154295727610588074e-02 8.594287633895874023e-01 1.227492168545722961e-01 4.961669445037841797e-01 8.248778724190964695e+00 1.311573287262258469e-01 -4.454933914251179239e+00 7.938358792275931108e+00 -1.334402162491232779e+01 -7.925246908927451095e+00 8.116699287904486582e+00
1.661603141990711689e+09 5.840766057372093201e-02 -2.848360836505889893e-01 9.154405593872070312e-01 -1.235570386052131653e-02 8.545844554901123047e-01 1.397594362497329712e-01 5.000000000000000000e-01 8.239134520155165120e+00 1.311730080243401486e-01 -4.455466482561311281e+00 7.939307789142909577e+00 -1.334561684566844519e+01 -7.926194338324812350e+00 8.117669604615532108e+00
1.661603141992706299e+09 5.693107470870018005e-02 -2.712053656578063965e-01 9.244473576545715332e-01 -1.335762441158294678e-02 8.495599627494812012e-01 1.566497981548309326e-01 5.035179257392883301e-01 8.224286723347377759e+00 1.311573287262397525e-01 -4.454933914251179239e+00 7.938358792276154041e+00 -1.334402162491221766e+01 -7.925246908927562117e+00 8.116699287904429738e+00
1.661603141994701624e+09 5.527272447943687439e-02 -2.576749026775360107e-01 9.335115551948547363e-01 -1.455056294798851013e-02 8.443620204925537109e-01 1.734090447425842285e-01 5.067253708839416504e-01 8.204273812320741044e+00 1.311103133138493693e-01 -4.453336972950814321e+00 7.935513162406775400e+00 -1.333923824997199326e+01 -7.922405979219498739e+00 8.113789729072585999e+00
1.661603141996695995e+09 5.343334376811981201e-02 -2.442504912614822388e-01 9.426254630088806152e-01 -1.593604683876037598e-02 8.389971852302551270e-01 1.900259703397750854e-01 5.096274018287658691e-01 8.187929313135375864e+00 1.311730080243401486e-01 -4.455466482561311281e+00 7.939307789143132510e+00 -1.334561684566844519e+01 -7.926194338324923372e+00 8.117669604615532108e+00
1.661603141997693300e+09 5.141395330429077148e-02 -2.309376746416091919e-01 9.517813920974731445e-01 -1.751546189188957214e-02 8.334725499153137207e-01 2.064897269010543823e-01 5.122291445732116699e-01 1.632712495496767957e+01 2.623146574524516939e-01 -8.909867828502358478e+00 1.587671758455230808e+01 -2.668804324982465559e+01 -1.585049381785512423e+01 1.623339857580897316e+01
1.661603141999687672e+09 4.921586811542510986e-02 -2.177417129278182983e-01 9.609713554382324219e-01 -1.928993500769138336e-02 8.277955055236816406e-01 2.227896302938461304e-01 5.145359635353088379e-01 8.138018451534511755e+00 1.311730080243401486e-01 -4.455466482561311281e+00 7.939307789143132510e+00 -1.334561684566833328e+01 -7.926194338324923372e+00 8.117669604615477041e+00
1.661603142001682520e+09 4.684068635106086731e-02 -2.046676576137542725e-01 9.701874256134033203e-01 -2.126043662428855896e-02 8.219733238220214844e-01 2.389152646064758301e-01 5.165536403656005859e-01 8.106491364130949506e+00 1.311416531760015991e-01 -4.454401473243141396e+00 7.937410022251978781e+00 -1.334242678546858052e+01 -7.924299705998325116e+00 8.115729203132360681e+00
1.661603142003677130e+09 4.429030418395996094e-02 -1.917202472686767578e-01 9.794216156005859375e-01 -2.342760749161243439e-02 8.160125017166137695e-01 2.548562586307525635e-01 5.182883739471435547e-01 8.074869746381699187e+00 1.311573287262258469e-01 -4.454933914251179239e+00 7.938358792276154041e+00 -1.334402162491232779e+01 -7.925246908927562117e+00 8.116699287904486582e+00
1.661603142005671740e+09 4.156689718365669250e-02 -1.789039522409439087e-01 9.886657595634460449e-01 -2.579192258417606354e-02 8.099215626716613770e-01 2.706028223037719727e-01 5.197460055351257324e-01 8.039280916603560811e+00 1.311573287262258469e-01 -4.454933914251179239e+00 7.938358792276154041e+00 -1.334402162491232779e+01 -7.925246908927562117e+00 8.116699287904486582e+00
1.661603142007666349e+09 3.867291286587715149e-02 -1.662229597568511963e-01 9.979116916656494141e-01 -2.835359238088130951e-02 8.037073612213134766e-01 2.861451208591461182e-01 5.209332704544067383e-01 8.000754014294733096e+00 1.311573287262258469e-01 -4.454933914251179239e+00 7.938358792276154041e+00 -1.334402162491221766e+01 -7.925246908927562117e+00 8.116699287904429738e+00
1.661603142008663893e+09 3.561108186841011047e-02 -1.536811739206314087e-01 1.007151365280151367e+00 -3.111260384321212769e-02 7.973778843879699707e-01 3.014737963676452637e-01 5.218566656112670898e-01 1.591495263025372253e+01 2.622519627446475710e-01 -8.907738318983117409e+00 1.587292295797856134e+01 -2.668166465440143398e+01 -1.584670545891204263e+01 1.622951870043223366e+01
1.661603142010658503e+09 3.238440304994583130e-02 -1.412822306156158447e-01 1.016376495361328125e+00 -3.406872227787971497e-02 7.909400463104248047e-01 3.165794014930725098e-01 5.225233435630798340e-01 7.915131347534784645e+00 1.311573287262258469e-01 -4.454933914251179239e+00 7.938358792276154041e+00 -1.334402162491232779e+01 -7.925246908927562117e+00 8.116699287904486582e+00
1.661603142012653112e+09 2.899614349007606506e-02 -1.290294080972671509e-01 1.025578856468200684e+00 -3.722143173217773438e-02 7.844022512435913086e-01 3.314532339572906494e-01 5.229401588439941406e-01 7.868106064170632408e+00 1.311573287262258469e-01 -4.454933914251179239e+00 7.938358792276154041e+00 -1.334402162491232779e+01 -7.925246908927562117e+00 8.116699287904429738e+00
1.661603142014647722e+09 2.544982731342315674e-02 -1.169257611036300659e-01 1.034750461578369141e+00 -4.057002812623977661e-02 7.777720689773559570e-01 3.460865616798400879e-01 5.231145024299621582e-01 7.818393991559160483e+00 1.311573287262258469e-01 -4.454933914251179239e+00 7.938358792276154041e+00 -1.334402162491221766e+01 -7.925246908927562117e+00 8.116699287904429738e+00
1.661603142016642570e+09 2.174923196434974670e-02 -1.049740016460418701e-01 1.043883204460144043e+00 -4.411349818110466003e-02 7.710574269294738770e-01 3.604710698127746582e-01 5.230538249015808105e-01 7.765096369766618878e+00 1.311416531760015991e-01 -4.454401473243141396e+00 7.937410022251978781e+00 -1.334242678546858052e+01 -7.924299705998325116e+00 8.115729203132360681e+00
1.661603142017639637e+09 1.789838634431362152e-02 -9.317654371261596680e-02 1.052968978881835938e+00 -4.785066843032836914e-02 7.642657160758972168e-01 3.745984435081481934e-01 5.227659344673156738e-01 1.542576915626567136e+01 2.623773821433776909e-01 -8.911998356438393998e+00 1.588051402586855687e+01 -2.669442489574761623e+01 -1.585428398854327625e+01 1.623728030669738587e+01
1.661603142019634724e+09 1.390155497938394547e-02 -8.153551816940307617e-02 1.061999797821044922e+00 -5.178004130721092224e-02 7.574052810668945312e-01 3.884611725807189941e-01 5.222585201263427734e-01 7.651684159070346603e+00 1.311259813723237855e-01 -4.453869159491558705e+00 7.936461478989280671e+00 -1.334083232720082890e+01 -7.923352729456021315e+00 8.114759350216116829e+00
1.661603142021629095e+09 9.763240814208984375e-03 -7.005275040864944458e-02 1.070967912673950195e+00 -5.589987337589263916e-02 7.504838705062866211e-01 4.020516276359558105e-01 5.215396881103515625e-01 7.594461636520667192e+00 1.311730080243401486e-01 -4.455466482561311281e+00 7.939307789143132510e+00 -1.334561684566833328e+01 -7.926194338324923372e+00 8.117669604615477041e+00
1.661603142023623705e+09 5.488170776516199112e-03 -5.872976034879684448e-02 1.079865455627441406e+00 -6.020835041999816895e-02 7.435095310211181641e-01 4.153627157211303711e-01 5.206174254417419434e-01 7.531165885333868104e+00 1.311573287262258469e-01 -4.454933914251179239e+00 7.938358792276154041e+00 -1.334402162491221766e+01 -7.925246908927562117e+00 8.116699287904429738e+00
1.661603142025618315e+09 1.081288675777614117e-03 -4.756778106093406677e-02 1.088684916496276855e+00 -6.470306962728500366e-02 7.364897131919860840e-01 4.283874630928039551e-01 5.195003151893615723e-01 7.466485698850830133e+00 1.311573287262258469e-01 -4.454933914251179239e+00 7.938358792276043019e+00 -1.334402162491232779e+01 -7.925246908927506162e+00 8.116699287904429738e+00
1.661603142026615858e+09 -3.452250501140952110e-03 -3.656774386763572693e-02 1.097418546676635742e+00 -6.938178092241287231e-02 7.294327616691589355e-01 4.411194324493408203e-01 5.181965827941894531e-01 1.479541550268279160e+01 2.622519627446475710e-01 -8.907738318983117409e+00 1.587292295797833930e+01 -2.668166465440165780e+01 -1.584670545891193072e+01 1.622951870043223366e+01
1.661603142028610706e+09 -8.107091300189495087e-03 -2.573029883205890656e-02 1.106059312820434570e+00 -7.424168288707733154e-02 7.223463058471679688e-01 4.535521864891052246e-01 5.167149305343627930e-01 7.329498810767624661e+00 1.311416531760015991e-01 -4.454401473243141396e+00 7.937410022251978781e+00 -1.334242678546858052e+01 -7.924299705998325116e+00 8.115729203132360681e+00
1.661603142030605316e+09 -1.287768501788377762e-02 -1.505579985678195953e-02 1.114599943161010742e+00 -7.927993685007095337e-02 7.152386307716369629e-01 4.656801521778106689e-01 5.150637030601501465e-01 7.259140279564960885e+00 1.311573287262258469e-01 -4.454933914251179239e+00 7.938358792276154041e+00 -1.334402162491221766e+01 -7.925246908927562117e+00 8.116699287904429738e+00
1.661603142032599926e+09 -1.775830239057540894e-02 -4.544324707239866257e-03 1.123033285140991211e+00 -8.449324965476989746e-02 7.081167101860046387e-01 4.774973094463348389e-01 5.132521390914916992e-01 7.185829848154255295e+00 1.311573287262258469e-01 -4.454933914251179239e+00 7.938358792276043019e+00 -1.334402162491232779e+01 -7.925246908927562117e+00 8.116699287904429738e+00
1.661603142034594297e+09 -2.274303883314132690e-02 5.804324988275766373e-03 1.131352901458740234e+00 -8.987835049629211426e-02 7.009893059730529785e-01 4.889987707138061523e-01 5.112886428833007812e-01 7.111525807574875735e+00 1.311730080243401486e-01 -4.455466482561311281e+00 7.939307789143021488e+00 -1.334561684566844519e+01 -7.926194338324923372e+00 8.117669604615477041e+00
1.661603142035591602e+09 -2.782582491636276245e-02 1.599061861634254456e-02 1.139551877975463867e+00 -9.543146938085556030e-02 6.938635110855102539e-01 5.001794695854187012e-01 5.091824531555175781e-01 1.406711402754165441e+01 2.623146574524516939e-01 -8.909867828502358478e+00 1.587671758455230808e+01 -2.668804324982443532e+01 -1.585049381785512423e+01 1.623339857580885948e+01
1.661603142037586451e+09 -3.300044313073158264e-02 2.601528912782669067e-02 1.147624135017395020e+00 -1.011488735675811768e-01 6.867472529411315918e-01 5.110348463058471680e-01 5.069423913955688477e-01 6.953905940982127554e+00 1.311416531760015991e-01 -4.454401473243141396e+00 7.937410022251978781e+00 -1.334242678546858052e+01 -7.924299705998325116e+00 8.115729203132360681e+00
1.661603142039580822e+09 -3.826052695512771606e-02 3.587932139635086060e-02 1.155563473701477051e+00 -1.070263162255287170e-01 6.796481013298034668e-01 5.215605497360229492e-01 5.045776963233947754e-01 6.875015912314248467e+00 1.311730080243401486e-01 -4.455466482561311281e+00 7.939307789143021488e+00 -1.334561684566844519e+01 -7.926194338324923372e+00 8.117669604615477041e+00
1.661603142041575909e+09 -4.359958320856094360e-02 4.558395594358444214e-02 1.163363933563232422e+00 -1.130595132708549500e-01 6.725733280181884766e-01 5.317525267601013184e-01 5.020974874496459961e-01 6.790392435167881047e+00 1.311259813723237855e-01 -4.453869159491558705e+00 7.936461478989169649e+00 -1.334083232720082890e+01 -7.923352729456021315e+00 8.114759350216116829e+00
1.661603142043570280e+09 -4.901098832488059998e-02 5.513066798448562622e-02 1.171020150184631348e+00 -1.192438602447509766e-01 6.655307412147521973e-01 5.416074991226196289e-01 4.995107650756835938e-01 6.709185587799726846e+00 1.311730080243401486e-01 -4.455466482561311281e+00 7.939307789143132510e+00 -1.334561684566833328e+01 -7.926194338324923372e+00 8.117669604615505463e+00
1.661603142044567823e+09 -5.448801815509796143e-02 6.452116370201110840e-02 1.178526639938354492e+00 -1.255746632814407349e-01 6.585275530815124512e-01 5.511221289634704590e-01 4.968268573284149170e-01 1.324338821287875412e+01 2.622519627446475710e-01 -8.907738318983117409e+00 1.587292295797856134e+01 -2.668166465440165780e+01 -1.584670545891204263e+01 1.622951870043229050e+01
1.661603142046562672e+09 -6.002384051680564880e-02 7.375736534595489502e-02 1.185878515243530273e+00 -1.320467591285705566e-01 6.515710353851318359e-01 5.602933764457702637e-01 4.940548539161682129e-01 6.536092639427512729e+00 1.311416531760015991e-01 -4.454401473243141396e+00 7.937410022251866870e+00 -1.334242678546869065e+01 -7.924299705998325116e+00 8.115729203132389102e+00
1.661603142048557043e+09 -6.561154127120971680e-02 8.284141868352890015e-02 1.193071007728576660e+00 -1.386550366878509521e-01 6.446682810783386230e-01 5.691187977790832520e-01 4.912040233612060547e-01 6.449994306479705841e+00 1.311730080243401486e-01 -4.455466482561311281e+00 7.939307789143021488e+00 -1.334561684566833328e+01 -7.926194338324923372e+00 8.117669604615505463e+00
1.661603142050551891e+09 -7.124412804841995239e-02 9.177564829587936401e-02 1.200099587440490723e+00 -1.453940421342849731e-01 6.378263235092163086e-01 5.775961875915527344e-01 4.882836639881134033e-01 6.359634438735032980e+00 1.311416531760015991e-01 -4.454401473243141396e+00 7.937410022251978781e+00 -1.334242678546858052e+01 -7.924299705998325116e+00 8.115729203132389102e+00
1.661603142052546501e+09 -7.691453397274017334e-02 1.005625948309898376e-01 1.206960320472717285e+00 -1.522580385208129883e-01 6.310520768165588379e-01 5.857234001159667969e-01 4.853028655052185059e-01 6.270570443676233729e+00 1.311573287262258469e-01 -4.454933914251179239e+00 7.938358792276154041e+00 -1.334402162491221766e+01 -7.925246908927562117e+00 8.116699287904458160e+00
1.661603142054541111e+09 -8.261565119028091431e-02 1.092049553990364075e-01 1.213649272918701172e+00 -1.592412292957305908e-01 6.243523359298706055e-01 5.934991836547851562e-01 4.822708070278167725e-01 6.179755202440812667e+00 1.311573287262258469e-01 -4.454933914251179239e+00 7.938358792276043019e+00 -1.334402162491221766e+01 -7.925246908927562117e+00 8.116699287904458160e+00
1.661603142055538416e+09 -8.834031969308853149e-02 1.177055984735488892e-01 1.220163106918334961e+00 -1.663375496864318848e-01 6.177336573600769043e-01 6.009221673011779785e-01 4.791966378688812256e-01 1.217624201115188498e+01 2.623146574524516939e-01 -8.909867828502358478e+00 1.587671758455208604e+01 -2.668804324982443532e+01 -1.585049381785512423e+01 1.623339857580891632e+01
1.661603142057533264e+09 -9.408135712146759033e-02 1.260675489902496338e-01 1.226498603820800781e+00 -1.735408157110214233e-01 6.112025380134582520e-01 6.079915761947631836e-01 4.760895967483520508e-01 5.994996022787101531e+00 1.311416531760015991e-01 -4.454401473243141396e+00 7.937410022251978781e+00 -1.334242678546863559e+01 -7.924299705998325116e+00 8.115729203132389102e+00
1.661603142059527636e+09 -9.983155131340026855e-02 1.342939734458923340e-01 1.232653021812438965e+00 -1.808444857597351074e-01 6.047652959823608398e-01 6.147067546844482422e-01 4.729585945606231689e-01 5.903371271945689891e+00 1.311730080243401486e-01 -4.455466482561311281e+00 7.939307789143132510e+00 -1.334561684566838835e+01 -7.926194338324923372e+00 8.117669604615505463e+00
1.661603142060526133e+09 -1.055836901068687439e-01 1.423881649971008301e-01 1.238623857498168945e+00 -1.882420182228088379e-01 5.984281301498413086e-01 6.210674643516540527e-01 4.698126614093780518e-01 1.160424029363362308e+01 2.620014833150920430e-01 -8.899230450483612387e+00 1.585776257310921089e+01 -2.665618073400574772e+01 -1.583157011463418939e+01 1.621401772746148495e+01
1.661603142062519789e+09 -1.113305687904357910e-01 1.503535211086273193e-01 1.244409084320068359e+00 -1.957265585660934448e-01 5.921969413757324219e-01 6.270739436149597168e-01 4.666607081890106201e-01 5.717749436156038811e+00 1.312200684194696765e-01 -4.457064951760986382e+00 7.942156141614610476e+00 -1.335040479717963002e+01 -7.929037986138242289e+00 8.120581947214626339e+00
1.661603142064514399e+09 -1.170649975538253784e-01 1.581935584545135498e-01 1.250006914138793945e+00 -2.032912075519561768e-01 5.860776901245117188e-01 6.327264308929443359e-01 4.635115563869476318e-01 5.620626573114609670e+00 1.311573287262258469e-01 -4.454933914251179239e+00 7.938358792276154041e+00 -1.334402162491227273e+01 -7.925246908927562117e+00 8.116699287904458160e+00
1.661603142066509247e+09 -1.227798014879226685e-01 1.659118831157684326e-01 1.255416035652160645e+00 -2.109287679195404053e-01 5.800757408142089844e-01 6.380259394645690918e-01 4.603739082813262939e-01 5.525360357154339930e+00 1.311416531760015991e-01 -4.454401473243141396e+00 7.937410022251978781e+00 -1.334242678546863559e+01 -7.924299705998325116e+00 8.115729203132389102e+00
1.661603142067506075e+09 -1.284678727388381958e-01 1.735121607780456543e-01 1.260635256767272949e+00 -2.186319530010223389e-01 5.741967558860778809e-01 6.429733037948608398e-01 4.572564363479614258e-01 1.086769092752644461e+01 2.624401368389393530e-01 -8.914129903521972764e+00 1.588431228322922095e+01 -2.670080959435926005e+01 -1.585807597227648458e+01 1.624116389442925268e+01
1.661603142069501162e+09 -1.341221183538436890e-01 1.809981167316436768e-01 1.265664100646972656e+00 -2.263934016227722168e-01 5.684459209442138672e-01 6.475700139999389648e-01 4.541677832603454590e-01 5.335214047619273536e+00 1.311259813723237855e-01 -4.453869159491558705e+00 7.936461478989169649e+00 -1.334083232720077383e+01 -7.923352729456021315e+00 8.114759350216145251e+00
1.661603142071495771e+09 -1.397355347871780396e-01 1.883735507726669312e-01 1.270502090454101562e+00 -2.342054843902587891e-01 5.628281831741333008e-01 6.518177986145019531e-01 4.511162042617797852e-01 5.241784666876630361e+00 1.311573287262258469e-01 -4.454933914251179239e+00 7.938358792276154041e+00 -1.334402162491227273e+01 -7.925246908927562117e+00 8.116699287904458160e+00
1.661603142072492838e+09 -1.453011929988861084e-01 1.956422626972198486e-01 1.275149345397949219e+00 -2.420604228973388672e-01 5.573483705520629883e-01 6.557186245918273926e-01 4.481100142002105713e-01 1.029703172089625518e+01 2.623773821433776909e-01 -8.911998356438393998e+00 1.588051402586855687e+01 -2.669442489574750610e+01 -1.585428398854327625e+01 1.623728030669744271e+01
1.661603142074487448e+09 -1.508122235536575317e-01 2.028080970048904419e-01 1.279606223106384277e+00 -2.499504238367080688e-01 5.520112514495849609e-01 6.592748761177062988e-01 4.451573491096496582e-01 5.053072739706618854e+00 1.311573287262258469e-01 -4.454933914251179239e+00 7.938358792276043019e+00 -1.334402162491227273e+01 -7.925246908927562117e+00 8.116699287904443949e+00
1.661603142076482534e+09 -1.562618911266326904e-01 2.098748981952667236e-01 1.283873558044433594e+00 -2.578674852848052979e-01 5.468210577964782715e-01 6.624889373779296875e-01 4.422663152217864990e-01 4.958105575759660155e+00 1.311259813723237855e-01 -4.453869159491558705e+00 7.936461478989169649e+00 -1.334083232720077383e+01 -7.923352729456021315e+00 8.114759350216131040e+00
1.661603142077479601e+09 -1.616435199975967407e-01 2.168464958667755127e-01 1.287952184677124023e+00 -2.658035457134246826e-01 5.417819619178771973e-01 6.653639674186706543e-01 4.394446313381195068e-01 9.734239242161740080e+00 2.623773821433776909e-01 -8.911998356438393998e+00 1.588051402586855687e+01 -2.669442489574750610e+01 -1.585428398854322118e+01 1.623728030669744271e+01
1.661603142079474449e+09 -1.669505983591079712e-01 2.237266898155212402e-01 1.291843891143798828e+00 -2.737503647804260254e-01 5.368979573249816895e-01 6.679030060768127441e-01 4.366999864578247070e-01 4.772743776013697925e+00 1.311416531760015991e-01 -4.454401473243141396e+00 7.937410022251978781e+00 -1.334242678546863559e+01 -7.924299705998296695e+00 8.115729203132374892e+00
1.661603142080471754e+09 -1.721767187118530273e-01 2.305192798376083374e-01 1.295550107955932617e+00 -2.816996574401855469e-01 5.321726202964782715e-01 6.701096296310424805e-01 4.340399801731109619e-01 9.362666231493728120e+00 2.623146574524516939e-01 -8.909867828502358478e+00 1.587671758455208604e+01 -2.668804324982454546e+01 -1.585049381785506917e+01 1.623339857580890211e+01
1.661603142082466364e+09 -1.773156076669692993e-01 2.372279763221740723e-01 1.299073219299316406e+00 -2.896430194377899170e-01 5.276095271110534668e-01 6.719874739646911621e-01 4.314718544483184814e-01 4.590228127901973210e+00 1.311573287262258469e-01 -4.454933914251179239e+00 7.938358792276043019e+00 -1.334402162491227273e+01 -7.925246908927534584e+00 8.116699287904451054e+00
1.661603142084461212e+09 -1.823611557483673096e-01 2.438564598560333252e-01 1.302415490150451660e+00 -2.975720465183258057e-01 5.232118368148803711e-01 6.735405325889587402e-01 4.290027916431427002e-01 4.499493980348088229e+00 1.311416531760015991e-01 -4.454401473243141396e+00 7.937410022251978781e+00 -1.334242678546863559e+01 -7.924299705998296695e+00 8.115729203132381997e+00
1.661603142086455822e+09 -1.873073875904083252e-01 2.504083216190338135e-01 1.305579662322998047e+00 -3.054781854152679443e-01 5.189825296401977539e-01 6.747731566429138184e-01 4.266397356986999512e-01 4.410867297379061469e+00 1.311573287262258469e-01 -4.454933914251179239e+00 7.938358792276043019e+00 -1.334402162491227273e+01 -7.925246908927534584e+00 8.116699287904451054e+00
1.661603142087453127e+09 -1.921485364437103271e-01 2.568870484828948975e-01 1.308568954467773438e+00 -3.133526742458343506e-01 5.149241685867309570e-01 6.756898760795593262e-01 4.243893921375274658e-01 8.645742156050832961e+00 2.623146574524516939e-01 -8.909867828502358478e+00 1.587671758455208604e+01 -2.668804324982454546e+01 -1.585049381785506917e+01 1.623339857580890211e+01
1.661603142089447737e+09 -1.968789398670196533e-01 2.632960975170135498e-01 1.311386585235595703e+00 -3.211869895458221436e-01 5.110394358634948730e-01 6.762953996658325195e-01 4.222584068775177002e-01 4.236096183785527103e+00 1.311573287262258469e-01 -4.454933914251179239e+00 7.938358792276154041e+00 -1.334402162491227273e+01 -7.925246908927534584e+00 8.116699287904451054e+00
1.661603142090444803e+09 -2.014932185411453247e-01 2.696387171745300293e-01 1.314036250114440918e+00 -3.289723694324493408e-01 5.073303580284118652e-01 6.765947341918945312e-01 4.202531278133392334e-01 8.303313990504463504e+00 2.623773821433776909e-01 -8.911998356438393998e+00 1.588051402586855687e+01 -2.669442489574750610e+01 -1.585428398854322118e+01 1.623728030669742139e+01
1.661603142092439651e+09 -2.059860974550247192e-01 2.759181261062622070e-01 1.316522002220153809e+00 -3.367000818252563477e-01 5.037989020347595215e-01 6.765931844711303711e-01 4.183795452117919922e-01 4.066207666481878036e+00 1.311416531760015991e-01 -4.454401473243141396e+00 7.937410022251866870e+00 -1.334242678546863559e+01 -7.924299705998296695e+00 8.115729203132380221e+00
1.661603142094434500e+09 -2.103525549173355103e-01 2.821373343467712402e-01 1.318847894668579102e+00 -3.443612456321716309e-01 5.004467368125915527e-01 6.762962341308593750e-01 4.166435599327087402e-01 3.983744908912454363e+00 1.311416531760015991e-01 -4.454401473243141396e+00 7.937410022251866870e+00 -1.334242678546863559e+01 -7.924299705998296695e+00 8.115729203132381997e+00
1.661603142095432043e+09 -2.145877480506896973e-01 2.882992625236511230e-01 1.321018576622009277e+00 -3.519471883773803711e-01 4.972752928733825684e-01 6.757094860076904297e-01 4.150508642196655273e-01 7.804935467079515909e+00 2.622519627446475710e-01 -8.907738318983117409e+00 1.587292295797856134e+01 -2.668166465440154766e+01 -1.584670545891198579e+01 1.622951870043227274e+01
1.661603142097426414e+09 -2.186871021986007690e-01 2.944066524505615234e-01 1.323038697242736816e+00 -3.594489693641662598e-01 4.942855834960937500e-01 6.748389601707458496e-01 4.136068820953369141e-01 3.824744926240336795e+00 1.311730080243401486e-01 -4.455466482561311281e+00 7.939307789143132510e+00 -1.334561684566838835e+01 -7.926194338324895838e+00 8.117669604615498358e+00
1.661603142099421024e+09 -2.226461917161941528e-01 3.004620373249053955e-01 1.324913263320922852e+00 -3.668578267097473145e-01 4.914785623550415039e-01 6.736906170845031738e-01 4.123167991638183594e-01 3.746944383800257405e+00 1.311573287262258469e-01 -4.454933914251179239e+00 7.938358792276043019e+00 -1.334402162491227273e+01 -7.925246908927534584e+00 8.116699287904451054e+00
1.661603142100418568e+09 -2.264608889818191528e-01 3.064678907394409180e-01 1.326647520065307617e+00 -3.741649687290191650e-01 4.888548552989959717e-01 6.722708344459533691e-01 4.111855924129486084e-01 7.341274562551365790e+00 2.622519627446475710e-01 -8.907738318983117409e+00 1.587292295797833930e+01 -2.668166465440154766e+01 -1.584670545891198579e+01 1.622951870043227629e+01
1.661603142102412701e+09 -2.301272749900817871e-01 3.124264180660247803e-01 1.328246831893920898e+00 -3.813613951206207275e-01 4.864145517349243164e-01 6.705861091613769531e-01 4.102177321910858154e-01 3.598879791551363283e+00 1.311886910716888455e-01 -4.455999178219196999e+00 7.940257012934167413e+00 -1.334721244787375305e+01 -7.927141994271610592e+00 8.118640153348714250e+00
1.661603142103410482e+09 -2.336416691541671753e-01 3.183396160602569580e-01 1.329716801643371582e+00 -3.884385824203491211e-01 4.841578602790832520e-01 6.686431169509887695e-01 4.094178378582000732e-01 7.049675729035843830e+00 2.621892979984720151e-01 -8.905609827150625435e+00 1.586913014484620632e+01 -2.667528910729177483e+01 -1.584291891041523392e+01 1.622564067923742925e+01
1.661603142105404854e+09 -2.370006442070007324e-01 3.242093622684478760e-01 1.331063270568847656e+00 -3.953876495361328125e-01 4.820845425128936768e-01 6.664486527442932129e-01 4.087900221347808838e-01 3.457541889266043000e+00 1.311730080243401486e-01 -4.455466482561311281e+00 7.939307789143021488e+00 -1.334561684566838835e+01 -7.926194338324909161e+00 8.117669604615498358e+00
1.661603142107399702e+09 -2.402010411024093628e-01 3.300372660160064697e-01 1.332292318344116211e+00 -4.021999239921569824e-01 4.801939725875854492e-01 6.640096902847290039e-01 4.083381295204162598e-01 3.389468961232258604e+00 1.311416531760015991e-01 -4.454401473243141396e+00 7.937410022251866870e+00 -1.334242678546863559e+01 -7.924299705998310905e+00 8.115729203132381997e+00
1.661603142108396769e+09 -2.432399541139602661e-01 3.358247876167297363e-01 1.333409786224365234e+00 -4.088668227195739746e-01 4.784854650497436523e-01 6.613333821296691895e-01 4.080658555030822754e-01 6.651187761347475025e+00 2.623773821433776909e-01 -8.911998356438393998e+00 1.588051402586833483e+01 -2.669442489574750610e+01 -1.585428398854324961e+01 1.623728030669744271e+01
1.661603142110391855e+09 -2.461147308349609375e-01 3.415730595588684082e-01 1.334422230720520020e+00 -4.153796136379241943e-01 4.769578576087951660e-01 6.584270596504211426e-01 4.079765081405639648e-01 3.261164496916282296e+00 1.311259813723237855e-01 -4.453869159491558705e+00 7.936461478989169649e+00 -1.334083232720077383e+01 -7.923352729456007104e+00 8.114759350216131040e+00
1.661603142111389160e+09 -2.488229870796203613e-01 3.472831249237060547e-01 1.335335969924926758e+00 -4.217298924922943115e-01 4.756098091602325439e-01 6.552980542182922363e-01 4.080731272697448730e-01 6.402740844119742647e+00 2.623146574524516939e-01 -8.909867828502358478e+00 1.587671758455208604e+01 -2.668804324982455967e+01 -1.585049381785509581e+01 1.623339857580888790e+01
1.661603142113383770e+09 -2.513626217842102051e-01 3.529557287693023682e-01 1.336157321929931641e+00 -4.279091954231262207e-01 4.744397103786468506e-01 6.519539356231689453e-01 4.083586335182189941e-01 3.143068011687336405e+00 1.311573287262258469e-01 -4.454933914251179239e+00 7.938358792276043019e+00 -1.334402162491227273e+01 -7.925246908927547906e+00 8.116699287904458160e+00
1.661603142115378141e+09 -2.537317872047424316e-01 3.585913479328155518e-01 1.336893200874328613e+00 -4.339091777801513672e-01 4.734456539154052734e-01 6.484023332595825195e-01 4.088354110717773438e-01 3.087433245858755892e+00 1.311730080243401486e-01 -4.455466482561311281e+00 7.939307789143021488e+00 -1.334561684566838835e+01 -7.926194338324909161e+00 8.117669604615505463e+00
1.661603142116375923e+09 -2.559289336204528809e-01 3.641903400421142578e-01 1.337550044059753418e+00 -4.397216141223907471e-01 4.726255238056182861e-01 6.446510553359985352e-01 4.095059037208557129e-01 6.063873298047420590e+00 2.621892979984720151e-01 -8.905609827150625435e+00 1.586913014484620632e+01 -2.667528910729177127e+01 -1.584291891041526057e+01 1.622564067923741504e+01
1.661603142118370295e+09 -2.579527795314788818e-01 3.697527050971984863e-01 1.338134646415710449e+00 -4.453383088111877441e-01 4.719767570495605469e-01 6.407079100608825684e-01 4.103718996047973633e-01 2.982347519573666172e+00 1.311730080243401486e-01 -4.455466482561311281e+00 7.939307789143021488e+00 -1.334561684566838657e+01 -7.926194338324909161e+00 8.117669604615491252e+00
1.661603142119367361e+09 -2.598023116588592529e-01 3.752782940864562988e-01 1.338653802871704102e+00 -4.507513344287872314e-01 4.714967906475067139e-01 6.365808844566345215e-01 4.114351272583007812e-01 5.867205151012511166e+00 2.623773821433776909e-01 -8.911998356438393998e+00 1.588051402586833483e+01 -2.669442489574750610e+01 -1.585428398854324961e+01 1.623728030669744271e+01
1.661603142121362209e+09 -2.614768445491790771e-01 3.807666897773742676e-01 1.339114427566528320e+00 -4.559527635574340820e-01 4.711825549602508545e-01 6.322779059410095215e-01 4.126970171928405762e-01 2.885745443242107022e+00 1.311416531760015991e-01 -4.454401473243141396e+00 7.937410022251866870e+00 -1.334242678546863559e+01 -7.924299705998303800e+00 8.115729203132389102e+00
1.661603142123356819e+09 -2.629759311676025391e-01 3.862172067165374756e-01 1.339523077011108398e+00 -4.609348177909851074e-01 4.710307419300079346e-01 6.278070807456970215e-01 4.141586124897003174e-01 2.841488936301363566e+00 1.311573287262258469e-01 -4.454933914251179239e+00 7.938358792276043019e+00 -1.334402162491226917e+01 -7.925246908927544354e+00 8.116699287904458160e+00
1.661603142124354362e+09 -2.642993927001953125e-01 3.916289508342742920e-01 1.339886665344238281e+00 -4.656899571418762207e-01 4.710380136966705322e-01 6.231766343116760254e-01 4.158208370208740234e-01 5.596824060288508207e+00 2.622519627446475710e-01 -8.907738318983117409e+00 1.587292295797833930e+01 -2.668166465440154766e+01 -1.584670545891200710e+01 1.622951870043229050e+01
1.661603142126348972e+09 -2.654473483562469482e-01 3.970008194446563721e-01 1.340212106704711914e+00 -4.702106714248657227e-01 4.712005853652954102e-01 6.183946132659912109e-01 4.176841974258422852e-01 2.758829770379823021e+00 1.311573287262258469e-01 -4.454933914251179239e+00 7.938358792276043019e+00 -1.334402162491227273e+01 -7.925246908927544354e+00 8.116699287904458160e+00
1.661603142128344059e+09 -2.664202451705932617e-01 4.023314118385314941e-01 1.340505957603454590e+00 -4.744897484779357910e-01 4.715143144130706787e-01 6.134693026542663574e-01 4.197489619255065918e-01 2.719986900451325074e+00 1.311259813723237855e-01 -4.453869159491558705e+00 7.936461478989169649e+00 -1.334083232720077383e+01 -7.923352729456003551e+00 8.114759350216145251e+00
1.661603142129341125e+09 -2.672187685966491699e-01 4.076191484928131104e-01 1.340775012969970703e+00 -4.785199761390686035e-01 4.719751179218292236e-01 6.084089875221252441e-01 4.220150411128997803e-01 5.370208614973889460e+00 2.623773821433776909e-01 -8.911998356438393998e+00 1.588051402586833483e+01 -2.669442489574750610e+01 -1.585428398854324250e+01 1.623728030669744271e+01
1.661603142131335497e+09 -2.678438723087310791e-01 4.128621816635131836e-01 1.341025829315185547e+00 -4.822944402694702148e-01 4.725783765316009521e-01 6.032218933105468750e-01 4.244822263717651367e-01 2.650519132155899182e+00 1.311730080243401486e-01 -4.455466482561311281e+00 7.939307789143076555e+00 -1.334561684566838835e+01 -7.926194338324904720e+00 8.117669604615505463e+00
1.661603142133330107e+09 -2.682967782020568848e-01 4.180584549903869629e-01 1.341264963150024414e+00 -4.858064651489257812e-01 4.733192920684814453e-01 5.979163050651550293e-01 4.271498322486877441e-01 2.617781342546671830e+00 1.311573287262258469e-01 -4.454933914251179239e+00 7.938358792276098086e+00 -1.334402162491227273e+01 -7.925246908927542577e+00 8.116699287904458160e+00
1.661603142134327650e+09 -2.685790359973907471e-01 4.232056736946105957e-01 1.341498732566833496e+00 -4.890494942665100098e-01 4.741931259632110596e-01 5.925005078315734863e-01 4.300171136856079102e-01 5.172958024543310884e+00 2.622519627446475710e-01 -8.907738318983117409e+00 1.587292295797845121e+01 -2.668166465440154766e+01 -1.584670545891200710e+01 1.622951870043229050e+01
1.661603142136322498e+09 -2.686924338340759277e-01 4.283013641834259033e-01 1.341733574867248535e+00 -4.920171499252319336e-01 4.751944541931152344e-01 5.869827866554260254e-01 4.330827295780181885e-01 2.557768193665054035e+00 1.311416531760015991e-01 -4.454401473243141396e+00 7.937410022251922825e+00 -1.334242678546863559e+01 -7.924299705998307353e+00 8.115729203132389102e+00
1.661603142138316870e+09 -2.686390280723571777e-01 4.333428144454956055e-01 1.341975569725036621e+00 -4.947032332420349121e-01 4.763178229331970215e-01 5.813714265823364258e-01 4.363453686237335205e-01 2.530891400779335054e+00 1.311730080243401486e-01 -4.455466482561311281e+00 7.939307789143076555e+00 -1.334561684566838835e+01 -7.926194338324909161e+00 8.117669604615505463e+00
1.661603142139314175e+09 -2.684211432933807373e-01 4.383271336555480957e-01 1.342230677604675293e+00 -4.971019625663757324e-01 4.775577783584594727e-01 5.756745934486389160e-01 4.398034512996673584e-01 5.009097176800519691e+00 2.623146574524516939e-01 -8.909867828502358478e+00 1.587671758455219617e+01 -2.668804324982454546e+01 -1.585049381785508160e+01 1.623339857580891632e+01
1.661603142141309023e+09 -2.680413424968719482e-01 4.432511925697326660e-01 1.342504858970642090e+00 -4.992075562477111816e-01 4.789082109928131104e-01 5.699005722999572754e-01 4.434547722339630127e-01 2.479531734330926884e+00 1.311416531760015991e-01 -4.454401473243141396e+00 7.937410022251922825e+00 -1.334242678546863559e+01 -7.924299705998303800e+00 8.115729203132389102e+00
1.661603142142306328e+09 -2.675024867057800293e-01 4.481117129325866699e-01 1.342803597450256348e+00 -5.010146498680114746e-01 4.803632199764251709e-01 5.640573501586914062e-01 4.472972452640533447e-01 4.912655128442035668e+00 2.623146574524516939e-01 -8.909867828502358478e+00 1.587671758455219617e+01 -2.668804324982454546e+01 -1.585049381785509581e+01 1.623339857580891632e+01
1.661603142144300699e+09 -2.668076455593109131e-01 4.529052078723907471e-01 1.343132495880126953e+00 -5.025179386138916016e-01 4.819164574146270752e-01 5.581531524658203125e-01 4.513283967971801758e-01 2.434224310744350639e+00 1.311730080243401486e-01 -4.455466482561311281e+00 7.939307789143076555e+00 -1.334561684566838835e+01 -7.926194338324909161e+00 8.117669604615505463e+00
1.661603142146295786e+09 -2.659601569175720215e-01 4.576280713081359863e-01 1.343496799468994141e+00 -5.037125945091247559e-01 4.835613965988159180e-01 5.521960258483886719e-01 4.555453360080718994e-01 2.411979932362547707e+00 1.311259813723237855e-01 -4.453869159491558705e+00 7.936461478989225604e+00 -1.334083232720077383e+01 -7.923352729456007104e+00 8.114759350216116829e+00
1.661603142147292852e+09 -2.649636268615722656e-01 4.622764289379119873e-01 1.343901395797729492e+00 -5.045938491821289062e-01 4.852914214134216309e-01 5.461938381195068359e-01 4.599451422691345215e-01 4.785200671613802470e+00 2.623773821433776909e-01 -8.911998356438393998e+00 1.588051402586844496e+01 -2.669442489574750610e+01 -1.585428398854324961e+01 1.623728030669738587e+01
1.661603142149287462e+09 -2.638218104839324951e-01 4.668463766574859619e-01 1.344351291656494141e+00 -5.051572918891906738e-01 4.870997965335845947e-01 5.401545763015747070e-01 4.645244777202606201e-01 2.372327532001865524e+00 1.311573287262258469e-01 -4.454933914251179239e+00 7.938358792276098086e+00 -1.334402162491227273e+01 -7.925246908927547906e+00 8.116699287904429738e+00
1.661603142150284767e+09 -2.625387609004974365e-01 4.713338017463684082e-01 1.344850897789001465e+00 -5.053987503051757812e-01 4.889793097972869873e-01 5.340859293937683105e-01 4.692799150943756104e-01 4.706596306918028993e+00 2.623146574524516939e-01 -8.909867828502358478e+00 1.587671758455219617e+01 -2.668804324982454546e+01 -1.585049381785509581e+01 1.623339857580885948e+01
1.661603142152279615e+09 -2.611187398433685303e-01 4.757344424724578857e-01 1.345404624938964844e+00 -5.053142309188842773e-01 4.909228086471557617e-01 5.279957652091979980e-01 4.742075800895690918e-01 2.334570643818186575e+00 1.311416531760015991e-01 -4.454401473243141396e+00 7.937410022251922825e+00 -1.334242678546863559e+01 -7.924299705998310905e+00 8.115729203132360681e+00
1.661603142154274225e+09 -2.595662176609039307e-01 4.800440073013305664e-01 1.346016407012939453e+00 -5.049002766609191895e-01 4.929230511188507080e-01 5.218915343284606934e-01 4.793035089969635010e-01 2.316923393335984294e+00 1.311573287262258469e-01 -4.454933914251179239e+00 7.938358792276098086e+00 -1.334402162491227273e+01 -7.925246908927547906e+00 8.116699287904429738e+00
1.661603142155271769e+09 -2.578858435153961182e-01 4.842579960823059082e-01 1.346690058708190918e+00 -5.041535496711730957e-01 4.949724376201629639e-01 5.157806873321533203e-01 4.845634698867797852e-01 4.597705964707011539e+00 2.622519627446475710e-01 -8.907738318983117409e+00 1.587292295797845121e+01 -2.668166465440154766e+01 -1.584670545891201421e+01 1.622951870043223366e+01
1.661603142157266378e+09 -2.560825049877166748e-01 4.883718490600585938e-01 1.347428917884826660e+00 -5.030709505081176758e-01 4.970633983612060547e-01 5.096707344055175781e-01 4.899830520153045654e-01 2.282207034827508974e+00 1.311573287262258469e-01 -4.454933914251179239e+00 7.938358792276098086e+00 -1.334402162491227273e+01 -7.925246908927534584e+00 8.116699287904429738e+00
1.661603142158263445e+09 -2.541612386703491211e-01 4.923809766769409180e-01 1.348236441612243652e+00 -5.016498565673828125e-01 4.991880953311920166e-01 5.035688281059265137e-01 4.955576062202453613e-01 4.531751946705496970e+00 2.623773821433776909e-01 -8.911998356438393998e+00 1.588051402586844496e+01 -2.669442489574750610e+01 -1.585428398854322118e+01 1.623728030669738587e+01
