1.661603169251726627e+09 1.378528122206244648e-16 -2.367949187755584717e-01 1.128897309303283691e+00 -6.125128269195556641e-01 6.125135421752929688e-01 3.533097505569458008e-01 3.533093035221099854e-01 0.000000000000000000e+00 0.000000000000000000e+00 0.000000000000000000e+00 0.000000000000000000e+00 0.000000000000000000e+00 0.000000000000000000e+00 0.000000000000000000e+00
1.661603174826407909e+09 1.378528122206244648e-16 -2.367949187755584717e-01 1.128897309303283691e+00 -6.125128269195556641e-01 6.125135421752929688e-01 3.533097505569458008e-01 3.533093035221099854e-01 0.000000000000000000e+00 0.000000000000000000e+00 0.000000000000000000e+00 0.000000000000000000e+00 0.000000000000000000e+00 0.000000000000000000e+00 0.000000000000000000e+00
1.661603174827405453e+09 1.378528122206244648e-16 -2.367949187755584717e-01 1.128897309303283691e+00 -6.125128269195556641e-01 6.125135421752929688e-01 3.533097505569458008e-01 3.533093035221099854e-01 0.000000000000000000e+00 0.000000000000000000e+00 0.000000000000000000e+00 0.000000000000000000e+00 0.000000000000000000e+00 0.000000000000000000e+00 0.000000000000000000e+00
1.661603174829399824e+09 -1.868638768792152405e-02 -2.358067780733108521e-01 1.127205610275268555e+00 6.173197627067565918e-01 -6.000350713729858398e-01 -3.628277778625488281e-01 -3.566934168338775635e-01 9.420917839799496818e+00 1.251478158008228903e+01 4.928036465949183764e-01 -4.270232744074053066e+00 -2.064193338246547604e+00 1.439093787664738500e+01 -4.882848361382223223e-01
1.661603174830397367e+09 -3.745838627219200134e-02 -2.353948205709457397e-01 1.125560164451599121e+00 6.218779087066650391e-01 -5.874207615852355957e-01 -3.724609911441802979e-01 -3.598297536373138428e-01 1.889489666745675933e+01 2.502058984641212902e+01 9.852539444948594793e-01 -8.537403657786676092e+00 -4.126906614348080815e+00 2.877155720319201038e+01 -9.762195636463263382e-01
1.661603174832391977e+09 -5.629672855138778687e-02 -2.355643808841705322e-01 1.123959422111511230e+00 6.261827945709228516e-01 -5.746765136718750000e-01 -3.822045028209686279e-01 -3.627144098281860352e-01 9.479041753383445013e+00 1.251328567025918304e+01 4.927447410669963945e-01 -4.269722317018820767e+00 -2.063946602251060192e+00 1.438921770716655146e+01 -4.882264707502067536e-01
1.661603174834386587e+09 -7.518180459737777710e-02 -2.363201826810836792e-01 1.122401595115661621e+00 6.302300095558166504e-01 -5.618085861206054688e-01 -3.920529782772064209e-01 -3.653432726860046387e-01 9.507767427009419237e+00 1.251328567025918659e+01 4.927447410669963945e-01 -4.269722317018820767e+00 -2.063946602251060192e+00 1.438921770716655146e+01 -4.882264707502067536e-01
1.661603174835384130e+09 -9.409367293119430542e-02 -2.376662045717239380e-01 1.120885014533996582e+00 6.340155601501464844e-01 -5.488232374191284180e-01 -4.020011425018310547e-01 -3.677124977111816406e-01 1.906710846498453904e+01 2.502058984641213257e+01 9.852539444948594793e-01 -8.537403657786676092e+00 -4.126906614348080815e+00 2.877155720319201038e+01 -9.762195636463263382e-01
1.661603174837378740e+09 -1.130121052265167236e-01 -2.396057546138763428e-01 1.119408011436462402e+00 6.375353336334228516e-01 -5.357269048690795898e-01 -4.120434820652008057e-01 -3.698183894157409668e-01 9.563206117347132107e+00 1.251328567025917948e+01 4.927447410669963945e-01 -4.269722317018820767e+00 -2.063946602251060192e+00 1.438921770716655146e+01 -4.882264707502067536e-01
1.661603174839373350e+09 -1.319165974855422974e-01 -2.421413660049438477e-01 1.117968797683715820e+00 6.407853960990905762e-01 -5.225263237953186035e-01 -4.221743643283843994e-01 -3.716572821140289307e-01 9.589846810381851938e+00 1.251328567025918659e+01 4.927447410669963945e-01 -4.269722317018820767e+00 -2.063946602251060192e+00 1.438921770716655146e+01 -4.882264707502067536e-01
1.661603174841367960e+09 -1.507863998413085938e-01 -2.452748268842697144e-01 1.116565704345703125e+00 6.437622308731079102e-01 -5.092281699180603027e-01 -4.323881566524505615e-01 -3.732257783412933350e-01 9.615710356903257150e+00 1.251328567025918659e+01 4.927447410669963945e-01 -4.269722317018820767e+00 -2.063946602251060192e+00 1.438921770716655146e+01 -4.882264707502067536e-01
1.661603174842365265e+09 -1.696005314588546753e-01 -2.490071952342987061e-01 1.115196824073791504e+00 6.464622020721435547e-01 -4.958392381668090820e-01 -4.426788389682769775e-01 -3.745203614234924316e-01 1.928152473453307891e+01 2.502657134051837318e+01 9.854894821339927891e-01 -8.539444634037641535e+00 -4.127893204502120383e+00 2.877843541433310293e+01 -9.764529415004135071e-01
1.661603174844360113e+09 -1.883378624916076660e-01 -2.533386647701263428e-01 1.113860368728637695e+00 6.488819718360900879e-01 -4.823667109012603760e-01 -4.530404806137084961e-01 -3.755379617214202881e-01 9.663815372705599316e+00 1.251179011800984320e+01 4.926858496195161696e-01 -4.269212011973162468e+00 -2.063699925233939414e+00 1.438749794886522970e+01 -4.881681193135209429e-01
1.661603174846354723e+09 -2.069770693778991699e-01 -2.582687139511108398e-01 1.112554550170898438e+00 6.510183811187744141e-01 -4.688177704811096191e-01 -4.634671509265899658e-01 -3.762755095958709717e-01 9.688286744999832223e+00 1.251328567025918659e+01 4.927447410669963945e-01 -4.269722317018820767e+00 -2.063946602251060192e+00 1.438921770716655146e+01 -4.882264707502067536e-01
1.661603174847351789e+09 -2.254967242479324341e-01 -2.637959122657775879e-01 1.111277461051940918e+00 6.528682112693786621e-01 -4.551995694637298584e-01 -4.739523828029632568e-01 -3.767300844192504883e-01 1.942599480323277206e+01 2.503255569521478563e+01 9.857251324166647066e-01 -8.541486586365245159e+00 -4.128880266483110795e+00 2.878531691491042110e+01 -9.766864309651434040e-01
1.661603174849346638e+09 -2.438753247261047363e-01 -2.699180245399475098e-01 1.110027551651000977e+00 6.544288396835327148e-01 -4.415195882320404053e-01 -4.844900071620941162e-01 -3.768989741802215576e-01 9.730933574549771592e+00 1.251179011800982899e+01 4.926858496195161696e-01 -4.269212011973162468e+00 -2.063699925233939414e+00 1.438749794886522970e+01 -4.881681193135209429e-01
1.661603174851340771e+09 -2.620912790298461914e-01 -2.766320407390594482e-01 1.108802676200866699e+00 6.556974649429321289e-01 -4.277853667736053467e-01 -4.950734376907348633e-01 -3.767795264720916748e-01 9.754860356624746487e+00 1.251627784760739281e+01 4.928625662083323533e-01 -4.270743293182622580e+00 -2.064440133241555397e+00 1.439265845745521055e+01 -4.883432154825717020e-01
1.661603174852338076e+09 -2.801229953765869141e-01 -2.839340269565582275e-01 1.107601046562194824e+00 6.566717028617858887e-01 -4.140044450759887695e-01 -5.056961774826049805e-01 -3.763692677021026611e-01 1.954384236505634220e+01 2.502657134051834475e+01 9.854894821339927891e-01 -8.539444634037641535e+00 -4.127893204502120383e+00 2.877843541433310293e+01 -9.764529415004135071e-01
1.661603174854333162e+09 -2.979489266872406006e-01 -2.918191552162170410e-01 1.106420993804931641e+00 6.573491692543029785e-01 -4.001848399639129639e-01 -5.163517594337463379e-01 -3.756660819053649902e-01 9.787902408274412380e+00 1.251029492320605208e+01 4.926269722474297397e-01 -4.268701828893338046e+00 -2.063453307174040408e+00 1.438577860159600519e+01 -4.881097818231631691e-01
1.661603174856327772e+09 -3.155474960803985596e-01 -3.002818226814270020e-01 1.105260372161865234e+00 6.577278971672058105e-01 -3.863341510295867920e-01 -5.270332098007202148e-01 -3.746677935123443604e-01 9.807452145782958652e+00 1.251328567025917238e+01 4.927447410669963945e-01 -4.269722317018597835e+00 -2.063946602251060192e+00 1.438921770716655146e+01 -4.882264707502067536e-01
1.661603174857325077e+09 -3.328973054885864258e-01 -3.093155026435852051e-01 1.104117631912231445e+00 6.578060388565063477e-01 -3.724603652954101562e-01 -5.377337336540222168e-01 -3.733723759651184082e-01 1.964705967110806384e+01 2.502657134051840160e+01 9.854894821339927891e-01 -8.539444634037641535e+00 -4.127893204502120383e+00 2.877843541433310293e+01 -9.764529415004135071e-01
1.661603174859319925e+09 -3.499770462512969971e-01 -3.189127445220947266e-01 1.102990627288818359e+00 6.575818061828613281e-01 -3.585716187953948975e-01 -5.484464764595031738e-01 -3.717782497406005859e-01 9.837254936917185333e+00 1.251179011800982899e+01 4.926858496195161696e-01 -4.269212011973162468e+00 -2.063699925233939414e+00 1.438749794886522970e+01 -4.881681193135209429e-01
1.661603174861314535e+09 -3.667655587196350098e-01 -3.290653228759765625e-01 1.101877689361572266e+00 6.570538282394409180e-01 -3.446759283542633057e-01 -5.591644048690795898e-01 -3.698838353157043457e-01 9.852126447628618777e+00 1.251328567025917238e+01 4.927447410669963945e-01 -4.269722317018597835e+00 -2.063946602251060192e+00 1.438921770716655146e+01 -4.882264707502067536e-01
1.661603174862311363e+09 -3.832419216632843018e-01 -3.397640287876129150e-01 1.100776910781860352e+00 6.562207937240600586e-01 -3.307815790176391602e-01 -5.698803663253784180e-01 -3.676877617835998535e-01 1.973859863673486004e+01 2.503854291255404618e+01 9.859608954237005785e-01 -8.543529515469407087e+00 -4.129867800629603458e+00 2.879220170728423156e+01 -9.769200321206001902e-01
1.661603174864306211e+09 -3.993854522705078125e-01 -3.509988486766815186e-01 1.099686384201049805e+00 6.550817489624023438e-01 -3.168967962265014648e-01 -5.805872678756713867e-01 -3.651886582374572754e-01 9.874598209107121605e+00 1.251179011800985741e+01 4.926858496195161696e-01 -4.269212011973162468e+00 -2.063699925233939414e+00 1.438749794886522970e+01 -4.881681193135209429e-01
1.661603174865303755e+09 -4.151757955551147461e-01 -3.627588152885437012e-01 1.098604440689086914e+00 6.536358594894409180e-01 -3.030299246311187744e-01 -5.912778973579406738e-01 -3.623857498168945312e-01 1.976663184438513454e+01 2.502058984641215744e+01 9.852539444948594793e-01 -8.537403657786676092e+00 -4.126906614348080815e+00 2.877155720319201038e+01 -9.762195636463263382e-01
1.661603174867298365e+09 -4.305928051471710205e-01 -3.750321865081787109e-01 1.097529053688049316e+00 6.518826484680175781e-01 -2.891894578933715820e-01 -6.019449234008789062e-01 -3.592782318592071533e-01 9.894242553291665132e+00 1.251328567025920080e+01 4.927447410669963945e-01 -4.269722317018597835e+00 -2.063946602251060192e+00 1.438921770716655146e+01 -4.882264707502067536e-01
1.661603174869293451e+09 -4.456168115139007568e-01 -3.878062665462493896e-01 1.096458435058593750e+00 6.498215794563293457e-01 -2.753838002681732178e-01 -6.125810146331787109e-01 -3.558654189109802246e-01 9.899085980974774657e+00 1.251029492320607872e+01 4.926269722474297397e-01 -4.268701828893116001e+00 -2.063453307174040408e+00 1.438577860159600519e+01 -4.881097818231631691e-01
1.661603174870290518e+09 -4.602285325527191162e-01 -4.010675549507141113e-01 1.095390915870666504e+00 6.474526524543762207e-01 -2.616214752197265625e-01 -6.231788992881774902e-01 -3.521469533443450928e-01 1.981930794177360511e+01 2.503255569521484247e+01 9.857251324166647066e-01 -8.541486586365245159e+00 -4.128880266483110795e+00 2.878531691491042110e+01 -9.766864309651434040e-01
1.661603174872285128e+09 -4.744091033935546875e-01 -4.148017168045043945e-01 1.094324469566345215e+00 6.447759866714477539e-01 -2.479110062122344971e-01 -6.337308883666992188e-01 -3.481225669384002686e-01 9.911715417251562243e+00 1.251328567025920080e+01 4.927447410669963945e-01 -4.269722317018820767e+00 -2.063946602251060192e+00 1.438921770716655146e+01 -4.882264707502067536e-01
1.661603174874279737e+09 -4.881401658058166504e-01 -4.289935529232025146e-01 1.093257546424865723e+00 -6.417919397354125977e-01 2.342609912157058716e-01 6.442295908927917480e-01 3.437923192977905273e-01 9.914701182069123320e+00 1.251328567025920080e+01 4.927447410669963945e-01 -4.269722317018597835e+00 -2.063946602251060192e+00 1.438921770716655146e+01 -4.882264707502067536e-01
1.661603174876274347e+09 -5.014039278030395508e-01 -4.436270892620086670e-01 1.092188239097595215e+00 -6.385010480880737305e-01 2.206800580024719238e-01 6.546676158905029297e-01 3.391564190387725830e-01 9.916254779051067558e+00 1.251328567025920080e+01 4.927447410669963945e-01 -4.269722317018597835e+00 -2.063946602251060192e+00 1.438921770716655146e+01 -4.882264707502067536e-01
1.661603174878269434e+09 -5.141831040382385254e-01 -4.586855173110961914e-01 1.091114878654479980e+00 -6.349041461944580078e-01 2.071768492460250854e-01 6.650373339653015137e-01 3.342153429985046387e-01 9.913941970197573283e+00 1.251029492320607872e+01 4.926269722474297397e-01 -4.268701828893338046e+00 -2.063453307174040408e+00 1.438577860159600519e+01 -4.881097818231631691e-01
1.661603174879266262e+09 -5.264610052108764648e-01 -4.741513133049011230e-01 1.090035676956176758e+00 -6.310023069381713867e-01 1.937600225210189819e-01 6.753310561180114746e-01 3.289696276187896729e-01 1.983923702211582452e+01 2.503854291255404618e+01 9.859608954237005785e-01 -8.543529515469852953e+00 -4.129867800629616781e+00 2.879220170728423156e+01 -9.769200321206001902e-01
1.661603174881261110e+09 -5.382216572761535645e-01 -4.900060892105102539e-01 1.088948845863342285e+00 -6.267969608306884766e-01 1.804382205009460449e-01 6.855413913726806641e-01 3.234202265739440918e-01 9.910720445829509728e+00 1.251179011800985741e+01 4.926858496195161696e-01 -4.269212011972940424e+00 -2.063699925233932309e+00 1.438749794886522970e+01 -4.881681193135209429e-01
1.661603174883255482e+09 -5.494497418403625488e-01 -5.062308907508850098e-01 1.087852954864501953e+00 -6.222894787788391113e-01 1.672201454639434814e-01 6.956606507301330566e-01 3.175680637359619141e-01 9.908612496150082549e+00 1.251478158008230324e+01 4.928036465949183764e-01 -4.270232744073830133e+00 -2.064193338246540499e+00 1.439093787664738500e+01 -4.882848361382223223e-01
1.661603174885250330e+09 -5.601306557655334473e-01 -5.228058695793151855e-01 1.086746096611022949e+00 -6.174818277359008789e-01 1.541143804788589478e-01 7.056812644004821777e-01 3.114145994186401367e-01 9.900178580610250023e+00 1.251179011800985741e+01 4.926858496195161696e-01 -4.269212011973162468e+00 -2.063699925233932309e+00 1.438749794886522970e+01 -4.881681193135209429e-01
1.661603174887244940e+09 -5.702505111694335938e-01 -5.397106409072875977e-01 1.085626840591430664e+00 -6.123759150505065918e-01 1.411295980215072632e-01 7.155954837799072266e-01 3.049611449241638184e-01 9.893724527771455612e+00 1.251328567025920080e+01 4.927447410669963945e-01 -4.269722317018820767e+00 -2.063946602251067297e+00 1.438921770716655146e+01 -4.882264707502067536e-01
1.661603174889239788e+09 -5.797963142395019531e-01 -5.569241046905517578e-01 1.084493398666381836e+00 -6.069740653038024902e-01 1.282744109630584717e-01 7.253959178924560547e-01 2.982094883918762207e-01 9.883327938348113406e+00 1.251179011800985741e+01 4.926858496195161696e-01 -4.269212011972940424e+00 -2.063699925233946519e+00 1.438749794886522970e+01 -4.881681193135209429e-01
1.661603174891234636e+09 -5.887558460235595703e-01 -5.744246244430541992e-01 1.083344340324401855e+00 -6.012789011001586914e-01 1.155574023723602295e-01 7.350748181343078613e-01 2.911615967750549316e-01 9.872533233545798481e+00 1.251179011800985741e+01 4.926858496195161696e-01 -4.269212011972940424e+00 -2.063699925233932309e+00 1.438749794886525812e+01 -4.881681193135209429e-01
1.661603174892231703e+09 -5.971176624298095703e-01 -5.921898484230041504e-01 1.082177877426147461e+00 -5.952932238578796387e-01 1.029871106147766113e-01 7.446247935295104980e-01 2.838195860385894775e-01 1.972723164543286245e+01 2.503255569521484247e+01 9.857251324166647066e-01 -8.541486586365245159e+00 -4.128880266483097472e+00 2.878531691491036426e+01 -9.766864309651434040e-01
1.661603174894226551e+09 -6.048712730407714844e-01 -6.101970076560974121e-01 1.080992817878723145e+00 -5.890200138092041016e-01 9.057202935218811035e-02 7.540381550788879395e-01 2.761857807636260986e-01 9.846011599667994219e+00 1.251179011800985741e+01 4.926858496195161696e-01 -4.269212011973162468e+00 -2.063699925233946519e+00 1.438749794886525812e+01 -4.881681193135209429e-01
1.661603174896221161e+09 -6.120072007179260254e-01 -6.284227371215820312e-01 1.079787373542785645e+00 -5.824624896049499512e-01 7.832061499357223511e-02 7.633074522018432617e-01 2.682627737522125244e-01 9.831492543675416584e+00 1.251328567025920080e+01 4.927447410669963945e-01 -4.269722317018597835e+00 -2.063946602251067297e+00 1.438921770716657988e+01 -4.882264707502067536e-01
1.661603174898216009e+09 -6.185167431831359863e-01 -6.468432545661926270e-01 1.078560233116149902e+00 -5.756244063377380371e-01 6.624127924442291260e-02 7.724253535270690918e-01 2.600535452365875244e-01 9.812966681815010972e+00 1.251179011800985741e+01 4.926858496195161696e-01 -4.269212011972940424e+00 -2.063699925233932309e+00 1.438749794886520128e+01 -4.881681193135209429e-01
1.661603174900210381e+09 -6.243923306465148926e-01 -6.654343008995056152e-01 1.077309966087341309e+00 -5.685092210769653320e-01 5.434228107333183289e-02 7.813842296600341797e-01 2.515608668327331543e-01 9.796304227405070009e+00 1.251478158008224817e+01 4.928036465949183764e-01 -4.270232744074053066e+00 -2.064193338246554710e+00 1.439093787664735657e+01 -4.882848361382223223e-01
1.661603174902205229e+09 -6.296272873878479004e-01 -6.841713190078735352e-01 1.076035141944885254e+00 -5.611212253570556641e-01 4.263190925121307373e-02 7.901768088340759277e-01 2.427880913019180298e-01 9.773325918271273949e+00 1.251179011800980057e+01 4.926858496195161696e-01 -4.269212011973162468e+00 -2.063699925233946519e+00 1.438749794886525812e+01 -4.881681193135209429e-01
1.661603174904199839e+09 -6.342159509658813477e-01 -7.030292749404907227e-01 1.074734449386596680e+00 -5.534645915031433105e-01 3.111831471323966980e-02 7.987958788871765137e-01 2.337386906147003174e-01 9.752152190767800377e+00 1.251328567025914573e+01 4.927447410669963945e-01 -4.269722317018597835e+00 -2.063946602251053530e+00 1.438921770716657988e+01 -4.882264707502067536e-01
1.661603174906194687e+09 -6.381537318229675293e-01 -7.219828367233276367e-01 1.073406457901000977e+00 -5.455437898635864258e-01 1.980956830084323883e-02 8.072340488433837891e-01 2.244163751602172852e-01 9.726951917764255384e+00 1.251179011800980057e+01 4.926858496195161696e-01 -4.269212011972940424e+00 -2.063699925233932309e+00 1.438749794886520128e+01 -4.881681193135209429e-01
1.661603174908189297e+09 -6.414371132850646973e-01 -7.410066127777099609e-01 1.072049856185913086e+00 -5.373636484146118164e-01 8.713620714843273163e-03 8.154842257499694824e-01 2.148249298334121704e-01 9.702473400760453615e+00 1.251328567025914573e+01 4.927447410669963945e-01 -4.269722317018820767e+00 -2.063946602251067297e+00 1.438921770716652482e+01 -4.882264707502067536e-01
1.661603174910183668e+09 -6.440637111663818359e-01 -7.600747942924499512e-01 1.070663571357727051e+00 -5.289291739463806152e-01 -2.161650685593485832e-03 8.235394358634948730e-01 2.049685716629028320e-01 9.676277795685432892e+00 1.251478158008224817e+01 4.928036465949183764e-01 -4.270232744074053066e+00 -2.064193338246554710e+00 1.439093787664741342e+01 -4.882848361382223223e-01
1.661603174912178516e+09 -6.460320949554443359e-01 -7.791615128517150879e-01 1.069246292114257812e+00 -5.202455520629882812e-01 -1.280849333852529526e-02 8.313924074172973633e-01 1.948515921831130981e-01 9.644953863010330863e+00 1.251179011800980057e+01 4.926858496195161696e-01 -4.269212011972940424e+00 -2.063699925233932309e+00 1.438749794886525812e+01 -4.881681193135209429e-01
1.661603174914172888e+09 -6.473419666290283203e-01 -7.982407212257385254e-01 1.067796826362609863e+00 -5.113180875778198242e-01 -2.321927808225154877e-02 8.390365839004516602e-01 1.844784915447235107e-01 9.616549003146602104e+00 1.251478158008224817e+01 4.928036465949183764e-01 -4.270232744073830133e+00 -2.064193338246540499e+00 1.439093787664735657e+01 -4.882848361382223223e-01
1.661603174916167736e+09 -6.479942798614501953e-01 -8.172863721847534180e-01 1.066313982009887695e+00 -5.021527409553527832e-01 -3.338651731610298157e-02 8.464649319648742676e-01 1.738540381193161011e-01 9.581893170989440378e+00 1.251179011800980057e+01 4.926858496195161696e-01 -4.269212011973162468e+00 -2.063699925233946519e+00 1.438749794886525812e+01 -4.881681193135209429e-01
1.661603174918162107e+09 -6.479909420013427734e-01 -8.362724781036376953e-01 1.064796686172485352e+00 -4.927551746368408203e-01 -4.330283403396606445e-02 8.536707162857055664e-01 1.629831939935684204e-01 9.550196005038696256e+00 1.251478158008224817e+01 4.928036465949183764e-01 -4.270232744074053066e+00 -2.064193338246554710e+00 1.439093787664741342e+01 -4.882848361382223223e-01
1.661603174921154261e+09 -6.473350524902343750e-01 -8.551728725433349609e-01 1.063243865966796875e+00 -4.831317365169525146e-01 -5.296102166175842285e-02 8.606474399566650391e-01 1.518711298704147339e-01 6.341725618793853769e+00 8.341525730469163236e+00 3.284703190252185045e-01 -2.846254733400604753e+00 -1.375854762902973150e+00 9.592047437303198976e+00 -3.254583788283848533e-01
1.661603174923148870e+09 -6.460307836532592773e-01 -8.739617466926574707e-01 1.061654448509216309e+00 -4.732887148857116699e-01 -6.235400214791297913e-02 8.673886060714721680e-01 1.405231356620788574e-01 9.476056698766562647e+00 1.251328567025925587e+01 4.927447410669963945e-01 -4.269722317018597835e+00 -2.063946602251053530e+00 1.438921770716652482e+01 -4.882264707502067536e-01
1.661603174925143480e+09 -6.440836191177368164e-01 -8.926131725311279297e-01 1.060027599334716797e+00 -4.632326662540435791e-01 -7.147487252950668335e-02 8.738879561424255371e-01 1.289448589086532593e-01 9.437045787131422614e+00 1.251328567025914573e+01 4.927447410669963945e-01 -4.269722317018820767e+00 -2.063946602251067297e+00 1.438921770716652482e+01 -4.882264707502067536e-01
1.661603174928135633e+09 -6.414998769760131836e-01 -9.111016988754272461e-01 1.058362245559692383e+00 -4.529704153537750244e-01 -8.031687885522842407e-02 8.801391124725341797e-01 1.171419769525527954e-01 6.263825276548306675e+00 8.341525730469163236e+00 3.284703190252185045e-01 -2.846254733400753079e+00 -1.375854762902982475e+00 9.592047437303198976e+00 -3.254583788283848533e-01
1.661603174930130243e+09 -6.382871866226196289e-01 -9.294019341468811035e-01 1.056657433509826660e+00 -4.425089955329895020e-01 -8.887344598770141602e-02 8.861359953880310059e-01 1.051205098628997803e-01 9.354283069455290089e+00 1.251328567025925587e+01 4.927447410669963945e-01 -4.269722317018597835e+00 -2.063946602251053530e+00 1.438921770716652482e+01 -4.882264707502067536e-01
1.661603174932124615e+09 -6.344543099403381348e-01 -9.474888443946838379e-01 1.054912328720092773e+00 -4.318554103374481201e-01 -9.713816642761230469e-02 8.918728232383728027e-01 9.288655221462249756e-02 9.311579180367646202e+00 1.251478158008236008e+01 4.928036465949183764e-01 -4.270232744073830133e+00 -2.064193338246540499e+00 1.439093787664735657e+01 -4.882848361382223223e-01
1.661603174934119463e+09 -6.300109028816223145e-01 -9.653377532958984375e-01 1.053126215934753418e+00 -4.210174381732940674e-01 -1.051048710942268372e-01 8.973436355590820312e-01 8.044647425413131714e-02 9.263960391058329691e+00 1.251179011800980057e+01 4.926858496195161696e-01 -4.269212011973162468e+00 -2.063699925233946519e+00 1.438749794886520128e+01 -4.881681193135209429e-01
1.661603174937111616e+09 -6.249679923057556152e-01 -9.829244017601013184e-01 1.051298141479492188e+00 -4.100024104118347168e-01 -1.127675101161003113e-01 9.025429487228393555e-01 6.780675798654556274e-02 6.144902609683146721e+00 8.341525730469163236e+00 3.284703190252185045e-01 -2.846254733400753079e+00 -1.375854762902982475e+00 9.592047437303198976e+00 -3.254583788283848533e-01
1.661603174940103531e+09 -6.193374395370483398e-01 -1.000224947929382324e+00 1.049427270889282227e+00 -3.988182246685028076e-01 -1.201202720403671265e-01 9.074651598930358887e-01 5.497411265969276428e-02 6.113033171787193076e+00 8.342190446839504503e+00 3.284964940446643000e-01 -2.846481544679065223e+00 -1.375964401500702206e+00 9.592811804777756635e+00 -3.254843138334711505e-01
1.661603174942098141e+09 -6.131321787834167480e-01 -1.017216205596923828e+00 1.047513127326965332e+00 -3.874727487564086914e-01 -1.271575391292572021e-01 9.121050834655761719e-01 4.195539280772209167e-02 9.119522125787243638e+00 1.251328567025925587e+01 4.927447410669963945e-01 -4.269722317018597835e+00 -2.063946602251053530e+00 1.438921770716663495e+01 -4.882264707502067536e-01
1.661603174944092751e+09 -6.063663363456726074e-01 -1.033875346183776855e+00 1.045554876327514648e+00 -3.759743273258209229e-01 -1.338739395141601562e-01 9.164573550224304199e-01 2.875766158103942871e-02 9.067921764225681969e+00 1.251328567025914573e+01 4.927447410669963945e-01 -4.269722317018820767e+00 -2.063946602251053530e+00 1.438921770716652482e+01 -4.882264707502067536e-01
1.661603174946087599e+09 -5.990548729896545410e-01 -1.050180315971374512e+00 1.043551802635192871e+00 -3.643311560153961182e-01 -1.402642726898193359e-01 9.205172657966613770e-01 1.538810133934020996e-02 9.013794584913831898e+00 1.251179011800980057e+01 4.926858496195161696e-01 -4.269212011973162468e+00 -2.063699925233960286e+00 1.438749794886520128e+01 -4.881681193135209429e-01
1.661603174948082209e+09 -5.912138223648071289e-01 -1.066109657287597656e+00 1.041503429412841797e+00 -3.525517582893371582e-01 -1.463235318660736084e-01 9.242798686027526855e-01 1.854100730270147324e-03 8.960336838041147445e+00 1.251328567025925587e+01 4.927447410667737948e-01 -4.269722317018597835e+00 -2.063946602251053530e+00 1.438921770716663495e+01 -4.882264707502067536e-01
1.661603174950076580e+09 -6.005479097366333008e-01 -1.059932827949523926e+00 1.046113014221191406e+00 -3.570474386215209961e-01 -1.554256528615951538e-01 9.208694696426391602e-01 1.895765215158462524e-02 6.069491587552238165e+00 -7.581592509538509717e+00 -4.109772860659625771e+00 7.505867710324127806e+00 -7.937860363606336733e+00 -9.523917346430115671e+00 -1.011271423845242445e+01
1.661603174953068972e+09 -6.098001599311828613e-01 -1.053424358367919922e+00 1.050642609596252441e+00 -3.614509701728820801e-01 -1.645373106002807617e-01 9.170466661453247070e-01 3.614044934511184692e-02 4.072094170204680452e+00 -5.052985526435240793e+00 -2.739084533456769055e+00 5.002516404817103357e+00 -5.290431196045476625e+00 -6.347507656990437397e+00 -6.739929456191103618e+00
1.661603174955063581e+09 -6.189624667167663574e-01 -1.046582221984863281e+00 1.055093526840209961e+00 -3.657613396644592285e-01 -1.736534535884857178e-01 9.128047823905944824e-01 5.339127033948898315e-02 6.151997007293918962e+00 -7.580686270892744716e+00 -4.109281613604578887e+00 7.504970523172300290e+00 -7.936911539752184552e+00 -9.522778938905926083e+00 -1.011150545118987942e+01
1.661603174957058191e+09 -6.280266046524047852e-01 -1.039404630661010742e+00 1.059467315673828125e+00 -3.699776530265808105e-01 -1.827690899372100830e-01 9.081375002861022949e-01 7.069855183362960815e-02 6.197447791080192836e+00 -7.580686270892855738e+00 -4.109281613604801819e+00 7.504970523172523222e+00 -7.936911539752184552e+00 -9.522778938906037993e+00 -1.011150545118987942e+01
1.661603174959052801e+09 -6.369840502738952637e-01 -1.031890034675598145e+00 1.063765525817871094e+00 -3.740991353988647461e-01 -1.918792128562927246e-01 9.030389189720153809e-01 8.805038034915924072e-02 6.245386955995788192e+00 -7.580686270892855738e+00 -4.109281613604801819e+00 7.504970523172523222e+00 -7.936911539752184552e+00 -9.522778938906037993e+00 -1.011150545118988653e+01
1.661603174961047649e+09 -6.458262801170349121e-01 -1.024037241935729980e+00 1.067989826202392578e+00 -3.781250119209289551e-01 -2.009788155555725098e-01 8.975034356117248535e-01 1.054345890879631042e-01 6.295070623548253863e+00 -7.579780248869212755e+00 -4.108790483974651409e+00 7.504073550479199994e+00 -7.935962942699506861e+00 -9.521640803500297068e+00 -1.011029695286896057e+01
1.661603174963042021e+09 -6.545445322990417480e-01 -1.015845179557800293e+00 1.072142243385314941e+00 -3.820545673370361328e-01 -2.100628614425659180e-01 8.915259838104248047e-01 1.228386461734771729e-01 6.349543336681946926e+00 -7.581592509538398694e+00 -4.109772860659403726e+00 7.505867710323904873e+00 -7.937860363606309200e+00 -9.523917346430003761e+00 -1.011271423845241912e+01
1.661603174965036869e+09 -6.631298661231994629e-01 -1.007313251495361328e+00 1.076224565505981445e+00 -3.858871161937713623e-01 -2.191263586282730103e-01 8.851015567779541016e-01 1.402497589588165283e-01 6.403338235882875651e+00 -7.579780248869323778e+00 -4.108790483974874341e+00 7.504073550479422927e+00 -7.935962942699506861e+00 -9.521640803500407202e+00 -1.011029695286894636e+01
1.661603174968029022e+09 -6.715732216835021973e-01 -9.984409809112548828e-01 1.080238819122314453e+00 -3.896220624446868896e-01 -2.281642854213714600e-01 8.782258629798889160e-01 1.576548665761947632e-01 4.307540046150067248e+00 -5.053388154764114404e+00 -2.739302787204603185e+00 5.002915011702097736e+00 -5.290852744347950498e+00 -6.348013434492986384e+00 -6.740466502362906454e+00
1.661603174970023632e+09 -6.798654198646545410e-01 -9.892283678054809570e-01 1.084187388420104980e+00 -3.932588696479797363e-01 -2.371717095375061035e-01 8.708948493003845215e-01 1.750406324863433838e-01 6.521883101889855539e+00 -7.580686270892744716e+00 -4.109281613604578887e+00 7.504970523172300290e+00 -7.936911539752184552e+00 -9.522778938905926083e+00 -1.011150545118987409e+01
1.661603174972018242e+09 -6.879971623420715332e-01 -9.796756505966186523e-01 1.088072419166564941e+00 -3.967970311641693115e-01 -2.461435943841934204e-01 8.631049990653991699e-01 1.923934370279312134e-01 6.584195782123035023e+00 -7.580686270892744716e+00 -4.109281613604801819e+00 7.504970523172300290e+00 -7.936911539752184552e+00 -9.522778938905926083e+00 -1.011150545118987409e+01
1.661603174974012613e+09 -6.959590315818786621e-01 -9.697833657264709473e-01 1.091896176338195801e+00 -4.002360701560974121e-01 -2.550750076770782471e-01 8.548530936241149902e-01 2.096994817256927490e-01 6.649508879141416529e+00 -7.581592509538509717e+00 -4.109772860659625771e+00 7.505867710324127806e+00 -7.937860363606309200e+00 -9.523917346430003761e+00 -1.011271423845241912e+01
1.661603174976007700e+09 -7.037413716316223145e-01 -9.595524072647094727e-01 1.095661401748657227e+00 -4.035758078098297119e-01 -2.639611065387725830e-01 8.461366295814514160e-01 2.269447892904281616e-01 6.713773726387660012e+00 -7.578874443390252402e+00 -4.108299471727745455e+00 7.503176792167940867e+00 -7.935014572366966057e+00 -9.520502940115557422e+00 -1.010908874338605123e+01
1.661603174978999615e+09 -7.113345861434936523e-01 -9.489840865135192871e-01 1.099370598793029785e+00 -4.068157374858856201e-01 -2.727968394756317139e-01 8.369532227516174316e-01 2.441150546073913574e-01 4.522725588871392866e+00 -5.053790847261829811e+00 -2.739521075736534694e+00 5.003313682114867156e+00 -5.291274359834789998e+00 -6.348519292603951314e+00 -6.741003634126582433e+00
1.661603174980994225e+09 -7.187289595603942871e-01 -9.380799531936645508e-01 1.103026270866394043e+00 -4.099556803703308105e-01 -2.815773785114288330e-01 8.273012042045593262e-01 2.611958086490631104e-01 6.854789392908609003e+00 -7.580686270892744716e+00 -4.109281613604801819e+00 7.504970523172300290e+00 -7.936911539752184552e+00 -9.522778938905926083e+00 -1.011150545118987409e+01
1.661603174982988834e+09 -7.259145975112915039e-01 -9.268420934677124023e-01 1.106631398200988770e+00 -4.129953384399414062e-01 -2.902978360652923584e-01 8.171793222427368164e-01 2.781725227832794189e-01 6.927356857083543318e+00 -7.580686270892855738e+00 -4.109281613604801819e+00 7.504970523172523222e+00 -7.936911539752212086e+00 -9.522778938905926083e+00 -1.011150545118987409e+01
1.661603174984983206e+09 -7.328817248344421387e-01 -9.152728319168090820e-01 1.110188722610473633e+00 -4.159347414970397949e-01 -2.989533841609954834e-01 8.065868616104125977e-01 2.950304448604583740e-01 7.002601343794020217e+00 -7.581592509538509717e+00 -4.109772860659625771e+00 7.505867710324127806e+00 -7.937860363606336733e+00 -9.523917346430003761e+00 -1.011271423845241912e+01
1.661603174986978531e+09 -7.396202683448791504e-01 -9.033749103546142578e-01 1.113701105117797852e+00 -4.187735617160797119e-01 -3.075391650199890137e-01 7.955234050750732422e-01 3.117545545101165771e-01 7.075315344145641561e+00 -7.577968854377906460e+00 -4.107808576821336821e+00 7.502280248161007137e+00 -7.934066428673318683e+00 -9.519365348654254433e+00 -1.010788082263764842e+01
1.661603174988972902e+09 -7.461203932762145996e-01 -8.911514282226562500e-01 1.117171645164489746e+00 -4.215119779109954834e-01 -3.160504996776580811e-01 7.839893102645874023e-01 3.283299803733825684e-01 7.156487342119446815e+00 -7.581592509538398694e+00 -4.109772860659625771e+00 7.505867710323904873e+00 -7.937860363606336733e+00 -9.523917346430058828e+00 -1.011271423845241912e+01
1.661603174990967274e+09 -7.523719668388366699e-01 -8.786060214042663574e-01 1.120603322982788086e+00 -4.241499304771423340e-01 -3.244825601577758789e-01 7.719852924346923828e-01 3.447415828704833984e-01 7.235725828372864932e+00 -7.581592509538509717e+00 -4.109772860659625771e+00 7.505867710324127806e+00 -7.937860363606336733e+00 -9.523917346430003761e+00 -1.011271423845241912e+01
1.661603174992962360e+09 -7.583650946617126465e-01 -8.657426238059997559e-01 1.123999357223510742e+00 -4.266873896121978760e-01 -3.328305780887603760e-01 7.595125436782836914e-01 3.609740138053894043e-01 7.313816201019371910e+00 -7.578874443390252402e+00 -4.108299471727745455e+00 7.503176792167940867e+00 -7.935014572366994479e+00 -9.520502940115557422e+00 -1.010908874338605123e+01
1.661603174994956732e+09 -7.640896439552307129e-01 -8.525655865669250488e-01 1.127362847328186035e+00 -4.291246831417083740e-01 -3.410900533199310303e-01 7.465730905532836914e-01 3.770122528076171875e-01 7.398453839550345634e+00 -7.581592509538398694e+00 -4.109772860659514748e+00 7.505867710324127806e+00 -7.937860363606336733e+00 -9.523917346430058828e+00 -1.011271423845241912e+01
1.661603174996951580e+09 -7.695357203483581543e-01 -8.390796184539794922e-01 1.130697131156921387e+00 -4.314619004726409912e-01 -3.492562472820281982e-01 7.331689596176147461e-01 3.928408622741699219e-01 7.479973414531856157e+00 -7.579780248869323778e+00 -4.108790483974762431e+00 7.504073550479422927e+00 -7.935962942699534395e+00 -9.521640803500352135e+00 -1.011029695286894636e+01
1.661603174998946190e+09 -7.746933698654174805e-01 -8.252900242805480957e-01 1.134005427360534668e+00 -4.336991906166076660e-01 -3.573244810104370117e-01 7.193034291267395020e-01 4.084444046020507812e-01 7.565239511229703062e+00 -7.580686270892855738e+00 -4.109281613604801819e+00 7.504970523172523222e+00 -7.936911539752212086e+00 -9.522778938905926083e+00 -1.011150545118987409e+01
1.661603175000940800e+09 -7.795526981353759766e-01 -8.112024068832397461e-01 1.137290954589843750e+00 -4.358369708061218262e-01 -3.652904033660888672e-01 7.049794197082519531e-01 4.238077402114868164e-01 7.650637527615862687e+00 -7.580686270892855738e+00 -4.109281613604801819e+00 7.504970523172523222e+00 -7.936911539752212086e+00 -9.522778938905982926e+00 -1.011150545118987409e+01
1.661603175001937866e+09 -7.841038107872009277e-01 -7.968227863311767578e-01 1.140557289123535156e+00 -4.378755986690521240e-01 -3.731494247913360596e-01 6.902012228965759277e-01 4.389154613018035889e-01 1.547767695911028518e+01 -1.516499792976796535e+01 -8.220528450362706963e+00 1.501353022402231652e+01 -1.587761882868651497e+01 -1.905011205234037419e+01 -2.022784662952043888e+01
1.661603175003932714e+09 -7.883369922637939453e-01 -7.821576595306396484e-01 1.143807768821716309e+00 -4.398152828216552734e-01 -3.808970749378204346e-01 6.749732494354248047e-01 4.537522196769714355e-01 7.823218135480066060e+00 -7.579780248869323778e+00 -4.108790483974762431e+00 7.504073550479422927e+00 -7.935962942699534395e+00 -9.521640803500352135e+00 -1.011029695286894636e+01
1.661603175005927563e+09 -7.922425866127014160e-01 -7.672139406204223633e-01 1.147045731544494629e+00 -4.416566491127014160e-01 -3.885290026664733887e-01 6.593005061149597168e-01 4.683028459548950195e-01 7.911081416368091368e+00 -7.579780248869323778e+00 -4.108790483974874341e+00 7.504073550479422927e+00 -7.935962942699534395e+00 -9.521640803500352135e+00 -1.011029695286894636e+01
1.661603175006925106e+09 -7.958111763000488281e-01 -7.519989609718322754e-01 1.150274634361267090e+00 -4.434000551700592041e-01 -3.960407674312591553e-01 6.431885957717895508e-01 4.825520217418670654e-01 1.599725249970911811e+01 -1.515774888678050480e+01 -8.216598943455490911e+00 1.500635358433588173e+01 -1.587002914473398896e+01 -1.904100588023122498e+01 -2.021817748677210247e+01
1.661603175008919239e+09 -7.990332245826721191e-01 -7.365205883979797363e-01 1.153497934341430664e+00 -4.450461268424987793e-01 -4.034281969070434570e-01 6.266437172889709473e-01 4.964849054813385010e-01 8.091438456847987126e+00 -7.582498964883982673e+00 -4.110264225181353481e+00 7.506765112011158259e+00 -7.938809414343257487e+00 -9.525056026170187096e+00 -1.011392331476021944e+01
1.661603175009916782e+09 -8.018996119499206543e-01 -7.207869291305541992e-01 1.156719088554382324e+00 -4.465954899787902832e-01 -4.106870293617248535e-01 6.096725463867187500e-01 5.100863575935363770e-01 1.635397545840093514e+01 -1.515774888678050480e+01 -8.216598943455267090e+00 1.500635358433588173e+01 -1.587002914473398896e+01 -1.904100588023122498e+01 -2.021817748677210247e+01
1.661603175011911631e+09 -8.044012784957885742e-01 -7.048066854476928711e-01 1.159941554069519043e+00 -4.480487406253814697e-01 -4.178129732608795166e-01 5.922821164131164551e-01 5.233417153358459473e-01 8.267671560298262889e+00 -7.579780248869323778e+00 -4.108790483974762431e+00 7.504073550479422927e+00 -7.935962942699534395e+00 -9.521640803500352135e+00 -1.011029695286894636e+01
1.661603175013906240e+09 -8.065294027328491211e-01 -6.885889172554016113e-01 1.163168787956237793e+00 -4.494064152240753174e-01 -4.248020946979522705e-01 5.744804739952087402e-01 5.362361669540405273e-01 8.358592671944753860e+00 -7.580686270892855738e+00 -4.109281613604690797e+00 7.504970523172523222e+00 -7.936911539752212086e+00 -9.522778938905982926e+00 -1.011150545118987409e+01
1.661603175014903307e+09 -8.082752823829650879e-01 -6.721430420875549316e-01 1.166404247283935547e+00 -4.506695568561553955e-01 -4.316502809524536133e-01 5.562759041786193848e-01 5.487552285194396973e-01 1.690137843899885794e+01 -1.516499792976796535e+01 -8.220528450362706963e+00 1.501353022402231652e+01 -1.587761882868651497e+01 -1.905011205234037419e+01 -2.022784662952043888e+01
1.661603175016898155e+09 -8.096305131912231445e-01 -6.554790735244750977e-01 1.169651389122009277e+00 -4.518386423587799072e-01 -4.383534193038940430e-01 5.376769304275512695e-01 5.608847141265869141e-01 8.537689710766606765e+00 -7.579780248869323778e+00 -4.108790483974762431e+00 7.504073550479422927e+00 -7.935962942699534395e+00 -9.521640803500352135e+00 -1.011029695286894636e+01
1.661603175018892527e+09 -8.105869889259338379e-01 -6.386072635650634766e-01 1.172913432121276855e+00 -4.529147446155548096e-01 -4.449078142642974854e-01 5.186933875083923340e-01 5.726103782653808594e-01 8.629717128774951007e+00 -7.581592509538509717e+00 -4.109772860659514748e+00 7.505867710324127806e+00 -7.937860363606336733e+00 -9.523917346430058828e+00 -1.011271423845241912e+01
1.661603175019890547e+09 -8.111367821693420410e-01 -6.215383410453796387e-01 1.176193952560424805e+00 -4.538984000682830811e-01 -4.513093233108520508e-01 4.993347525596618652e-01 5.839186310768127441e-01 1.742450047173836225e+01 -1.515050677073331009e+01 -8.212673191451704824e+00 1.499918380240356619e+01 -1.586244671322670996e+01 -1.903190840967210917e+01 -2.020851758352949901e+01
1.661603175021884918e+09 -8.112723231315612793e-01 -6.042834520339965820e-01 1.179496049880981445e+00 -4.547908604145050049e-01 -4.575544297695159912e-01 4.796117544174194336e-01 5.947955846786499023e-01 8.809058640564598974e+00 -7.581592509538509717e+00 -4.109772860659514748e+00 7.505867710324127806e+00 -7.937860363606336733e+00 -9.523917346430058828e+00 -1.011271423845241912e+01
1.661603175022881746e+09 -8.109863400459289551e-01 -5.868540406227111816e-01 1.182823181152343750e+00 -4.555929303169250488e-01 -4.636392891407012939e-01 4.595352411270141602e-01 6.052281260490417480e-01 1.780290484770783976e+01 -1.516862505197073219e+01 -8.222494613589294232e+00 1.501712111859873922e+01 -1.588141639358215862e+01 -1.905466840537848583e+01 -2.023268466985278025e+01
1.661603175024876833e+09 -8.102717995643615723e-01 -5.692620873451232910e-01 1.186178565025329590e+00 -4.563056230545043945e-01 -4.695602357387542725e-01 4.391166567802429199e-01 6.152031421661376953e-01 8.983738255892737001e+00 -7.578874443390252402e+00 -4.108299471727633545e+00 7.503176792167940867e+00 -7.935014572366994479e+00 -9.520502940115612489e+00 -1.010908874338605123e+01
1.661603175026871443e+09 -8.091220855712890625e-01 -5.515197515487670898e-01 1.189565300941467285e+00 -4.569299519062042236e-01 -4.753137528896331787e-01 4.183678925037384033e-01 6.247079968452453613e-01 9.074072807026427157e+00 -7.580686270892800671e+00 -4.109281613604690797e+00 7.504970523172523222e+00 -7.936911539752212086e+00 -9.522778938905982926e+00 -1.011150545118987409e+01
1.661603175027869463e+09 -8.075309991836547852e-01 -5.336397290229797363e-01 1.192986488342285156e+00 -4.574670195579528809e-01 -4.808964431285858154e-01 3.973014652729034424e-01 6.337302923202514648e-01 1.831003754020282770e+01 -1.515050677073319818e+01 -8.212673191451704824e+00 1.499918380240356619e+01 -1.586244671322670996e+01 -1.903190840967210917e+01 -2.020851758352949901e+01
1.661603175029863358e+09 -8.054925799369812012e-01 -5.156348943710327148e-01 1.196445107460021973e+00 -4.579180181026458740e-01 -4.863048791885375977e-01 3.759302794933319092e-01 6.422579288482666016e-01 9.251735575709913562e+00 -7.583405637006955580e+00 -4.110755707212344845e+00 7.507662728310574352e+00 -7.939758692044362576e+00 -9.526194978224015841e+00 -1.011513268021696454e+01
1.661603175031857967e+09 -8.030014038085937500e-01 -4.975186288356781006e-01 1.199944257736206055e+00 -4.582838118076324463e-01 -4.915353655815124512e-01 3.542674779891967773e-01 6.502795219421386719e-01 9.334414356691638659e+00 -7.580686270892800671e+00 -4.109281613604690797e+00 7.504970523172523222e+00 -7.936911539752212086e+00 -9.522778938905954504e+00 -1.011150545118987409e+01
1.661603175032855272e+09 -8.000522851943969727e-01 -4.793044924736022949e-01 1.203486919403076172e+00 -4.585658609867095947e-01 -4.965851604938507080e-01 3.323271274566650391e-01 6.577835679054260254e-01 1.883913421862458293e+01 -1.516137254178560134e+01 -8.218563227209381594e+00 1.500994104634504644e+01 -1.587382307950442417e+01 -1.904555787781190901e+01 -2.022301090237974819e+01
1.661603175034849882e+09 -7.966406345367431641e-01 -4.610063731670379639e-01 1.207075595855712891e+00 -4.587652981281280518e-01 -5.014507770538330078e-01 3.101233839988708496e-01 6.647593379020690918e-01 9.503734600597772086e+00 -7.580686270892800671e+00 -4.109281613604690797e+00 7.504970523172523222e+00 -7.936911539752212086e+00 -9.522778938905954504e+00 -1.011150545118987409e+01
1.661603175036846161e+09 -7.927622199058532715e-01 -4.426384866237640381e-01 1.210713148117065430e+00 -4.588834345340728760e-01 -5.061293244361877441e-01 2.876710593700408936e-01 6.711963415145874023e-01 9.578852118709425767e+00 -7.574348661446216546e+00 -4.105846169761953490e+00 7.498696213646402597e+00 -7.930276118663203810e+00 -9.514817700094019060e+00 -1.010305202491991849e+01
1.661603175037842274e+09 -7.884132862091064453e-01 -4.242152869701385498e-01 1.214402198791503906e+00 -4.589214622974395752e-01 -5.106176137924194336e-01 2.649851143360137939e-01 6.770846843719482422e-01 1.936091730723093818e+01 -1.517951683635451587e+01 -8.228398750458794098e+00 1.502790411605105980e+01 -1.589281999558797054e+01 -1.906835055119368505e+01 -2.024721268660938733e+01
1.661603175039836645e+09 -7.835904955863952637e-01 -4.057515263557434082e-01 1.218145251274108887e+00 -4.588807225227355957e-01 -5.149127244949340820e-01 2.420811355113983154e-01 6.824148893356323242e-01 9.750869791085804650e+00 -7.581592509538453761e+00 -4.109772860659514748e+00 7.505867710324127806e+00 -7.937860363606280778e+00 -9.523917346430032183e+00 -1.011271423845236228e+01
1.661603175041831493e+09 -7.782910466194152832e-01 -3.872621059417724609e-01 1.221944689750671387e+00 -4.587625563144683838e-01 -5.190120339393615723e-01 2.189750224351882935e-01 6.871778368949890137e-01 9.828103309243969576e+00 -7.579780248869268711e+00 -4.108790483974762431e+00 7.504073550479422927e+00 -7.935962942699479328e+00 -9.521640803500323713e+00 -1.011029695286900321e+01
1.661603175042828560e+09 -7.725126743316650391e-01 -3.687622249126434326e-01 1.225802779197692871e+00 -4.585684537887573242e-01 -5.229126214981079102e-01 1.956830173730850220e-01 6.913649439811706543e-01 1.981972105541272811e+01 -1.516499792976785521e+01 -8.220528450362706963e+00 1.501353022402231652e+01 -1.587761882868640484e+01 -1.905011205234032090e+01 -2.022784662952055257e+01
1.661603175044823647e+09 -7.662535905838012695e-01 -3.502672016620635986e-01 1.229721784591674805e+00 -4.582996964454650879e-01 -5.266119837760925293e-01 1.722217649221420288e-01 6.949682235717773438e-01 9.981939337037859516e+00 -7.578874443390197335e+00 -4.108299471727633545e+00 7.503176792167940867e+00 -7.935014572366938523e+00 -9.520502940115585844e+00 -1.010908874338599617e+01
1.661603175046818018e+09 -7.595124244689941406e-01 -3.317926228046417236e-01 1.233703613281250000e+00 -4.579578638076782227e-01 -5.301074385643005371e-01 1.486082375049591064e-01 6.979802250862121582e-01 1.006086554636410213e+01 -7.581592509538453761e+00 -4.109772860659514748e+00 7.505867710324127806e+00 -7.937860363606280778e+00 -9.523917346430032183e+00 -1.011271423845247419e+01
1.661603175048812628e+09 -7.522884011268615723e-01 -3.133541047573089600e-01 1.237750172615051270e+00 -4.575442969799041748e-01 -5.333965420722961426e-01 1.248597502708435059e-01 7.003937959671020508e-01 1.013349812889394386e+01 -7.580686270892800671e+00 -4.109281613604690797e+00 7.504970523172523222e+00 -7.936911539752156131e+00 -9.522778938905954504e+00 -1.011150545118992916e+01
1.661603175049809933e+09 -7.445814013481140137e-01 -2.949675023555755615e-01 1.241863250732421875e+00 -4.570604264736175537e-01 -5.364768505096435547e-01 1.009937971830368042e-01 7.022026777267456055e-01 2.041139528935425673e+01 -1.516137254178560134e+01 -8.218563227209381594e+00 1.500994104634504644e+01 -1.587382307950431226e+01 -1.904555787781190901e+01 -2.022301090237963450e+01
1.661603175051804781e+09 -7.363917231559753418e-01 -2.766487002372741699e-01 1.246044635772705078e+00 -4.565078914165496826e-01 -5.393462777137756348e-01 7.702834159135818481e-02 7.034008502960205078e-01 1.027504420668862473e+01 -7.579780248869268711e+00 -4.108790483974762431e+00 7.504073550479422927e+00 -7.935962942699479328e+00 -9.521640803500337924e+00 -1.011029695286889130e+01
1.661603175053799391e+09 -7.277202010154724121e-01 -2.584137320518493652e-01 1.250295758247375488e+00 -4.558882117271423340e-01 -5.420024991035461426e-01 5.298146978020668030e-02 7.039831280708312988e-01 1.034511657295522902e+01 -7.580686270892800671e+00 -4.109281613604690797e+00 7.504970523172523222e+00 -7.936911539752156131e+00 -9.522778938905968715e+00 -1.011150545118981725e+01
1.661603175055794239e+09 -7.185683250427246094e-01 -2.402786612510681152e-01 1.254617810249328613e+00 -4.552029371261596680e-01 -5.444434285163879395e-01 2.887160703539848328e-02 7.039446830749511719e-01 1.041091273734555855e+01 -7.579780248869268711e+00 -4.108790483974762431e+00 7.504073550479422927e+00 -7.935962942699479328e+00 -9.521640803500337924e+00 -1.011029695286900321e+01
1.661603175057788610e+09 -7.089380621910095215e-01 -2.222595661878585815e-01 1.259012222290039062e+00 -4.544535875320434570e-01 -5.466670989990234375e-01 4.717328120023012161e-03 7.032814025878906250e-01 1.047865992161800364e+01 -7.581592509538453761e+00 -4.109772860659514748e+00 7.505867710324127806e+00 -7.937860363606280778e+00 -9.523917346430046393e+00 -1.011271423845247419e+01
1.661603175058785677e+09 -6.988319754600524902e-01 -2.043725550174713135e-01 1.263480067253112793e+00 -4.536418020725250244e-01 -5.486716032028198242e-01 -1.946253329515457153e-02 7.019898891448974609e-01 2.108660006493440520e+01 -1.516499792976785521e+01 -8.220528450362706963e+00 1.501353022402231652e+01 -1.587761882868640484e+01 -1.905011205234034577e+01 -2.022784662952032875e+01
1.661603175060780525e+09 -6.882532835006713867e-01 -1.866337358951568604e-01 1.268022060394287109e+00 -4.527692794799804688e-01 -5.504551529884338379e-01 -4.364896938204765320e-02 7.000671029090881348e-01 1.060090732949745629e+01 -7.579780248869268711e+00 -4.108790483974762431e+00 7.504073550479422927e+00 -7.935962942699479328e+00 -9.521640803500337924e+00 -1.011029695286900321e+01
1.661603175062775373e+09 -6.772056818008422852e-01 -1.690591573715209961e-01 1.272639036178588867e+00 -4.518374204635620117e-01 -5.520160198211669922e-01 -6.782281398773193359e-02 6.975108385086059570e-01 1.066033062713342794e+01 -7.579780248869268711e+00 -4.108790483974762431e+00 7.504073550479422927e+00 -7.935962942699479328e+00 -9.521640803500337924e+00 -1.011029695286900321e+01
1.661603175064769745e+09 -6.656934022903442383e-01 -1.516648083925247192e-01 1.277331471443176270e+00 -4.508481025695800781e-01 -5.533526539802551270e-01 -9.196477383375167847e-02 6.943193674087524414e-01 1.072029287609633741e+01 -7.581592509538453761e+00 -4.109772860659514748e+00 7.505867710324127806e+00 -7.937860363606280778e+00 -9.523917346430046393e+00 -1.011271423845236228e+01
1.661603175066764593e+09 -6.537213921546936035e-01 -1.344666033983230591e-01 1.282100081443786621e+00 -4.498028755187988281e-01 -5.544635057449340820e-01 -1.160553991794586182e-01 6.904916763305664062e-01 1.077306209059855568e+01 -7.579780248869268711e+00 -4.108790483974762431e+00 7.504073550479422927e+00 -7.935962942699479328e+00 -9.521640803500337924e+00 -1.011029695286889130e+01
1.661603175067762136e+09 -6.412951350212097168e-01 -1.174803227186203003e-01 1.286944746971130371e+00 -4.487034678459167480e-01 -5.553472638130187988e-01 -1.400752067565917969e-01 6.860274076461791992e-01 2.164986170592191783e+01 -1.515774888678039467e+01 -8.216598943455267090e+00 1.500635358433588173e+01 -1.587002914473387705e+01 -1.904100588023119656e+01 -2.021817748677221616e+01
1.661603175069756985e+09 -6.284205317497253418e-01 -1.007216125726699829e-01 1.291865825653076172e+00 -4.475514590740203857e-01 -5.560023784637451172e-01 -1.640045195817947388e-01 6.809269189834594727e-01 1.087729028888728600e+01 -7.579780248869268711e+00 -4.108790483974762431e+00 7.504073550479422927e+00 -7.935962942699479328e+00 -9.521640803500334371e+00 -1.011029695286900321e+01
1.661603175071751356e+09 -6.151043176651000977e-01 -8.420594781637191772e-02 1.296863198280334473e+00 -4.463487565517425537e-01 -5.564280748367309570e-01 -1.878237426280975342e-01 6.751910448074340820e-01 1.092872057129508789e+01 -7.581592509538453761e+00 -4.109772860659514748e+00 7.505867710324127806e+00 -7.937860363606280778e+00 -9.523917346430042841e+00 -1.011271423845236228e+01
1.661603175073745966e+09 -6.013535261154174805e-01 -6.794862449169158936e-02 1.301936507225036621e+00 -4.450968205928802490e-01 -5.566229224205017090e-01 -2.115131914615631104e-01 6.688213348388671875e-01 1.097401847773021899e+01 -7.580686270892800671e+00 -4.109281613604690797e+00 7.504970523172523222e+00 -7.936911539752156131e+00 -9.522778938905965163e+00 -1.011150545118981725e+01
1.661603175074743271e+09 -5.871758460998535156e-01 -5.196470394730567932e-02 1.307085394859313965e+00 -4.437974393367767334e-01 -5.565859675407409668e-01 -2.350530773401260376e-01 6.618201732635498047e-01 2.203672848232975667e+01 -1.516137254178560134e+01 -8.218563227209381594e+00 1.500994104634504644e+01 -1.587382307950431226e+01 -1.904555787781193033e+01 -2.022301090237963450e+01
1.661603175076738119e+09 -5.725796818733215332e-01 -3.626900538802146912e-02 1.312309265136718750e+00 -4.424523711204528809e-01 -5.563164353370666504e-01 -2.584238350391387939e-01 6.541903614997863770e-01 1.105903272194091258e+01 -7.579780248869268711e+00 -4.108790483974762431e+00 7.504073550479422927e+00 -7.935962942699479328e+00 -9.521640803500334371e+00 -1.011029695286900321e+01
1.661603175078732729e+09 -5.575736761093139648e-01 -2.087608724832534790e-02 1.317607402801513672e+00 -4.410633742809295654e-01 -5.558134317398071289e-01 -2.816057503223419189e-01 6.459354758262634277e-01 1.110006013037570760e+01 -7.580686270892800671e+00 -4.109281613604690797e+00 7.504970523172523222e+00 -7.936911539752156131e+00 -9.522778938905965163e+00 -1.011150545118992916e+01
1.661603175079730034e+09 -5.421672463417053223e-01 -5.800208076834678650e-03 1.322978734970092773e+00 -4.396320879459381104e-01 -5.550764203071594238e-01 -3.045793771743774414e-01 6.370597481727600098e-01 2.227469895843261938e+01 -1.516137254178560134e+01 -8.218563227209381594e+00 1.500994104634504644e+01 -1.587382307950431226e+01 -1.904555787781193033e+01 -2.022301090237963450e+01
1.661603175081724644e+09 -5.263701677322387695e-01 8.944693021476268768e-03 1.328422188758850098e+00 -4.381604194641113281e-01 -5.541047453880310059e-01 -3.273251056671142578e-01 6.275680661201477051e-01 1.117227101548198576e+01 -7.580686270892800671e+00 -4.109281613604690797e+00 7.504970523172523222e+00 -7.936911539752156131e+00 -9.522778938905965163e+00 -1.011150545118981725e+01
1.661603175083719254e+09 -5.101928710937500000e-01 2.334501780569553375e-02 1.333936452865600586e+00 -4.366497695446014404e-01 -5.528978109359741211e-01 -3.498235642910003662e-01 6.174660921096801758e-01 1.120473784202308920e+01 -7.580686270892828205e+00 -4.109281613604690797e+00 7.504970523172523222e+00 -7.936911539752156131e+00 -9.522778938905968715e+00 -1.011150545118992916e+01
1.661603175084716558e+09 -4.936461150646209717e-01 3.738753870129585266e-02 1.339520215988159180e+00 -4.351022243499755859e-01 -5.514554977416992188e-01 -3.720555901527404785e-01 6.067598462104797363e-01 2.246961679812078572e+01 -1.516137254178565641e+01 -8.218563227209381594e+00 1.500994104634504644e+01 -1.587382307950431226e+01 -1.904555787781193743e+01 -2.022301090237985832e+01
1.661603175086711645e+09 -4.767412841320037842e-01 5.105940997600555420e-02 1.345171570777893066e+00 -4.335193037986755371e-01 -5.497773289680480957e-01 -3.940020799636840820e-01 5.954563617706298828e-01 1.125965996624094245e+01 -7.578874443390197335e+00 -4.108299471727633545e+00 7.503176792167940867e+00 -7.935014572366938523e+00 -9.520502940115598278e+00 -1.010908874338599617e+01
1.661603175088705778e+09 -4.594901204109191895e-01 6.434821337461471558e-02 1.350888967514038086e+00 -4.319028556346893311e-01 -5.478633046150207520e-01 -4.156441390514373779e-01 5.835630893707275391e-01 1.129015717680523423e+01 -7.582498964883927606e+00 -4.110264225181353481e+00 7.506765112011158259e+00 -7.938809414343202420e+00 -9.525056026170172885e+00 -1.011392331476027628e+01
1.661603175089703321e+09 -4.419048726558685303e-01 7.724194228649139404e-02 1.356670379638671875e+00 -4.302543997764587402e-01 -5.457130670547485352e-01 -4.369628429412841797e-01 5.710883140563964844e-01 2.261467701530542840e+01 -1.515774888678039467e+01 -8.216598943455267090e+00 1.500635358433588173e+01 -1.587002914473387705e+01 -1.904100588023119656e+01 -2.021817748677221616e+01
1.661603175091697931e+09 -4.239982068538665771e-01 8.972906321287155151e-02 1.362513542175292969e+00 -4.285758733749389648e-01 -5.433269739151000977e-01 -4.579400122165679932e-01 5.580407381057739258e-01 1.133008660156493264e+01 -7.580686270892800671e+00 -4.109281613604690797e+00 7.504970523172523222e+00 -7.936911539752156131e+00 -9.522778938905968715e+00 -1.011150545118981725e+01
1.661603175092694998e+09 -4.057831764221191406e-01 1.017985269427299500e-01 1.368416190147399902e+00 -4.268689453601837158e-01 -5.407050251960754395e-01 -4.785574078559875488e-01 5.444298386573791504e-01 2.270064951921429852e+01 -1.516499792976785521e+01 -8.220528450362706963e+00 1.501353022402231652e+01 -1.587761882868640484e+01 -1.905011205234034577e+01 -2.022784662952032875e+01
1.661603175094690084e+09 -3.872732520103454590e-01 1.134397462010383606e-01 1.374375939369201660e+00 -4.251353442668914795e-01 -5.378475785255432129e-01 -4.987971186637878418e-01 5.302656292915344238e-01 1.135987433973346228e+01 -7.578874443390197335e+00 -4.108299471727633545e+00 7.503176792167940867e+00 -7.935014572366938523e+00 -9.520502940115598278e+00 -1.010908874338599617e+01
1.661603175095687151e+09 -3.684822618961334229e-01 1.246426776051521301e-01 1.380390048027038574e+00 -4.233765304088592529e-01 -5.347546935081481934e-01 -5.186410546302795410e-01 5.155590176582336426e-01 2.275543939722876985e+01 -1.516499792976791028e+01 -8.220528450362706963e+00 1.501353022402231652e+01 -1.587761882868640484e+01 -1.905011205234034577e+01 -2.022784662952055257e+01
1.661603175097681999e+09 -3.494243621826171875e-01 1.353977918624877930e-01 1.386455774307250977e+00 -4.215945303440093994e-01 -5.314272642135620117e-01 -5.380725264549255371e-01 5.003210306167602539e-01 1.138349635249561587e+01 -7.579780248869296244e+00 -4.108790483974762431e+00 7.504073550479422927e+00 -7.935962942699479328e+00 -9.521640803500337924e+00 -1.011029695286900321e+01
1.661603175098679304e+09 -3.301140367984771729e-01 1.456961333751678467e-01 1.392570137977600098e+00 4.197908043861389160e-01 5.278654694557189941e-01 5.570741891860961914e-01 -4.845637679100036621e-01 2.278430038050462159e+01 -1.516137254178560134e+01 -8.218563227209381594e+00 1.500994104634504644e+01 -1.587382307950431226e+01 -1.904555787781190901e+01 -2.022301090237963450e+01
1.661603175100673676e+09 -3.105660974979400635e-01 1.555292755365371704e-01 1.398729920387268066e+00 4.179671704769134521e-01 5.240702033042907715e-01 5.756294727325439453e-01 -4.682996273040771484e-01 1.139820668569131712e+01 -7.581592509538482183e+00 -4.109772860659514748e+00 7.505867710324127806e+00 -7.937860363606280778e+00 -9.523917346430032183e+00 -1.011271423845247419e+01
1.661603175101671457e+09 -2.907956242561340332e-01 1.648893952369689941e-01 1.404932141304016113e+00 4.161251783370971680e-01 5.200420618057250977e-01 5.937222242355346680e-01 -4.515418112277984619e-01 2.278710382076496543e+01 -1.515412696350995603e+01 -8.214635598426962559e+00 1.500276783676495285e+01 -1.586623702307444184e+01 -1.903645605803756524e+01 -2.021334638104060843e+01
1.661603175103666067e+09 -2.708179354667663574e-01 1.737692505121231079e-01 1.411173105239868164e+00 4.142664968967437744e-01 5.157819986343383789e-01 6.113365292549133301e-01 -4.343038201332092285e-01 1.139854204401655657e+01 -7.580686270892800671e+00 -4.109281613604690797e+00 7.504970523172523222e+00 -7.936911539752156131e+00 -9.522778938905954504e+00 -1.011150545118981725e+01
1.661603175105660915e+09 -2.506485581398010254e-01 1.821622103452682495e-01 1.417449474334716797e+00 4.123927354812622070e-01 5.112910270690917969e-01 6.284569501876831055e-01 -4.165999591350555420e-01 1.139419014080159442e+01 -7.579780248869268711e+00 -4.108790483974762431e+00 7.504073550479422927e+00 -7.935962942699479328e+00 -9.521640803500323713e+00 -1.011029695286889130e+01
1.661603175106658220e+09 -2.303032726049423218e-01 1.900622397661209106e-01 1.423757433891296387e+00 4.105055928230285645e-01 5.065701603889465332e-01 6.450686454772949219e-01 -3.984449207782745361e-01 2.277992063826213709e+01 -1.516137254178560134e+01 -8.218563227209381594e+00 1.500994104634504644e+01 -1.587382307950431226e+01 -1.904555787781190901e+01 -2.022301090237985832e+01
1.661603175108652592e+09 -2.097979784011840820e-01 1.974639594554901123e-01 1.430093288421630859e+00 4.086065292358398438e-01 5.016204714775085449e-01 6.611571311950683594e-01 -3.798539340496063232e-01 1.138319856205988856e+01 -7.581592509538453761e+00 -4.109772860659514748e+00 7.505867710324127806e+00 -7.937860363606280778e+00 -9.523917346430032183e+00 -1.011271423845247419e+01
1.661603175110647202e+09 -1.891487389802932739e-01 2.043626010417938232e-01 1.436452984809875488e+00 4.066970944404602051e-01 4.964432120323181152e-01 6.767082810401916504e-01 -3.608426749706268311e-01 1.137114974363952413e+01 -7.580686270892813994e+00 -4.109281613604690797e+00 7.504970523172523222e+00 -7.936911539752156131e+00 -9.522778938905954504e+00 -1.011150545118992916e+01
1.661603175111645222e+09 -1.683717370033264160e-01 2.107540518045425415e-01 1.442832469940185547e+00 4.047789573669433594e-01 4.910398423671722412e-01 6.917087435722351074e-01 -3.414276242256164551e-01 2.269957177686551830e+01 -1.515050677073322660e+01 -8.212673191451704824e+00 1.499918380240356619e+01 -1.586244671322659805e+01 -1.903190840967205233e+01 -2.020851758352960914e+01
1.661603175113639355e+09 -1.474832445383071899e-01 2.166348397731781006e-01 1.449227690696716309e+00 4.028536975383758545e-01 4.854118525981903076e-01 7.061454057693481445e-01 -3.216253817081451416e-01 1.134490743874854246e+01 -7.582498964883940928e+00 -4.110264225181353481e+00 7.506765112011158259e+00 -7.938809414343202420e+00 -9.525056026170160450e+00 -1.011392331476027628e+01
1.661603175115633965e+09 -1.264995932579040527e-01 2.220021188259124756e-01 1.455634117126464844e+00 4.009226858615875244e-01 4.795606434345245361e-01 7.200059294700622559e-01 -3.014531135559082031e-01 1.132391969462907610e+01 -7.580686270892813994e+00 -4.109281613604690797e+00 7.504970523172523222e+00 -7.936911539752156131e+00 -9.522778938905954504e+00 -1.011150545118992916e+01
1.661603175116631269e+09 -1.054371371865272522e-01 2.268537282943725586e-01 1.462047576904296875e+00 3.989874720573425293e-01 4.734879434108734131e-01 7.332784533500671387e-01 -2.809285223484039307e-01 2.260638320784301669e+01 -1.516137254178562799e+01 -8.218563227209381594e+00 1.500994104634504644e+01 -1.587382307950431226e+01 -1.904555787781190901e+01 -2.022301090237985832e+01
1.661603175118625879e+09 -8.431224524974822998e-02 2.311881631612777710e-01 1.468463420867919922e+00 3.970495164394378662e-01 4.671955108642578125e-01 7.459516525268554688e-01 -2.600695788860321045e-01 1.127997200094485208e+01 -7.580686270892813994e+00 -4.109281613604690797e+00 7.504970523172523222e+00 -7.936911539752156131e+00 -9.522778938905954504e+00 -1.011150545118992916e+01
1.661603175120620728e+09 -8.431224524974822998e-02 2.311881631612777710e-01 1.468463420867919922e+00 3.970495164394378662e-01 4.671955108642578125e-01 7.459516525268554688e-01 -2.600695788860321045e-01 0.000000000000000000e+00 0.000000000000000000e+00 0.000000000000000000e+00 0.000000000000000000e+00 0.000000000000000000e+00 0.000000000000000000e+00 0.000000000000000000e+00
1.661603175122615337e+09 -8.582282066345214844e-02 2.352676391601562500e-01 1.467186570167541504e+00 4.091365337371826172e-01 4.598568379878997803e-01 7.374932765960693359e-01 -2.779255509376525879e-01 2.272968922387771151e+00 3.122172867187681389e-01 -2.906674201454755302e+00 3.432693030709899951e+00 6.995020629717212834e+00 1.203453898952751677e+00 1.771024364650765293e+01
1.661603175123612404e+09 -8.735895901918411255e-02 2.393375933170318604e-01 1.465895533561706543e+00 4.210569560527801514e-01 4.522093832492828369e-01 7.286030650138854980e-01 -2.955593764781951904e-01 4.551083903910511097e+00 6.245838882566548955e-01 -5.814738491001805620e+00 6.867027712797471040e+00 1.399338655863540737e+01 2.407483337790113254e+00 3.542895704129219325e+01
1.661603175125607491e+09 -8.892042189836502075e-02 2.433977872133255005e-01 1.464590668678283691e+00 4.328028857707977295e-01 4.442570209503173828e-01 7.192866206169128418e-01 -3.129602968692779541e-01 2.276385855196879859e+00 3.121426649963349176e-01 -2.905979489647413150e+00 3.431872597385160262e+00 6.993348779662198034e+00 1.203166266567724518e+00 1.770601079668785260e+01
1.661603175127601862e+09 -9.050697088241577148e-02 2.474480122327804565e-01 1.463272333145141602e+00 4.443667232990264893e-01 4.360043108463287354e-01 7.095495462417602539e-01 -3.301179111003875732e-01 2.279048337111259759e+00 3.122546109610537246e-01 -2.907021681933112056e+00 3.433103394491216154e+00 6.995856854538458514e+00 1.203597766723098594e+00 1.771236083044626497e+01
1.661603175129596710e+09 -9.211836755275726318e-02 2.514880299568176270e-01 1.461940884590148926e+00 4.557409882545471191e-01 4.274557828903198242e-01 6.993979811668395996e-01 -3.470218181610107422e-01 2.280247043221042436e+00 3.121799713982567615e-01 -2.906326804036151845e+00 3.432282765019603499e+00 6.994184604782383907e+00 1.203310065571736587e+00 1.770812696864862090e+01
1.661603175130593777e+09 -9.375435858964920044e-02 2.555176615715026855e-01 1.460596561431884766e+00 4.669182002544403076e-01 4.186160266399383545e-01 6.888382434844970703e-01 -3.636618554592132568e-01 4.565491557786134358e+00 6.245838882566548955e-01 -5.814738491001805620e+00 6.867027712797471040e+00 1.399338655863540737e+01 2.407483337790169209e+00 3.542895704129219325e+01
1.661603175132588387e+09 -9.541468322277069092e-02 2.595366239547729492e-01 1.459239721298217773e+00 4.778909981250762939e-01 4.094900190830230713e-01 6.778767704963684082e-01 -3.800279200077056885e-01 2.283749662378719680e+00 3.122172867187820722e-01 -2.906674201454643836e+00 3.432693030709899951e+00 6.995020629717101812e+00 1.203453898952723700e+00 1.771024364650776306e+01
1.661603175134582996e+09 -9.709908068180084229e-02 2.635447382926940918e-01 1.457870841026306152e+00 4.886523485183715820e-01 4.000828266143798828e-01 6.665203571319580078e-01 -3.961101174354553223e-01 2.285194141404632173e+00 3.122172867187681389e-01 -2.906674201454755302e+00 3.432693030709899951e+00 6.995020629717212834e+00 1.203453898952751677e+00 1.771024364650765293e+01
1.661603175136578083e+09 -9.880729019641876221e-02 2.675417661666870117e-01 1.456490159034729004e+00 4.991950094699859619e-01 3.903996348381042480e-01 6.547761559486389160e-01 -4.118987917900085449e-01 2.285993868683583230e+00 3.121426649963210398e-01 -2.905979489647524172e+00 3.431872597385160262e+00 6.993348779662309056e+00 1.203166266567724518e+00 1.770601079668773892e+01
1.661603175137575388e+09 -1.005390360951423645e-01 2.715275287628173828e-01 1.455097913742065430e+00 5.095122456550598145e-01 3.804460167884826660e-01 6.426513791084289551e-01 -4.273843467235565186e-01 4.575619338639290490e+00 6.244345734375641443e-01 -5.813348402909287671e+00 6.865386061419799901e+00 1.399004125943420362e+01 2.406907797905447399e+00 3.542048729301552612e+01
1.661603175139569998e+09 -1.022940427064895630e-01 2.755017578601837158e-01 1.453694462776184082e+00 5.195971131324768066e-01 3.702274560928344727e-01 6.301535367965698242e-01 -4.425573647022247314e-01 2.288942409186112581e+00 3.122172867187820722e-01 -2.906674201454643836e+00 3.432693030709899951e+00 6.995020629717101812e+00 1.203453898952723700e+00 1.771024364650776306e+01
1.661603175141564608e+09 -1.040720269083976746e-01 2.794642448425292969e-01 1.452280282974243164e+00 5.294430255889892578e-01 3.597497642040252686e-01 6.172904372215270996e-01 -4.574086666107177734e-01 2.289942339670632432e+00 3.122172867187681389e-01 -2.906674201454755302e+00 3.432693030709899951e+00 6.995020629717212834e+00 1.203453898952751677e+00 1.771024364650765293e+01
1.661603175143559217e+09 -1.058727055788040161e-01 2.834148108959197998e-01 1.450855493545532227e+00 5.390434861183166504e-01 3.490189015865325928e-01 6.040700078010559082e-01 -4.719293117523193359e-01 2.290875434312552361e+00 3.122172867187681389e-01 -2.906674201454755302e+00 3.432693030709899951e+00 6.995020629717212834e+00 1.203453898952751677e+00 1.771024364650765293e+01
1.661603175144556999e+09 -1.076957806944847107e-01 2.873532176017761230e-01 1.449420332908630371e+00 5.483922362327575684e-01 3.380408585071563721e-01 5.905005335807800293e-01 -4.861105084419250488e-01 4.581194521178012735e+00 6.241361578708078950e-01 -5.810570219682091420e+00 6.862105112286505104e+00 1.398335545715968209e+01 2.405757543282792454e+00 3.540355993947047608e+01
1.661603175146551371e+09 -1.095409691333770752e-01 2.912792265415191650e-01 1.447975397109985352e+00 5.574829578399658203e-01 3.268220126628875732e-01 5.765904188156127930e-01 -4.999436140060424805e-01 2.292611854360418366e+00 3.122546109610676579e-01 -2.907021681933000590e+00 3.433103394491216154e+00 6.995856854538346603e+00 1.203597766723070839e+00 1.771236083044637510e+01
1.661603175148545742e+09 -1.114079579710960388e-01 2.951926887035369873e-01 1.446520805358886719e+00 -5.663096308708190918e-01 -3.153687119483947754e-01 -5.623483061790466309e-01 5.134202241897583008e-01 2.293191047336144095e+00 3.122546109610537246e-01 -2.907021681933112056e+00 3.433103394491216154e+00 6.995856854538458514e+00 1.203597766723098594e+00 1.771236083044626497e+01
1.661603175149543285e+09 -1.132964417338371277e-01 2.990933656692504883e-01 1.445056796073913574e+00 -5.748664140701293945e-01 -3.036875128746032715e-01 -5.477831363677978516e-01 5.265322327613830566e-01 4.585647861779965417e+00 6.242853299926420796e-01 -5.811958979295048344e+00 6.863745194770320524e+00 1.398669755932461811e+01 2.406332533135449037e+00 3.541202159337547783e+01
1.661603175151537895e+09 -1.152061223983764648e-01 3.029810190200805664e-01 1.443583846092224121e+00 -5.831476449966430664e-01 -2.917850911617279053e-01 -5.329039692878723145e-01 5.392715930938720703e-01 2.293664429676600225e+00 3.122172867187820722e-01 -2.906674201454643836e+00 3.432693030709899951e+00 6.995020629717101812e+00 1.203453898952723700e+00 1.771024364650776306e+01
1.661603175153532982e+09 -1.171366721391677856e-01 3.068554699420928955e-01 1.442101955413818359e+00 -5.911476016044616699e-01 -2.796682119369506836e-01 -5.177199244499206543e-01 5.516306757926940918e-01 2.293339818136419073e+00 3.121426649963349176e-01 -2.905979489647413150e+00 3.431872597385160262e+00 6.993348779662198034e+00 1.203166266567696763e+00 1.770601079668785260e+01
1.661603175155527115e+09 -1.190877780318260193e-01 3.107165396213531494e-01 1.440611720085144043e+00 -5.988609790802001953e-01 -2.673438489437103271e-01 -5.022404193878173828e-01 5.636020302772521973e-01 2.294495899276774775e+00 3.122919441283135145e-01 -2.907369245501014277e+00 3.433513856398735520e+00 6.996693279317814707e+00 1.203741668895112360e+00 1.771447852064609663e+01
1.661603175157522202e+09 -1.210591271519660950e-01 3.145639896392822266e-01 1.439113259315490723e+00 -6.062828302383422852e-01 -2.548193335533142090e-01 -4.864755570888519287e-01 5.751781463623046875e-01 2.293344278998250996e+00 3.121426649963210398e-01 -2.905979489647524172e+00 3.431872597385160262e+00 6.993348779662309056e+00 1.203166266567724518e+00 1.770601079668785260e+01
1.661603175159516335e+09 -1.230503767728805542e-01 3.183976113796234131e-01 1.437606811523437500e+00 -6.134077310562133789e-01 -2.421016097068786621e-01 -4.704346358776092529e-01 5.863522887229919434e-01 2.294257019379858153e+00 3.122919441283274478e-01 -2.907369245500902810e+00 3.433513856398735520e+00 6.996693279317703684e+00 1.203741668895084604e+00 1.771447852064609663e+01
1.661603175160513878e+09 -1.250612139701843262e-01 3.222172260284423828e-01 1.436092734336853027e+00 -6.202311515808105469e-01 -2.291982024908065796e-01 -4.541279673576354980e-01 5.971174836158752441e-01 4.585689184740220803e+00 6.242853299926698352e-01 -5.811958979294826300e+00 6.863745194770320524e+00 1.398669755932439607e+01 2.406332533135393525e+00 3.541202159337570521e+01
1.661603175162508249e+09 -1.270912885665893555e-01 3.260226249694824219e-01 1.434571266174316406e+00 -6.267483234405517578e-01 -2.161165624856948853e-01 -4.375658035278320312e-01 6.074672341346740723e-01 2.293216195238756416e+00 3.122546109610537246e-01 -2.907021681933112056e+00 3.433103394491216154e+00 6.995856854538458514e+00 1.203597766723098594e+00 1.771236083044637510e+01
1.661603175164503098e+09 -1.291402727365493774e-01 3.298136293888092041e-01 1.433042645454406738e+00 -6.329547166824340820e-01 -2.028641551733016968e-01 -4.207581281661987305e-01 6.173953413963317871e-01 2.292098152354819618e+00 3.121799713982567615e-01 -2.906326804036151845e+00 3.432282765019603499e+00 6.994184604782383907e+00 1.203310065571736587e+00 1.770812696864873104e+01
1.661603175165500402e+09 -1.312078237533569336e-01 3.335900306701660156e-01 1.431507110595703125e+00 -6.388462781906127930e-01 -1.894487738609313965e-01 -4.037158787250518799e-01 6.268956661224365234e-01 4.583330598213334994e+00 6.244345734375641443e-01 -5.813348402909287671e+00 6.865386061419799901e+00 1.399004125943420362e+01 2.406907797905447399e+00 3.542048729301552612e+01
1.661603175167495489e+09 -1.332935839891433716e-01 3.373516201972961426e-01 1.429964900016784668e+00 -6.444186568260192871e-01 -1.758781671524047852e-01 -3.864494264125823975e-01 6.359625458717346191e-01 2.290268901123788670e+00 3.121426649963349176e-01 -2.905979489647413150e+00 3.431872597385160262e+00 6.993348779662198034e+00 1.203166266567696763e+00 1.770601079668785260e+01
1.661603175169490099e+09 -1.353972256183624268e-01 3.410982191562652588e-01 1.428416252136230469e+00 -6.496679782867431641e-01 -1.621602475643157959e-01 -3.689696192741394043e-01 6.445905566215515137e-01 2.289842820162298231e+00 3.122172867187681389e-01 -2.906674201454755302e+00 3.432693030709899951e+00 6.995020629717212834e+00 1.203453898952751677e+00 1.771024364650776306e+01
1.661603175170487404e+09 -1.375183761119842529e-01 3.448296189308166504e-01 1.426861524581909180e+00 -6.545908451080322266e-01 -1.483030170202255249e-01 -3.512875139713287354e-01 6.527742743492126465e-01 4.577399613627442854e+00 6.244345734375362778e-01 -5.813348402909510604e+00 6.865386061419799901e+00 1.399004125943442567e+01 2.406907797905503354e+00 3.542048729301552612e+01
1.661603175172482014e+09 -1.396567076444625854e-01 3.485456705093383789e-01 1.425300836563110352e+00 -6.591833829879760742e-01 -1.343145072460174561e-01 -3.334140479564666748e-01 6.605088710784912109e-01 2.287461030835475473e+00 3.122172867187820722e-01 -2.906674201454643836e+00 3.432693030709899951e+00 6.995020629717101812e+00 1.203453898952723700e+00 1.771024364650770622e+01
1.661603175173479319e+09 -1.418118327856063843e-01 3.522461652755737305e-01 1.423734545707702637e+00 -6.634424924850463867e-01 -1.202028989791870117e-01 -3.153605163097381592e-01 6.677896976470947266e-01 4.572091123950078106e+00 6.244345734375641443e-01 -5.813348402909287671e+00 6.865386061419799901e+00 1.399004125943420362e+01 2.406907797905447399e+00 3.542048729301541243e+01
1.661603175175473690e+09 -1.439834088087081909e-01 3.559309244155883789e-01 1.422162652015686035e+00 -6.673651337623596191e-01 -1.059764623641967773e-01 -2.971382141113281250e-01 6.746122241020202637e-01 2.284809047968862750e+00 3.122546109610537246e-01 -2.907021681933112056e+00 3.433103394491216154e+00 6.995856854538458514e+00 1.203597766723098594e+00 1.771236083044632181e+01
1.661603175177468300e+09 -1.461710631847381592e-01 3.595997393131256104e-01 1.420585632324218750e+00 -6.709483265876770020e-01 -9.164346754550933838e-02 -2.787585258483886719e-01 6.809724569320678711e-01 2.282829024147712271e+00 3.122172867187820722e-01 -2.906674201454755302e+00 3.432693030709899951e+00 6.995020629717212834e+00 1.203453898952751677e+00 1.771024364650770622e+01
1.661603175178466082e+09 -1.483744382858276367e-01 3.632524609565734863e-01 1.419003486633300781e+00 -6.741894483566284180e-01 -7.721232622861862183e-02 -2.602330148220062256e-01 6.868665218353271484e-01 4.559886620019523384e+00 6.241361578708078950e-01 -5.810570219682091420e+00 6.862105112286505104e+00 1.398335545715968209e+01 2.405757543282792454e+00 3.540355993947036239e+01
1.661603175180460453e+09 -1.505931615829467773e-01 3.668889105319976807e-01 1.417416572570800781e+00 -6.770859956741333008e-01 -6.269147247076034546e-02 -2.415733635425567627e-01 6.922909021377563477e-01 2.279342079210056937e+00 3.122546109610676579e-01 -2.907021681933000590e+00 3.433103394491216154e+00 6.995856854538346603e+00 1.203597766723070839e+00 1.771236083044632181e+01
1.661603175181457996e+09 -1.528268456459045410e-01 3.705089092254638672e-01 1.415824890136718750e+00 -6.796356439590454102e-01 -4.808940365910530090e-02 -2.227911800146102905e-01 6.972423195838928223e-01 4.552901369776637175e+00 6.242853299926698352e-01 -5.811958979295048344e+00 6.863745194770320524e+00 1.398669755932461811e+01 2.406332533135449037e+00 3.541202159337559152e+01
1.661603175183452368e+09 -1.550751328468322754e-01 3.741122484207153320e-01 1.414228916168212891e+00 -6.818365454673767090e-01 -3.341470658779144287e-02 -2.038984000682830811e-01 7.017177939414978027e-01 2.274991348666179469e+00 3.122546109610676579e-01 -2.907021681933112056e+00 3.433103394491216154e+00 6.995856854538458514e+00 1.203597766723098594e+00 1.771236083044632181e+01
1.661603175185447216e+09 -1.573376506567001343e-01 3.776988089084625244e-01 1.412628650665283203e+00 -6.836866140365600586e-01 -1.867594011127948761e-02 -1.849067658185958862e-01 7.057147622108459473e-01 2.272085861973206278e+00 3.121799713982706947e-01 -2.906326804036040379e+00 3.432282765019603499e+00 6.994184604782271997e+00 1.203310065571708609e+00 1.770812696864867775e+01
1.661603175186444759e+09 -1.596139967441558838e-01 3.812683820724487305e-01 1.411024451255798340e+00 -6.851844191551208496e-01 -3.881792305037379265e-03 -1.658283025026321411e-01 7.092307209968566895e-01 4.538517487019632313e+00 6.242853299926698352e-01 -5.811958979294826300e+00 6.863745194770320524e+00 1.398669755932439607e+01 2.406332533135393525e+00 3.541202159337559152e+01
1.661603175188439369e+09 -1.619038134813308716e-01 3.848208189010620117e-01 1.409416317939758301e+00 -6.863285899162292480e-01 1.095906458795070648e-02 -1.466750353574752808e-01 7.122635841369628906e-01 2.267147573098645896e+00 3.122172867187820722e-01 -2.906674201454755302e+00 3.432693030709899951e+00 6.995020629717212834e+00 1.203453898952751677e+00 1.771024364650770622e+01
1.661603175189436674e+09 -1.642066985368728638e-01 3.883559405803680420e-01 1.407804489135742188e+00 -6.871176958084106445e-01 2.583791129291057587e-02 -1.274589598178863525e-01 7.148118019104003906e-01 4.528659140066781497e+00 6.244345734375641443e-01 -5.813348402909510604e+00 6.865386061419799901e+00 1.399004125943442567e+01 2.406907797905503354e+00 3.542048729301541243e+01
1.661603175191430807e+09 -1.665222942829132080e-01 3.918735682964324951e-01 1.406189203262329102e+00 -6.875509619712829590e-01 4.074599593877792358e-02 -1.081922426819801331e-01 7.168737053871154785e-01 2.261897842434982042e+00 3.122919441283274478e-01 -2.907369245500902810e+00 3.433513856398735520e+00 6.996693279317703684e+00 1.203741668895084604e+00 1.771447852064603978e+01
1.661603175193425655e+09 -1.688501834869384766e-01 3.953735828399658203e-01 1.404570460319519043e+00 -6.876275539398193359e-01 5.567455664277076721e-02 -8.888695389032363892e-02 7.184482216835021973e-01 2.258009650413194791e+00 3.121799713982706947e-01 -2.906326804036040379e+00 3.432282765019603499e+00 6.994184604782271997e+00 1.203310065571708609e+00 1.770812696864870261e+01
1.661603175194423437e+09 -1.711899936199188232e-01 3.988558053970336914e-01 1.402948617935180664e+00 -6.873469352722167969e-01 7.061482220888137817e-02 -6.955534219741821289e-02 7.195343971252441406e-01 4.507883333626592659e+00 6.241361578708078950e-01 -5.810570219682313464e+00 6.862105112286505104e+00 1.398335545715990591e+01 2.405757543282847966e+00 3.540355993947041924e+01
1.661603175196418047e+09 -1.735413372516632080e-01 4.023200869560241699e-01 1.401323795318603516e+00 -6.867088675498962402e-01 8.555797487497329712e-02 -5.020956322550773621e-02 7.201317548751831055e-01 2.251625718646029117e+00 3.122172867187820722e-01 -2.906674201454755302e+00 3.432693030709899951e+00 6.995020629717212834e+00 1.203453898952751677e+00 1.771024364650773464e+01
1.661603175197415352e+09 -1.759037971496582031e-01 4.057662487030029297e-01 1.399696111679077148e+00 -6.857131719589233398e-01 1.004952415823936462e-01 -3.086183406412601471e-02 7.202399969100952148e-01 4.496156051853584579e+00 6.244345734375641443e-01 -5.813348402909287671e+00 6.865386061419799901e+00 1.399004125943420362e+01 2.406907797905447399e+00 3.542048729301546928e+01
1.661603175199409723e+09 -1.782770156860351562e-01 4.091941714286804199e-01 1.398065686225891113e+00 -6.843599677085876465e-01 1.154178231954574585e-01 -1.152437925338745117e-02 7.198592424392700195e-01 2.244681974775268873e+00 3.122546109610676579e-01 -2.907021681933000590e+00 3.433103394491216154e+00 6.995856854538346603e+00 1.203597766723070839e+00 1.771236083044632181e+01
1.661603175201404333e+09 -1.806605905294418335e-01 4.126036763191223145e-01 1.396432638168334961e+00 -6.826496124267578125e-01 1.303168982267379761e-01 7.790588773787021637e-03 7.189897894859313965e-01 2.240596638306691091e+00 3.122172867187820722e-01 -2.906674201454755302e+00 3.432693030709899951e+00 6.995020629717212834e+00 1.203453898952751677e+00 1.771024364650770622e+01
1.661603175202401876e+09 -1.830541044473648071e-01 4.159946143627166748e-01 1.394797205924987793e+00 -6.805826425552368164e-01 1.451836973428726196e-01 2.707085385918617249e-02 7.176322937011718750e-01 4.472153281290395022e+00 6.242853299926698352e-01 -5.811958979295048344e+00 6.863745194770320524e+00 1.398669755932439607e+01 2.406332533135449037e+00 3.541202159337559152e+01
1.661603175204396248e+09 -1.854571849107742310e-01 4.193668663501739502e-01 1.393159389495849609e+00 -6.781598925590515137e-01 1.600095033645629883e-01 4.630423709750175476e-02 7.157877683639526367e-01 2.232790060056619286e+00 3.122546109610676579e-01 -2.907021681933000590e+00 3.433103394491216154e+00 6.995856854538346603e+00 1.203597766723070839e+00 1.771236083044635023e+01
1.661603175205394030e+09 -1.878694146871566772e-01 4.227202534675598145e-01 1.391519427299499512e+00 -6.753821372985839844e-01 1.747855246067047119e-01 6.547855585813522339e-02 7.134574651718139648e-01 4.454375661569505596e+00 6.241361578708078950e-01 -5.810570219682091420e+00 6.862105112286505104e+00 1.398335545715968209e+01 2.405757543282847966e+00 3.540355993947039082e+01
1.661603175207388401e+09 -1.902904063463211060e-01 4.260546863079071045e-01 1.389877438545227051e+00 -6.722507476806640625e-01 1.895030438899993896e-01 8.458166569471359253e-02 7.106429934501647949e-01 2.224128260752097130e+00 3.122546109610676579e-01 -2.907021681933112056e+00 3.433103394491216154e+00 6.995856854538346603e+00 1.203597766723098594e+00 1.771236083044633602e+01
1.661603175208385706e+09 -1.927197724580764771e-01 4.293699860572814941e-01 1.388233423233032227e+00 -6.687671542167663574e-01 2.041534185409545898e-01 1.036014556884765625e-01 7.073462009429931641e-01 4.438679055694791487e+00 6.244345734375641443e-01 -5.813348402909510604e+00 6.865386061419799901e+00 1.399004125943420362e+01 2.406907797905503354e+00 3.542048729301544086e+01
1.661603175210380316e+09 -1.951570957899093628e-01 4.326660335063934326e-01 1.386587619781494141e+00 -6.649329066276550293e-01 2.187279313802719116e-01 1.225259080529212952e-01 7.035692930221557617e-01 2.214652831013424361e+00 3.122172867187820722e-01 -2.906674201454643836e+00 3.432693030709899951e+00 6.995020629717101812e+00 1.203453898952751677e+00 1.771024364650772043e+01
1.661603175212375402e+09 -1.976019889116287231e-01 4.359427094459533691e-01 1.384940028190612793e+00 -6.607499122619628906e-01 2.332180589437484741e-01 1.413429677486419678e-01 6.993147134780883789e-01 2.209325576434126859e+00 3.121426649963349176e-01 -2.905979489647413150e+00 3.431872597385160262e+00 6.993348779662198034e+00 1.203166266567724518e+00 1.770601079668780642e+01
1.661603175213372469e+09 -2.000540494918823242e-01 4.391998350620269775e-01 1.383290886878967285e+00 -6.562201380729675293e-01 2.476152032613754272e-01 1.600407510995864868e-01 6.945853233337402344e-01 4.410794853234494717e+00 6.245838882566548955e-01 -5.814738491002028553e+00 6.867027712797471040e+00 1.399338655863540737e+01 2.407483337790224720e+00 3.542895704129210799e+01
1.661603175215366840e+09 -2.025128602981567383e-01 4.424373507499694824e-01 1.381640076637268066e+00 -6.513459682464599609e-01 2.619108855724334717e-01 1.786073744297027588e-01 6.893841624259948730e-01 2.200071363040757788e+00 3.122546109610676579e-01 -2.907021681933000590e+00 3.433103394491216154e+00 6.995856854538346603e+00 1.203597766723098594e+00 1.771236083044633602e+01
1.661603175216364622e+09 -2.049780488014221191e-01 4.456550776958465576e-01 1.379987835884094238e+00 -6.461297273635864258e-01 2.760966122150421143e-01 1.970310360193252563e-01 6.837146878242492676e-01 4.387038989359520968e+00 6.241361578708078950e-01 -5.810570219682091420e+00 6.862105112286505104e+00 1.398335545715979400e+01 2.405757543282847966e+00 3.540355993947039082e+01
1.661603175218358994e+09 -2.074491977691650391e-01 4.488528966903686523e-01 1.378334283828735352e+00 -6.405743360519409180e-01 2.901641130447387695e-01 2.153000235557556152e-01 6.775804758071899414e-01 2.189442402586270209e+00 3.122546109610676579e-01 -2.907021681933000590e+00 3.433103394491216154e+00 6.995856854538402558e+00 1.203597766723098594e+00 1.771236083044633958e+01
1.661603175219356775e+09 -2.099259197711944580e-01 4.520307183265686035e-01 1.376679420471191406e+00 -6.346823573112487793e-01 3.041049838066101074e-01 2.334026843309402466e-01 6.709855794906616211e-01 4.365285989230281771e+00 6.241361578708078950e-01 -5.810570219682091420e+00 6.862105112286505104e+00 1.398335545715979400e+01 2.405757543282847966e+00 3.540355993947039082e+01
1.661603175221351147e+09 -2.124077975749969482e-01 4.551884233951568604e-01 1.375023365020751953e+00 -6.284571290016174316e-01 3.179109990596771240e-01 2.513275444507598877e-01 6.639342308044433594e-01 2.178303165649392525e+00 3.122546109610676579e-01 -2.907021681933000590e+00 3.433103394491216154e+00 6.995856854538402558e+00 1.203597766723098594e+00 1.771236083044633602e+01
1.661603175223345757e+09 -2.148944437503814697e-01 4.583258628845214844e-01 1.373366117477416992e+00 -6.219018697738647461e-01 3.315741419792175293e-01 2.690632045269012451e-01 6.564310193061828613e-01 2.172268832340336076e+00 3.122172867187820722e-01 -2.906674201454643836e+00 3.432693030709899951e+00 6.995020629717156879e+00 1.203453898952751677e+00 1.771024364650772043e+01
1.661603175224343061e+09 -2.173854559659957886e-01 4.614429175853729248e-01 1.371707677841186523e+00 -6.150199770927429199e-01 3.450860977172851562e-01 2.865982949733734131e-01 6.484807729721069336e-01 4.332741076512446554e+00 6.244345734375641443e-01 -5.813348402909287671e+00 6.865386061419799901e+00 1.399004125943431376e+01 2.406907797905503354e+00 3.542048729301544086e+01
1.661603175226337910e+09 -2.198804318904876709e-01 4.645395576953887939e-01 1.370048284530639648e+00 -6.078155636787414551e-01 3.584391176700592041e-01 3.039218187332153320e-01 6.400885581970214844e-01 2.160075105064790169e+00 3.121799713982706947e-01 -2.906326804036040379e+00 3.432282765019603499e+00 6.994184604782327952e+00 1.203310065571736587e+00 1.770812696864869196e+01
1.661603175227335215e+09 -2.223789840936660767e-01 4.676155745983123779e-01 1.368387937545776367e+00 -6.002918481826782227e-01 3.716251254081726074e-01 3.210224509239196777e-01 6.312599182128906250e-01 4.308283759104925004e+00 6.244345734375641443e-01 -5.813348402909399582e+00 6.865386061419799901e+00 1.399004125943431376e+01 2.406907797905503354e+00 3.542048729301546928e+01
1.661603175229329586e+09 -2.248807102441787720e-01 4.706709384918212891e-01 1.366726636886596680e+00 -5.924533605575561523e-01 3.846364617347717285e-01 3.378894627094268799e-01 6.220003962516784668e-01 2.148112300745539827e+00 3.122546109610676579e-01 -2.907021681933056545e+00 3.433103394491216154e+00 6.995856854538402558e+00 1.203597766723098594e+00 1.771236083044635023e+01
1.661603175230327129e+09 -2.273852080106735229e-01 4.737055301666259766e-01 1.365064382553100586e+00 -5.843043327331542969e-01 3.974654078483581543e-01 3.545120656490325928e-01 6.123160123825073242e-01 4.281859066406251912e+00 6.242853299926698352e-01 -5.811958979294937322e+00 6.863745194770320524e+00 1.398669755932450798e+01 2.406332533135449037e+00 3.541202159337564837e+01
1.661603175232321501e+09 -2.298921048641204834e-01 4.767192006111145020e-01 1.363401293754577637e+00 -5.758491754531860352e-01 4.101043641567230225e-01 3.708795905113220215e-01 6.022130250930786133e-01 2.135128750650951535e+00 3.122546109610676579e-01 -2.907021681933056545e+00 3.433103394491216154e+00 6.995856854538402558e+00 1.203597766723098594e+00 1.771236083044635023e+01
1.661603175234316587e+09 -2.324009835720062256e-01 4.797119200229644775e-01 1.361737370491027832e+00 -5.670924782752990723e-01 4.225458502769470215e-01 3.869816064834594727e-01 5.916978716850280762e-01 2.127695083114157004e+00 3.121426649963349176e-01 -2.905979489647468661e+00 3.431872597385160262e+00 6.993348779662253989e+00 1.203166266567724518e+00 1.770601079668779576e+01
1.661603175235313654e+09 -2.349114567041397095e-01 4.826835691928863525e-01 1.360072612762451172e+00 -5.580391883850097656e-01 4.347825944423675537e-01 4.028077423572540283e-01 5.807772874832153320e-01 4.243831146335947935e+00 6.245838882566548955e-01 -5.814738491001916643e+00 6.867027712797471040e+00 1.399338655863551928e+01 2.407483337790224720e+00 3.542895704129213641e+01
1.661603175237308502e+09 -2.374231368303298950e-01 4.856340587139129639e-01 1.358407020568847656e+00 -5.486941933631896973e-01 4.468073248863220215e-01 4.183480143547058105e-01 5.694583654403686523e-01 2.114244431393770274e+00 3.121799713982706947e-01 -2.906326804036096334e+00 3.432282765019603499e+00 6.994184604782327952e+00 1.203310065571736587e+00 1.770812696864870261e+01
1.661603175239303112e+09 -2.399356365203857422e-01 4.885632991790771484e-01 1.356740713119506836e+00 -5.390627384185791016e-01 4.586129188537597656e-01 4.335922896862030029e-01 5.577483177185058594e-01 2.107445959327304941e+00 3.122172867187820722e-01 -2.906674201454699791e+00 3.432693030709899951e+00 6.995020629717156879e+00 1.203453898952751677e+00 1.771024364650770622e+01
1.661603175240300179e+09 -2.424485683441162109e-01 4.914711713790893555e-01 1.355073690414428711e+00 -5.291502475738525391e-01 4.701924622058868408e-01 4.485309422016143799e-01 5.456547141075134277e-01 4.201538966435105493e+00 6.245838882566548955e-01 -5.814738491001916643e+00 6.867027712797471040e+00 1.399338655863551928e+01 2.407483337790224720e+00 3.542895704129207957e+01
1.661603175242295027e+09 -2.449615299701690674e-01 4.943576455116271973e-01 1.353405833244323730e+00 -5.189622640609741211e-01 4.815391600131988525e-01 4.631542861461639404e-01 5.331852436065673828e-01 2.092760840076695050e+00 3.121799713982706947e-01 -2.906326804036096334e+00 3.432282765019603499e+00 6.994184604782327952e+00 1.203310065571736587e+00 1.770812696864867775e+01
