1.661602953732105255e+09 1.378528122206244648e-16 -2.367949187755584717e-01 1.128897309303283691e+00 -6.125128269195556641e-01 6.125135421752929688e-01 3.533097505569458008e-01 3.533093035221099854e-01 0.000000000000000000e+00 0.000000000000000000e+00 0.000000000000000000e+00 0.000000000000000000e+00 0.000000000000000000e+00 0.000000000000000000e+00 0.000000000000000000e+00
1.661602956921616554e+09 1.378528122206244648e-16 -2.367949187755584717e-01 1.128897309303283691e+00 -6.125128269195556641e-01 6.125135421752929688e-01 3.533097505569458008e-01 3.533093035221099854e-01 0.000000000000000000e+00 0.000000000000000000e+00 0.000000000000000000e+00 0.000000000000000000e+00 0.000000000000000000e+00 0.000000000000000000e+00 0.000000000000000000e+00
1.661602956923611403e+09 1.378528122206244648e-16 -2.367949187755584717e-01 1.128897309303283691e+00 -6.125128269195556641e-01 6.125135421752929688e-01 3.533097505569458008e-01 3.533093035221099854e-01 0.000000000000000000e+00 0.000000000000000000e+00 0.000000000000000000e+00 0.000000000000000000e+00 0.000000000000000000e+00 0.000000000000000000e+00 0.000000000000000000e+00
1.661602956925605774e+09 2.341419225558638573e-03 -2.404774874448776245e-01 1.124603152275085449e+00 6.246516108512878418e-01 -6.039963960647583008e-01 -3.371804356575012207e-01 -3.623645901679992676e-01 3.069821361310981711e+00 8.111946956551502330e-01 2.139124426391316280e+00 -2.868496853619306286e+00 -1.760987210462534236e+01 -4.865410273303586663e+00 -5.995857926225189871e+00
1.661602956926603317e+09 4.807344637811183929e-03 -2.441661655902862549e-01 1.120440602302551270e+00 6.364002823829650879e-01 -5.952279567718505859e-01 -3.208041489124298096e-01 -3.711913824081420898e-01 6.098892606270182704e+00 1.621807750754141964e+00 4.276715063757973390e+00 -5.734936945632289174e+00 -3.520711762791371768e+01 -9.727331963715226237e+00 -1.198741671913807316e+01
1.661602956928597927e+09 7.392041850835084915e-03 -2.478596121072769165e-01 1.116415619850158691e+00 6.477513909339904785e-01 -5.862156152725219727e-01 -3.041904866695404053e-01 -3.797861039638519287e-01 3.029866033495537181e+00 8.110977323876797929e-01 2.138868733775204589e+00 -2.868153978069028831e+00 -1.760776717131137303e+01 -4.864828703823153688e+00 -5.995141232712611234e+00
1.661602956929595232e+09 1.008947659283876419e-02 -2.515565156936645508e-01 1.112534165382385254e+00 6.586976647377014160e-01 -5.769671797752380371e-01 -2.873492240905761719e-01 -3.881453573703765869e-01 6.016961092017580448e+00 1.622195464775360474e+00 4.277737467550409178e+00 -5.736307956138057662e+00 -3.521553434262276028e+01 -9.729657407646307377e+00 -1.199028246542522247e+01
1.661602956931590319e+09 1.289332564920186996e-02 -2.552555501461029053e-01 1.108801841735839844e+00 6.692320704460144043e-01 -5.674901604652404785e-01 -2.702900171279907227e-01 -3.962658643722534180e-01 2.985364649173053220e+00 8.109038753770713148e-01 2.138357531878986695e+00 -2.867468472816144587e+00 -1.760355881395684818e+01 -4.863665981857613119e+00 -5.993708359569037469e+00
1.661602956932587624e+09 1.579698920249938965e-02 -2.589554190635681152e-01 1.105224013328552246e+00 6.793481111526489258e-01 -5.577926635742187500e-01 -2.530228793621063232e-01 -4.041446149349212646e-01 5.925381225556044740e+00 1.622195464775360474e+00 4.277737467550409178e+00 -5.736307956138057662e+00 -3.521553434262276028e+01 -9.729657407646307377e+00 -1.199028246542522247e+01
1.661602956934581757e+09 1.879360154271125793e-02 -2.626548409461975098e-01 1.101805686950683594e+00 6.890391707420349121e-01 -5.478829741477966309e-01 -2.355578839778900146e-01 -4.117788672447204590e-01 2.939080937144462613e+00 8.112916821084806829e-01 2.139380180148656496e+00 -2.868839811157998021e+00 -1.761197754127104531e+01 -4.865991981848936554e+00 -5.996574791113550518e+00
1.661602956936576605e+09 2.187604829668998718e-02 -2.663525640964508057e-01 1.098551511764526367e+00 6.982991695404052734e-01 -5.377691388130187988e-01 -2.179050147533416748e-01 -4.191658198833465576e-01 2.912855565211092124e+00 8.110007922977570116e-01 2.138613102278398514e+00 -2.867811184477769615e+00 -1.760566274114868079e+01 -4.864247273357775292e+00 -5.994424710514363319e+00
1.661602956937573910e+09 2.503697574138641357e-02 -2.700473368167877197e-01 1.095466017723083496e+00 7.071223855018615723e-01 -5.274596214294433594e-01 -2.000745087862014771e-01 -4.263031780719757080e-01 5.774301779660047096e+00 1.622195464775360474e+00 4.277737467550409178e+00 -5.736307956138057662e+00 -3.521553434262276028e+01 -9.729657407646307377e+00 -1.199028246542522957e+01
1.661602956939568758e+09 2.826880477368831635e-02 -2.737379074096679688e-01 1.092553257942199707e+00 7.155031561851501465e-01 -5.169631242752075195e-01 -1.820766776800155640e-01 -4.331886470317840576e-01 2.859962201193354758e+00 8.110007922977561234e-01 2.138613102278398514e+00 -2.867811184477769615e+00 -1.760566274114868079e+01 -4.864247273357775292e+00 -5.994424710514369536e+00
1.661602956941563368e+09 3.156374767422676086e-02 -2.774231731891632080e-01 1.089817047119140625e+00 7.234362959861755371e-01 -5.062882304191589355e-01 -1.639218628406524658e-01 -4.398202002048492432e-01 2.832731005079512698e+00 8.110977323876793488e-01 2.138868733775204589e+00 -2.868153978069028831e+00 -1.760776717131138014e+01 -4.864828703823153688e+00 -5.995141232712614787e+00
1.661602956942560434e+09 3.491382673382759094e-02 -2.811019718647003174e-01 1.087260723114013672e+00 7.309167385101318359e-01 -4.954437017440795898e-01 -1.456204801797866821e-01 -4.461960196495056152e-01 5.610327931033080695e+00 1.622583364216959811e+00 4.278760360297312992e+00 -5.737679622315996042e+00 -3.522395508254209062e+01 -9.731983963697873108e+00 -1.199314958222710104e+01
1.661602956944555283e+09 3.831088170409202576e-02 -2.847731709480285645e-01 1.084887266159057617e+00 7.379398941993713379e-01 -4.844385981559753418e-01 -1.271829605102539062e-01 -4.523145258426666260e-01 2.775315364077377112e+00 8.110007922977561234e-01 2.138613102278621447e+00 -2.867811184477769615e+00 -1.760566274114868079e+01 -4.864247273357775292e+00 -5.994424710514369536e+00
1.661602956946550131e+09 4.174658656120300293e-02 -2.884357273578643799e-01 1.082699418067932129e+00 7.445013523101806641e-01 -4.732819497585296631e-01 -1.086199134588241577e-01 -4.581743180751800537e-01 2.745917172462975397e+00 8.110007922977561234e-01 2.138613102278398514e+00 -2.867811184477769615e+00 -1.760566274114868079e+01 -4.864247273357775292e+00 -5.994424710514369536e+00
1.661602956947547197e+09 4.521247372031211853e-02 -2.920886576175689697e-01 1.080699563026428223e+00 7.505971193313598633e-01 -4.619827568531036377e-01 -8.994184434413909912e-02 -4.637740552425384521e-01 5.434030206232086435e+00 1.622583364216959811e+00 4.278760360297312992e+00 -5.737679622315996042e+00 -3.522395508254203378e+01 -9.731983963697873108e+00 -1.199314958222710104e+01
1.661602956949541807e+09 4.869995266199111938e-02 -2.957310080528259277e-01 1.078889608383178711e+00 7.562233805656433105e-01 -4.505504965782165527e-01 -7.115942984819412231e-02 -4.691128432750701904e-01 2.686099181366743860e+00 8.110977323876793488e-01 2.138868733775427078e+00 -2.868153978069028831e+00 -1.760776717131138014e+01 -4.864828703823153688e+00 -5.995141232712614787e+00
1.661602956951536417e+09 5.220030248165130615e-02 -2.993618845939636230e-01 1.077270984649658203e+00 7.613767385482788086e-01 -4.389943182468414307e-01 -5.228330194950103760e-02 -4.741898179054260254e-01 2.655536402265494811e+00 8.110977323876793488e-01 2.138868733775427078e+00 -2.868153978069028831e+00 -1.760776717131138014e+01 -4.864828703823153688e+00 -5.995141232712614787e+00
1.661602956952533960e+09 5.570472776889801025e-02 -3.029804229736328125e-01 1.075844883918762207e+00 7.660540342330932617e-01 -4.273236989974975586e-01 -3.332413360476493835e-02 -4.790043830871582031e-01 5.248213522068469139e+00 1.621807750754140853e+00 4.276715063757973390e+00 -5.734936945632289174e+00 -3.520711762791372479e+01 -9.727331963715226237e+00 -1.198741671913808204e+01
1.661602956954528570e+09 5.920434743165969849e-02 -3.065858483314514160e-01 1.074612259864807129e+00 7.702525258064270020e-01 -4.155480861663818359e-01 -1.429264713078737259e-02 -4.835562407970428467e-01 2.593773760779537696e+00 8.110977323876793488e-01 2.138868733775204589e+00 -2.868153978069028831e+00 -1.760776717131138014e+01 -4.864828703823153688e+00 -5.995141232712614787e+00
1.661602956956524372e+09 6.269021332263946533e-02 -3.101775050163269043e-01 1.073573231697082520e+00 7.739695906639099121e-01 -4.036770761013031006e-01 4.800461232662200928e-03 -4.878450930118560791e-01 2.561292830300601064e+00 8.106132635474048165e-01 2.137591187046377517e+00 -2.866440829115457944e+00 -1.759725004840413476e+01 -4.861922940650400982e+00 -5.991560333636809510e+00
1.661602956958518028e+09 6.615334749221801758e-02 -3.137546777725219727e-01 1.072727799415588379e+00 7.772032022476196289e-01 -3.917202949523925781e-01 2.394446916878223419e-02 -4.918710291385650635e-01 2.533119950741109960e+00 8.114857246059944407e-01 2.139891871174985027e+00 -2.869525972318284879e+00 -1.761618992527995786e+01 -4.867155816333951890e+00 -5.998009035263527799e+00
1.661602956959515095e+09 6.958474963903427124e-02 -3.173168301582336426e-01 1.072075724601745605e+00 7.799514532089233398e-01 -3.796872496604919434e-01 4.312863200902938843e-02 -4.956341683864593506e-01 5.003530629508398775e+00 1.622583364216959811e+00 4.278760360297312992e+00 -5.737679622315996042e+00 -3.522395508254209062e+01 -9.731983963697873108e+00 -1.199314958222707261e+01
1.661602956961509943e+09 7.297539710998535156e-02 -3.208634853363037109e-01 1.071615934371948242e+00 7.822127938270568848e-01 -3.675878047943115234e-01 6.234227865934371948e-02 -4.991350471973419189e-01 2.470438430236664651e+00 8.110007922977561234e-01 2.138613102278398514e+00 -2.867811184477769615e+00 -1.760566274114868079e+01 -4.864247273357775292e+00 -5.994424710514356214e+00
1.661602956963504314e+09 7.631631195545196533e-02 -3.243941664695739746e-01 1.071347355842590332e+00 -7.839860320091247559e-01 3.554315567016601562e-01 -8.157467842102050781e-02 5.023742318153381348e-01 2.440979102648988430e+00 8.111946956551494559e-01 2.139124426391539213e+00 -2.868496853619306286e+00 -1.760987210462534591e+01 -4.865410273303586663e+00 -5.995857926225178325e+00
1.661602956965499163e+09 7.959852367639541626e-02 -3.279085755348205566e-01 1.071268200874328613e+00 -7.852703332901000977e-01 3.432282507419586182e-01 -1.008151397109031677e-01 5.053525567054748535e-01 2.410906137079107836e+00 8.110007922977561234e-01 2.138613102278621447e+00 -2.867811184477769615e+00 -1.760566274114868079e+01 -4.864247273357775292e+00 -5.994424710514356214e+00
1.661602956967493773e+09 8.281312137842178345e-02 -3.314064145088195801e-01 1.071376562118530273e+00 -7.860652804374694824e-01 3.309877514839172363e-01 -1.200530380010604858e-01 5.080709457397460938e-01 2.382355095683724500e+00 8.110977323876793488e-01 2.138868733775204589e+00 -2.868153978069028831e+00 -1.760776717131138014e+01 -4.864828703823153688e+00 -5.995141232712600576e+00
1.661602956968491316e+09 8.595126122236251831e-02 -3.348875343799591064e-01 1.071669816970825195e+00 -7.863700985908508301e-01 3.187196552753448486e-01 -1.392777264118194580e-01 5.105308294296264648e-01 4.707532851472559621e+00 1.621807750754140853e+00 4.276715063757973390e+00 -5.734936945632289174e+00 -3.520711762791372479e+01 -9.727331963715226237e+00 -1.198741671913805362e+01
1.661602956970485449e+09 8.900418877601623535e-02 -3.383517861366271973e-01 1.072145342826843262e+00 -7.861853837966918945e-01 3.064338266849517822e-01 -1.584786027669906616e-01 5.127334594726562500e-01 2.327794538073149955e+00 8.112916821084799057e-01 2.139380180148878985e+00 -2.868839811157998021e+00 -1.761197754127104531e+01 -4.865991981848936554e+00 -5.996574791113536307e+00
1.661602956972480536e+09 9.196326136589050293e-02 -3.417991697788238525e-01 1.072799682617187500e+00 -7.855111956596374512e-01 2.941399216651916504e-01 -1.776451468467712402e-01 5.146805644035339355e-01 2.300686063232046497e+00 8.109038753770704266e-01 2.138357531879209628e+00 -2.867468472816144587e+00 -1.760355881395680555e+01 -4.863665981857613119e+00 -5.993708359569026811e+00
1.661602956974475145e+09 9.481995552778244019e-02 -3.452297747135162354e-01 1.073629260063171387e+00 -7.843485474586486816e-01 2.818477749824523926e-01 -1.967668831348419189e-01 5.163738131523132324e-01 2.276484987127779913e+00 8.110977323876793488e-01 2.138868733775204589e+00 -2.868153978069028831e+00 -1.760776717131138014e+01 -4.864828703823153688e+00 -5.995141232712600576e+00
1.661602956976469755e+09 9.756588190793991089e-02 -3.486437201499938965e-01 1.074630141258239746e+00 -7.826983928680419922e-01 2.695670723915100098e-01 -2.158333957195281982e-01 5.178152322769165039e-01 2.253120316386579614e+00 8.110977323876793488e-01 2.138868733775204589e+00 -2.868153978069028831e+00 -1.760776717131138014e+01 -4.864828703823153688e+00 -5.995141232712600576e+00
1.661602956978464603e+09 1.001928225159645081e-01 -3.520412445068359375e-01 1.075797796249389648e+00 -7.805625200271606445e-01 2.573075294494628906e-01 -2.348343729972839355e-01 5.190069079399108887e-01 2.231022484547141360e+00 8.110007922977561234e-01 2.138613102278621447e+00 -2.867811184477769615e+00 -1.760566274114868079e+01 -4.864247273357775292e+00 -5.994424710514356214e+00
1.661602956979463339e+09 1.026927381753921509e-01 -3.554227054119110107e-01 1.077127575874328613e+00 -7.779412865638732910e-01 2.450785189867019653e-01 -2.537592649459838867e-01 5.199516415596008301e-01 4.416045836530229529e+00 1.619871957306117327e+00 4.271610366857299113e+00 -5.728091711751132742e+00 -3.516509433162831755e+01 -9.715721397991048391e+00 -1.197310851107033081e+01
1.661602956981456995e+09 1.050577759742736816e-01 -3.587884604930877686e-01 1.078614354133605957e+00 -7.748385667800903320e-01 2.328900247812271118e-01 -2.725982666015625000e-01 5.206512808799743652e-01 2.193978825654730791e+00 8.114857246059944407e-01 2.139891871174762095e+00 -2.869525972318284879e+00 -1.761618992527995786e+01 -4.867155816333951890e+00 -5.998009035263527799e+00
1.661602956983451128e+09 1.072803065180778503e-01 -3.621390163898468018e-01 1.080252647399902344e+00 -7.712552547454833984e-01 2.207512557506561279e-01 -2.913409471511840820e-01 5.211091041564941406e-01 2.177208791443485225e+00 8.112916821084799057e-01 2.139380180148656496e+00 -2.868839811157998021e+00 -1.761197754127104531e+01 -4.865991981848936554e+00 -5.996574791113536307e+00
1.661602956985445738e+09 1.093529090285301208e-01 -3.654749691486358643e-01 1.082036614418029785e+00 -7.671945691108703613e-01 2.086717486381530762e-01 -3.099773526191711426e-01 5.213277339935302734e-01 2.162608435103218874e+00 8.110977323876793488e-01 2.138868733775427078e+00 -2.868153978069028831e+00 -1.760776717131138014e+01 -4.864828703823153688e+00 -5.995141232712628110e+00
1.661602956987440348e+09 1.112684234976768494e-01 -3.687969744205474854e-01 1.083960056304931641e+00 -7.626594305038452148e-01 1.966609507799148560e-01 -3.284976184368133545e-01 5.213103890419006348e-01 2.150822485475146983e+00 8.110977323876793488e-01 2.138868733775427078e+00 -2.868153978069028831e+00 -1.760776717131138014e+01 -4.864828703823153688e+00 -5.995141232712628110e+00
1.661602956989435196e+09 1.130199432373046875e-01 -3.721057772636413574e-01 1.086016535758972168e+00 -7.576528787612915039e-01 1.847281008958816528e-01 -3.468916714191436768e-01 5.210602283477783203e-01 2.141230021629600966e+00 8.110007922977561234e-01 2.138613102278398514e+00 -2.867811184477769615e+00 -1.760566274114868079e+01 -4.864247273357775292e+00 -5.994424710514383747e+00
1.661602956991429567e+09 1.146008446812629700e-01 -3.754022121429443359e-01 1.088199257850646973e+00 -7.521786093711853027e-01 1.728823482990264893e-01 -3.651499450206756592e-01 5.205807685852050781e-01 2.134975803663134108e+00 8.111946956551530086e-01 2.139124426391316280e+00 -2.868496853619306286e+00 -1.760987210462534591e+01 -4.865410273303586663e+00 -5.995857926225178325e+00
1.661602956992427111e+09 1.160047799348831177e-01 -3.786872029304504395e-01 1.090501070022583008e+00 -7.462407350540161133e-01 1.611329466104507446e-01 -3.832629323005676270e-01 5.198754072189331055e-01 4.260235134471271223e+00 1.621807750754147737e+00 4.276715063758419255e+00 -5.734936945632289174e+00 -3.520711762791372479e+01 -9.727331963715226237e+00 -1.198741671913805362e+01
1.661602956994421721e+09 1.172257065773010254e-01 -3.819616734981536865e-01 1.092914581298828125e+00 -7.398431301116943359e-01 1.494888365268707275e-01 -4.012208580970764160e-01 5.189480185508728027e-01 2.129288471293116825e+00 8.110977323876827905e-01 2.138868733775427078e+00 -2.868153978069028831e+00 -1.760776717131138014e+01 -4.864828703823153688e+00 -5.995141232712628110e+00
1.661602956996416569e+09 1.182579249143600464e-01 -3.852267563343048096e-01 1.095432281494140625e+00 -7.329903244972229004e-01 1.379588693380355835e-01 -4.190145432949066162e-01 5.178025364875793457e-01 2.130638539790354447e+00 8.110007922977595651e-01 2.138613102278398514e+00 -2.867811184477769615e+00 -1.760566274114868079e+01 -4.864247273357775292e+00 -5.994424710514383747e+00
1.661602956998411179e+09 1.190960258245468140e-01 -3.884835541248321533e-01 1.098046064376831055e+00 -7.256869673728942871e-01 1.265518814325332642e-01 -4.366347193717956543e-01 5.164428949356079102e-01 2.135367984874374514e+00 8.110977323876827905e-01 2.138868733775204589e+00 -2.868153978069028831e+00 -1.760776717131138014e+01 -4.864828703823153688e+00 -5.995141232712628110e+00
1.661602957000406027e+09 1.197349801659584045e-01 -3.917333185672760010e-01 1.100747823715209961e+00 -7.179380059242248535e-01 1.152764409780502319e-01 -4.540719687938690186e-01 5.148735046386718750e-01 2.142616154088031966e+00 8.110007922977595651e-01 2.138613102278621447e+00 -2.867811184477769615e+00 -1.760566274114868079e+01 -4.864247273357775292e+00 -5.994424710514383747e+00
1.661602957001402855e+09 1.201700866222381592e-01 -3.949772715568542480e-01 1.103529095649719238e+00 -7.097495198249816895e-01 1.041411831974983215e-01 -4.713178575038909912e-01 5.130983591079711914e-01 4.308783205945346140e+00 1.622971449211995765e+00 4.279783742349970055e+00 -5.739051944636569758e+00 -3.523237985055991572e+01 -9.734311632667903780e+00 -1.199601807052711067e+01
1.661602957003397703e+09 1.203970164060592651e-01 -3.982167840003967285e-01 1.106381297111511230e+00 -7.011260986328125000e-01 9.315440803766250610e-02 -4.883630573749542236e-01 5.111222863197326660e-01 2.166656645738939790e+00 8.110007922977595651e-01 2.138613102278398514e+00 -2.867811184477769615e+00 -1.760566274114868079e+01 -4.864247273357775292e+00 -5.994424710514383747e+00
1.661602957005392313e+09 1.204118356108665466e-01 -4.014532864093780518e-01 1.109295725822448730e+00 -6.920742392539978027e-01 8.232436329126358032e-02 -5.051990747451782227e-01 5.089497566223144531e-01 2.183559216909513268e+00 8.110977323876827905e-01 2.138868733775204589e+00 -2.868153978069028831e+00 -1.760776717131138014e+01 -4.864828703823097733e+00 -5.995141232712628110e+00
1.661602957007387161e+09 1.202109605073928833e-01 -4.046882390975952148e-01 1.112263083457946777e+00 -6.825998425483703613e-01 7.165909558534622192e-02 -5.218173861503601074e-01 5.065855979919433594e-01 2.202858908947044281e+00 8.110007922977595651e-01 2.138613102278621447e+00 -2.867811184477769615e+00 -1.760566274114868079e+01 -4.864247273357775292e+00 -5.994424710514383747e+00
1.661602957009381533e+09 1.197912395000457764e-01 -4.079231321811676025e-01 1.115274548530578613e+00 -6.727095842361450195e-01 6.116654351353645325e-02 -5.382096767425537109e-01 5.040346384048461914e-01 2.226040669038122477e+00 8.111946956551530086e-01 2.139124426391539213e+00 -2.868496853619306286e+00 -1.760987210462534591e+01 -4.865410273303586663e+00 -5.995857926225205858e+00
1.661602957010379076e+09 1.191498935222625732e-01 -4.111596047878265381e-01 1.118320465087890625e+00 -6.624096632003784180e-01 5.085445195436477661e-02 -5.543674230575561523e-01 5.013020634651184082e-01 4.501458030181702874e+00 1.621807750754147737e+00 4.276715063757973390e+00 -5.734936945632289174e+00 -3.520711762791372479e+01 -9.727331963715226237e+00 -1.198741671913810869e+01
1.661602957012373686e+09 1.182845756411552429e-01 -4.143992364406585693e-01 1.121391534805297852e+00 6.517075896263122559e-01 -4.073038697242736816e-02 5.702831745147705078e-01 -4.983928501605987549e-01 2.279657529959176365e+00 8.110977323876827905e-01 2.138868733775204589e+00 -2.868153978069028831e+00 -1.760776717131138014e+01 -4.864828703823153688e+00 -5.995141232712628110e+00
1.661602957014368296e+09 1.171933412551879883e-01 -4.176437258720397949e-01 1.124478101730346680e+00 6.406102180480957031e-01 -3.080173954367637634e-02 5.859484672546386719e-01 -4.953122437000274658e-01 2.310810193323428408e+00 8.110977323876827905e-01 2.138868733775427078e+00 -2.868153978069028831e+00 -1.760776717131138014e+01 -4.864828703823153688e+00 -5.995141232712628110e+00
1.661602957016362906e+09 1.158746704459190369e-01 -4.208947718143463135e-01 1.127570509910583496e+00 6.291249990463256836e-01 -2.107567153871059418e-02 6.013559103012084961e-01 -4.920656681060791016e-01 2.344650741484118672e+00 8.110977323876827905e-01 2.138868733775427078e+00 -2.868153978069028831e+00 -1.760776717131138014e+01 -4.864828703823153688e+00 -5.995141232712628110e+00
1.661602957017360449e+09 1.143274828791618347e-01 -4.241541326045989990e-01 1.130658984184265137e+00 6.172595620155334473e-01 -1.155930757522583008e-02 6.164979338645935059e-01 -4.886586964130401611e-01 4.761000919622260241e+00 1.621807750754133970e+00 4.276715063757973390e+00 -5.734936945632289174e+00 -3.520711762791372479e+01 -9.727331963715226237e+00 -1.198741671913810869e+01
1.661602957019354820e+09 1.125511154532432556e-01 -4.274235665798187256e-01 1.133733749389648438e+00 6.050220131874084473e-01 -2.259316621348261833e-03 6.313671469688415527e-01 -4.850967824459075928e-01 2.420255985356501327e+00 8.111946956551460142e-01 2.139124426391316280e+00 -2.868496853619306286e+00 -1.760987210462534591e+01 -4.865410273303586663e+00 -5.995857926225205858e+00
1.661602957021349669e+09 1.105453446507453918e-01 -4.307048916816711426e-01 1.136784911155700684e+00 5.924200415611267090e-01 6.817578338086605072e-03 6.459565162658691406e-01 -4.813856184482574463e-01 2.460916319938529551e+00 8.110007922977595651e-01 2.138613102278621447e+00 -2.867811184477769615e+00 -1.760566274114868079e+01 -4.864247273357775292e+00 -5.994424710514383747e+00
1.661602957023344278e+09 1.083103865385055542e-01 -4.339999556541442871e-01 1.139802455902099609e+00 5.794624686241149902e-01 1.566499844193458557e-02 6.602589488029479980e-01 -4.775311350822448730e-01 2.504652399591885015e+00 8.110977323876827905e-01 2.138868733775427078e+00 -2.868153978069028831e+00 -1.760776717131138014e+01 -4.864828703823153688e+00 -5.995141232712628110e+00
1.661602957024341583e+09 1.058468893170356750e-01 -4.373105764389038086e-01 1.142776608467102051e+00 5.661575794219970703e-01 2.427676878869533539e-02 6.742678284645080566e-01 -4.735388755798339844e-01 5.100455504981433741e+00 1.622195464775351814e+00 4.277737467550409178e+00 -5.736307956138057662e+00 -3.521553434262254001e+01 -9.729657407646307377e+00 -1.199028246542525622e+01
1.661602957026336432e+09 1.031559556722640991e-01 -4.406386017799377441e-01 1.145697474479675293e+00 5.525141954421997070e-01 3.264692425727844238e-02 6.879765391349792480e-01 -4.694151580333709717e-01 2.597459670295061862e+00 8.110007922977526817e-01 2.138613102278398514e+00 -2.867811184477769615e+00 -1.760566274114857066e+01 -4.864247273357775292e+00 -5.994424710514383747e+00
1.661602957028331041e+09 1.002391129732131958e-01 -4.439859092235565186e-01 1.148555159568786621e+00 5.385411977767944336e-01 4.076969996094703674e-02 7.013787031173706055e-01 -4.651657044887542725e-01 2.647153358371962639e+00 8.110977323876827905e-01 2.138868733775427078e+00 -2.868153978069028831e+00 -1.760776717131127000e+01 -4.864828703823153688e+00 -5.995141232712628110e+00
1.661602957030325413e+09 9.709833562374114990e-02 -4.473543465137481689e-01 1.151339888572692871e+00 5.242477655410766602e-01 4.863961040973663330e-02 7.144681811332702637e-01 -4.607968032360076904e-01 2.698578041337882372e+00 8.111946956551530086e-01 2.139124426391539213e+00 -2.868496853619306286e+00 -1.760987210462523223e+01 -4.865410273303586663e+00 -5.995857926225205858e+00
1.661602957032320499e+09 9.373601526021957397e-02 -4.507457911968231201e-01 1.154041886329650879e+00 5.096433162689208984e-01 5.625130608677864075e-02 7.272390127182006836e-01 -4.563145339488983154e-01 2.750289259520056540e+00 8.109038753770669850e-01 2.138357531878986695e+00 -2.867468472816144587e+00 -1.760355881395697253e+01 -4.863665981857613119e+00 -5.993708359568999278e+00
1.661602957034315109e+09 9.015501290559768677e-02 -4.541620910167694092e-01 1.156651496887207031e+00 4.947372078895568848e-01 6.359977275133132935e-02 7.396854758262634277e-01 -4.517250657081604004e-01 2.805092334693942924e+00 8.110977323876759071e-01 2.138868733775204589e+00 -2.868153978069028831e+00 -1.760776717131149383e+01 -4.864828703823153688e+00 -5.995141232712573043e+00
1.661602957035312414e+09 8.635858446359634399e-02 -4.576050639152526855e-01 1.159159064292907715e+00 4.795392155647277832e-01 7.068021595478057861e-02 7.518021464347839355e-01 -4.470348358154296875e-01 5.721102471083248986e+00 1.622195464775365581e+00 4.277737467550854156e+00 -5.736307956138057662e+00 -3.521553434262254001e+01 -9.729657407646307377e+00 -1.199028246542525622e+01
1.661602957037306786e+09 8.235044032335281372e-02 -4.610764980316162109e-01 1.161555409431457520e+00 4.640591144561767578e-01 7.748802751302719116e-02 7.635834813117980957e-01 -4.422500133514404297e-01 2.917615788265858434e+00 8.111946956551530086e-01 2.139124426391539213e+00 -2.868496853619306286e+00 -1.760987210462523223e+01 -4.865410273303475641e+00 -5.995857926225205858e+00
1.661602957039301395e+09 7.813467830419540405e-02 -4.645782411098480225e-01 1.163831114768981934e+00 4.483068585395812988e-01 8.401892334222793579e-02 7.750245332717895508e-01 -4.373770058155059814e-01 2.975074223057396772e+00 8.110977323876759071e-01 2.138868733775204589e+00 -2.868153978069028831e+00 -1.760776717131149383e+01 -4.864828703823153688e+00 -5.995141232712573043e+00
1.661602957041296244e+09 7.371584326028823853e-02 -4.681119918823242188e-01 1.165977001190185547e+00 4.322927296161651611e-01 9.026881307363510132e-02 7.861204743385314941e-01 -4.324223697185516357e-01 3.033467736196430842e+00 8.110007922977526817e-01 2.138613102278398514e+00 -2.867811184477769615e+00 -1.760566274114879093e+01 -4.864247273357775292e+00 -5.994424710514327792e+00
1.661602957043290854e+09 6.909886747598648071e-02 -4.716794788837432861e-01 1.167984247207641602e+00 4.160269200801849365e-01 9.623389691114425659e-02 7.968665957450866699e-01 -4.273924231529235840e-01 3.093481656453219042e+00 8.110977323876827905e-01 2.138868733775427078e+00 -2.868153978069028831e+00 -1.760776717131127000e+01 -4.864828703823042666e+00 -5.995141232712628110e+00
1.661602957045285702e+09 6.428908556699752808e-02 -4.752824008464813232e-01 1.169843912124633789e+00 3.995197415351867676e-01 1.019106358289718628e-01 8.072584271430969238e-01 -4.222937226295471191e-01 3.153492704336056995e+00 8.110007922977595651e-01 2.138613102278621447e+00 -2.867811184477769615e+00 -1.760566274114857066e+01 -4.864247273357663381e+00 -5.994424710514383747e+00
1.661602957047280073e+09 5.929222702980041504e-02 -4.789223968982696533e-01 1.171547770500183105e+00 3.827818632125854492e-01 1.072956994175910950e-01 8.172919154167175293e-01 -4.171327650547027588e-01 3.215343503359773702e+00 8.111946956551460142e-01 2.139124426391316280e+00 -2.868496853619306286e+00 -1.760987210462545605e+01 -4.865410273303586663e+00 -5.995857926225150791e+00
1.661602957049274921e+09 5.411439388990402222e-02 -4.826009869575500488e-01 1.173087239265441895e+00 3.658237755298614502e-01 1.123860850930213928e-01 8.269628286361694336e-01 -4.119160473346710205e-01 3.276157782378426919e+00 8.110007922977526817e-01 2.138613102278398514e+00 -2.867811184477769615e+00 -1.760566274114879093e+01 -4.864247273357775292e+00 -5.994424710514327792e+00
1.661602957051269770e+09 4.876206815242767334e-02 -4.863196909427642822e-01 1.174454331398010254e+00 3.486563265323638916e-01 1.171789765357971191e-01 8.362675905227661133e-01 -4.066500961780548096e-01 3.338204290459778179e+00 8.110007922977595651e-01 2.138613102278621447e+00 -2.867811184477769615e+00 -1.760566274114857066e+01 -4.864247273357663381e+00 -5.994424710514383747e+00
1.661602957053264380e+09 4.324208199977874756e-02 -4.900800287723541260e-01 1.175641298294067383e+00 3.312903940677642822e-01 1.216719299554824829e-01 8.452026844024658203e-01 -4.013415277004241943e-01 3.401041609969394752e+00 8.110977323876827905e-01 2.138868733775427078e+00 -2.868153978069028831e+00 -1.760776717131127000e+01 -4.864828703823042666e+00 -5.995141232712628110e+00
1.661602957055258989e+09 3.756162524223327637e-02 -4.938833117485046387e-01 1.176640629768371582e+00 3.137368261814117432e-01 1.258627027273178101e-01 8.537647128105163574e-01 -3.959969282150268555e-01 3.463724037246612930e+00 8.110977323876759071e-01 2.138868733775204589e+00 -2.868153978069028831e+00 -1.760776717131149383e+01 -4.864828703823153688e+00 -5.995141232712573043e+00
1.661602957056256294e+09 3.172821924090385437e-02 -4.977309107780456543e-01 1.177444934844970703e+00 2.960066795349121094e-01 1.297492831945419312e-01 8.619506955146789551e-01 -3.906227648258209229e-01 7.053179116174321805e+00 1.622195464775351814e+00 4.277737467550409178e+00 -5.736307956138057662e+00 -3.521553434262298765e+01 -9.729657407646307377e+00 -1.199028246542514609e+01
1.661602957058250666e+09 2.574970014393329620e-02 -5.016239881515502930e-01 1.178047418594360352e+00 2.781109809875488281e-01 1.333300173282623291e-01 8.697577714920043945e-01 -3.852256238460540771e-01 3.589968047877456936e+00 8.111946956551530086e-01 2.139124426391539213e+00 -2.868496853619306286e+00 -1.760987210462523223e+01 -4.865410273303475641e+00 -5.995857926225205858e+00
1.661602957060245514e+09 1.963422633707523346e-02 -5.055637955665588379e-01 1.178441524505615234e+00 2.600609064102172852e-01 1.366035044193267822e-01 8.771833181381225586e-01 -3.798120915889739990e-01 3.652085649008760981e+00 8.110007922977595651e-01 2.138613102278621447e+00 -2.867811184477769615e+00 -1.760566274114857066e+01 -4.864247273357663381e+00 -5.994424710514383747e+00
1.661602957062240601e+09 1.339023932814598083e-02 -5.095512866973876953e-01 1.178620815277099609e+00 2.418677061796188354e-01 1.395685523748397827e-01 8.842250108718872070e-01 -3.743886053562164307e-01 3.714513434871128617e+00 8.109038753770738683e-01 2.138357531878986695e+00 -2.867468472816144587e+00 -1.760355881395697253e+01 -4.863665981857613119e+00 -5.993708359568999278e+00
1.661602957064234734e+09 7.026466075330972672e-03 -5.135874748229980469e-01 1.178579449653625488e+00 2.235425859689712524e-01 1.422243267297744751e-01 8.908805847167968750e-01 -3.689616620540618896e-01 3.779047352052133490e+00 8.112916821084693586e-01 2.139380180148656496e+00 -2.868839811157998021e+00 -1.761197754127115545e+01 -4.865991981848936554e+00 -5.996574791113508773e+00
1.661602957066229820e+09 5.518927937373518944e-04 -5.176732540130615234e-01 1.178311824798583984e+00 2.050967961549758911e-01 1.445702165365219116e-01 8.971483111381530762e-01 -3.635377585887908936e-01 3.839749997518774993e+00 8.109038753770738683e-01 2.138357531879209628e+00 -2.867468472816144587e+00 -1.760355881395674871e+01 -4.863665981857501208e+00 -5.993708359569054345e+00
1.661602957068223953e+09 2.904359018430113792e-03 -5.086056590080261230e-01 1.187216281890869141e+00 2.174573540687561035e-01 1.428268104791641235e-01 8.907397985458374023e-01 -3.726866543292999268e-01 6.481302226594681137e+00 3.399227106711730784e-01 -8.033538706915338778e+00 9.976341680514245525e+00 1.113252149175964689e+01 5.186047746263183988e+00 8.764210072875718183e+00
1.661602957070218801e+09 5.165543407201766968e-03 -4.994239211082458496e-01 1.195920109748840332e+00 2.297505736351013184e-01 1.408603191375732422e-01 8.840644955635070801e-01 -3.818416297435760498e-01 6.442594946926144317e+00 3.398008308896349194e-01 -8.030658269946426842e+00 9.972764648717497238e+00 1.112852991001309455e+01 5.184188281312817281e+00 8.761067652627342994e+00
1.661602957072213650e+09 7.332440465688705444e-03 -4.901293218135833740e-01 1.204423189163208008e+00 2.419703006744384766e-01 1.386718899011611938e-01 8.771216273307800293e-01 -3.909963369369506836e-01 6.407658945351596635e+00 3.398008308896349194e-01 -8.030658269946426842e+00 9.972764648717497238e+00 1.112852991001309455e+01 5.184188281312817281e+00 8.761067652627342994e+00
1.661602957074208260e+09 9.402124211192131042e-03 -4.807232618331909180e-01 1.212725520133972168e+00 2.541102766990661621e-01 1.362628191709518433e-01 8.699107170104980469e-01 -4.001446366310119629e-01 6.374976599520973508e+00 3.398414477711799719e-01 -8.031618186067403187e+00 9.973956707604727967e+00 1.112986011918212981e+01 5.184807954786669448e+00 8.762114875631425548e+00
1.661602957076203108e+09 1.137175131589174271e-02 -4.712072014808654785e-01 1.220827221870422363e+00 2.661643922328948975e-01 1.336345672607421875e-01 8.624315261840820312e-01 -4.092801213264465332e-01 6.342323246935025693e+00 3.398008308896488527e-01 -8.030658269946204797e+00 9.972764648717719282e+00 1.112852991001287073e+01 5.184188281312928304e+00 8.761067652627286151e+00
1.661602957078197479e+09 1.323856506496667862e-02 -4.615826308727264404e-01 1.228728652000427246e+00 2.781265079975128174e-01 1.307886689901351929e-01 8.546837568283081055e-01 -4.183964729309082031e-01 6.313599300696918881e+00 3.398820743638464315e-01 -8.032578331696562657e+00 9.975149051502604891e+00 1.113119064639325195e+01 5.185427776419040846e+00 8.763162349017690644e+00
1.661602957080192089e+09 1.499989815056324005e-02 -4.518511295318603516e-01 1.236430048942565918e+00 2.899906039237976074e-01 1.277269572019577026e-01 8.466674089431762695e-01 -4.274873733520507812e-01 6.284231149031919372e+00 3.398414477711660941e-01 -8.031618186067625231e+00 9.973956707604505922e+00 1.112986011918235185e+01 5.184807954786669448e+00 8.762114875631425548e+00
1.661602957081189632e+09 1.665317267179489136e-02 -4.420142769813537598e-01 1.243932127952575684e+00 3.017505705356597900e-01 1.244512125849723816e-01 8.383827209472656250e-01 -4.365464150905609131e-01 1.251185012418476816e+01 6.795204474315706955e-01 -1.605939716650092919e+01 1.994314574947924257e+01 2.225440003754247087e+01 1.036713751188940513e+01 1.752004135983090549e+01
1.661602957083184242e+09 1.819590665400028229e-02 -4.320737421512603760e-01 1.251235246658325195e+00 3.134004175662994385e-01 1.209634691476821899e-01 8.298300504684448242e-01 -4.455671310424804688e-01 6.232297420989012515e+00 3.398414477711799719e-01 -8.031618186067403187e+00 9.973956707604727967e+00 1.112986011918212981e+01 5.184807954786669448e+00 8.762114875631425548e+00
1.661602957085178852e+09 1.962571963667869568e-02 -4.220312833786010742e-01 1.258340477943420410e+00 3.249343931674957275e-01 1.172659397125244141e-01 8.210097551345825195e-01 -4.545431733131408691e-01 6.209060944106528979e+00 3.398414477711660941e-01 -8.031618186067625231e+00 9.973956707604505922e+00 1.112986011918235185e+01 5.184807954786669448e+00 8.762114875631425548e+00
1.661602957087173462e+09 2.094032429158687592e-02 -4.118886590003967285e-01 1.265248417854309082e+00 3.363464176654815674e-01 1.133608818054199219e-01 8.119223117828369141e-01 -4.634680449962615967e-01 6.187588653037999542e+00 3.398414477711660941e-01 -8.031618186067625231e+00 9.973956707604505922e+00 1.112986011918235185e+01 5.184807954786669448e+00 8.762114875631425548e+00
1.661602957089168072e+09 2.213754132390022278e-02 -4.016477465629577637e-01 1.271960258483886719e+00 3.476307988166809082e-01 1.092507243156433105e-01 8.025686740875244141e-01 -4.723353087902069092e-01 6.168013822695799675e+00 3.398414477711799719e-01 -8.031618186067403187e+00 9.973956707604727967e+00 1.112986011918212981e+01 5.184807954786669448e+00 8.762114875631425548e+00
1.661602957091162920e+09 2.321529388427734375e-02 -3.913103938102722168e-01 1.278476834297180176e+00 3.587816953659057617e-01 1.049380153417587280e-01 7.929499745368957520e-01 -4.811383783817291260e-01 6.149521443456325898e+00 3.398008308896488527e-01 -8.030658269946204797e+00 9.972764648717719282e+00 1.112852991001287073e+01 5.184188281312928304e+00 8.761067652627286151e+00
1.661602957092160225e+09 2.417161688208580017e-02 -3.808785974979400635e-01 1.284799456596374512e+00 3.697935044765472412e-01 1.004255041480064392e-01 7.830671072006225586e-01 -4.898709356784820557e-01 1.226877052056290651e+01 6.796828955423321883e-01 -1.606323637213525046e+01 1.994791341520901184e+01 2.225972023836470370e+01 1.036961590957333890e+01 1.752422975126285110e+01
1.661602957094154835e+09 2.500464767217636108e-02 -3.703543841838836670e-01 1.290929436683654785e+00 3.806606233119964600e-01 9.571599960327148438e-02 7.729213833808898926e-01 -4.985263645648956299e-01 6.120380216496315917e+00 3.398414477711660941e-01 -8.031618186067625231e+00 9.973956707604727967e+00 1.112986011918235185e+01 5.184807954786669448e+00 8.762114875631425548e+00
1.661602957096149683e+09 2.571264468133449554e-02 -3.597398102283477783e-01 1.296868205070495605e+00 -3.913774192333221436e-01 -9.081245213747024536e-02 -7.625142931938171387e-01 5.070983767509460449e-01 6.107517855696809050e+00 3.398008308896488527e-01 -8.030658269946204797e+00 9.972764648717719282e+00 1.112852991001287073e+01 5.184188281312928304e+00 8.761067652627286151e+00
1.661602957098144531e+09 2.629397250711917877e-02 -3.490370213985443115e-01 1.302616953849792480e+00 -4.019385874271392822e-01 -8.571801334619522095e-02 -7.518476247787475586e-01 5.155802965164184570e-01 6.097147405449285351e+00 3.398008308896488527e-01 -8.030658269946204797e+00 9.972764648717719282e+00 1.112852991001287073e+01 5.184188281312928304e+00 8.761067652627286151e+00
1.661602957100138664e+09 2.674711495637893677e-02 -3.382482230663299561e-01 1.308177590370178223e+00 -4.123385548591613770e-01 -8.043589442968368530e-02 -7.409228086471557617e-01 5.239659547805786133e-01 6.090844247164796776e+00 3.399227106711592006e-01 -8.033538706915338778e+00 9.976341680514245525e+00 1.113252149175987071e+01 5.186047746263183988e+00 8.764210072875718183e+00
1.661602957101136446e+09 2.707067504525184631e-02 -3.273756802082061768e-01 1.313551545143127441e+00 -4.225721955299377441e-01 -7.496932893991470337e-02 -7.297421693801879883e-01 5.322487354278564453e-01 1.215941954926071666e+01 6.793580769542593156e-01 -1.605555979561287572e+01 1.993838036220338239e+01 2.224908237923047949e+01 1.036466029862491567e+01 1.751585497001971703e+01
1.661602957103131056e+09 2.726337313652038574e-02 -3.164217174053192139e-01 1.318740606307983398e+00 -4.326341748237609863e-01 -6.932190060615539551e-02 -7.183076739311218262e-01 5.404222607612609863e-01 6.077583879193927174e+00 3.398414477711799719e-01 -8.031618186067403187e+00 9.973956707604727967e+00 1.112986011918235185e+01 5.184807954786669448e+00 8.762114875631425548e+00
1.661602957105125904e+09 2.732405066490173340e-02 -3.053886592388153076e-01 1.323746562004089355e+00 -4.425194859504699707e-01 -6.349720805883407593e-02 -7.066215872764587402e-01 5.484802126884460449e-01 6.073524766974866651e+00 3.398008308896488527e-01 -8.030658269946204797e+00 9.972764648717719282e+00 1.112852991001309455e+01 5.184188281312928304e+00 8.761067652627286151e+00
1.661602957107120275e+09 2.725167199969291687e-02 -2.942789793014526367e-01 1.328571438789367676e+00 -4.522229731082916260e-01 -5.749885737895965576e-02 -6.946863532066345215e-01 5.564162731170654297e-01 6.073280208398818658e+00 3.398820743638464315e-01 -8.032578331696340612e+00 9.975149051502828712e+00 1.113119064639325195e+01 5.185427776419040846e+00 8.763162349017633801e+00
1.661602957108117819e+09 2.704532630741596222e-02 -2.830951809883117676e-01 1.333217024803161621e+00 -4.617398381233215332e-01 -5.133075267076492310e-02 -6.825046539306640625e-01 5.642240643501281738e-01 1.214186352565104343e+01 6.795204474315428289e-01 -1.605939716650092919e+01 1.994314574947924257e+01 2.225440003754291496e+01 1.036713751188940513e+01 1.752004135983090549e+01
1.661602957110112429e+09 2.670422568917274475e-02 -2.718397676944732666e-01 1.337685585021972656e+00 -4.710652530193328857e-01 -4.499677196145057678e-02 -6.700794100761413574e-01 5.718972682952880859e-01 6.073776132766226077e+00 3.398414477711799719e-01 -8.031618186067403187e+00 9.973956707604727967e+00 1.112986011918235185e+01 5.184807954786669448e+00 8.762114875631425548e+00
1.661602957112107277e+09 2.622770890593528748e-02 -2.605153918266296387e-01 1.341979026794433594e+00 -4.801942408084869385e-01 -3.850097954273223877e-02 -6.574132442474365234e-01 5.794298648834228516e-01 6.075811401013042179e+00 3.398008308896488527e-01 -8.030658269946204797e+00 9.972764648717719282e+00 1.112852991001309455e+01 5.184188281312928304e+00 8.761067652627286151e+00
1.661602957115100145e+09 2.561524324119091034e-02 -2.491247206926345825e-01 1.346099615097045898e+00 -4.891224205493927002e-01 -3.184757009148597717e-02 -6.445094943046569824e-01 5.868155360221862793e-01 4.052483889336603973e+00 2.264887717719728799e-01 -5.352705946358630840e+00 6.647185677991010344e+00 7.417542400787027645e+00 3.455437214191450224e+00 5.839548558076357310e+00
1.661602957118091106e+09 2.486641891300678253e-02 -2.376704365015029907e-01 1.350049495697021484e+00 -4.978452324867248535e-01 -2.504070103168487549e-02 -6.313714385032653809e-01 5.940481424331665039e-01 4.058666338749488567e+00 2.266332046276265666e-01 -5.356119389768026373e+00 6.651424616645767784e+00 7.422272599209211563e+00 3.457640761239161087e+00 5.843272463095456892e+00
1.661602957120085955e+09 2.398096211254596710e-02 -2.261553555727005005e-01 1.353831171989440918e+00 -5.063581466674804688e-01 -1.808480918407440186e-02 -6.180023550987243652e-01 6.011217832565307617e-01 6.091920253271831065e+00 3.398008308896488527e-01 -8.030658269946314931e+00 9.972764648717719282e+00 1.112852991001309455e+01 5.184188281312928304e+00 8.761067652627286151e+00
1.661602957122080326e+09 2.295872196555137634e-02 -2.145822644233703613e-01 1.357446670532226562e+00 -5.146570205688476562e-01 -1.098430529236793518e-02 -6.044060587882995605e-01 6.080302596092224121e-01 6.101026652703407827e+00 3.398820743638603648e-01 -8.032578331696452523e+00 9.975149051502716802e+00 1.113119064639325195e+01 5.185427776419040846e+00 8.763162349017633801e+00
1.661602957124075174e+09 2.179967798292636871e-02 -2.029540836811065674e-01 1.360898613929748535e+00 -5.227375626564025879e-01 -3.743809647858142853e-03 -5.905860662460327148e-01 6.147678494453430176e-01 6.108227019590689366e+00 3.398008308896349194e-01 -8.030658269946314931e+00 9.972764648717607372e+00 1.112852991001309455e+01 5.184188281312928304e+00 8.761067652627286151e+00
1.661602957126069546e+09 2.050394192337989807e-02 -1.912737339735031128e-01 1.364189386367797852e+00 -5.305957198143005371e-01 3.632138250395655632e-03 -5.765464305877685547e-01 6.213285326957702637e-01 6.119243230422902080e+00 3.398820743638464315e-01 -8.032578331696452523e+00 9.975149051502716802e+00 1.113119064639325195e+01 5.185427776419040846e+00 8.763162349017633801e+00
1.661602957127066851e+09 1.907175034284591675e-02 -1.795441955327987671e-01 1.367321372032165527e+00 -5.382276177406311035e-01 1.113869808614253998e-02 -5.622912645339965820e-01 6.277065277099609375e-01 1.225770645793322444e+01 6.796828955423599439e-01 -1.606323637213502664e+01 1.994791341520923211e+01 2.225972023836470370e+01 1.036961590957333890e+01 1.752422975126285110e+01
1.661602957129061699e+09 1.750347390770912170e-02 -1.677685230970382690e-01 1.370297193527221680e+00 -5.456292629241943359e-01 1.877110637724399567e-02 -5.478245615959167480e-01 6.338962912559509277e-01 6.139159722687240972e+00 3.398008308896488527e-01 -8.030658269946314931e+00 9.972764648717607372e+00 1.112852991001309455e+01 5.184188281312928304e+00 8.761067652627286151e+00
1.661602957132054090e+09 1.579961180686950684e-02 -1.559497863054275513e-01 1.373119235038757324e+00 -5.527973175048828125e-01 2.652449719607830048e-02 -5.331511497497558594e-01 6.398918628692626953e-01 4.100354289160181409e+00 2.265248627243706125e-01 -5.353558899262275794e+00 6.648244906048938141e+00 7.418724385075257111e+00 3.455987837602204849e+00 5.840479089278344915e+00
1.661602957133050919e+09 1.396079175174236298e-02 -1.440911293029785156e-01 1.375790238380432129e+00 -5.597276091575622559e-01 3.439376875758171082e-02 -5.182749629020690918e-01 6.456881165504455566e-01 1.233315345850001599e+01 6.800080248872459876e-01 -1.607092029290619806e+01 1.995745558857216650e+01 2.227036827483366466e+01 1.037457626159896584e+01 1.753261254473391872e+01
1.661602957135045528e+09 1.198776997625827789e-02 -1.321957409381866455e-01 1.378312706947326660e+00 -5.664171576499938965e-01 4.237390682101249695e-02 -5.032010078430175781e-01 6.512793302536010742e-01 6.176107907120901075e+00 3.398414477711799719e-01 -8.031618186067513321e+00 9.973956707604616057e+00 1.112986011918235185e+01 5.184807954786669448e+00 8.762114875631425548e+00
1.661602957137040138e+09 9.881432168185710907e-03 -1.202668175101280212e-01 1.380689263343811035e+00 -5.728625059127807617e-01 5.045980215072631836e-02 -4.879340827465057373e-01 6.566602587699890137e-01 6.188873091525855408e+00 3.398414477711799719e-01 -8.031618186067513321e+00 9.973956707604616057e+00 1.112986011918235185e+01 5.184807954786669448e+00 8.762114875631425548e+00
1.661602957139034986e+09 7.642791140824556351e-03 -1.083076521754264832e-01 1.382922530174255371e+00 -5.790604948997497559e-01 5.864620581269264221e-02 -4.724790751934051514e-01 6.618255972862243652e-01 6.201048502921292283e+00 3.398008308896349194e-01 -8.030658269946314931e+00 9.972764648717607372e+00 1.112852991001298264e+01 5.184188281312928304e+00 8.761067652627286151e+00
1.661602957141029835e+09 5.272986367344856262e-03 -9.632154554128646851e-02 1.385015130043029785e+00 -5.850080847740173340e-01 6.692785024642944336e-02 -4.568412005901336670e-01 6.667701005935668945e-01 6.214024396818659035e+00 3.398008308896349194e-01 -8.030658269946314931e+00 9.972764648717607372e+00 1.112852991001298264e+01 5.184188281312928304e+00 8.761067652627286151e+00
1.661602957142026901e+09 2.773283747956156731e-03 -8.431185036897659302e-02 1.386969804763793945e+00 -5.907021760940551758e-01 7.529935240745544434e-02 -4.410254955291748047e-01 6.714890003204345703e-01 1.245838410475879598e+01 6.798454213423461567e-01 -1.606707741383089783e+01 1.995268336102827078e+01 2.226504298351974143e+01 1.037209549252636798e+01 1.752842014575143637e+01
1.661602957144021511e+09 1.450733252568170428e-04 -7.228195667266845703e-02 1.388789176940917969e+00 -5.961402058601379395e-01 8.375535905361175537e-02 -4.250375330448150635e-01 6.759770512580871582e-01 6.240482081750940324e+00 3.398414477711799719e-01 -8.031618186067513321e+00 9.973956707604616057e+00 1.112986011918235185e+01 5.184807954786669448e+00 8.762114875631439759e+00
1.661602957146015882e+09 -2.610130701214075089e-03 -6.023529171943664551e-02 1.390475869178771973e+00 -6.013193726539611816e-01 9.229037910699844360e-02 -4.088827669620513916e-01 6.802296042442321777e-01 6.253748861571302164e+00 3.398820743638464315e-01 -8.032578331696452523e+00 9.975149051502716802e+00 1.113119064639314182e+01 5.185427776419040846e+00 8.763162349017633801e+00
1.661602957148010969e+09 -5.490692332386970520e-03 -4.817531257867813110e-02 1.392032504081726074e+00 -6.062373518943786621e-01 1.008988991379737854e-01 -3.925668001174926758e-01 6.842418909072875977e-01 6.263664375846115462e+00 3.397602237157714145e-01 -8.029698583250576505e+00 9.971572874739511150e+00 1.112720001877134557e+01 5.183568755944702566e+00 8.760020679915452746e+00
1.661602957149008274e+09 -8.494853973388671875e-03 -3.610551729798316956e-02 1.393461823463439941e+00 -6.108915805816650391e-01 1.095753684639930725e-01 -3.760955035686492920e-01 6.880093812942504883e-01 1.255373348799267497e+01 6.796828955423599439e-01 -1.606323637213502664e+01 1.994791341520923211e+01 2.225972023836470370e+01 1.036961590957333890e+01 1.752422975126285110e+01
1.661602957151003122e+09 -1.162074040621519089e-02 -2.402942813932895660e-02 1.394766330718994141e+00 -6.152799725532531738e-01 1.183141171932220459e-01 -3.594746887683868408e-01 6.915274858474731445e-01 6.287256387146943126e+00 3.398008308896488527e-01 -8.030658269946314931e+00 9.972764648717607372e+00 1.112852991001309455e+01 5.184188281312928304e+00 8.761067652627286151e+00
1.661602957152997732e+09 -1.486635766923427582e-02 -1.195059902966022491e-02 1.395948886871337891e+00 -6.194003820419311523e-01 1.271095275878906250e-01 -3.427103459835052490e-01 6.947920322418212891e-01 6.298507124038856375e+00 3.398414477711660941e-01 -8.031618186067513321e+00 9.973956707604616057e+00 1.112986011918223994e+01 5.184807954786669448e+00 8.762114875631425548e+00
1.661602957153995037e+09 -1.822959631681442261e-02 1.273861707886680961e-04 1.397011876106262207e+00 -6.232509016990661621e-01 1.359558999538421631e-01 -3.258087933063507080e-01 6.977986693382263184e-01 1.261649219211901674e+01 6.796828955423321883e-01 -1.606323637213502664e+01 1.994791341520923211e+01 2.225972023836447988e+01 1.036961590957333890e+01 1.752422975126285110e+01
1.661602957155989647e+09 -2.170823328197002411e-02 1.220092270523309708e-02 1.397958040237426758e+00 -6.268296837806701660e-01 1.448474824428558350e-01 -3.087760508060455322e-01 7.005434036254882812e-01 6.317152756534303748e+00 3.398414477711799719e-01 -8.031618186067513321e+00 9.973956707604616057e+00 1.112986011918235185e+01 5.184807954786669448e+00 8.762114875631425548e+00
1.661602957158982754e+09 -2.529993467032909393e-02 2.426638081669807434e-02 1.398789882659912109e+00 -6.301351189613342285e-01 1.537785083055496216e-01 -2.916186153888702393e-01 7.030223608016967773e-01 4.215072605175491205e+00 2.264707306080684934e-01 -5.352279571820998783e+00 6.646656190522560514e+00 7.416951549870922200e+00 3.455161968276666773e+00 5.839083403658799298e+00
1.661602957162971973e+09 -2.900225669145584106e-02 3.632011264562606812e-02 1.399510025978088379e+00 -6.331657767295837402e-01 1.627431511878967285e-01 -2.743431031703948975e-01 7.052316069602966309e-01 3.166046077878735154e+00 1.699207238855899860e-01 -4.015809093033756660e+00 4.986978353802308028e+00 5.564930059591119971e+00 2.592403977393334724e+00 4.381057437815716327e+00
1.661602957165963888e+09 -3.281264752149581909e-02 4.835844412446022034e-02 1.400120854377746582e+00 -6.359202265739440918e-01 1.717356443405151367e-01 -2.569558620452880859e-01 7.071676254272460938e-01 4.225301192119128579e+00 2.265609651807866665e-01 -5.354412124045008881e+00 6.649304471736411593e+00 7.419906746121493590e+00 3.456538636524446151e+00 5.841409917087617032e+00
1.661602957169952154e+09 -3.672845289111137390e-02 6.037769839167594910e-02 1.400624990463256836e+00 -6.383972764015197754e-01 1.807500869035720825e-01 -2.394637465476989746e-01 7.088267803192138672e-01 3.172078588346942229e+00 1.699613553355865392e-01 -4.016769353457724456e+00 4.988170840257067695e+00 5.566260745879935357e+00 2.593023873131591994e+00 4.382105036437860868e+00
1.661602957172944546e+09 -4.074691608548164368e-02 7.237417250871658325e-02 1.401024699211120605e+00 -6.405958533287048340e-01 1.897806823253631592e-01 -2.218734920024871826e-01 7.102058529853820801e-01 4.230038129651259915e+00 2.265248627243798829e-01 -5.353558899262275794e+00 6.648244906048938141e+00 7.418724385075257111e+00 3.455987837602204849e+00 5.840479089278347580e+00
1.661602957174939394e+09 -4.486517608165740967e-02 8.434415608644485474e-02 1.401322603225708008e+00 -6.425150632858276367e-01 1.988214552402496338e-01 -2.041919827461242676e-01 7.113016247749328613e-01 6.347410846488295455e+00 3.398008308896488527e-01 -8.030658269946314931e+00 9.972764648717607372e+00 1.112852991001298264e+01 5.184188281312928304e+00 8.761067652627289704e+00
1.661602957176934004e+09 -4.908028617501258850e-02 9.628392755985260010e-02 1.401520848274230957e+00 -6.441541314125061035e-01 2.078666239976882935e-01 -1.864262074232101440e-01 7.121109962463378906e-01 6.348867931467465198e+00 3.398414477711799719e-01 -8.031618186067513321e+00 9.973956707604616057e+00 1.112986011918223994e+01 5.184807954786669448e+00 8.762114875631429101e+00
1.661602957178928137e+09 -5.338919535279273987e-02 1.081897690892219543e-01 1.401621937751770020e+00 -6.455126404762268066e-01 2.169101983308792114e-01 -1.685833036899566650e-01 7.126311063766479492e-01 6.349621414090589333e+00 3.399227106711730784e-01 -8.033538706915448913e+00 9.976341680514135390e+00 1.113252149175987071e+01 5.186047746263183988e+00 8.764210072875721735e+00
1.661602957180922508e+09 -5.778877064585685730e-02 1.200579479336738586e-01 1.401628017425537109e+00 -6.465898752212524414e-01 2.259463667869567871e-01 -1.506703346967697144e-01 7.128592133522033691e-01 6.346564925309108318e+00 3.398820743638603648e-01 -8.032578331696452523e+00 9.975149051502716802e+00 1.113119064639325195e+01 5.185427776419040846e+00 8.763162349017637354e+00
1.661602957182917833e+09 -6.227577850222587585e-02 1.318847239017486572e-01 1.401541352272033691e+00 -6.473855972290039062e-01 2.349691241979598999e-01 -1.326945573091506958e-01 7.127928137779235840e-01 6.339638387460245106e+00 3.397196262461096850e-01 -8.028739125898054496e+00 9.970381385568195753e+00 1.112587044534336478e+01 5.182949378628901371e+00 8.758973957406206878e+00
1.661602957184912443e+09 -6.684691458940505981e-02 1.436663717031478882e-01 1.401364088058471680e+00 -6.478996276855468750e-01 2.439726293087005615e-01 -1.146633177995681763e-01 7.124294638633728027e-01 6.336371565728692978e+00 3.398414477711799719e-01 -8.031618186067513321e+00 9.973956707604616057e+00 1.112986011918223994e+01 5.184807954786669448e+00 8.762114875631429101e+00
1.661602957185909510e+09 -7.149878889322280884e-02 1.553991585969924927e-01 1.401098489761352539e+00 -6.481320261955261230e-01 2.529510259628295898e-01 -9.658395498991012573e-02 7.117669582366943359e-01 1.266127612055875673e+01 6.798454213423461567e-01 -1.606707741383089783e+01 1.995268336102827078e+01 2.226504298351974143e+01 1.037209549252636798e+01 1.752842014575143637e+01
1.661602957187903881e+09 -7.622793316841125488e-02 1.670793741941452026e-01 1.400746345520019531e+00 -6.480829715728759766e-01 2.618984282016754150e-01 -7.846401631832122803e-02 7.108031511306762695e-01 6.320888218053513086e+00 3.398820743638603648e-01 -8.032578331696452523e+00 9.975149051502716802e+00 1.113119064639325195e+01 5.185427776419040846e+00 8.763162349017633801e+00
1.661602957189899206e+09 -8.103080093860626221e-02 1.787032783031463623e-01 1.400309920310974121e+00 -6.477525234222412109e-01 2.708088755607604980e-01 -6.031091138720512390e-02 7.095363140106201172e-01 6.307062252193596841e+00 3.397196262461096850e-01 -8.028739125898054496e+00 9.970381385568195753e+00 1.112587044534336478e+01 5.182949378628901371e+00 8.758973957406203326e+00
1.661602957191893816e+09 -8.590377122163772583e-02 1.902671903371810913e-01 1.399790883064270020e+00 -6.471413969993591309e-01 2.796766757965087891e-01 -4.213227704167366028e-02 7.079645991325378418e-01 6.296685465056053310e+00 3.398414477711799719e-01 -8.031618186067513321e+00 9.973956707604616057e+00 1.112986011918223994e+01 5.184807954786669448e+00 8.762114875631425548e+00
1.661602957193888187e+09 -9.084317833185195923e-02 2.017674148082733154e-01 1.399191379547119141e+00 -6.462498903274536133e-01 2.884958982467651367e-01 -2.393573708832263947e-02 7.060865759849548340e-01 6.282909596475117375e+00 3.398820743638603648e-01 -8.032578331696452523e+00 9.975149051502716802e+00 1.113119064639325195e+01 5.185427776419040846e+00 8.763162349017633801e+00
1.661602957194885492e+09 -9.584526717662811279e-02 2.132002711296081543e-01 1.398513078689575195e+00 -6.450788378715515137e-01 2.972607612609863281e-01 -5.728991236537694931e-03 7.039008140563964844e-01 1.253142054596818156e+01 6.796828955423599439e-01 -1.606323637213502664e+01 1.994791341520923211e+01 2.225972023836470370e+01 1.036961590957333890e+01 1.752422975126285110e+01
1.661602957196880341e+09 -1.009062379598617554e-01 2.245620936155319214e-01 1.397757649421691895e+00 -6.436294317245483398e-01 3.059656023979187012e-01 1.248026266694068909e-02 7.014060616493225098e-01 6.246562027293022012e+00 3.398008308896488527e-01 -8.030658269946314931e+00 9.972764648717607372e+00 1.112852991001298264e+01 5.184188281312928304e+00 8.761067652627286151e+00
1.661602957198875427e+09 -1.060222163796424866e-01 2.358492463827133179e-01 1.396926879882812500e+00 -6.419022679328918457e-01 3.146046102046966553e-01 3.068421408534049988e-02 6.986014246940612793e-01 6.225431294027930385e+00 3.397602237157853478e-01 -8.029698583250576505e+00 9.971572874739511150e+00 1.112720001877134557e+01 5.183568755944702566e+00 8.760020679915452746e+00
1.661602957199872255e+09 -1.111893057823181152e-01 2.470581382513046265e-01 1.396022319793701172e+00 -6.398985981941223145e-01 3.231720626354217529e-01 4.887509346008300781e-02 6.954860687255859375e-01 1.241501270424254066e+01 6.800080248872738542e-01 -1.607092029290619806e+01 1.995745558857216650e+01 2.227036827483366466e+01 1.037457626159896584e+01 1.753261254473391872e+01
1.661602957201867104e+09 -1.164035275578498840e-01 2.581851482391357422e-01 1.395045518875122070e+00 -6.376197338104248047e-01 3.316623270511627197e-01 6.704500317573547363e-02 6.920593380928039551e-01 6.179370047349508788e+00 3.398008308896488527e-01 -8.030658269946314931e+00 9.972764648717607372e+00 1.112852991001298264e+01 5.184188281312928304e+00 8.761067652627286151e+00
1.661602957203861475e+09 -1.216608881950378418e-01 2.692267596721649170e-01 1.393997907638549805e+00 -6.350671648979187012e-01 3.400698006153106689e-01 8.518610149621963501e-02 6.883208155632019043e-01 6.154390266468443116e+00 3.398820743638603648e-01 -8.032578331696452523e+00 9.975149051502716802e+00 1.113119064639314182e+01 5.185427776419040846e+00 8.763162349017633801e+00
1.661602957204858780e+09 -1.269573420286178589e-01 2.801793813705444336e-01 1.392880916595458984e+00 -6.322425007820129395e-01 3.483889102935791016e-01 1.032904833555221558e-01 6.842701435089111328e-01 1.225021693172977599e+01 6.796828955423599439e-01 -1.606323637213502664e+01 1.994791341520923211e+01 2.225972023836470370e+01 1.036961590957333890e+01 1.752422975126285110e+01
1.661602957206853390e+09 -1.322887986898422241e-01 2.910395562648773193e-01 1.391695857048034668e+00 -6.291474699974060059e-01 3.566142022609710693e-01 1.213502287864685059e-01 6.799073219299316406e-01 6.094504562927606450e+00 3.398414477711799719e-01 -8.031618186067513321e+00 9.973956707604616057e+00 1.112986011918235185e+01 5.184807954786669448e+00 8.762114875631425548e+00
1.661602957208847761e+09 -1.376511305570602417e-01 3.018038570880889893e-01 1.390443921089172363e+00 -6.257838010787963867e-01 3.647401034832000732e-01 1.393573880195617676e-01 6.752324104309082031e-01 6.062558463865431513e+00 3.398820743638603648e-01 -8.032578331696452523e+00 9.975149051502716802e+00 1.113119064639325195e+01 5.185427776419040846e+00 8.763162349017633801e+00
1.661602957209845543e+09 -1.430402100086212158e-01 3.124687671661376953e-01 1.389126181602478027e+00 -6.221536397933959961e-01 3.727612793445587158e-01 1.573040634393692017e-01 6.702457070350646973e-01 1.204832845376946970e+01 6.793580769542871822e-01 -1.605555979561309954e+01 1.993838036220315857e+01 2.224908237923047949e+01 1.036466029862491567e+01 1.751585497001971703e+01
1.661602957211839914e+09 -1.484518796205520630e-01 3.230310082435607910e-01 1.387743830680847168e+00 -6.182590723037719727e-01 3.806724548339843750e-01 1.751822978258132935e-01 6.649476885795593262e-01 5.990929166059252964e+00 3.398820743638603648e-01 -8.032578331696452523e+00 9.975149051502716802e+00 1.113119064639325195e+01 5.185427776419040846e+00 8.763162349017633801e+00
1.661602957213834763e+09 -1.538819223642349243e-01 3.334871530532836914e-01 1.386297821998596191e+00 -6.141023039817810059e-01 3.884681463241577148e-01 1.929841190576553345e-01 6.593390703201293945e-01 5.950546254419653458e+00 3.398008308896488527e-01 -8.030658269946314931e+00 9.972764648717607372e+00 1.112852991001309455e+01 5.184188281312928304e+00 8.761067652627286151e+00
1.661602957215829849e+09 -1.593261510133743286e-01 3.438339531421661377e-01 1.384789228439331055e+00 -6.096858978271484375e-01 3.961434662342071533e-01 2.107016295194625854e-01 6.534205675125122070e-01 5.908830060087907121e+00 3.397602237157853478e-01 -8.029698583250576505e+00 9.971572874739511150e+00 1.112720001877145748e+01 5.183568755944702566e+00 8.760020679915452746e+00
1.661602957216826677e+09 -1.647803634405136108e-01 3.540681600570678711e-01 1.383218646049499512e+00 -6.050120592117309570e-01 4.036928117275238037e-01 2.283267676830291748e-01 6.471934914588928223e-01 1.173997956312573443e+01 6.800080248872738542e-01 -1.607092029290619806e+01 1.995745558857216650e+01 2.227036827483366466e+01 1.037457626159890900e+01 1.753261254473391872e+01
1.661602957218821287e+09 -1.702403128147125244e-01 3.641865551471710205e-01 1.381586909294128418e+00 -6.000837683677673340e-01 4.111115038394927979e-01 2.458517700433731079e-01 6.406587958335876465e-01 5.822056643229346129e+00 3.398414477711799719e-01 -8.031618186067513321e+00 9.973956707604616057e+00 1.112986011918235185e+01 5.184807954786669448e+00 8.762114875631425548e+00
1.661602957220816374e+09 -1.757017970085144043e-01 3.741860091686248779e-01 1.379894852638244629e+00 -5.949035286903381348e-01 4.183943271636962891e-01 2.632686197757720947e-01 6.338181495666503906e-01 5.773522680455851486e+00 3.397602237157853478e-01 -8.029698583250576505e+00 9.971572874739511150e+00 1.112720001877145748e+01 5.183568755944702566e+00 8.760020679915452746e+00
1.661602957221813440e+09 -1.811605691909790039e-01 3.840634226799011230e-01 1.378143072128295898e+00 -5.894746780395507812e-01 4.255366027355194092e-01 2.805696129798889160e-01 6.266728639602661133e-01 1.145420628085980930e+01 6.798454213423461567e-01 -1.606707741383089783e+01 1.995268336102827078e+01 2.226504298351974143e+01 1.037209549252636798e+01 1.752842014575143637e+01
1.661602957223808289e+09 -1.866124272346496582e-01 3.938157558441162109e-01 1.376331925392150879e+00 -5.837997794151306152e-01 4.325333237648010254e-01 2.977467477321624756e-01 6.192249655723571777e-01 5.673922042719758529e+00 3.398008308896488527e-01 -8.030658269946314931e+00 9.972764648717607372e+00 1.112852991001303771e+01 5.184188281312928304e+00 8.761067652627286151e+00
1.661602957225802898e+09 -1.920531690120697021e-01 4.034400284290313721e-01 1.374461889266967773e+00 -5.778822302818298340e-01 4.393796920776367188e-01 3.147921562194824219e-01 6.114764213562011719e-01 5.621515788077288356e+00 3.398414477711799719e-01 -8.031618186067513321e+00 9.973956707604616057e+00 1.112986011918229678e+01 5.184807954786669448e+00 8.762114875631425548e+00
1.661602957226800203e+09 -1.974785923957824707e-01 4.129333198070526123e-01 1.372533559799194336e+00 -5.717251896858215332e-01 4.460711777210235596e-01 3.316982686519622803e-01 6.034293770790100098e-01 1.113298837568855859e+01 6.796828955423599439e-01 -1.606323637213502664e+01 1.994791341520923211e+01 2.225972023836459357e+01 1.036961590957333890e+01 1.752422975126285110e+01
1.661602957228794575e+09 -2.028845101594924927e-01 4.222927689552307129e-01 1.370547056198120117e+00 -5.653321743011474609e-01 4.526032209396362305e-01 3.484571874141693115e-01 5.950860977172851562e-01 5.510264813716794663e+00 3.398820743638603648e-01 -8.032578331696452523e+00 9.975149051502716802e+00 1.113119064639319689e+01 5.185427776419040846e+00 8.763162349017633801e+00
1.661602957229792356e+09 -2.082667946815490723e-01 4.315155744552612305e-01 1.368502736091613770e+00 -5.587065219879150391e-01 4.589711725711822510e-01 3.650612831115722656e-01 5.864492654800415039e-01 1.089653859828615623e+01 6.793580769542871822e-01 -1.605555979561309954e+01 1.993838036220315857e+01 2.224908237923036936e+01 1.036466029862491567e+01 1.751585497001971703e+01
1.661602957231786728e+09 -2.136212885379791260e-01 4.405990242958068848e-01 1.366400599479675293e+00 -5.518519282341003418e-01 4.651708602905273438e-01 3.815029859542846680e-01 5.775215029716491699e-01 5.391012375657693312e+00 3.398820743638603648e-01 -8.032578331696452523e+00 9.975149051502716802e+00 1.113119064639319689e+01 5.185427776419040846e+00 8.763162349017633801e+00
1.661602957233781576e+09 -2.189439237117767334e-01 4.495404362678527832e-01 1.364240884780883789e+00 -5.447719097137451172e-01 4.711978137493133545e-01 3.977744877338409424e-01 5.683059096336364746e-01 5.327470650173546041e+00 3.398008308896488527e-01 -8.030658269946314931e+00 9.972764648717607372e+00 1.112852991001303771e+01 5.184188281312928304e+00 8.761067652627286151e+00
1.661602957234778881e+09 -2.242306321859359741e-01 4.583372175693511963e-01 1.362023472785949707e+00 -5.374705195426940918e-01 4.770479500293731689e-01 4.138685464859008789e-01 5.588054060935974121e-01 1.052835401882260769e+01 6.796828955423599439e-01 -1.606323637213502664e+01 1.994791341520923211e+01 2.225972023836459357e+01 1.036961590957333890e+01 1.752422975126285110e+01
1.661602957236773491e+09 -2.294773906469345093e-01 4.669868648052215576e-01 1.359748482704162598e+00 -5.299515724182128906e-01 4.827171862125396729e-01 4.297776520252227783e-01 5.490233302116394043e-01 5.198614144762426115e+00 3.398414477711799719e-01 -8.031618186067513321e+00 9.973956707604616057e+00 1.112986011918229678e+01 5.184807954786669448e+00 8.762114875631425548e+00
1.661602957238768101e+09 -2.346802204847335815e-01 4.754869043827056885e-01 1.357415556907653809e+00 -5.222191810607910156e-01 4.882015287876129150e-01 4.454944133758544922e-01 5.389631390571594238e-01 5.131511307366254826e+00 3.398414477711799719e-01 -8.031618186067513321e+00 9.973956707604616057e+00 1.112986011918229678e+01 5.184807954786669448e+00 8.762114875631425548e+00
1.661602957239765644e+09 -2.398351877927780151e-01 4.838349819183349609e-01 1.355024695396423340e+00 -5.142772793769836426e-01 4.934970438480377197e-01 4.610113501548767090e-01 5.286285281181335449e-01 1.012339965807809250e+01 6.795204474315706955e-01 -1.605939716650115301e+01 1.994314574947902230e+01 2.225440003754280482e+01 1.036713751188940513e+01 1.752004135983090549e+01
1.661602957241760254e+09 -2.449384033679962158e-01 4.920287728309631348e-01 1.352575540542602539e+00 -5.061301589012145996e-01 4.986000955104827881e-01 4.763214588165283203e-01 5.180231928825378418e-01 4.992898472163076029e+00 3.398414477711799719e-01 -8.031618186067513321e+00 9.973956707604616057e+00 1.112986011918229678e+01 5.184807954786669448e+00 8.762114875631425548e+00
