1.661970348688425541e+09 1.378528122206244648e-16 -2.367949187755584717e-01 1.128897309303283691e+00 -6.125128269195556641e-01 6.125135421752929688e-01 3.533097505569458008e-01 3.533093035221099854e-01 0.000000000000000000e+00 0.000000000000000000e+00 0.000000000000000000e+00 0.000000000000000000e+00 0.000000000000000000e+00 0.000000000000000000e+00 0.000000000000000000e+00
1.661970360106124401e+09 1.378528122206244648e-16 -2.367949187755584717e-01 1.128897309303283691e+00 -6.125128269195556641e-01 6.125135421752929688e-01 3.533097505569458008e-01 3.533093035221099854e-01 0.000000000000000000e+00 0.000000000000000000e+00 0.000000000000000000e+00 0.000000000000000000e+00 0.000000000000000000e+00 0.000000000000000000e+00 0.000000000000000000e+00
1.661970360130060434e+09 -3.684452967718243599e-03 -2.285034805536270142e-01 1.132204651832580566e+00 6.150126457214355469e-01 -6.124469041824340820e-01 -3.505820333957672119e-01 -3.517960309982299805e-01 4.034589761314924528e-01 2.525817723477173926e-01 -6.378778629090485763e-01 5.992371159051267382e-01 -4.051749323931844726e-01 -2.514166280249879315e-01 3.102296675140002735e-01
1.661970360160978079e+09 -7.450005505234003067e-03 -2.201604694128036499e-01 1.135388135910034180e+00 6.174758672714233398e-01 -6.123772263526916504e-01 -3.478292524814605713e-01 -3.503319919109344482e-01 3.134528053577851359e-01 1.955454821546357413e-01 -4.938366418880287267e-01 4.639214843789776221e-01 -3.136810973149955495e-01 -1.946434427626052843e-01 2.401757234848457268e-01
1.661970360191894531e+09 -1.129799615591764450e-02 -2.117685228586196899e-01 1.138446807861328125e+00 6.199021935462951660e-01 -6.123045086860656738e-01 -3.450520336627960205e-01 -3.489176034927368164e-01 3.145768061747546973e-01 1.955530221005844504e-01 -4.938556835020072588e-01 4.639393725085036446e-01 -3.136931923963643953e-01 -1.946509479272374443e-01 2.401849843072039470e-01
1.661970360221814871e+09 -1.522971503436565399e-02 -2.033302932977676392e-01 1.141380190849304199e+00 6.222915053367614746e-01 -6.122285723686218262e-01 -3.422514200210571289e-01 -3.475533425807952881e-01 3.262153731845374161e-01 2.020634051942217235e-01 -5.102972074325983209e-01 4.793849177361413361e-01 -3.241367173004005009e-01 -2.011312990204283946e-01 2.481812619631684480e-01
1.661970360252732277e+09 -1.924640499055385590e-02 -1.948484778404235840e-01 1.144187211990356445e+00 6.246436834335327148e-01 -6.121494770050048828e-01 -3.394280970096588135e-01 -3.462396562099456787e-01 3.168321940780652324e-01 1.955469900973116903e-01 -4.938404500933390451e-01 4.639250618945163218e-01 -3.136835162566529722e-01 -1.946449437492281942e-01 2.401775755921871647e-01
1.661970360283649206e+09 -2.334925532341003418e-02 -1.863258332014083862e-01 1.146867394447326660e+00 6.269584894180297852e-01 -6.120669245719909668e-01 -3.365829586982727051e-01 -3.449768722057342529e-01 3.179871632568536111e-01 1.955500060524281436e-01 -4.938480666802065877e-01 4.639322170911668319e-01 -3.136883542518876244e-01 -1.946479457919310929e-01 2.401812798925590242e-01
1.661970360314567089e+09 -2.753940783441066742e-02 -1.777650862932205200e-01 1.149419903755187988e+00 6.292358636856079102e-01 -6.119808554649353027e-01 -3.337168991565704346e-01 -3.437654972076416016e-01 3.191379558164483821e-01 1.955439742352199362e-01 -4.938328337414296665e-01 4.639179069185850879e-01 -3.136786784106446735e-01 -1.946419417991244738e-01 2.401738714060723534e-01
1.661970360344487667e+09 -3.181795403361320496e-02 -1.691690683364868164e-01 1.151844143867492676e+00 6.314755678176879883e-01 -6.118912100791931152e-01 -3.308306932449340820e-01 -3.426058292388916016e-01 3.309846862511396370e-01 2.020617950759304726e-01 -5.102931411897977387e-01 4.793810978142420964e-01 -3.241341344553910764e-01 -2.011296963295138018e-01 2.481792843602031728e-01
1.661970360374407053e+09 -3.618592768907546997e-02 -1.605405658483505249e-01 1.154139280319213867e+00 6.336775422096252441e-01 -6.117979288101196289e-01 -3.279252648353576660e-01 -3.414983451366424561e-01 3.322164874731967088e-01 2.020698459240022893e-01 -5.103134730518910089e-01 4.794001980324973378e-01 -3.241470490920763670e-01 -2.011377100395140838e-01 2.481891726902154260e-01
1.661970360406321764e+09 -4.064431786537170410e-02 -1.518824547529220581e-01 1.156305074691772461e+00 6.358415484428405762e-01 -6.117007732391357422e-01 -3.250015079975128174e-01 -3.404433429241180420e-01 3.125991714325415116e-01 1.894363292607871563e-01 -4.784083971817933434e-01 4.494278369288450259e-01 -3.038811992948901031e-01 -1.885624710187409347e-01 2.326722506355002051e-01
1.661970360438238144e+09 -4.519405588507652283e-02 -1.431976109743118286e-01 1.158340573310852051e+00 6.379675865173339844e-01 -6.115997433662414551e-01 -3.220601975917816162e-01 -3.394411206245422363e-01 3.137412525129169572e-01 1.894264235013024544e-01 -4.783833808687273925e-01 4.494043360297687584e-01 -3.038653091322994215e-01 -1.885526109539218953e-01 2.326600840391402636e-01
1.661970360482119322e+09 -4.983602091670036316e-02 -1.344889253377914429e-01 1.160245418548583984e+00 6.400553584098815918e-01 -6.114947795867919922e-01 -3.191023766994476318e-01 -3.384921252727508545e-01 2.290445639550989787e-01 1.377767414186772676e-01 -3.479456674875756605e-01 3.268681520409842389e-01 -2.210123136392291021e-01 -1.371411857070521934e-01 1.692221583695174558e-01
1.661970360517025948e+09 -5.457103997468948364e-02 -1.257593184709548950e-01 1.162019133567810059e+00 6.421048641204833984e-01 -6.113856434822082520e-01 -3.161288797855377197e-01 -3.375966250896453857e-01 2.890063370164719925e-01 1.731993732273901798e-01 -4.374030834631336129e-01 4.109065033658868549e-01 -2.778349509771529946e-01 -1.724004150739958940e-01 2.127294597331315373e-01
1.661970360547942877e+09 -5.939988046884536743e-02 -1.170117482542991638e-01 1.163661122322082520e+00 6.441158652305603027e-01 -6.112723946571350098e-01 -3.131404817104339600e-01 -3.367549479007720947e-01 3.275195287777328268e-01 1.955500060524308359e-01 -4.938480666802065877e-01 4.639322170911596155e-01 -3.136883542518894008e-01 -1.946479457919310929e-01 2.401812798925608006e-01
1.661970360579857588e+09 -6.432325392961502075e-02 -1.082491949200630188e-01 1.165171027183532715e+00 6.460883021354675293e-01 -6.111547350883483887e-01 -3.101382851600646973e-01 -3.359673321247100830e-01 3.184659053943200702e-01 1.894363292607862959e-01 -4.784083971817864045e-01 4.494278369288450259e-01 -3.038811992948883822e-01 -1.885624710187409347e-01 2.326722506354984565e-01
1.661970360611772060e+09 -6.934183090925216675e-02 -9.947464615106582642e-02 1.166548371315002441e+00 6.480220556259155273e-01 -6.110327243804931641e-01 -3.071230053901672363e-01 -3.352341353893280029e-01 3.196593495796209994e-01 1.894377444538579425e-01 -4.784119711543922127e-01 4.494311944008027582e-01 -3.038834694537816405e-01 -1.885638796836123232e-01 2.326739888245686894e-01
1.661970360641692638e+09 -7.445620000362396240e-02 -9.069110453128814697e-02 1.167792677879333496e+00 6.499169468879699707e-01 -6.109061837196350098e-01 -3.040957152843475342e-01 -3.345555067062377930e-01 3.422362338234026247e-01 2.020617950759304726e-01 -5.102931411897903002e-01 4.793810978142346579e-01 -3.241341344553910764e-01 -2.011296963295138018e-01 2.481792843602022292e-01
1.661970360673607111e+09 -7.966692000627517700e-02 -8.190160989761352539e-02 1.168903708457946777e+00 6.517729163169860840e-01 -6.107750535011291504e-01 -3.010572493076324463e-01 -3.339318335056304932e-01 3.220542296698994389e-01 1.894377444538579425e-01 -4.784119711543922127e-01 4.494311944007958193e-01 -3.038834694537833614e-01 -1.885638796836158204e-01 2.326739888245686894e-01
1.661970360705521345e+09 -8.497447520494461060e-02 -7.310920953750610352e-02 1.169881224632263184e+00 6.535897254943847656e-01 -6.106392145156860352e-01 -2.980085611343383789e-01 -3.333632946014404297e-01 3.232597643770374618e-01 1.894391596680733980e-01 -4.784155451803697168e-01 4.494345519229043240e-01 -3.038857396465938221e-01 -1.885652883695308757e-01 2.326757270396086763e-01
1.661970360736438990e+09 -9.037930518388748169e-02 -6.431695073843002319e-02 1.170724630355834961e+00 6.553673744201660156e-01 -6.104986071586608887e-01 -2.949505448341369629e-01 -3.328501284122467041e-01 3.349240676835782970e-01 1.955454821546357413e-01 -4.938366418880215658e-01 4.639214843789704057e-01 -3.136810973149919413e-01 -1.946434427626017039e-01 2.401757234848457268e-01
1.661970360766359091e+09 -9.588177502155303955e-02 -5.552792921662330627e-02 1.171433925628662109e+00 6.571058034896850586e-01 -6.103530526161193848e-01 -2.918842136859893799e-01 -3.323925137519836426e-01 3.473789104810960371e-01 2.020650153381753078e-01 -5.103012737402174981e-01 4.793887377189038901e-01 -3.241393001865746082e-01 -2.011329017368851391e-01 2.481832395976535932e-01
1.661970360797276497e+09 -1.014822125434875488e-01 -4.674521833658218384e-02 1.172008872032165527e+00 6.588047146797180176e-01 -6.102025508880615234e-01 -2.888104021549224854e-01 -3.319906592369079590e-01 3.374226297446675793e-01 1.955469900973107744e-01 -4.938404500933462060e-01 4.639250618945163218e-01 -3.136835162566511959e-01 -1.946449437492281942e-01 2.401775755921862765e-01
1.661970360829191208e+09 -1.071808710694313049e-01 -3.797192499041557312e-02 1.172448992729187012e+00 6.604641675949096680e-01 -6.100469231605529785e-01 -2.857301235198974609e-01 -3.316448032855987549e-01 3.280890966501932016e-01 1.894363292607871563e-01 -4.784083971817933434e-01 4.494278369288589592e-01 -3.038811992948883822e-01 -1.885624710187409347e-01 2.326722506354993170e-01
1.661970360860108852e+09 -1.129779517650604248e-01 -2.921116165816783905e-02 1.172754406929016113e+00 6.620838642120361328e-01 -6.098860502243041992e-01 -2.826443016529083252e-01 -3.313550055027008057e-01 3.399204089449799904e-01 1.955454821546348532e-01 -4.938366418880215658e-01 4.639214843789632448e-01 -3.136810973149937176e-01 -1.946434427626017039e-01 2.401757234848448108e-01
1.661970360891026020e+09 -1.188736036419868469e-01 -2.046604454517364502e-02 1.172924876213073730e+00 6.636639237403869629e-01 -6.097198724746704102e-01 -2.795538902282714844e-01 -3.311215341091156006e-01 3.411766344964963227e-01 1.955484980632428982e-01 -4.938442583574050859e-01 4.639286394652528123e-01 -3.136859352356161090e-01 -1.946464447590044722e-01 2.401794277280919765e-01
1.661970360922940731e+09 -1.248679012060165405e-01 -1.173970103263854980e-02 1.172960162162780762e+00 6.652041673660278320e-01 -6.095483899116516113e-01 -2.764597833156585693e-01 -3.309443593025207520e-01 3.317239773555846205e-01 1.894363292607871563e-01 -4.784083971817933434e-01 4.494278369288519648e-01 -3.038811992948883822e-01 -1.885624710187409347e-01 2.326722506354993170e-01
1.661970360952861071e+09 -1.309608668088912964e-01 -3.035264788195490837e-03 1.172860383987426758e+00 6.667044758796691895e-01 -6.093713641166687012e-01 -2.733630537986755371e-01 -3.308238089084625244e-01 3.551265459989704221e-01 2.020634051942226395e-01 -5.102972074326057594e-01 4.793849177361338976e-01 -3.241367173004023328e-01 -2.011312990204283946e-01 2.481812619631693639e-01
1.661970360983778000e+09 -1.371524930000305176e-01 5.644124932587146759e-03 1.172625422477722168e+00 6.681646704673767090e-01 -6.091887950897216797e-01 -2.702645957469940186e-01 -3.307599127292633057e-01 3.449278607101291527e-01 1.955500060524299477e-01 -4.938480666801994268e-01 4.639322170911596155e-01 -3.136883542518894008e-01 -1.946479457919310929e-01 2.401812798925608006e-01
1.661970361014695406e+09 -1.434426456689834595e-01 1.429532747715711594e-02 1.172255277633666992e+00 6.695848703384399414e-01 -6.090004444122314453e-01 -2.671653330326080322e-01 -3.307526409626007080e-01 3.461684995078823657e-01 1.955469900973107744e-01 -4.938404500933462060e-01 4.639250618945163218e-01 -3.136835162566511959e-01 -1.946449437492317747e-01 2.401775755921862765e-01
1.661970361044615507e+09 -1.498312056064605713e-01 2.291519753634929657e-02 1.171749830245971680e+00 6.709647774696350098e-01 -6.088063716888427734e-01 -2.640662789344787598e-01 -3.308022022247314453e-01 3.589929346766487783e-01 2.020650153381753078e-01 -5.103012737402174981e-01 4.793887377189038901e-01 -3.241393001865727208e-01 -2.011329017368851391e-01 2.481832395976526495e-01
1.661970361075533390e+09 -1.563179492950439453e-01 3.150059282779693604e-02 1.171109318733215332e+00 6.723044514656066895e-01 -6.086063385009765625e-01 -2.609683275222778320e-01 -3.309086263179779053e-01 3.486485929973160425e-01 1.955439742352181598e-01 -4.938328337414296665e-01 4.639179069185922488e-01 -3.136786784106446735e-01 -1.946419417991244738e-01 2.401738714060723534e-01
1.661970361106450081e+09 -1.629025936126708984e-01 4.004836454987525940e-02 1.170333743095397949e+00 6.736037135124206543e-01 -6.084004640579223633e-01 -2.578725516796112061e-01 -3.310719728469848633e-01 3.498996144554092913e-01 1.955515140648778627e-01 -4.938518750617306163e-01 4.639357947722452247e-01 -3.136907733054718483e-01 -1.946494468480085560e-01 2.401831320855979113e-01
1.661970361137367249e+09 -1.695848256349563599e-01 4.855537042021751404e-02 1.169423222541809082e+00 6.748625636100769043e-01 -6.081883907318115234e-01 -2.547798752784729004e-01 -3.312923014163970947e-01 3.511283281491170971e-01 1.955484980632420100e-01 -4.938442583574050859e-01 4.639286394652528123e-01 -3.136859352356161090e-01 -1.946464447590044722e-01 2.401794277280910883e-01
1.661970361168285131e+09 -1.763642579317092896e-01 5.701847746968269348e-02 1.168377757072448730e+00 6.760808229446411133e-01 -6.079702973365783691e-01 -2.516912519931793213e-01 -3.315696120262145996e-01 3.523507042601397576e-01 1.955439742352190480e-01 -4.938328337414296665e-01 4.639179069185922488e-01 -3.136786784106428971e-01 -1.946419417991244738e-01 2.401738714060723534e-01
1.661970361200199604e+09 -1.832404285669326782e-01 6.543454527854919434e-02 1.167197823524475098e+00 6.772585511207580566e-01 -6.077458262443542480e-01 -2.486076653003692627e-01 -3.319037556648254395e-01 3.425341259626792922e-01 1.894377444538579425e-01 -4.784119711543852738e-01 4.494311944007888249e-01 -3.038834694537816405e-01 -1.885638796836123232e-01 2.326739888245678289e-01
1.661970361230119705e+09 -1.902128309011459351e-01 7.380044460296630859e-02 1.165883302688598633e+00 6.783955693244934082e-01 -6.075150370597839355e-01 -2.455300837755203247e-01 -3.322949707508087158e-01 3.666275014552831113e-01 2.020650153381743641e-01 -5.103012737402174981e-01 4.793887377189038901e-01 -3.241393001865727208e-01 -2.011329017368851391e-01 2.481832395976526495e-01
1.661970361262034178e+09 -1.972808837890625000e-01 8.211304992437362671e-02 1.164434671401977539e+00 6.794918179512023926e-01 -6.072778105735778809e-01 -2.424594312906265259e-01 -3.327430486679077148e-01 3.448923468920304658e-01 1.894377444538579425e-01 -4.784119711543852738e-01 4.494311944007958193e-01 -3.038834694537816405e-01 -1.885638796836123232e-01 2.326739888245695498e-01
1.661970361293949127e+09 -2.044439911842346191e-01 9.036925435066223145e-02 1.162852048873901367e+00 6.805472373962402344e-01 -6.070341467857360840e-01 -2.393968105316162109e-01 -3.332480788230895996e-01 3.460585975588733043e-01 1.894349140888606231e-01 -4.784048232625927599e-01 4.494244795070717058e-01 -3.038789291699132700e-01 -1.885610623749162384e-01 2.326705124723991436e-01
1.661970361324866533e+09 -2.117014527320861816e-01 9.856595844030380249e-02 1.161135792732238770e+00 6.815618276596069336e-01 -6.067836880683898926e-01 -2.363430708646774292e-01 -3.338098824024200439e-01 3.584264874935449985e-01 1.955469900973098862e-01 -4.938404500933534225e-01 4.639250618945235383e-01 -3.136835162566511959e-01 -1.946449437492281942e-01 2.401775755921853883e-01
1.661970361356289387e+09 -2.190525233745574951e-01 1.067000553011894226e-01 1.159286260604858398e+00 6.825354695320129395e-01 -6.065265536308288574e-01 -2.332992553710937500e-01 -3.344284296035766602e-01 3.538369735724458676e-01 1.924015496168271777e-01 -4.858968568841015023e-01 4.564626679764799411e-01 -3.086378091884791619e-01 -1.915140129939882085e-01 2.363142368192603371e-01
1.661970361386208773e+09 -2.264963984489440918e-01 1.147684752941131592e-01 1.157303690910339355e+00 6.834681034088134766e-01 -6.062626242637634277e-01 -2.302662730216979980e-01 -3.351036310195922852e-01 3.728460309425208341e-01 2.020698459240022893e-01 -5.103134730518910089e-01 4.794001980324899548e-01 -3.241470490920763670e-01 -2.011377100395140838e-01 2.481891726902154260e-01
1.661970361417125940e+09 -2.340322285890579224e-01 1.227681487798690796e-01 1.155188679695129395e+00 6.843596696853637695e-01 -6.059917807579040527e-01 -2.272452116012573242e-01 -3.358353972434997559e-01 3.619936294639930496e-01 1.955484980632411218e-01 -4.938442583574050859e-01 4.639286394652528123e-01 -3.136859352356161090e-01 -1.946464447590044722e-01 2.401794277280902001e-01
1.661970361448548317e+09 -2.416590750217437744e-01 1.306960284709930420e-01 1.152941465377807617e+00 6.852101683616638184e-01 -6.057139635086059570e-01 -2.242369055747985840e-01 -3.366236388683319092e-01 3.573278835388684627e-01 1.924044693262194072e-01 -4.859042304090053221e-01 4.564695948351312760e-01 -3.086424927926989525e-01 -1.915169192349380767e-01 2.363178229073034375e-01
1.661970361480463028e+09 -2.493759840726852417e-01 1.385490745306015015e-01 1.150562524795532227e+00 6.860195398330688477e-01 -6.054290533065795898e-01 -2.212423980236053467e-01 -3.374680876731872559e-01 3.529444137328704434e-01 1.894363292607862959e-01 -4.784083971817933434e-01 4.494278369288519648e-01 -3.038811992948883822e-01 -1.885624710187444319e-01 2.326722506354984565e-01
1.661970361512377739e+09 -2.571819126605987549e-01 1.463242769241333008e-01 1.148052453994750977e+00 6.867876052856445312e-01 -6.051369905471801758e-01 -2.182626575231552124e-01 -3.383687734603881836e-01 3.540641850528948864e-01 1.894363292607880445e-01 -4.784083971817933434e-01 4.494278369288519648e-01 -3.038811992948883822e-01 -1.885624710187409347e-01 2.326722506354984565e-01
1.661970361544292688e+09 -2.650757730007171631e-01 1.540186405181884766e-01 1.145411729812622070e+00 6.875144839286804199e-01 -6.048376560211181641e-01 -2.152987122535705566e-01 -3.393254578113555908e-01 3.551730249598948896e-01 1.894349140888597349e-01 -4.784048232625996988e-01 4.494244795070647669e-01 -3.038789291699149908e-01 -1.885610623749162384e-01 2.326705124724008922e-01
1.661970361576207161e+09 -2.730564177036285400e-01 1.616291701793670654e-01 1.142640829086303711e+00 6.882000565528869629e-01 -6.045309901237487793e-01 -2.123513817787170410e-01 -3.403378725051879883e-01 3.562810174913772499e-01 1.894377444538570820e-01 -4.784119711543852738e-01 4.494311944007958193e-01 -3.038834694537816405e-01 -1.885638796836123232e-01 2.326739888245678289e-01
1.661970361608122110e+09 -2.811226546764373779e-01 1.691529303789138794e-01 1.139740347862243652e+00 6.888443231582641602e-01 -6.042168736457824707e-01 -2.094217538833618164e-01 -3.414058983325958252e-01 3.573696584253771014e-01 1.894349140888614835e-01 -4.784048232625996988e-01 4.494244795070717058e-01 -3.038789291699132700e-01 -1.885610623749162384e-01 2.326705124724008922e-01
1.661970361640036821e+09 -2.892732024192810059e-01 1.765869706869125366e-01 1.136710882186889648e+00 6.894472241401672363e-01 -6.038952469825744629e-01 -2.065107524394989014e-01 -3.425293564796447754e-01 3.584559953351437178e-01 1.894363292607862959e-01 -4.784083971817933434e-01 4.494278369288519648e-01 -3.038811992948883822e-01 -1.885624710187409347e-01 2.326722506354984565e-01
1.661970361671951294e+09 -2.892732024192810059e-01 1.765869706869125366e-01 1.136710882186889648e+00 6.894472241401672363e-01 -6.038952469825744629e-01 -2.065107524394989014e-01 -3.425293564796447754e-01 0.000000000000000000e+00 0.000000000000000000e+00 0.000000000000000000e+00 0.000000000000000000e+00 0.000000000000000000e+00 0.000000000000000000e+00 0.000000000000000000e+00
1.661970361703866005e+09 -2.891714274883270264e-01 1.870969980955123901e-01 1.142797470092773438e+00 6.847522854804992676e-01 -6.034380197525024414e-01 -2.141248881816864014e-01 -3.480336964130401611e-01 3.805668742988244091e-01 -8.076259533881091635e-02 -3.262077819296485548e-01 5.558234823568578564e-01 -1.940013009313372727e-01 3.843995230351031078e-01 2.525033983999754317e-01
1.661970361734783411e+09 -2.890164554119110107e-01 1.975021958351135254e-01 1.148864984512329102e+00 6.800295710563659668e-01 -6.028727889060974121e-01 -2.217296808958053589e-01 -3.534688055515289307e-01 3.896197499295164235e-01 -8.336775998868724280e-02 -3.367302890188911824e-01 5.737527190503320940e-01 -2.002592143762523258e-01 3.967991251608178338e-01 2.606484180681304386e-01
1.661970361765700579e+09 -2.888087630271911621e-01 2.078006565570831299e-01 1.154911875724792480e+00 6.752808094024658203e-01 -6.021995544433593750e-01 -2.293239235877990723e-01 -3.588344454765319824e-01 3.863323114248141676e-01 -8.336840288143702871e-02 -3.367328857236709383e-01 5.737571435600187231e-01 -2.002607586806273987e-01 3.968021850880572021e-01 2.606504280654918237e-01
1.661970361797615528e+09 -2.885488867759704590e-01 2.179905176162719727e-01 1.160936713218688965e+00 6.705078482627868652e-01 -6.014181375503540039e-01 -2.369061857461929321e-01 -3.641302585601806641e-01 3.710043714966199113e-01 -8.076199200703139403e-02 -3.262053450153722944e-01 5.558193301132442476e-01 -1.939998516570848874e-01 3.843966514031707526e-01 2.525015120895626741e-01
1.661970361829530716e+09 -2.882373929023742676e-01 2.280699610710144043e-01 1.166938066482543945e+00 6.657125949859619141e-01 -6.005286574363708496e-01 -2.444753646850585938e-01 -3.693560361862182617e-01 3.676909069965382248e-01 -8.076138868426610551e-02 -3.262029081375054651e-01 5.558151779316753416e-01 -1.939984024044857647e-01 3.843937798141287554e-01 2.524996258073310407e-01
1.661970361861445189e+09 -2.878747582435607910e-01 2.380371540784835815e-01 1.172914266586303711e+00 6.608967185020446777e-01 -5.995310544967651367e-01 -2.520300447940826416e-01 -3.745115101337432861e-01 3.643232386749629681e-01 -8.076319867960488064e-02 -3.262102188803279734e-01 5.558276346625035114e-01 -1.940027502272451410e-01 3.844023947099478034e-01 2.525052847385718113e-01
1.661970361893360138e+09 -2.874616384506225586e-01 2.478903532028198242e-01 1.178863883018493652e+00 6.560621261596679688e-01 -5.984254479408264160e-01 -2.595689594745635986e-01 -3.795964121818542480e-01 3.608828453513984735e-01 -8.076199200703139403e-02 -3.262053450153722944e-01 5.558193301132512421e-01 -1.939998516570866083e-01 3.843966514031672554e-01 2.525015120895626741e-01
1.661970361925274134e+09 -2.869985699653625488e-01 2.576278448104858398e-01 1.184785485267639160e+00 6.512106060981750488e-01 -5.972118377685546875e-01 -2.670908272266387939e-01 -3.846105337142944336e-01 3.574004069775844061e-01 -8.076440538823691229e-02 -3.262150928909414715e-01 5.558359394599454717e-01 -1.940056488840240512e-01 3.844081381883605042e-01 2.525090575003245963e-01
1.661970361957188845e+09 -2.864861488342285156e-01 2.672479748725891113e-01 1.190677285194396973e+00 6.463439464569091797e-01 -5.958904027938842773e-01 -2.745943963527679443e-01 -3.895537257194519043e-01 3.538367822792677919e-01 -8.076259533881091635e-02 -3.262077819296485548e-01 5.558234823568578564e-01 -1.940013009313407422e-01 3.843995230351031078e-01 2.525033983999772080e-01
1.661970361989103794e+09 -2.859250307083129883e-01 2.767490446567535400e-01 1.196537971496582031e+00 6.414639949798583984e-01 -5.944612026214599609e-01 -2.820782959461212158e-01 -3.944257199764251709e-01 3.502225605696850375e-01 -8.076199200702964542e-02 -3.262053450153722944e-01 5.558193301132442476e-01 -1.939998516570831388e-01 3.843966514031672554e-01 2.525015120895608978e-01
1.661970362021018505e+09 -2.853158414363861084e-01 2.861295342445373535e-01 1.202365756034851074e+00 6.365725398063659668e-01 -5.929245352745056152e-01 -2.895414233207702637e-01 -3.992263376712799072e-01 3.465545552142196839e-01 -8.076259533881091635e-02 -3.262077819296485548e-01 5.558234823568648508e-01 -1.940013009313407422e-01 3.843995230351066050e-01 2.525033983999754317e-01
1.661970362052933455e+09 -2.846592068672180176e-01 2.953878343105316162e-01 1.208159327507019043e+00 6.316714882850646973e-01 -5.912804603576660156e-01 -2.969823479652404785e-01 -4.039554297924041748e-01 3.428278226507285309e-01 -8.076199200703139403e-02 -3.262053450153722944e-01 5.558193301132442476e-01 -1.939998516570866083e-01 3.843966514031637582e-01 2.525015120895626741e-01
1.661970362083850384e+09 -2.839558124542236328e-01 3.045224249362945557e-01 1.213916897773742676e+00 6.267625093460083008e-01 -5.895293951034545898e-01 -3.043999373912811279e-01 -4.086129069328308105e-01 3.499890926626716414e-01 -8.336904578410046784e-02 -3.367354824685001025e-01 5.737615681379525379e-01 -2.002623030088205580e-01 3.968052450624975358e-01 2.606524380938555208e-01
1.661970362114768028e+09 -2.832063138484954834e-01 3.135318756103515625e-01 1.219637155532836914e+00 6.218475699424743652e-01 -5.876715183258056641e-01 -3.117928802967071533e-01 -4.131985902786254883e-01 3.460252231069043116e-01 -8.336711710585446855e-02 -3.367276923541599465e-01 5.737482946088767743e-01 -2.002576700956929523e-01 3.967960652807675515e-01 2.606464081017670353e-01
1.661970362144688368e+09 -2.824113965034484863e-01 3.224147260189056396e-01 1.225318193435668945e+00 6.169284582138061523e-01 -5.857070088386535645e-01 -3.191598951816558838e-01 -4.177123308181762695e-01 3.534076726605616114e-01 -8.614591029167081859e-02 -3.479515015666182487e-01 5.928724757822143587e-01 -2.069326598085087510e-01 4.100220738155218037e-01 2.693342755473980277e-01
1.661970362176602840e+09 -2.815717458724975586e-01 3.311696350574493408e-01 1.230958700180053711e+00 6.120069026947021484e-01 -5.836364030838012695e-01 -3.264997005462646484e-01 -4.221540391445159912e-01 3.273870680656728593e-01 -8.076319867960488064e-02 -3.262102188803349123e-01 5.558276346625105058e-01 -1.940027502272486104e-01 3.844023947099478034e-01 2.525052847385752530e-01
1.661970362207520485e+09 -2.806881070137023926e-01 3.397951722145080566e-01 1.236556887626647949e+00 6.070848107337951660e-01 -5.814599394798278809e-01 -3.338112533092498779e-01 -4.265236854553222656e-01 3.338182058578468281e-01 -8.336711710585627266e-02 -3.367276923541599465e-01 5.737482946088695579e-01 -2.002576700956893718e-01 3.967960652807675515e-01 2.606464081017634826e-01
1.661970362237440348e+09 -2.797611653804779053e-01 3.482901453971862793e-01 1.242111444473266602e+00 6.021638512611389160e-01 -5.791781544685363770e-01 -3.410931527614593506e-01 -4.308211505413055420e-01 3.406433196642126848e-01 -8.614728321143991230e-02 -3.479570469197704741e-01 5.928819244761852625e-01 -2.069359577240903747e-01 4.100286083963198824e-01 2.693385679665076804e-01
1.661970362268357515e+09 -2.787916660308837891e-01 3.566532135009765625e-01 1.247620582580566406e+00 5.972459912300109863e-01 -5.767912864685058594e-01 -3.483442068099975586e-01 -4.350464046001434326e-01 3.254303143598283321e-01 -8.336840288143614053e-02 -3.367328857236709383e-01 5.737571435600187231e-01 -2.002607586806292028e-01 3.968021850880572021e-01 2.606504280654936001e-01
1.661970362299274921e+09 -2.777803540229797363e-01 3.648832142353057861e-01 1.253082633018493652e+00 5.923328399658203125e-01 -5.742999911308288574e-01 -3.555632531642913818e-01 -4.391993880271911621e-01 3.211534798413072100e-01 -8.336775998868904691e-02 -3.367302890188911824e-01 5.737527190503320940e-01 -2.002592143762487176e-01 3.967991251608178338e-01 2.606484180681304386e-01
1.661970362330192804e+09 -2.767280042171478271e-01 3.729789555072784424e-01 1.258496284484863281e+00 5.874263644218444824e-01 -5.717047452926635742e-01 -3.627490699291229248e-01 -4.432801306247711182e-01 3.168301632881518337e-01 -8.336647423293758186e-02 -3.367250957294762870e-01 5.737438702356509879e-01 -2.002561258389469745e-01 3.967930054479088531e-01 2.606443981664027798e-01
1.661970362361615419e+09 -2.756353318691253662e-01 3.809393048286437988e-01 1.263859868049621582e+00 5.825282931327819824e-01 -5.690057277679443359e-01 -3.699003756046295166e-01 -4.472884535789489746e-01 3.074441735212740112e-01 -8.202738332007973587e-02 -3.313163805358489977e-01 5.645279928699580285e-01 -1.970394711726400905e-01 3.904194372627310949e-01 2.564577446191119714e-01
1.661970362394527435e+09 -2.745031416416168213e-01 3.887632191181182861e-01 1.269171595573425293e+00 5.776403546333312988e-01 -5.662038922309875488e-01 -3.770160675048828125e-01 -4.512245655059814453e-01 2.893829586994974834e-01 -7.831531488053164458e-02 -3.163229840636812562e-01 5.389808345826226921e-01 -1.881226439781029935e-01 3.727513901717535161e-01 2.448520019835916939e-01
1.661970362425445080e+09 -2.733321785926818848e-01 3.964496552944183350e-01 1.274430155754089355e+00 5.727643370628356934e-01 -5.632997751235961914e-01 -3.840949833393096924e-01 -4.550884068012237549e-01 3.035943315289672539e-01 -8.336711710585627266e-02 -3.367276923541599465e-01 5.737482946088767743e-01 -2.002576700956893718e-01 3.967960652807675515e-01 2.606464081017670353e-01
1.661970362457358122e+09 -2.721232771873474121e-01 4.039976298809051514e-01 1.279633998870849609e+00 5.679020881652832031e-01 -5.602937340736389160e-01 -3.911358416080474854e-01 -4.588799178600311279e-01 2.897668806873736069e-01 -8.076681891368227284e-02 -3.262248413491125043e-01 5.558525497993245246e-01 -1.940114464574516084e-01 3.844196256600816430e-01 2.525166033620535044e-01
1.661970362487279177e+09 -2.708771824836730957e-01 4.114061594009399414e-01 1.284781336784362793e+00 5.630552172660827637e-01 -5.571867823600769043e-01 -3.981375396251678467e-01 -4.625993072986602783e-01 3.043615568231793356e-01 -8.614385099406547674e-02 -3.479431838682907618e-01 5.928583033059448004e-01 -2.069277131322316277e-01 4.100122723348529341e-01 2.693278371752576561e-01
1.661970362518195868e+09 -2.695947289466857910e-01 4.186743795871734619e-01 1.289870738983154297e+00 5.582256317138671875e-01 -5.539793372154235840e-01 -4.050989151000976562e-01 -4.662465453147888184e-01 2.899773317764490210e-01 -8.336968869667868431e-02 -3.367380792533796741e-01 5.737659927841314289e-01 -2.002638473608377156e-01 3.968083050841273995e-01 2.606544481532223068e-01
1.661970362549113035e+09 -2.682767212390899658e-01 4.258014261722564697e-01 1.294900536537170410e+00 5.534150004386901855e-01 -5.506721735000610352e-01 -4.120188653469085693e-01 -4.698217511177062988e-01 2.853487985137306282e-01 -8.336840288143702871e-02 -3.367328857236709383e-01 5.737571435600187231e-01 -2.002607586806255946e-01 3.968021850880589785e-01 2.606504280654936001e-01
1.661970362580030441e+09 -2.669239342212677002e-01 4.327865242958068848e-01 1.299869418144226074e+00 5.486249327659606934e-01 -5.472660660743713379e-01 -4.188961684703826904e-01 -4.733249843120574951e-01 2.806902630917674779e-01 -8.336775998868904691e-02 -3.367302890188911824e-01 5.737527190503285413e-01 -2.002592143762523258e-01 3.967991251608178338e-01 2.606484180681304386e-01
1.661970362609950542e+09 -2.655372321605682373e-01 4.396288394927978516e-01 1.304775714874267578e+00 5.438573360443115234e-01 -5.437617301940917969e-01 -4.257296621799468994e-01 -4.767563045024871826e-01 2.851926479510621393e-01 -8.614659674608529660e-02 -3.479542742211002571e-01 5.928772000915538687e-01 -2.069343087531616832e-01 4.100253410798854192e-01 2.693364217398479532e-01
1.661970362640867949e+09 -2.641173899173736572e-01 4.463277161121368408e-01 1.309617996215820312e+00 -5.391138195991516113e-01 5.401600003242492676e-01 4.325183928012847900e-01 4.801159799098968506e-01 2.712650074679873180e-01 -8.336775998868814486e-02 -3.367302890188840214e-01 5.737527190503249885e-01 -2.002592143762487176e-01 3.967991251608160019e-01 2.606484180681304386e-01
1.661970362671785355e+09 -2.626652717590332031e-01 4.528824687004089355e-01 1.314394593238830566e+00 -5.343960523605346680e-01 5.364616513252258301e-01 4.392610788345336914e-01 4.834040105342864990e-01 2.665002617880484204e-01 -8.336775998868904691e-02 -3.367302890188911824e-01 5.737527190503285413e-01 -2.002592143762523258e-01 3.967991251608160019e-01 2.606484180681304386e-01
1.661970362703700304e+09 -2.611817121505737305e-01 4.592924714088439941e-01 1.319104075431823730e+00 -5.297058224678039551e-01 5.326675772666931152e-01 4.459567070007324219e-01 4.866205751895904541e-01 2.535253509520441484e-01 -8.076199200703051972e-02 -3.262053450153722944e-01 5.558193301132442476e-01 -1.939998516570831388e-01 3.843966514031655346e-01 2.525015120895626741e-01
1.661970362733620167e+09 -2.596675157546997070e-01 4.655571281909942627e-01 1.323745012283325195e+00 -5.250447988510131836e-01 5.287787318229675293e-01 4.526041746139526367e-01 4.897658824920654297e-01 2.654458579654899730e-01 -8.614728321143991230e-02 -3.479570469197704741e-01 5.928819244761815987e-01 -2.069359577240903747e-01 4.100286083963198824e-01 2.693385679665039611e-01
1.661970362765534639e+09 -2.581235170364379883e-01 4.716759026050567627e-01 1.328315734863281250e+00 -5.204144120216369629e-01 5.247958898544311523e-01 4.592024087905883789e-01 4.928399920463562012e-01 2.441516963247900018e-01 -8.076319867960488064e-02 -3.262102188803349123e-01 5.558276346625139475e-01 -1.940027502272451410e-01 3.844023947099495797e-01 2.525052847385752530e-01
1.661970362797449827e+09 -2.565505802631378174e-01 4.776483178138732910e-01 1.332815051078796387e+00 -5.158165693283081055e-01 5.207201242446899414e-01 4.657502770423889160e-01 4.958432912826538086e-01 2.394216135084076547e-01 -8.076138868426523121e-02 -3.262029081375054651e-01 5.558151779316683472e-01 -1.939984024044857647e-01 3.843937798141305318e-01 2.524996258073310407e-01
1.661970362829364300e+09 -2.549495100975036621e-01 4.834739267826080322e-01 1.337241291999816895e+00 -5.112528204917907715e-01 5.165522694587707520e-01 4.722467660903930664e-01 4.987757802009582520e-01 2.346743971053682487e-01 -8.076319867960488064e-02 -3.262102188803349123e-01 5.558276346625139475e-01 -1.940027502272451410e-01 3.844023947099495797e-01 2.525052847385752530e-01
1.661970362860787153e+09 -2.533212006092071533e-01 4.891523122787475586e-01 1.341593146324157715e+00 -5.067248940467834473e-01 5.122935771942138672e-01 4.786909818649291992e-01 5.016376972198486328e-01 2.334979471088750036e-01 -8.202676094336919244e-02 -3.313138666972901825e-01 5.645237095555244444e-01 -1.970379761502103477e-01 3.904164749840978166e-01 2.564557987649224158e-01
1.661970362892702103e+09 -2.516664266586303711e-01 4.946831166744232178e-01 1.345869183540344238e+00 -5.022340416908264160e-01 5.079447031021118164e-01 4.850814640522003174e-01 5.044295191764831543e-01 2.251041880658929961e-01 -8.076199200703051972e-02 -3.262053450153722944e-01 5.558193301132442476e-01 -1.939998516570831388e-01 3.843966514031672554e-01 2.525015120895626741e-01
