1.661970565201484203e+09 1.378528122206244648e-16 -2.367949187755584717e-01 1.128897309303283691e+00 -6.125128269195556641e-01 6.125135421752929688e-01 3.533097505569458008e-01 3.533093035221099854e-01 0.000000000000000000e+00 0.000000000000000000e+00 0.000000000000000000e+00 0.000000000000000000e+00 0.000000000000000000e+00 0.000000000000000000e+00 0.000000000000000000e+00
1.661970576551338673e+09 1.378528122206244648e-16 -2.367949187755584717e-01 1.128897309303283691e+00 -6.125128269195556641e-01 6.125135421752929688e-01 3.533097505569458008e-01 3.533093035221099854e-01 0.000000000000000000e+00 0.000000000000000000e+00 0.000000000000000000e+00 0.000000000000000000e+00 0.000000000000000000e+00 0.000000000000000000e+00 0.000000000000000000e+00
1.661970576575274229e+09 -1.466526766307651997e-03 -2.290019094944000244e-01 1.139350652694702148e+00 6.115177869796752930e-01 -6.101959347724914551e-01 -3.547329902648925781e-01 -3.575911521911621094e-01 5.481698376690955499e-01 1.383125682712454674e-01 -4.685682948046909768e-01 7.837707999672607340e-01 -4.550857520781129706e-01 7.343059597688986195e-02 3.098920136014072235e-01
1.661970576606191635e+09 -2.991357818245887756e-03 -2.212219238281250000e-01 1.149751305580139160e+00 6.104842424392700195e-01 -6.078647971153259277e-01 -3.561829030513763428e-01 -3.618604540824890137e-01 4.229890452838587778e-01 1.070784616119668797e-01 -3.627549744390087816e-01 6.067776237969201292e-01 -3.523170948462600593e-01 5.684830634505659563e-02 2.399113869189317128e-01
1.661970576637613773e+09 -4.574508871883153915e-03 -2.134564816951751709e-01 1.160098552703857422e+00 6.094124913215637207e-01 -6.055202484130859375e-01 -3.576591610908508301e-01 -3.661168515682220459e-01 4.147894471411166517e-01 1.053584659882479124e-01 -3.569280606122231525e-01 5.970309871550542047e-01 -3.466578441232377461e-01 5.593515502912047715e-02 2.360577030933583842e-01
1.661970576669528484e+09 -6.215977482497692108e-03 -2.057071030139923096e-01 1.170391082763671875e+00 6.083025932312011719e-01 -6.031621694564819336e-01 -3.591615259647369385e-01 -3.703599572181701660e-01 4.069540169053063039e-01 1.037323596776858620e-01 -3.514192202325365222e-01 5.878163896691559476e-01 -3.413075146300497686e-01 5.507184985737265809e-02 2.324143801097139361e-01
1.661970576700446129e+09 -7.915741764008998871e-03 -1.979752928018569946e-01 1.180628061294555664e+00 6.071546673774719238e-01 -6.007905602455139160e-01 -3.606896996498107910e-01 -3.745889663696289062e-01 4.185590024978498302e-01 1.070776358862347150e-01 -3.627521770873035067e-01 6.067729446869415399e-01 -3.523143779853038504e-01 5.684786796455762459e-02 2.399095368642797932e-01
1.661970576731363773e+09 -9.673760272562503815e-03 -1.902625560760498047e-01 1.190808415412902832e+00 6.059689521789550781e-01 -5.984055399894714355e-01 -3.622433841228485107e-01 -3.788036406040191650e-01 4.169948857280220134e-01 1.070776358862338129e-01 -3.627521770872891294e-01 6.067729446869272181e-01 -3.523143779853020185e-01 5.684786796455762459e-02 2.399095368642797932e-01
1.661970576762789726e+09 -1.148997433483600616e-02 -1.825704276561737061e-01 1.200931191444396973e+00 6.047455668449401855e-01 -5.960071086883544922e-01 -3.638223409652709961e-01 -3.830034434795379639e-01 4.086692829442983288e-01 1.053456768564990931e-01 -3.568847342411602952e-01 5.969585154473349142e-01 -3.466157644213506694e-01 5.592836523714364572e-02 2.360290487936125836e-01
1.661970576794704914e+09 -1.336430292576551437e-02 -1.749003976583480835e-01 1.210995316505432129e+00 6.034846901893615723e-01 -5.935953259468078613e-01 -3.654262423515319824e-01 -3.871878683567047119e-01 4.008047325980131359e-01 1.037308098374074006e-01 -3.514139697623473446e-01 5.878076072456202006e-01 -3.413024152364242947e-01 5.507102704208740457e-02 2.324109076622646874e-01
1.661970576825622559e+09 -1.529665011912584305e-02 -1.672539860010147095e-01 1.220999956130981445e+00 6.021865606307983398e-01 -5.911701917648315430e-01 -3.670547902584075928e-01 -3.913565576076507568e-01 4.120456712168234503e-01 1.070776358862347150e-01 -3.627521770873035067e-01 6.067729446869415399e-01 -3.523143779853038504e-01 5.684786796455762459e-02 2.399095368642815695e-01
1.661970576856541157e+09 -1.728689856827259064e-02 -1.596326828002929688e-01 1.230943918228149414e+00 6.008512973785400391e-01 -5.887317657470703125e-01 -3.687076270580291748e-01 -3.955089151859283447e-01 4.102944594123499877e-01 1.070743331106478041e-01 -3.627409881118994206e-01 6.067542289686557178e-01 -3.523035109604897297e-01 5.684611451017029110e-02 2.399021369310010143e-01
1.661970576886460066e+09 -1.933491416275501251e-02 -1.520379781723022461e-01 1.240826368331909180e+00 5.994791388511657715e-01 -5.862801074981689453e-01 -3.703845143318176270e-01 -3.996445834636688232e-01 4.221672934194427018e-01 1.106520385568059983e-01 -3.748613569342917895e-01 6.270278822933740281e-01 -3.640751293609638672e-01 5.874553006166201297e-02 2.479180559370628145e-01
1.661970576920368910e+09 -2.144053950905799866e-02 -1.444713920354843140e-01 1.250646352767944336e+00 5.980702042579650879e-01 -5.838151574134826660e-01 -3.720851242542266846e-01 -4.037630558013916016e-01 3.708335471348661594e-01 9.763200069225408395e-02 -3.307527338587533672e-01 5.532477072864862011e-01 -3.212356839097355587e-01 5.183314927092406293e-02 2.187464065241174205e-01
1.661970576951286316e+09 -2.360360510647296906e-02 -1.369343996047973633e-01 1.260402798652648926e+00 5.966246724128723145e-01 -5.813370943069458008e-01 -3.738090693950653076e-01 -4.078638851642608643e-01 4.048503380707071941e-01 1.070784616119673238e-01 -3.627549744390016206e-01 6.067776237969129127e-01 -3.523170948462582275e-01 5.684830634505659563e-02 2.399113869189317128e-01
1.661970576980208635e+09 -2.582391537725925446e-02 -1.294284760951995850e-01 1.270094752311706543e+00 5.951428413391113281e-01 -5.788458585739135742e-01 -3.755559921264648438e-01 -4.119467139244079590e-01 4.307412080517468156e-01 1.144648267354861221e-01 -3.877781270996161767e-01 6.486336703881262489e-01 -3.766202335224775877e-01 6.076975180660877662e-02 2.564606824018504372e-01
1.661970577011126041e+09 -2.810126356780529022e-02 -1.219551190733909607e-01 1.279721379280090332e+00 5.936248898506164551e-01 -5.763416290283203125e-01 -3.773258030414581299e-01 -4.160110652446746826e-01 4.010024813292504819e-01 1.070784616119668797e-01 -3.627549744390087816e-01 6.067776237969129127e-01 -3.523170948462564511e-01 5.684830634505659563e-02 2.399113869189299086e-01
1.661970577042042971e+09 -3.043541871011257172e-02 -1.145157963037490845e-01 1.289281487464904785e+00 5.920709371566772461e-01 -5.738242864608764648e-01 -3.791177868843078613e-01 -4.200564324855804443e-01 3.990185622593703241e-01 1.070801131016393820e-01 -3.627605692718443020e-01 6.067869822333773477e-01 -3.523225286938749257e-01 5.684918312633818055e-02 2.399150871138313046e-01
1.661970577073958158e+09 -3.282613307237625122e-02 -1.071119830012321472e-01 1.298774361610412598e+00 5.904812216758728027e-01 -5.712940096855163574e-01 -3.809318840503692627e-01 -4.240825176239013672e-01 3.845761080699141576e-01 1.037308098374082610e-01 -3.514139697623473446e-01 5.878076072456202006e-01 -3.413024152364242947e-01 5.507102704208740457e-02 2.324109076622655479e-01
1.661970577103878260e+09 -3.527314215898513794e-02 -9.974513947963714600e-02 1.308198928833007812e+00 5.888559222221374512e-01 -5.687508583068847656e-01 -3.827676177024841309e-01 -4.280889034271240234e-01 4.080822078934479014e-01 1.106476298982826817e-01 -3.748464215048316617e-01 6.270028999084673593e-01 -3.640606236822336306e-01 5.874318949039718241e-02 2.479081782514398202e-01
1.661970577134795189e+09 -3.777616471052169800e-02 -9.241671860218048096e-02 1.317554354667663574e+00 5.871953368186950684e-01 -5.661948323249816895e-01 -3.846246898174285889e-01 -4.320751428604125977e-01 3.928186522368314892e-01 1.070801131016393820e-01 -3.627605692718514629e-01 6.067869822333773477e-01 -3.523225286938749257e-01 5.684918312633818055e-02 2.399150871138321928e-01
1.661970577165712357e+09 -4.033489152789115906e-02 -8.512817323207855225e-02 1.326839566230773926e+00 5.854995846748352051e-01 -5.636260509490966797e-01 -3.865027427673339844e-01 -4.360408186912536621e-01 3.906661770603686024e-01 1.070792873504351483e-01 -3.627577718338577673e-01 6.067823029790576639e-01 -3.523198117491131431e-01 5.684874473231672776e-02 2.399132370021126448e-01
1.661970577195632696e+09 -4.294900596141815186e-02 -7.788094133138656616e-02 1.336053609848022461e+00 5.837689042091369629e-01 -5.610445737838745117e-01 -3.884012997150421143e-01 -4.399855434894561768e-01 4.014193130173752122e-01 1.106467482087341025e-01 -3.748434345617467911e-01 6.269979036703710040e-01 -3.640577226851924864e-01 5.874272139852507180e-02 2.479062028087667957e-01
1.661970577227546930e+09 -4.561816528439521790e-02 -7.067646831274032593e-02 1.345195770263671875e+00 5.820034742355346680e-01 -5.584505200386047363e-01 -3.903202414512634277e-01 -4.439089894294738770e-01 3.741859065324169564e-01 1.037339095642777209e-01 -3.514244708596224731e-01 5.878251723551316532e-01 -3.413126141760539634e-01 5.507267269724561848e-02 2.324178526609248230e-01
1.661970577259462118e+09 -4.834202304482460022e-02 -6.351617723703384399e-02 1.354264974594116211e+00 5.802035927772521973e-01 -5.558438301086425781e-01 -3.922588527202606201e-01 -4.478107094764709473e-01 3.719796392035872867e-01 1.037308098374078308e-01 -3.514139697623473446e-01 5.878076072456202006e-01 -3.413024152364242947e-01 5.507102704208914623e-02 2.324109076622655479e-01
1.661970577291377068e+09 -5.112019181251525879e-02 -5.640148743987083435e-02 1.363260388374328613e+00 5.783694982528686523e-01 -5.532246232032775879e-01 -3.942170441150665283e-01 -4.516903758049011230e-01 3.697519400113830623e-01 1.037315847517576300e-01 -3.514165949778233489e-01 5.878119984245767649e-01 -3.413049649141871034e-01 5.507143844665489396e-02 2.324126438730180766e-01
1.661970577323291540e+09 -5.395229160785675049e-02 -4.933380708098411560e-02 1.372181177139282227e+00 5.765013098716735840e-01 -5.505930185317993164e-01 -3.961942195892333984e-01 -4.555475711822509766e-01 3.674920439307500231e-01 1.037331346151931927e-01 -3.514218455264669916e-01 5.878207809793379868e-01 -3.413100643840010773e-01 5.507226127423560380e-02 2.324161163723475754e-01
1.661970577354208946e+09 -5.683790519833564758e-02 -4.231454059481620789e-02 1.381026268005371094e+00 5.745992660522460938e-01 -5.479492545127868652e-01 -3.981902897357940674e-01 -4.593821167945861816e-01 3.769630625744666008e-01 1.070784616119673238e-01 -3.627549744390087816e-01 6.067776237969201292e-01 -3.523170948462582275e-01 5.684830634505839281e-02 2.399113869189307968e-01
1.661970577385126114e+09 -5.977660417556762695e-02 -3.534508123993873596e-02 1.389794826507568359e+00 5.726636648178100586e-01 -5.452930927276611328e-01 -4.002045094966888428e-01 -4.631933867931365967e-01 3.745499317738612555e-01 1.070792873504356063e-01 -3.627577718338577673e-01 6.067823029790647693e-01 -3.523198117491167514e-01 5.684874473231672776e-02 2.399132370021144212e-01
1.661970577417040825e+09 -6.276795268058776855e-02 -2.842680923640727997e-02 1.398486018180847168e+00 5.706948041915893555e-01 -5.426247715950012207e-01 -4.022367000579833984e-01 -4.669811725616455078e-01 3.604681513910380497e-01 1.037323596776862922e-01 -3.514192202325365222e-01 5.878163896691489532e-01 -3.413075146300462714e-01 5.507184985737265809e-02 2.324143801097121875e-01
1.661970577446960926e+09 -6.581147760152816772e-02 -2.156110107898712158e-02 1.407099008560180664e+00 5.686927437782287598e-01 -5.399444699287414551e-01 -4.042864143848419189e-01 -4.707451462745666504e-01 3.819292471564420532e-01 1.106476298982826817e-01 -3.748464215048316617e-01 6.270028999084673593e-01 -3.640606236822336306e-01 5.874318949039718241e-02 2.479081782514398202e-01
1.661970577478875399e+09 -6.890670955181121826e-02 -1.474931929260492325e-02 1.415632843971252441e+00 5.666577816009521484e-01 -5.372521877288818359e-01 -4.063532650470733643e-01 -4.744850099086761475e-01 3.556168759100022392e-01 1.037331346151923184e-01 -3.514218455264599972e-01 5.878207809793379868e-01 -3.413100643840027981e-01 5.507226127423560380e-02 2.324161163723475754e-01
1.661970577510790586e+09 -7.205314934253692627e-02 -7.992816157639026642e-03 1.424086689949035645e+00 5.645900964736938477e-01 -5.345481634140014648e-01 -4.084369540214538574e-01 -4.782004356384277344e-01 3.531304031524719056e-01 1.037308098374082610e-01 -3.514139697623473446e-01 5.878076072456132062e-01 -3.413024152364225738e-01 5.507102704208740457e-02 2.324109076622655479e-01
1.661970577542705059e+09 -7.525028288364410400e-02 -1.292934291996061802e-03 1.432459831237792969e+00 5.624901652336120605e-01 -5.318321585655212402e-01 -4.105367958545684814e-01 -4.818909168243408203e-01 3.506294907596065324e-01 1.037331346151923184e-01 -3.514218455264669916e-01 5.878207809793379868e-01 -3.413100643840027981e-01 5.507226127423560380e-02 2.324161163723475754e-01
1.661970577574619532e+09 -7.849758863449096680e-02 5.348995327949523926e-03 1.440751194953918457e+00 5.603579282760620117e-01 -5.291046500205993652e-01 -4.126526415348052979e-01 -4.855563938617706299e-01 3.480824387961508615e-01 1.037331346151931927e-01 -3.514218455264669916e-01 5.878207809793379868e-01 -3.413100643840027981e-01 5.507226127423560380e-02 2.324161163723475754e-01
1.661970577606534243e+09 -8.179450780153274536e-02 1.193165220320224762e-02 1.448960185050964355e+00 5.581938624382019043e-01 -5.263655185699462891e-01 -4.147840738296508789e-01 -4.891964793205261230e-01 3.455058873639322847e-01 1.037323596776858620e-01 -3.514192202325295833e-01 5.878163896691559476e-01 -3.413075146300480478e-01 5.507184985737265809e-02 2.324143801097139361e-01
1.661970577638449192e+09 -8.514048904180526733e-02 1.845373027026653290e-02 1.457085728645324707e+00 5.559980869293212891e-01 -5.236149430274963379e-01 -4.169304370880126953e-01 -4.928107857704162598e-01 3.428919532801240622e-01 1.037315847517580741e-01 -3.514165949778302878e-01 5.878119984245837593e-01 -3.413049649141888242e-01 5.507143844665663562e-02 2.324126438730180766e-01
1.661970577695297956e+09 -8.853494375944137573e-02 2.491392940282821655e-02 1.465127348899841309e+00 5.537708997726440430e-01 -5.208531022071838379e-01 -4.190916419029235840e-01 -4.963991940021514893e-01 1.910206642623103745e-01 5.823500851973899967e-02 -1.972856044905336725e-01 3.299982046758412890e-01 -1.916089259329477601e-01 3.091715695668070460e-02 1.304766752424544318e-01
1.661970577731201649e+09 -9.197729080915451050e-02 3.131096810102462769e-02 1.473083972930908203e+00 5.515125989913940430e-01 -5.180799365043640137e-01 -4.212669730186462402e-01 -4.999611973762512207e-01 3.000813945729295384e-01 9.220746038246034615e-02 -3.123757516739203433e-01 5.225086620124257397e-01 -3.033874793870682818e-01 4.895324303516082609e-02 2.065926178953992887e-01
1.661970577762119532e+09 -9.546691179275512695e-02 3.764357790350914001e-02 1.480954766273498535e+00 -5.492233633995056152e-01 5.152957439422607422e-01 4.234562516212463379e-01 5.034967064857482910e-01 3.456830130715236038e-01 1.070768101732361144e-01 -3.627493797787408880e-01 6.067682656491275583e-01 -3.523116611662525655e-01 5.684742959081966890e-02 2.399076868381642968e-01
1.661970577794033766e+09 -9.900318086147308350e-02 4.391049593687057495e-02 1.488739252090454102e+00 -5.469033718109130859e-01 5.125004053115844727e-01 4.256587028503417969e-01 5.070054531097412109e-01 3.321663266536311609e-01 1.037339095642772768e-01 -3.514244708596154787e-01 5.878251723551246588e-01 -3.413126141760522425e-01 5.507267269724561848e-02 2.324178526609248230e-01
1.661970577825948000e+09 -1.025854572653770447e-01 5.011047422885894775e-02 1.496436357498168945e+00 -5.445531010627746582e-01 5.096943974494934082e-01 4.278743863105773926e-01 5.104870796203613281e-01 3.294062381744471413e-01 1.037339095642781511e-01 -3.514244708596224731e-01 5.878251723551316532e-01 -3.413126141760539634e-01 5.507267269724561848e-02 2.324178526609248230e-01
1.661970577856865168e+09 -1.062130928039550781e-01 5.624228343367576599e-02 1.504045486450195312e+00 -5.421727895736694336e-01 5.068776011466979980e-01 4.301026463508605957e-01 5.139412879943847656e-01 3.371556851055170778e-01 1.070792873504351483e-01 -3.627577718338577673e-01 6.067823029790647693e-01 -3.523198117491149750e-01 5.684874473231672776e-02 2.399132370021135330e-01
1.661970577887782574e+09 -1.098854094743728638e-01 6.230470538139343262e-02 1.511565804481506348e+00 -5.397624373435974121e-01 5.040501356124877930e-01 4.323428273200988770e-01 5.173680782318115234e-01 3.342492827955130807e-01 1.070784616119677679e-01 -3.627549744390087816e-01 6.067776237969201292e-01 -3.523170948462582275e-01 5.684830634505659563e-02 2.399113869189299086e-01
1.661970577919698238e+09 -1.136017143726348877e-01 6.829653680324554443e-02 1.518996477127075195e+00 -5.373225808143615723e-01 5.012122988700866699e-01 4.345949292182922363e-01 5.207669138908386230e-01 3.209530581578807218e-01 1.037292600434398249e-01 -3.514087194490408961e-01 5.877988250845126439e-01 -3.412973159951742108e-01 5.507020425138875463e-02 2.324074353185793529e-01
1.661970577951611996e+09 -1.173613145947456360e-01 7.421658188104629517e-02 1.526337027549743652e+00 -5.348531603813171387e-01 4.983639121055603027e-01 4.368580281734466553e-01 5.241378545761108398e-01 3.181105729494905221e-01 1.037354594971846289e-01 -3.514297216436120808e-01 5.878339553035522025e-01 -3.413177138744488692e-01 5.507349556170738902e-02 2.324213253159072012e-01
1.661970577982529879e+09 -1.211634874343872070e-01 8.006366342306137085e-02 1.533586502075195312e+00 -5.323548316955566406e-01 4.955054819583892822e-01 4.391321539878845215e-01 5.274804830551147461e-01 3.253718651074213875e-01 1.070768101732356703e-01 -3.627493797787408880e-01 6.067682656491275583e-01 -3.523116611662507336e-01 5.684742959081966890e-02 2.399076868381624927e-01
1.661970578013448238e+09 -1.250075101852416992e-01 8.583662658929824829e-02 1.540744304656982422e+00 -5.298276543617248535e-01 4.926369488239288330e-01 4.414166212081909180e-01 5.307946205139160156e-01 3.223596819535152203e-01 1.070751587854438525e-01 -3.627437852910398441e-01 6.067589077899863126e-01 -3.523062276538446724e-01 5.684655286362615828e-02 2.399039868715237833e-01
1.661970578045361757e+09 -1.288926452398300171e-01 9.153431653976440430e-02 1.547809720039367676e+00 -5.272719860076904297e-01 4.897584021091461182e-01 4.437110126018524170e-01 5.340800285339355469e-01 3.093703578128454423e-01 1.037362344810057735e-01 -3.514323470944410999e-01 5.878383468761889663e-01 -3.413202637807926099e-01 5.507390700315941551e-02 2.324230616823152462e-01
1.661970578076278687e+09 -1.328181177377700806e-01 9.715560078620910645e-02 1.554782032966613770e+00 -5.246879458427429199e-01 4.868701100349426270e-01 4.460148215293884277e-01 5.373366475105285645e-01 3.162867595301876444e-01 1.070801131016398261e-01 -3.627605692718514629e-01 6.067869822333773477e-01 -3.523225286938767020e-01 5.684918312633818055e-02 2.399150871138313046e-01
1.661970578107196331e+09 -1.367831528186798096e-01 1.026993617415428162e-01 1.561660528182983398e+00 -5.220761895179748535e-01 4.839723706245422363e-01 4.483279883861541748e-01 5.405640006065368652e-01 3.132002144607649585e-01 1.070776358862338129e-01 -3.627521770873035067e-01 6.067729446869415399e-01 -3.523143779853020185e-01 5.684786796455762459e-02 2.399095368642797932e-01
1.661970578139110804e+09 -1.367831528186798096e-01 1.026993617415428162e-01 1.561660528182983398e+00 -5.220761895179748535e-01 4.839723706245422363e-01 4.483279883861541748e-01 5.405640006065368652e-01 0.000000000000000000e+00 0.000000000000000000e+00 0.000000000000000000e+00 0.000000000000000000e+00 0.000000000000000000e+00 0.000000000000000000e+00 0.000000000000000000e+00
1.661970578169535637e+09 -1.364077776670455933e-01 1.259262710809707642e-01 1.539804935455322266e+00 -5.250212550163269043e-01 4.923202395439147949e-01 4.466144740581512451e-01 5.315158367156982422e-01 1.048324433616972140e+00 -1.499458578137190523e-01 -8.566046595385454765e-01 4.752797291392521777e-04 2.596807300135349772e-01 1.699105937243362840e-01 3.418702893925117392e-01
1.661970578200453043e+09 -1.357272118330001831e-01 1.486096084117889404e-01 1.517360687255859375e+00 -5.277175307273864746e-01 5.007652640342712402e-01 4.447756707668304443e-01 5.224204063415527344e-01 1.032354590735597544e+00 -1.475569365536409938e-01 -8.429573263444815057e-01 4.677076236741219356e-04 2.555435245861389926e-01 1.672035964415916343e-01 3.364236487555065103e-01
1.661970578230373144e+09 -1.347466409206390381e-01 1.707321554422378540e-01 1.494342923164367676e+00 -5.301625728607177734e-01 5.093015432357788086e-01 4.428102672100067139e-01 5.132818818092346191e-01 1.067521515970791368e+00 -1.524753443309361800e-01 -8.710550082742866129e-01 4.832973808723055277e-04 2.640613705655824872e-01 1.727768720078750875e-01 3.476374129413981606e-01
1.661970578261795521e+09 -1.334715932607650757e-01 1.922771036624908447e-01 1.470766782760620117e+00 -5.323548316955566406e-01 5.179242491722106934e-01 4.407175481319427490e-01 5.041039586067199707e-01 1.017210802589320284e+00 -1.451856357332705072e-01 -8.294106544889663368e-01 4.601913692870678702e-04 2.514368347642718660e-01 1.645165656948767152e-01 3.310171819846548513e-01
1.661970578292712927e+09 -1.319078803062438965e-01 2.132281064987182617e-01 1.446648240089416504e+00 5.342919826507568359e-01 -5.266271829605102539e-01 -4.384961426258087158e-01 -4.948909580707550049e-01 1.034557611244179443e+00 -1.475569365536409938e-01 -8.429573263444815057e-01 4.677076236813037993e-04 2.555435245861389926e-01 1.672035964415916343e-01 3.364236487555065103e-01
1.661970578323630571e+09 -1.300617158412933350e-01 2.335692048072814941e-01 1.422003030776977539e+00 5.359721779823303223e-01 -5.354049205780029297e-01 -4.361450374126434326e-01 -4.856469631195068359e-01 1.035288113591045667e+00 -1.475557986818620271e-01 -8.429508259563944783e-01 4.677040169896906803e-04 2.555415539856969454e-01 1.672023070663973543e-01 3.364210544554035454e-01
1.661970578355544806e+09 -1.279395818710327148e-01 2.532849311828613281e-01 1.396847724914550781e+00 -5.373939871788024902e-01 5.442516207695007324e-01 4.336633086204528809e-01 4.763759374618530273e-01 1.003667430717739339e+00 -1.429480558611850027e-01 -8.166278982830561528e-01 4.530989669290525369e-04 2.475617268878735622e-01 1.619810603457116915e-01 3.259155933875287348e-01
1.661970578387459755e+09 -1.255482733249664307e-01 2.723602950572967529e-01 1.371198892593383789e+00 -5.385558605194091797e-01 5.531615614891052246e-01 4.310503005981445312e-01 4.670819938182830811e-01 1.004352779141396201e+00 -1.429448522083840989e-01 -8.166095965843175319e-01 4.530888123888893236e-04 2.475561787059485652e-01 1.619774301383993531e-01 3.259082891930272230e-01
1.661970578419374943e+09 -1.255482733249664307e-01 2.723602950572967529e-01 1.371198892593383789e+00 -5.385558605194091797e-01 5.531615614891052246e-01 4.310503005981445312e-01 4.670819938182830811e-01 0.000000000000000000e+00 0.000000000000000000e+00 0.000000000000000000e+00 0.000000000000000000e+00 0.000000000000000000e+00 0.000000000000000000e+00 0.000000000000000000e+00
1.661970578451289415e+09 -1.294237822294235229e-01 2.815704047679901123e-01 1.372231721878051758e+00 -5.370714068412780762e-01 5.515840649604797363e-01 4.330501854419708252e-01 4.688035845756530762e-01 3.147637080882757510e-01 7.544906566421817617e-02 -4.549268046420081313e-01 5.517282456962749881e-01 -2.823816384728297102e-01 7.650307426411578904e-02 2.680550668123065639e-01
1.661970578483204126e+09 -1.333481371402740479e-01 2.907187044620513916e-01 1.373127698898315430e+00 -5.355876684188842773e-01 5.499911308288574219e-01 4.350642859935760498e-01 4.705045819282531738e-01 3.131701488167753511e-01 7.544850202261005334e-02 -4.549234061151474218e-01 5.517241240150730919e-01 -2.823795289431833000e-01 7.650250274854357435e-02 2.680530643091927900e-01
1.661970578515118599e+09 -1.373206675052642822e-01 2.998029887676239014e-01 1.373887062072753906e+00 -5.341047048568725586e-01 5.483829975128173828e-01 4.370923340320587158e-01 4.721848964691162109e-01 3.115807531183718559e-01 7.544906566421731575e-02 -4.549268046420081313e-01 5.517282456962749881e-01 -2.823816384728279894e-01 7.650307426411405431e-02 2.680550668123065639e-01
1.661970578547033310e+09 -1.413407027721405029e-01 3.088211417198181152e-01 1.374510169029235840e+00 -5.326228141784667969e-01 5.467594861984252930e-01 4.391340017318725586e-01 4.738443493843078613e-01 3.099896924976461299e-01 7.544850202261005334e-02 -4.549234061151543607e-01 5.517241240150730919e-01 -2.823795289431850208e-01 7.650250274854357435e-02 2.680530643091927900e-01
1.661970578577950478e+09 -1.454075574874877930e-01 3.177709579467773438e-01 1.374997496604919434e+00 -5.311419963836669922e-01 5.451209545135498047e-01 4.411888420581817627e-01 4.754827320575714111e-01 3.183526075606621375e-01 7.788285018620701161e-02 -4.696015233549279411e-01 5.695255192993127213e-01 -2.914905128499821196e-01 7.897085827693849092e-02 2.767018044081290817e-01
1.661970578608867884e+09 -1.495205014944076538e-01 3.266503512859344482e-01 1.375349521636962891e+00 -5.296624898910522461e-01 5.434672832489013672e-01 4.432566761970520020e-01 4.771000146865844727e-01 3.167157751763721718e-01 7.788224959512157763e-02 -4.695979020379447699e-01 5.695211274216528397e-01 -2.914882650303005085e-01 7.897024929571198892e-02 2.766996706310934639e-01
1.661970578640782595e+09 -1.536788046360015869e-01 3.354571461677551270e-01 1.375566601753234863e+00 -5.281845927238464355e-01 5.417987704277038574e-01 4.453372061252593994e-01 4.786960780620574951e-01 3.052377011798308448e-01 7.544850202261005334e-02 -4.549234061151474218e-01 5.517241240150730919e-01 -2.823795289431815236e-01 7.650250274854532295e-02 2.680530643091945109e-01
1.661970578671700239e+09 -1.578817218542098999e-01 3.441892564296722412e-01 1.375649333000183105e+00 -5.267083048820495605e-01 5.401154160499572754e-01 4.474301338195800781e-01 4.802708327770233154e-01 3.134550006401735089e-01 7.788164901329805434e-02 -4.695942807768053728e-01 5.695167356117353252e-01 -2.914860172452902187e-01 7.896964032387948640e-02 2.766975368869703522e-01
1.661970578702617645e+09 -1.621284782886505127e-01 3.528445661067962646e-01 1.375598073005676270e+00 -5.252338051795959473e-01 5.384173393249511719e-01 4.495351016521453857e-01 4.818240404129028320e-01 3.118359707721578555e-01 7.788224959512157763e-02 -4.695979020379447699e-01 5.695211274216457342e-01 -2.914882650303005085e-01 7.897024929571198892e-02 2.766996706310952958e-01
1.661970578734532356e+09 -1.664182692766189575e-01 3.614210486412048340e-01 1.375413417816162109e+00 -5.237613916397094727e-01 5.367045998573303223e-01 4.516518712043762207e-01 4.833557605743408203e-01 3.005281742613448714e-01 7.544850202261005334e-02 -4.549234061151543607e-01 5.517241240150765336e-01 -2.823795289431815236e-01 7.650250274854532295e-02 2.680530643091927900e-01
1.661970578766447067e+09 -1.707502901554107666e-01 3.699166178703308105e-01 1.375095963478088379e+00 -5.222910642623901367e-01 5.349773764610290527e-01 4.537800848484039307e-01 4.848658442497253418e-01 2.989714304878319795e-01 7.544850202261005334e-02 -4.549234061151474218e-01 5.517241240150730919e-01 -2.823795289431850208e-01 7.650250274854357435e-02 2.680530643091892928e-01
1.661970578797364235e+09 -1.751237213611602783e-01 3.783292174339294434e-01 1.374646306037902832e+00 -5.208231210708618164e-01 5.332357287406921387e-01 4.559194445610046387e-01 4.863542318344116211e-01 3.070187651632871328e-01 7.788285018620701161e-02 -4.696015233549351020e-01 5.695255192993127213e-01 -2.914905128499821196e-01 7.897085827693670068e-02 2.767018044081290817e-01
1.661970578828281641e+09 -1.795376986265182495e-01 3.866568803787231445e-01 1.374065041542053223e+00 -5.193576216697692871e-01 5.314798355102539062e-01 4.580696821212768555e-01 4.878207445144653320e-01 3.054280016660400054e-01 7.788224959512068946e-02 -4.695979020379376090e-01 5.695211274216528397e-01 -2.914882650303005085e-01 7.897024929571377916e-02 2.766996706310952958e-01
1.661970578860196114e+09 -1.839913725852966309e-01 3.948975503444671631e-01 1.373352885246276855e+00 -5.178948044776916504e-01 5.297096967697143555e-01 4.602304399013519287e-01 4.892652630805969238e-01 2.943555269190361035e-01 7.544906566421817617e-02 -4.549268046420081313e-01 5.517282456962749881e-01 -2.823816384728279894e-01 7.650307426411405431e-02 2.680550668123065639e-01
1.661970578892111063e+09 -1.884838640689849854e-01 4.030492901802062988e-01 1.372510552406311035e+00 -5.164347887039184570e-01 5.279255509376525879e-01 4.624015092849731445e-01 4.906879067420959473e-01 2.928326923563064899e-01 7.544793838942322195e-02 -4.549200076390775838e-01 5.517200023954526023e-01 -2.823774194450567876e-01 7.650193124151204171e-02 2.680510618359981390e-01
1.661970578924025774e+09 -1.930142641067504883e-01 4.111101329326629639e-01 1.371538639068603516e+00 -5.149777531623840332e-01 5.261273980140686035e-01 4.645825028419494629e-01 4.920883774757385254e-01 2.913280848762210273e-01 7.544850202261005334e-02 -4.549234061151474218e-01 5.517241240150730919e-01 -2.823795289431815236e-01 7.650250274854532295e-02 2.680530643091927900e-01
1.661970578953945875e+09 -1.975816488265991211e-01 4.190781116485595703e-01 1.370437860488891602e+00 -5.135238766670227051e-01 5.243154168128967285e-01 4.667730629444122314e-01 4.934667944908142090e-01 3.091547240757436255e-01 8.047824183424279187e-02 -4.852506665065625668e-01 5.885045599045187759e-01 -3.012042308344203279e-01 8.160250703555582685e-02 2.859226990009764990e-01
1.661970578985860348e+09 -2.021850943565368652e-01 4.269513487815856934e-01 1.369209170341491699e+00 -5.120732784271240234e-01 5.224897265434265137e-01 4.689729809761047363e-01 4.948229789733886719e-01 2.883543317473914458e-01 7.544906566421817617e-02 -4.549268046420081313e-01 5.517282456962785409e-01 -2.823816384728279894e-01 7.650307426411578904e-02 2.680550668123065639e-01
1.661970579016778708e+09 -2.068236470222473145e-01 4.347279071807861328e-01 1.367853164672851562e+00 -5.106261372566223145e-01 5.206505060195922852e-01 4.711818993091583252e-01 4.961568713188171387e-01 2.961302164861597253e-01 7.787984732340574867e-02 -4.695834173284724189e-01 5.695035605883489449e-01 -2.914792740982432573e-01 7.896781346473302765e-02 2.766911358520411368e-01
1.661970579047695398e+09 -2.114963531494140625e-01 4.424059391021728516e-01 1.366370677947998047e+00 -5.091825723648071289e-01 5.187978148460388184e-01 4.733995199203491211e-01 4.974684417247772217e-01 2.946486821439260329e-01 7.788405139616716433e-02 -4.696087661564736226e-01 5.695343032578441544e-01 -2.914950085933516455e-01 7.897207626756361232e-02 2.767060720609261781e-01
1.661970579079610109e+09 -2.162022143602371216e-01 4.499835968017578125e-01 1.364762783050537109e+00 -5.077427625656127930e-01 5.169317722320556641e-01 4.756255745887756348e-01 4.987576007843017578e-01 2.839987584159078260e-01 7.544850202260917904e-02 -4.549234061151543607e-01 5.517241240150730919e-01 -2.823795289431850208e-01 7.650250274854357435e-02 2.680530643091892928e-01
1.661970579111524820e+09 -2.209402322769165039e-01 4.574590623378753662e-01 1.363030076026916504e+00 -5.063068866729736328e-01 5.150524973869323730e-01 4.778597354888916016e-01 5.000243186950683594e-01 2.825818571219876896e-01 7.544850202261005334e-02 -4.549234061151474218e-01 5.517241240150730919e-01 -2.823795289431815236e-01 7.650250274854532295e-02 2.680530643091927900e-01
1.661970579143439770e+09 -2.257094085216522217e-01 4.648304879665374756e-01 1.361173629760742188e+00 -5.048752427101135254e-01 5.131602883338928223e-01 4.801018238067626953e-01 5.012685060501098633e-01 2.811790362137096544e-01 7.544793838942322195e-02 -4.549200076390775838e-01 5.517200023954526023e-01 -2.823774194450532904e-01 7.650193124151204171e-02 2.680510618359981390e-01
1.661970579174862623e+09 -2.305087149143218994e-01 4.720961153507232666e-01 1.359194278717041016e+00 -5.034475326538085938e-01 5.112549066543579102e-01 4.823511540889739990e-01 5.024902820587158203e-01 2.841802515219782332e-01 7.662948686803630616e-02 -4.620442585383134348e-01 5.603601845311932950e-01 -2.867995761992666592e-01 7.769998571985914371e-02 2.722488614189135236e-01
1.661970579206777096e+09 -2.353370934724807739e-01 4.792542159557342529e-01 1.357093095779418945e+00 -5.020242333412170410e-01 5.093367695808410645e-01 4.846077263355255127e-01 5.036894679069519043e-01 2.784415772425641866e-01 7.544906566421817617e-02 -4.549268046420046341e-01 5.517282456962749881e-01 -2.823816384728279894e-01 7.650307426411405431e-02 2.680550668123065639e-01
1.661970579236696720e+09 -2.401934862136840820e-01 4.863030314445495605e-01 1.354870915412902832e+00 -5.006055235862731934e-01 5.074060559272766113e-01 4.868713021278381348e-01 5.048660039901733398e-01 2.955770183373271909e-01 8.047952443778459697e-02 -4.852584000778862316e-01 5.885139390611169308e-01 -3.012090312078402055e-01 8.160380755681671816e-02 2.859272558284874366e-01
1.661970579267614126e+09 -2.450768500566482544e-01 4.932408630847930908e-01 1.352528810501098633e+00 -4.991914331912994385e-01 5.054627060890197754e-01 4.891412556171417236e-01 5.060199499130249023e-01 2.846774665186461162e-01 7.788224959512157763e-02 -4.695979020379447699e-01 5.695211274216528397e-01 -2.914882650303041167e-01 7.897024929571377916e-02 2.766996706310952958e-01
