1.661970579381310225e+09 1.378528122206244648e-16 -2.367949187755584717e-01 1.128897309303283691e+00 -6.125128269195556641e-01 6.125135421752929688e-01 3.533097505569458008e-01 3.533093035221099854e-01 0.000000000000000000e+00 0.000000000000000000e+00 0.000000000000000000e+00 0.000000000000000000e+00 0.000000000000000000e+00 0.000000000000000000e+00 0.000000000000000000e+00
1.661970667871411562e+09 1.378528122206244648e-16 -2.367949187755584717e-01 1.128897309303283691e+00 -6.125128269195556641e-01 6.125135421752929688e-01 3.533097505569458008e-01 3.533093035221099854e-01 0.000000000000000000e+00 0.000000000000000000e+00 0.000000000000000000e+00 0.000000000000000000e+00 0.000000000000000000e+00 0.000000000000000000e+00 0.000000000000000000e+00
1.661970667903325796e+09 -3.032363951206207275e-02 -2.484290003776550293e-01 1.119890093803405762e+00 6.187343597412109375e-01 -6.126129627227783203e-01 -3.644316196441650391e-01 -3.302465379238128662e-01 1.056101537589029249e+00 1.136200642015568585e+00 4.884445780851074392e-01 -5.128291869893882859e-01 9.298730039445448625e-01 -5.503179661566987013e-01 2.989424193314113576e-01
1.661970667935240507e+09 -5.997668951749801636e-02 -2.612294256687164307e-01 1.110871791839599609e+00 6.250250339508056641e-01 -6.123114228248596191e-01 -3.746531605720520020e-01 -3.066812753677368164e-01 1.050716930933915494e+00 1.136183666060952113e+00 4.884372802429128302e-01 -5.128215248171636986e-01 9.298591107276956702e-01 -5.503097438652541085e-01 2.989379528377729689e-01
1.661970667967155695e+09 -8.890952914953231812e-02 -2.751654386520385742e-01 1.101852416992187500e+00 6.313702464103698730e-01 -6.116035580635070801e-01 -3.839540481567382812e-01 -2.826517224311828613e-01 1.045167601061073315e+00 1.136166690613616748e+00 4.884299826187888383e-01 -5.128138628738965199e-01 9.298452179259935058e-01 -5.503015218195109748e-01 2.989334864775984868e-01
1.661970667997075081e+09 -1.170735508203506470e-01 -2.902038097381591797e-01 1.092841744422912598e+00 6.377553343772888184e-01 -6.104843020439147949e-01 -3.923155367374420166e-01 -2.581968903541564941e-01 1.108800934403595173e+00 1.211955801921405174e+00 5.210111827407248875e-01 -5.470216135980061622e-01 9.918714534270097749e-01 -5.870099235307980612e-01 3.188741373235057242e-01
1.661970668028989553e+09 -1.444213092327117920e-01 -3.063087463378906250e-01 1.083849310874938965e+00 6.441653966903686523e-01 -6.089492440223693848e-01 -3.997205197811126709e-01 -2.333564311265945435e-01 1.033601821519891661e+00 1.136192153974854069e+00 4.884409291367506900e-01 -5.128253558746556084e-01 9.298660572842235572e-01 -5.503138549802621959e-01 2.989401860679077316e-01
1.661970668060904741e+09 -1.709067076444625854e-01 -3.234419226646423340e-01 1.074884414672851562e+00 6.505853533744812012e-01 -6.069946885108947754e-01 -4.061539471149444580e-01 -2.081708312034606934e-01 1.027509579668153039e+00 1.136166690613616748e+00 4.884299826188027716e-01 -5.128138628738965199e-01 9.298452179259935058e-01 -5.503015218195144165e-01 2.989334864775984868e-01
1.661970668092818975e+09 -1.964851319789886475e-01 -3.415625691413879395e-01 1.065955758094787598e+00 6.569998860359191895e-01 -6.046175360679626465e-01 -4.116022288799285889e-01 -1.826810389757156372e-01 1.021283278954233875e+00 1.136200642015565032e+00 4.884445780851074392e-01 -5.128291869893882859e-01 9.298730039445483042e-01 -5.503179661566952596e-01 2.989424193314121903e-01
1.661970668124733686e+09 -2.211136519908905029e-01 -3.606274127960205078e-01 1.057071924209594727e+00 6.633937358856201172e-01 -6.018151044845581055e-01 -4.160537421703338623e-01 -1.569285392761230469e-01 1.014816370036478510e+00 1.136183666060955666e+00 4.884372802429128302e-01 -5.128215248171636986e-01 9.298591107276922285e-01 -5.503097438652575502e-01 2.989379528377721362e-01
1.661970668156648397e+09 -2.447511702775955200e-01 -3.805908858776092529e-01 1.048241376876831055e+00 6.697514653205871582e-01 -5.985856056213378906e-01 -4.194986820220947266e-01 -1.309552490711212158e-01 1.008165735706075594e+00 1.136183666060955666e+00 4.884372802429128302e-01 -5.128215248171636986e-01 9.298591107276922285e-01 -5.503097438652575502e-01 2.989379528377721362e-01
1.661970668188563108e+09 -2.673586606979370117e-01 -4.014050364494323730e-01 1.039471745491027832e+00 6.760575175285339355e-01 -5.949274301528930664e-01 -4.219288825988769531e-01 -1.048033833503723145e-01 1.001317254690118563e+00 1.136183666060955666e+00 4.884372802429128302e-01 -5.128215248171636986e-01 9.298591107276956702e-01 -5.503097438652541085e-01 2.989379528377721362e-01
1.661970668220478058e+09 -2.888991832733154297e-01 -4.230196774005889893e-01 1.030770540237426758e+00 6.822961568832397461e-01 -5.908400416374206543e-01 -4.233382940292358398e-01 -7.851544022560119629e-02 9.942567158971359342e-01 1.136175178273880926e+00 4.884336314035926385e-01 -5.128176938169111132e-01 9.298521642749519867e-01 -5.503056328116731066e-01 2.989357196410020734e-01
1.661970668250397921e+09 -3.093382716178894043e-01 -4.453824758529663086e-01 1.022144913673400879e+00 6.884518861770629883e-01 -5.863234400749206543e-01 -4.237226247787475586e-01 -5.213414877653121948e-02 1.052813653447318032e+00 1.211936486807387858e+00 5.210028793105297984e-01 -5.470128956358165651e-01 9.918556458289218281e-01 -5.870005682691734616e-01 3.188690553804927608e-01
1.661970668282312632e+09 -3.286438584327697754e-01 -4.684391319751739502e-01 1.013601541519165039e+00 6.945089697837829590e-01 -5.813781619071960449e-01 -4.230793714523315430e-01 -2.570221759378910065e-02 9.795440808984315906e-01 1.136183666060955666e+00 4.884372802429128302e-01 -5.128215248171775764e-01 9.298591107276922285e-01 -5.503097438652541085e-01 2.989379528377721362e-01
1.661970668313230276e+09 -3.467866480350494385e-01 -4.921333491802215576e-01 1.005146741867065430e+00 7.004517912864685059e-01 -5.760052800178527832e-01 -4.214078783988952637e-01 7.375358836725354195e-04 1.003216729463201728e+00 1.172824577329384832e+00 5.041889474954603934e-01 -5.293595622389729582e-01 9.598462388532313927e-01 -5.680567429618237352e-01 3.085784355624252018e-01
1.661970668343150139e+09 -3.637400865554809570e-01 -5.164071321487426758e-01 9.967862963676452637e-01 7.062648534774780273e-01 -5.702065825462341309e-01 -4.187095463275909424e-01 2.714240364730358124e-02 1.028272464887197257e+00 1.211936486807387858e+00 5.210028793105297984e-01 -5.470128956358165651e-01 9.918556458289254918e-01 -5.870005682691734616e-01 3.188690553804927608e-01
1.661970668374067545e+09 -3.794806003570556641e-01 -5.412008762359619141e-01 9.885255694389343262e-01 7.119325399398803711e-01 -5.639846324920654297e-01 -4.149872958660125732e-01 5.346984416246414185e-02 9.867554559603531894e-01 1.172833621528254877e+00 5.041928355322555788e-01 -5.293636443781513101e-01 9.598536406765184603e-01 -5.680611235130587078e-01 3.085808151550712419e-01
1.661970668405982494e+09 -3.939877748489379883e-01 -5.664533972740173340e-01 9.803696274757385254e-01 7.174393534660339355e-01 -5.573422908782958984e-01 -4.102461636066436768e-01 7.967757433652877808e-02 9.476269880800123335e-01 1.136175178273877373e+00 4.884336314036065163e-01 -5.128176938169111132e-01 9.298521642749485450e-01 -5.503056328116731066e-01 2.989357196410020734e-01
1.661970668437896967e+09 -4.072443544864654541e-01 -5.921024680137634277e-01 9.723229408264160156e-01 7.227699756622314453e-01 -5.502833127975463867e-01 -4.044927656650543213e-01 1.057235375046730042e-01 9.391560250360815321e-01 1.136192153974850516e+00 4.884409291367506900e-01 -5.128253558746556084e-01 9.298660572842269989e-01 -5.503138549802656376e-01 2.989401860679085643e-01
1.661970668468814135e+09 -4.192363917827606201e-01 -6.180845499038696289e-01 9.643895626068115234e-01 7.279092073440551758e-01 -5.428119897842407227e-01 -3.977357447147369385e-01 1.315661668777465820e-01 9.604821385622457353e-01 1.172842665866621337e+00 5.041967236290162413e-01 -5.293677265802888554e-01 9.598610426139713159e-01 -5.680655041318622978e-01 3.085831947844179246e-01
1.661970668499732018e+09 -4.299534261226654053e-01 -6.443353295326232910e-01 9.565731287002563477e-01 7.328419685363769531e-01 -5.349332094192504883e-01 -3.899853825569152832e-01 1.571643352508544922e-01 9.512881476277315063e-01 1.172815533269993660e+00 5.041850595186291306e-01 -5.293554801627664563e-01 9.598388371440933486e-01 -5.680523624781450565e-01 3.085760560064788605e-01
1.661970668530649424e+09 -4.393884539604187012e-01 -6.707897782325744629e-01 9.488766789436340332e-01 7.375534176826477051e-01 -5.266522169113159180e-01 -3.812537193298339844e-01 1.824774295091629028e-01 9.419300995432118295e-01 1.172833621528254877e+00 5.041928355322555788e-01 -5.293636443781513101e-01 9.598536406765184603e-01 -5.680611235130587078e-01 3.085808151550712419e-01
1.661970668561566114e+09 -4.475381672382354736e-01 -6.973824501037597656e-01 9.413029551506042480e-01 7.420287132263183594e-01 -5.179755091667175293e-01 -3.715546131134033203e-01 2.074656188488006592e-01 9.323828236481833676e-01 1.172860754961827290e+00 5.042045000024393264e-01 -5.293758911734467443e-01 9.598758468313566272e-01 -5.680742655721531253e-01 3.085879541532163262e-01
1.661970668592483521e+09 -4.544027447700500488e-01 -7.240475416183471680e-01 9.338541030883789062e-01 7.462535500526428223e-01 -5.089093446731567383e-01 -3.609034121036529541e-01 2.320894747972488403e-01 9.225963699816083219e-01 1.172833621528254877e+00 5.041928355322555788e-01 -5.293636443781513101e-01 9.598536406765220130e-01 -5.680611235130622605e-01 3.085808151550712419e-01
1.661970668623905897e+09 -4.599862098693847656e-01 -7.507193684577941895e-01 9.265317320823669434e-01 7.502136826515197754e-01 -4.994613826274871826e-01 -3.493173718452453613e-01 2.563107013702392578e-01 8.979790523264714608e-01 1.153985701573804201e+00 4.960902487447650389e-01 -5.208565523124969454e-01 9.444283968436502086e-01 -5.589321469995288671e-01 3.036217942020879024e-01
1.661970668655820608e+09 -4.642961621284484863e-01 -7.773323655128479004e-01 9.193372130393981934e-01 7.538951039314270020e-01 -4.896391034126281738e-01 -3.368151187896728516e-01 2.800916731357574463e-01 8.743051766974514472e-01 1.136183666060955666e+00 4.884372802429128302e-01 -5.128215248171636986e-01 9.298591107276922285e-01 -5.503097438652575502e-01 2.989379528377721362e-01
1.661970668687735081e+09 -4.673439860343933105e-01 -8.038214445114135742e-01 9.122712016105651855e-01 7.572841048240661621e-01 -4.794510602951049805e-01 -3.234170377254486084e-01 3.033955395221710205e-01 8.643168836962863422e-01 1.136192153974850516e+00 4.884409291367506900e-01 -5.128253558746556084e-01 9.298660572842269989e-01 -5.503138549802656376e-01 2.989401860679085643e-01
1.661970668719650030e+09 -4.691448211669921875e-01 -8.301222920417785645e-01 9.053339958190917969e-01 7.603674530982971191e-01 -4.689061641693115234e-01 -3.091449141502380371e-01 3.261868655681610107e-01 8.541421917730656066e-01 1.136175178273880926e+00 4.884336314036065163e-01 -5.128176938169111132e-01 9.298521642749519867e-01 -5.503056328116696649e-01 2.989357196410029061e-01
1.661970668749570608e+09 -4.697173833847045898e-01 -8.561714887619018555e-01 8.985254168510437012e-01 7.631319165229797363e-01 -4.580138623714447021e-01 -2.940220832824707031e-01 3.484307527542114258e-01 9.000620696112158203e-01 1.211907515290686410e+00 5.209904246614737167e-01 -5.469998192135648862e-01 9.918319353764970536e-01 -5.869865359358373835e-01 3.188614327696823736e-01
1.661970668780487776e+09 -4.690841138362884521e-01 -8.819068074226379395e-01 8.918447494506835938e-01 7.655649781227111816e-01 -4.467841684818267822e-01 -2.780732512474060059e-01 3.700937926769256592e-01 8.602290267067772556e-01 1.172842665866614009e+00 5.041967236290162413e-01 -5.293677265803031773e-01 9.598610426139677632e-01 -5.680655041318587450e-01 3.085831947844169809e-01
1.661970668811404705e+09 -4.672709703445434570e-01 -9.072674512863159180e-01 8.852909207344055176e-01 7.676542401313781738e-01 -4.352276921272277832e-01 -2.613246440887451172e-01 3.911436200141906738e-01 8.492587866578029665e-01 1.172851710344476439e+00 5.042006117857437131e-01 -5.293718088453868154e-01 9.598684446655819658e-01 -5.680698848182218486e-01 3.085855744504668596e-01
1.661970668841324806e+09 -4.643074870109558105e-01 -9.321942329406738281e-01 8.788623809814453125e-01 7.693877220153808594e-01 -4.233553409576416016e-01 -2.438035458326339722e-01 4.115490615367889404e-01 8.660534321229711452e-01 1.211926829481242418e+00 5.209987276946811408e-01 -5.470085367589329062e-01 9.918477422188259895e-01 -5.869958907501859890e-01 3.188665144697299669e-01
1.661970668873239756e+09 -4.602264761924743652e-01 -9.566299319267272949e-01 8.725571036338806152e-01 7.707540392875671387e-01 -4.111787080764770508e-01 -2.255387306213378906e-01 4.312802851200103760e-01 8.010017638084724334e-01 1.136175178273880926e+00 4.884336314035926385e-01 -5.128176938169111132e-01 9.298521642749485450e-01 -5.503056328116696649e-01 2.989357196410011852e-01
1.661970668905154705e+09 -4.602264761924743652e-01 -9.566299319267272949e-01 8.725571036338806152e-01 7.707540392875671387e-01 -4.111787080764770508e-01 -2.255387306213378906e-01 4.312802851200103760e-01 0.000000000000000000e+00 0.000000000000000000e+00 0.000000000000000000e+00 0.000000000000000000e+00 0.000000000000000000e+00 0.000000000000000000e+00 0.000000000000000000e+00
1.661970668937069416e+09 -4.686488211154937744e-01 -9.380581974983215332e-01 8.868388533592224121e-01 7.703438401222229004e-01 -4.210433065891265869e-01 -2.379100024700164795e-01 4.155619740486145020e-01 7.800808752655226108e-01 -6.616032459256672160e-01 -8.037236803192486789e-01 9.227942168472584861e-01 -9.081448068485792335e-01 4.409032973105119213e-01 9.039950868719151544e-02
1.661970668967986584e+09 -4.767817854881286621e-01 -9.188638329505920410e-01 9.010710716247558594e-01 7.696059942245483398e-01 -4.307084083557128906e-01 -2.500583231449127197e-01 3.995845019817352295e-01 8.164179525441110918e-01 -6.829498943490686091e-01 -8.296558487887717437e-01 9.525681997221702169e-01 -9.374461260738292667e-01 4.551290553223741875e-01 9.331625152586206506e-02
1.661970668997906685e+09 -4.845928251743316650e-01 -8.990553617477416992e-01 9.152475595474243164e-01 7.685470581054687500e-01 -4.401642084121704102e-01 -2.619734108448028564e-01 3.833546936511993408e-01 8.549594965036885208e-01 -7.057087231230886326e-01 -8.573035511461325475e-01 9.843118704254706364e-01 -9.686858642225988358e-01 4.702959135734388063e-01 9.642595050653782196e-02
1.661970669028823376e+09 -4.920499026775360107e-01 -8.786430954933166504e-01 9.293618202209472656e-01 7.671741843223571777e-01 -4.494011998176574707e-01 -2.736451625823974609e-01 3.668796122074127197e-01 8.381540590045890582e-01 -6.829604276848852962e-01 -8.296686448134138470e-01 9.525828914599226982e-01 -9.374605845794059533e-01 4.551360749108085968e-01 9.331769076968159105e-02
1.661970669060738087e+09 -4.991212785243988037e-01 -8.576389551162719727e-01 9.434074163436889648e-01 7.654945850372314453e-01 -4.584102034568786621e-01 -2.850637435913085938e-01 3.501668870449066162e-01 8.221432708982123749e-01 -6.616032459256672160e-01 -8.037236803192486789e-01 9.227942168472444973e-01 -9.081448068485792335e-01 4.409032973105049824e-01 9.039950868719151544e-02
1.661970669092652798e+09 -5.057758688926696777e-01 -8.360564112663269043e-01 9.573776125907897949e-01 7.635158896446228027e-01 -4.671822190284729004e-01 -2.962194383144378662e-01 3.332241177558898926e-01 8.321134206439250169e-01 -6.616032459256603326e-01 -8.037236803192208123e-01 9.227942168472444973e-01 -9.081448068485723502e-01 4.409032973105049824e-01 9.039950868719151544e-02
1.661970669124074936e+09 -5.119831562042236328e-01 -8.139105439186096191e-01 9.712654352188110352e-01 7.612460851669311523e-01 -4.757087230682373047e-01 -3.071027398109436035e-01 3.160594403743743896e-01 8.550375366262482624e-01 -6.719745246339657863e-01 -8.163228359981078430e-01 9.372599197776378954e-01 -9.223808659328256443e-01 4.478148882193812019e-01 9.181660950322061143e-02
1.661970669155989647e+09 -5.177132487297058105e-01 -7.912178635597229004e-01 9.850639104843139648e-01 7.586935162544250488e-01 -4.839812815189361572e-01 -3.177042305469512939e-01 2.986810207366943359e-01 8.513204218055953065e-01 -6.616032459256672160e-01 -8.037236803192486789e-01 9.227942168472584861e-01 -9.081448068485723502e-01 4.409032973105049824e-01 9.039950868719326404e-02
1.661970669186907530e+09 -5.229371190071105957e-01 -7.679963707923889160e-01 9.987657070159912109e-01 7.558667063713073730e-01 -4.919919371604919434e-01 -3.280148804187774658e-01 2.810974717140197754e-01 8.882852542648782546e-01 -6.829340949545401607e-01 -8.296366554918896963e-01 9.525461629652615114e-01 -9.374244391516808328e-01 4.551185263457084851e-01 9.331409274336983917e-02
1.661970669218329430e+09 -5.276265144348144531e-01 -7.442654967308044434e-01 1.012363553047180176e+00 7.527744174003601074e-01 -4.997330009937286377e-01 -3.380257487297058105e-01 2.633176445960998535e-01 8.831326884728779580e-01 -6.719796233457686618e-01 -8.163290299752852253e-01 9.372670313838531442e-01 -9.223878646418997018e-01 4.478182860848770042e-01 9.181730617610715794e-02
1.661970669249246836e+09 -5.317540168762207031e-01 -7.200460433959960938e-01 1.025849699974060059e+00 7.494259476661682129e-01 -5.071971416473388672e-01 -3.477281630039215088e-01 2.453506141901016235e-01 9.065014101008197489e-01 -6.829446278029942530e-01 -8.296494509244863869e-01 9.525608540232578525e-01 -9.374388969882854195e-01 4.551255456093539764e-01 9.331553192059853508e-02
1.661970669279166698e+09 -5.352932810783386230e-01 -6.953601837158203125e-01 1.039216637611389160e+00 7.458305954933166504e-01 -5.143774151802062988e-01 -3.571136891841888428e-01 2.272056937217712402e-01 9.456846054003215096e-01 -7.057143466138335874e-01 -8.573103826311647691e-01 9.843197139854336086e-01 -9.686935832656070611e-01 4.702996611602649479e-01 9.642671888366248500e-02
1.661970669309591770e+09 -5.382188558578491211e-01 -6.702311635017395020e-01 1.052456378936767578e+00 7.419980764389038086e-01 -5.212671160697937012e-01 -3.661740124225616455e-01 2.088925093412399292e-01 9.384945253249330488e-01 -6.939959447356817135e-01 -8.430747253199905034e-01 9.679750640000325257e-01 -9.526084055163371866e-01 4.624903251887298450e-01 9.482555114618888836e-02
1.661970669341506958e+09 -5.405064225196838379e-01 -6.446836590766906738e-01 1.065560936927795410e+00 7.379381656646728516e-01 -5.278600454330444336e-01 -3.749012947082519531e-01 1.904208511114120483e-01 9.024990466965763236e-01 -6.615933610704224366e-01 -8.037116720767115696e-01 9.227804296004255002e-01 -9.081312384750704902e-01 4.408967098802099027e-01 9.039815804984005498e-02
1.661970669373421431e+09 -5.421327352523803711e-01 -6.187433004379272461e-01 1.078522086143493652e+00 7.336609959602355957e-01 -5.341503024101257324e-01 -3.832877576351165771e-01 1.718007475137710571e-01 9.100490065013484564e-01 -6.616081884640541144e-01 -8.037296845750585561e-01 9.228011106251653439e-01 -9.081515911873679903e-01 4.409065910994717785e-01 9.040018402100312434e-02
1.661970669404842615e+09 -5.430758595466613770e-01 -5.924369096755981445e-01 1.091331601142883301e+00 7.291768789291381836e-01 -5.401324033737182617e-01 -3.913259804248809814e-01 1.530424952507019043e-01 9.316819754894211103e-01 -6.719949199454350319e-01 -8.163476124708598514e-01 9.372883668500949783e-01 -9.224088614064068770e-01 4.478284799907782388e-01 9.181939625819453277e-02
1.661970669434762716e+09 -5.433148145675659180e-01 -5.657922029495239258e-01 1.103981137275695801e+00 7.244962453842163086e-01 -5.458012819290161133e-01 -3.990090191364288330e-01 1.341566294431686401e-01 9.858222828383975678e-01 -7.057087231230960711e-01 -8.573035511461325475e-01 9.843118704254557594e-01 -9.686858642225988358e-01 4.702959135734313678e-01 9.642595050653966771e-02
1.661970669466677427e+09 -5.428301095962524414e-01 -5.388379693031311035e-01 1.116461992263793945e+00 7.196300029754638672e-01 -5.511520504951477051e-01 -4.063296616077423096e-01 1.151537522673606873e-01 9.308412942176106375e-01 -6.616032459256672160e-01 -8.037236803192486789e-01 9.227942168472444973e-01 -9.081448068485757918e-01 4.409032973105119213e-01 9.039950868719151544e-02
1.661970669497595310e+09 -5.416033864021301270e-01 -5.116037130355834961e-01 1.128765702247619629e+00 7.145887017250061035e-01 -5.561806559562683105e-01 -4.132814705371856689e-01 9.604477882385253906e-02 9.673919655077770630e-01 -6.829340949545330552e-01 -8.296366554918896963e-01 9.525461629652759443e-01 -9.374244391516772801e-01 4.551185263457012686e-01 9.331409274336983917e-02
1.661970669528512001e+09 -5.396176576614379883e-01 -4.841198325157165527e-01 1.140883445739746094e+00 7.093836069107055664e-01 -5.608829259872436523e-01 -4.198580384254455566e-01 7.684081047773361206e-02 9.736574902116018615e-01 -6.829604276848781907e-01 -8.296686448133995251e-01 9.525828914599226982e-01 -9.374605845794059533e-01 4.551360749108085968e-01 9.331769076967978693e-02
1.661970669560426474e+09 -5.368573665618896484e-01 -4.564174711704254150e-01 1.152806282043457031e+00 7.040256857872009277e-01 -5.652555227279663086e-01 -4.260536134243011475e-01 5.755310878157615662e-02 9.489491568621958306e-01 -6.616081884640541144e-01 -8.037296845750724339e-01 9.228011106251514661e-01 -9.081515911873714320e-01 4.409065910994787729e-01 9.040018402100485906e-02
1.661970669592341661e+09 -5.333081483840942383e-01 -4.285284280776977539e-01 1.164525508880615234e+00 6.985262632369995117e-01 -5.692954659461975098e-01 -4.318623840808868408e-01 3.819311037659645081e-02 9.543656258955420801e-01 -6.615933610704294310e-01 -8.037116720767115696e-01 9.227804296004393780e-01 -9.081312384750740430e-01 4.408967098802064610e-01 9.039815804983832026e-02
1.661970669624256611e+09 -5.289571881294250488e-01 -4.004850685596466064e-01 1.176031947135925293e+00 6.928967833518981934e-01 -5.729998946189880371e-01 -4.372789263725280762e-01 1.877236738801002502e-02 9.595143132974499611e-01 -6.615983034611192526e-01 -8.037176761531337199e-01 9.227873231723365821e-01 -9.081380226111475107e-01 4.409000035707537068e-01 9.039883336347173670e-02
1.661970669655173779e+09 -5.237929821014404297e-01 -3.723202645778656006e-01 1.187316775321960449e+00 6.871486306190490723e-01 -5.763667225837707520e-01 -4.422982633113861084e-01 -6.973189301788806915e-04 9.954920042312980222e-01 -6.829498943490613927e-01 -8.296558487887717437e-01 9.525681997221774333e-01 -9.374461260738257140e-01 4.551290553223741875e-01 9.331625152586027483e-02
1.661970669686090946e+09 -5.178055167198181152e-01 -3.440673947334289551e-01 1.198370575904846191e+00 6.812933087348937988e-01 -5.793941617012023926e-01 -4.469156861305236816e-01 -2.020411007106304169e-02 1.000203797022061858e+00 -6.829498943490686091e-01 -8.296558487887789601e-01 9.525681997221774333e-01 -9.374461260738364832e-01 4.551290553223777957e-01 9.331625152586027483e-02
1.661970669717008352e+09 -5.109861493110656738e-01 -3.157601356506347656e-01 1.209184527397155762e+00 6.753425598144531250e-01 -5.820808410644531250e-01 -4.511267840862274170e-01 -3.973595798015594482e-02 1.004623877533788123e+00 -6.829446278030014694e-01 -8.296494509244792814e-01 9.525608540232578525e-01 -9.374388969882889722e-01 4.551255456093575846e-01 9.331553192059853508e-02
1.661970669747925997e+09 -5.033276677131652832e-01 -2.874325215816497803e-01 1.219749331474304199e+00 6.693080067634582520e-01 -5.844258069992065430e-01 -4.549275040626525879e-01 -5.928070843219757080e-02 1.008759828068764630e+00 -6.829393613381556927e-01 -8.296430531588526724e-01 9.525535084376082207e-01 -9.374316680142380509e-01 4.551220359504670188e-01 9.331481232643694390e-02
1.661970669778843403e+09 -4.948243796825408936e-01 -2.591188549995422363e-01 1.230055809020996094e+00 6.632013916969299316e-01 -5.864285826683044434e-01 -4.583142399787902832e-01 -7.882607728242874146e-02 1.012634619464815033e+00 -6.829446278029979167e-01 -8.296494509244792814e-01 9.525608540232578525e-01 -9.374388969882889722e-01 4.551255456093539764e-01 9.331553192059853508e-02
1.661970669809760571e+09 -4.854719638824462891e-01 -2.308535426855087280e-01 1.240094900131225586e+00 6.570342779159545898e-01 -5.880891084671020508e-01 -4.612835049629211426e-01 -9.835977107286453247e-02 1.016244559358690402e+00 -6.829498943490650564e-01 -8.296558487887717437e-01 9.525681997221702169e-01 -9.374461260738329305e-01 4.551290553223777957e-01 9.331625152586206506e-02
1.661970669841675282e+09 -4.752674996852874756e-01 -2.026711553335189819e-01 1.249857306480407715e+00 6.508185267448425293e-01 -5.894078612327575684e-01 -4.638323485851287842e-01 -1.178692728281021118e-01 9.877179168221572603e-01 -6.616032459256637743e-01 -8.037236803192416845e-01 9.227942168472584861e-01 -9.081448068485723502e-01 4.409032973105084796e-01 9.039950868719151544e-02
1.661970669873589754e+09 -4.642095267772674561e-01 -1.746062785387039185e-01 1.259333968162536621e+00 6.445658802986145020e-01 -5.903854966163635254e-01 -4.659581184387207031e-01 -1.373420655727386475e-01 9.907229231080086906e-01 -6.616081884640506727e-01 -8.037296845750655505e-01 9.228011106251514661e-01 -9.081515911873749847e-01 4.409065910994717785e-01 9.040018402100312434e-02
1.661970669904507399e+09 -4.522980153560638428e-01 -1.466934382915496826e-01 1.268515825271606445e+00 6.382878422737121582e-01 -5.910234451293945312e-01 -4.676585495471954346e-01 -1.567655503749847412e-01 1.025522443033952902e+00 -6.829393613381556927e-01 -8.296430531588526724e-01 9.525535084376225425e-01 -9.374316680142343872e-01 4.551220359504670188e-01 9.331481232643515367e-02
1.661970669935424566e+09 -4.395343065261840820e-01 -1.189671382308006287e-01 1.277393937110900879e+00 6.319961547851562500e-01 -5.913232564926147461e-01 -4.689317047595977783e-01 -1.761270463466644287e-01 1.028168613386786889e+00 -6.829498943490650564e-01 -8.296558487887789601e-01 9.525681997221702169e-01 -9.374461260738347068e-01 4.551290553223777957e-01 9.331625152586206506e-02
1.661970669966342211e+09 -4.259210824966430664e-01 -9.146168082952499390e-02 1.285959124565124512e+00 6.257023811340332031e-01 -5.912870764732360840e-01 -4.697759151458740234e-01 -1.954138427972793579e-01 1.030567292519116940e+00 -6.829393613381574690e-01 -8.296430531588526724e-01 9.525535084376225425e-01 -9.374316680142380509e-01 4.551220359504634105e-01 9.331481232643515367e-02
1.661970669997260094e+09 -4.114624261856079102e-01 -6.421118974685668945e-02 1.294202685356140137e+00 6.194180250167846680e-01 -5.909176468849182129e-01 -4.701901674270629883e-01 -2.146131992340087891e-01 1.032772828232907836e+00 -6.829340949545348316e-01 -8.296366554918969127e-01 9.525461629652615114e-01 -9.374244391516755037e-01 4.551185263457048769e-01 9.331409274337162940e-02
1.661970670029174328e+09 -3.961637318134307861e-01 -3.724950179457664490e-02 1.302115797996520996e+00 6.131544709205627441e-01 -5.902177691459655762e-01 -4.701735079288482666e-01 -2.337122261524200439e-01 1.002491537635862295e+00 -6.616131310762867201e-01 -8.037356889205932164e-01 9.228080045060736980e-01 -9.081583756275350972e-01 4.409098849376552609e-01 9.040085936490502294e-02
1.661970670061089039e+09 -3.800317347049713135e-01 -1.061016134917736053e-02 1.309689760208129883e+00 6.069230437278747559e-01 -5.891908407211303711e-01 -4.697254896163940430e-01 -2.526983320713043213e-01 1.004267525592287713e+00 -6.616032459256637743e-01 -8.037236803192416845e-01 9.227942168472444973e-01 -9.081448068485740155e-01 4.409032973105049824e-01 9.039950868719151544e-02
1.661970670093003511e+09 -3.630744218826293945e-01 1.567368209362030029e-02 1.316916108131408691e+00 6.007350087165832520e-01 -5.878407955169677734e-01 -4.688461124897003174e-01 -2.715584933757781982e-01 1.005911359816291206e+00 -6.616081884640523381e-01 -8.037296845750655505e-01 9.228011106251653439e-01 -9.081515911873714320e-01 4.409065910994752757e-01 9.040018402100312434e-02
1.661970670123921156e+09 -3.453010320663452148e-01 4.156928882002830505e-02 1.323786497116088867e+00 5.946012735366821289e-01 -5.861718058586120605e-01 -4.675355851650238037e-01 -2.902800142765045166e-01 1.039887250907024496e+00 -6.829393613381556927e-01 -8.296430531588526724e-01 9.525535084376153261e-01 -9.374316680142380509e-01 4.551220359504670188e-01 9.331481232643694390e-02
1.661970670154838324e+09 -3.267220258712768555e-01 6.704439967870712280e-02 1.330292582511901855e+00 5.885326862335205078e-01 -5.841885805130004883e-01 -4.657945632934570312e-01 -3.088501095771789551e-01 1.041316702294253327e+00 -6.829498943490650564e-01 -8.296558487887789601e-01 9.525681997221774333e-01 -9.374461260738329305e-01 4.551290553223741875e-01 9.331625152586027483e-02
1.661970670184758425e+09 -3.073491156101226807e-01 9.206724911928176880e-02 1.336426377296447754e+00 5.825400948524475098e-01 -5.818962454795837402e-01 -4.636241495609283447e-01 -3.272561132907867432e-01 1.077359429071353514e+00 -7.057087231230924074e-01 -8.573035511461325475e-01 9.843118704254631979e-01 -9.686858642225941729e-01 4.702959135734350871e-01 9.642595050653782196e-02
1.661970670216673374e+09 -2.871950566768646240e-01 1.166066527366638184e-01 1.342180132865905762e+00 -5.766340494155883789e-01 5.792999863624572754e-01 4.610257148742675781e-01 3.454851508140563965e-01 1.011183749937663245e+00 -6.615983034611228053e-01 -8.037176761531267255e-01 9.227873231723435765e-01 -9.081380226111431808e-01 4.409000035707537068e-01 9.039883336347173670e-02
1.661970670248588085e+09 -2.662738263607025146e-01 1.406320184469223022e-01 1.347545981407165527e+00 -5.708249211311340332e-01 5.764058828353881836e-01 4.580011069774627686e-01 3.635246753692626953e-01 1.012275380642761347e+00 -6.616032459256637743e-01 -8.037236803192416845e-01 9.227942168472514917e-01 -9.081448068485757918e-01 4.409032973105067033e-01 9.039950868719151544e-02
1.661970670280502558e+09 -2.446004599332809448e-01 1.641133725643157959e-01 1.352516651153564453e+00 -5.651226639747619629e-01 5.732203125953674316e-01 4.545524418354034424e-01 3.813619911670684814e-01 1.013304670196605528e+00 -6.616081884640506727e-01 -8.037296845750655505e-01 9.228011106251584605e-01 -9.081515911873714320e-01 4.409065910994735549e-01 9.040018402100312434e-02
1.661970670311923981e+09 -2.221909910440444946e-01 1.870214492082595825e-01 1.357084870338439941e+00 -5.595374703407287598e-01 5.697495341300964355e-01 4.506823122501373291e-01 3.989847898483276367e-01 1.030196727646306654e+00 -6.719898210015050610e-01 -8.163414182116661699e-01 9.372812549200861820e-01 -9.224018623786931492e-01 4.478250819705796304e-01 9.181869955359386881e-02
1.661970670343838930e+09 -1.990625262260437012e-01 2.093276381492614746e-01 1.361243724822998047e+00 -5.540788173675537109e-01 5.660008192062377930e-01 4.463934600353240967e-01 4.163804054260253906e-01 1.015211773933476502e+00 -6.615983034611235825e-01 -8.037176761531197311e-01 9.227873231723435765e-01 -9.081380226111422926e-01 4.409000035707519860e-01 9.039883336346998810e-02
1.661970670375753641e+09 -1.752331107854843140e-01 2.310041040182113647e-01 1.364986658096313477e+00 -5.487562417984008789e-01 5.619814395904541016e-01 4.416893720626831055e-01 4.335364997386932373e-01 1.016152994301370072e+00 -6.616032459256637743e-01 -8.037236803192416845e-01 9.227942168472514917e-01 -9.081448068485757918e-01 4.409032973105067033e-01 9.039950868719151544e-02
1.661970670407668114e+09 -1.507217288017272949e-01 2.520237565040588379e-01 1.368306994438171387e+00 -5.435789227485656738e-01 5.576989650726318359e-01 4.365736544132232666e-01 4.504411518573760986e-01 1.017096637668439163e+00 -6.616081884640515609e-01 -8.037296845750655505e-01 9.228011106251584605e-01 -9.081515911873714320e-01 4.409065910994752757e-01 9.040018402100485906e-02
1.661970670439583540e+09 -1.255482733249664307e-01 2.723602950572967529e-01 1.371198892593383789e+00 -5.385558605194091797e-01 5.531615614891052246e-01 4.310503005981445312e-01 4.670819938182830811e-01 1.018022604346851212e+00 -6.615884187535715499e-01 -8.037056680900150907e-01 9.227735361315156926e-01 -9.081244544403632712e-01 4.408934162388742917e-01 9.039748274629626212e-02
1.661970670471498013e+09 -1.255482733249664307e-01 2.723602950572967529e-01 1.371198892593383789e+00 -5.385558605194091797e-01 5.531615614891052246e-01 4.310503005981445312e-01 4.670819938182830811e-01 0.000000000000000000e+00 0.000000000000000000e+00 0.000000000000000000e+00 0.000000000000000000e+00 0.000000000000000000e+00 0.000000000000000000e+00 0.000000000000000000e+00
1.661970670503412485e+09 -1.346669942140579224e-01 2.937540113925933838e-01 1.373395919799804688e+00 -5.350932478904724121e-01 5.494567751884460449e-01 4.357388317584991455e-01 4.710670411586761475e-01 7.319425726603481230e-01 1.760478198831754715e-01 -1.061495877498016549e+00 1.287365906624641676e+00 -6.588904897699348062e-01 1.785071732829345281e-01 6.254618225620480754e-01
1.661970670535326958e+09 -1.440467834472656250e-01 3.147954046726226807e-01 1.374850153923034668e+00 -5.316354036331176758e-01 5.456688404083251953e-01 4.405024349689483643e-01 4.749389588832855225e-01 7.232840594401145351e-01 1.760478198831754715e-01 -1.061495877498009666e+00 1.287365906624641676e+00 -6.588904897699348062e-01 1.785071732829345281e-01 6.254618225620480754e-01
1.661970670566244602e+09 -1.536788046360015869e-01 3.354571461677551270e-01 1.375566601753234863e+00 -5.281845927238464355e-01 5.417987704277038574e-01 4.453372061252593994e-01 4.786960780620574951e-01 7.376959404336749238e-01 1.817238476976972550e-01 -1.095719988479202822e+00 1.328872383094032328e+00 -6.801340402390033679e-01 1.842624940890539298e-01 6.456275860695986912e-01
1.661970670597162008e+09 -1.635536551475524902e-01 3.557122647762298584e-01 1.375551223754882812e+00 -5.247428417205810547e-01 5.378479957580566406e-01 4.502393901348114014e-01 4.823370277881622314e-01 7.288462383850701221e-01 1.817252490552833943e-01 -1.095728438088535484e+00 1.328882630650530583e+00 -6.801392850707059790e-01 1.842639150233279788e-01 6.456325648058865996e-01
1.661970670629076242e+09 -1.736613661050796509e-01 3.755343556404113770e-01 1.374810814857482910e+00 -5.213121771812438965e-01 5.338178277015686035e-01 4.552051126956939697e-01 4.858605265617370605e-01 6.975800703899490696e-01 1.760491350665770172e-01 -1.061503807512490960e+00 1.287375524024469531e+00 -6.588954120793188984e-01 1.785085068391902841e-01 6.254664951391282202e-01
1.661970670660990953e+09 -1.839913725852966309e-01 3.948975503444671631e-01 1.373352885246276855e+00 -5.178948044776916504e-01 5.297096967697143555e-01 4.602304399013519287e-01 4.892652630805969238e-01 6.891719749213897073e-01 1.760465047194231525e-01 -1.061487947602017590e+00 1.287356289368503770e+00 -6.588855675340914431e-01 1.785058397466034175e-01 6.254571500547807528e-01
1.661970670692905903e+09 -1.945326626300811768e-01 4.137765467166900635e-01 1.371186017990112305e+00 -5.144928097724914551e-01 5.255249142646789551e-01 4.653116166591644287e-01 4.925503432750701904e-01 6.808993326126427936e-01 1.760451895753205598e-01 -1.061480017824512068e+00 1.287346672256056035e+00 -6.588806453717956924e-01 1.785045062301965080e-01 6.254524776173301381e-01
1.661970670724821091e+09 -2.052736282348632812e-01 4.321465790271759033e-01 1.368319272994995117e+00 -5.111081600189208984e-01 5.212650895118713379e-01 4.704446792602539062e-01 4.957147538661956787e-01 6.727815784574308067e-01 1.760438744508671938e-01 -1.061472088165469563e+00 1.287337055287298693e+00 -6.588757232830338983e-01 1.785031727337133278e-01 6.254478052496822427e-01
1.661970670756735563e+09 -2.162022143602371216e-01 4.499835968017578125e-01 1.364762783050537109e+00 -5.077427625656127930e-01 5.169317722320556641e-01 4.756255745887756348e-01 4.987576007843017578e-01 6.648677127278871390e-01 1.760478198831745833e-01 -1.061495877498016549e+00 1.287365906624641676e+00 -6.588904897699365826e-01 1.785071732829328073e-01 6.254618225620462990e-01
1.661970670788650513e+09 -2.273058891296386719e-01 4.672642052173614502e-01 1.360527515411376953e+00 -5.043987035751342773e-01 5.125264525413513184e-01 4.808506369590759277e-01 5.016783475875854492e-01 6.571392433870044680e-01 1.760451895753205598e-01 -1.061480017824504962e+00 1.287346672256056035e+00 -6.588806453717922507e-01 1.785045062301965080e-01 6.254524776173301381e-01
1.661970670820073128e+09 -2.385716438293457031e-01 4.839656651020050049e-01 1.355625033378601074e+00 -5.010780096054077148e-01 5.080510973930358887e-01 4.861160814762115479e-01 5.044763088226318359e-01 6.598367628819923336e-01 1.788034926837080429e-01 -1.078111450013707007e+00 1.307517017928221836e+00 -6.692040886681989154e-01 1.813013422902086114e-01 6.352521632396538331e-01
1.661970670850991011e+09 -2.499860674142837524e-01 5.000660419464111328e-01 1.350067853927612305e+00 -4.977822601795196533e-01 5.035070776939392090e-01 4.914176762104034424e-01 5.071511864662170410e-01 6.631598412891550609e-01 1.817224463617238273e-01 -1.095711539000197021e+00 1.328862135695586089e+00 -6.801287954881937159e-01 1.842610731766927135e-01 6.456226074100892554e-01
