1.661970671013574839e+09 1.378528122206244648e-16 -2.367949187755584717e-01 1.128897309303283691e+00 -6.125128269195556641e-01 6.125135421752929688e-01 3.533097505569458008e-01 3.533093035221099854e-01 0.000000000000000000e+00 0.000000000000000000e+00 0.000000000000000000e+00 0.000000000000000000e+00 0.000000000000000000e+00 0.000000000000000000e+00 0.000000000000000000e+00
1.661970686695953846e+09 1.378528122206244648e-16 -2.367949187755584717e-01 1.128897309303283691e+00 -6.125128269195556641e-01 6.125135421752929688e-01 3.533097505569458008e-01 3.533093035221099854e-01 0.000000000000000000e+00 0.000000000000000000e+00 0.000000000000000000e+00 0.000000000000000000e+00 0.000000000000000000e+00 0.000000000000000000e+00 0.000000000000000000e+00
1.661970686726871490e+09 -6.076865829527378082e-03 -2.358485609292984009e-01 1.142542481422424316e+00 6.136264801025390625e-01 -6.101226806640625000e-01 -3.559328913688659668e-01 -3.528804779052734375e-01 4.840963142055364488e-01 2.646609425635437773e-01 -3.287591274548662314e-03 6.299677779761305718e-01 -5.544414951872108505e-02 -5.104289658369077776e-01 1.104908375342384397e-01
1.661970686757788181e+09 -1.215583551675081253e-02 -2.352044135332107544e-01 1.156197547912597656e+00 6.147112250328063965e-01 -6.077463626861572266e-01 -3.585514724254608154e-01 -3.524419963359832764e-01 4.839113342667030193e-01 2.646691064496773937e-01 -3.287692685510753242e-03 6.299872103304337001e-01 -5.544585978136445936e-02 -5.104447108271361611e-01 1.104942457991962279e-01
1.661970686788706303e+09 -1.823042705655097961e-02 -2.348624467849731445e-01 1.169857621192932129e+00 6.157668232917785645e-01 -6.053850650787353516e-01 -3.611659705638885498e-01 -3.519933521747589111e-01 4.836571013303869182e-01 2.646568608093383679e-01 -3.287540571413644520e-03 6.299580622485245751e-01 -5.544329442696371846e-02 -5.104210937060306152e-01 1.104891334806050035e-01
1.661970686820620060e+09 -2.429416403174400330e-02 -2.348224520683288574e-01 1.183517813682556152e+00 6.167931556701660156e-01 -6.030391454696655273e-01 -3.637768924236297607e-01 -3.515341579914093018e-01 4.683125651160317537e-01 2.564001741405350643e-01 -3.184976850516854380e-03 6.103048164623685601e-01 -5.371359088340241228e-02 -4.944971270006463526e-01 1.070421260889685422e-01
1.661970686851537943e+09 -3.034058213233947754e-02 -2.350840121507644653e-01 1.197173237800598145e+00 6.177901029586791992e-01 -6.007092595100402832e-01 -3.663847744464874268e-01 -3.510640263557434082e-01 4.831013804317261795e-01 2.646589016707040498e-01 -3.287565922785658755e-03 6.299629200748740887e-01 -5.544372196954522325e-02 -5.104250297411150328e-01 1.104899855008518866e-01
1.661970686882454634e+09 -3.636324033141136169e-02 -2.356465309858322144e-01 1.210819125175476074e+00 6.187576055526733398e-01 -5.983955860137939453e-01 -3.689900934696197510e-01 -3.505824208259582520e-01 4.827960353508528035e-01 2.646691064496755619e-01 -3.287692685510753242e-03 6.299872103304264837e-01 -5.544585978136445936e-02 -5.104447108271361611e-01 1.104942457991953397e-01
1.661970686914369583e+09 -4.235570877790451050e-02 -2.365092039108276367e-01 1.224450469017028809e+00 6.196955442428588867e-01 -5.960986614227294922e-01 -3.715933859348297119e-01 -3.500888645648956299e-01 4.673465556908675822e-01 2.563905970353966279e-01 -3.184857884678296471e-03 6.102820202477843292e-01 -5.371158456375428603e-02 -4.944786564555625485e-01 1.070381278323408042e-01
1.661970686946284294e+09 -4.831159487366676331e-02 -2.376710623502731323e-01 1.238062500953674316e+00 6.206038594245910645e-01 -5.938187837600708008e-01 -3.741949796676635742e-01 -3.495829105377197266e-01 4.669743752258477265e-01 2.563925123991891986e-01 -3.184881677132238385e-03 6.102865793544648421e-01 -5.371198581569291974e-02 -4.944823504541948633e-01 1.070389274597711993e-01
1.661970686978199005e+09 -5.422453582286834717e-02 -2.391308993101119995e-01 1.251650333404541016e+00 6.214824914932250977e-01 -5.915563702583312988e-01 -3.767955303192138672e-01 -3.490640819072723389e-01 4.665676664540663876e-01 2.563925123991874222e-01 -3.184881677132238385e-03 6.102865793544648421e-01 -5.371198581569291974e-02 -4.944823504541913661e-01 1.070389274597703250e-01
1.661970687010114193e+09 -6.008820235729217529e-02 -2.408873885869979858e-01 1.265209197998046875e+00 6.223313808441162109e-01 -5.893117785453796387e-01 -3.793954253196716309e-01 -3.485317528247833252e-01 4.661264538708484451e-01 2.563886817002228313e-01 -3.184834092579831924e-03 6.102774612092134454e-01 -5.371118331781023214e-02 -4.944749625121248604e-01 1.070373282168574497e-01
1.661970687040033340e+09 -6.589630991220474243e-02 -2.429389357566833496e-01 1.278734207153320312e+00 6.231505870819091797e-01 -5.870853662490844727e-01 -3.819950819015502930e-01 -3.479854166507720947e-01 4.967272691540452478e-01 2.734935190832355478e-01 -3.397308640536468409e-03 6.509918042265412375e-01 -5.729449694229543644e-02 -5.274636021340227687e-01 1.141782678282331071e-01
1.661970687071948051e+09 -7.164262235164642334e-02 -2.452838122844696045e-01 1.292220473289489746e+00 6.239399909973144531e-01 -5.848775506019592285e-01 -3.845950365066528320e-01 -3.474245071411132812e-01 4.651712192206619023e-01 2.563925123991874222e-01 -3.184881677132238385e-03 6.102865793544578477e-01 -5.371198581569291974e-02 -4.944823504541913661e-01 1.070389274597703250e-01
1.661970687103863239e+09 -7.732096314430236816e-02 -2.479200959205627441e-01 1.305663228034973145e+00 6.246997117996215820e-01 -5.826885700225830078e-01 -3.871956765651702881e-01 -3.468484580516815186e-01 4.646397869659463775e-01 2.563886817002228313e-01 -3.184834092593746575e-03 6.102774612092204398e-01 -5.371118331781001010e-02 -4.944749625121248604e-01 1.070373282168574497e-01
1.661970687135777712e+09 -8.292519301176071167e-02 -2.508456408977508545e-01 1.319057703018188477e+00 6.254296302795410156e-01 -5.805187821388244629e-01 -3.897974193096160889e-01 -3.462567031383514404e-01 4.640972862824075396e-01 2.563944277915976011e-01 -3.184905469941665904e-03 6.102911385292633106e-01 -5.371238707362735454e-02 -4.944860445080160316e-01 1.070397270991488986e-01
1.661970687167692184e+09 -8.844924718141555786e-02 -2.540581822395324707e-01 1.332399010658264160e+00 6.261298656463623047e-01 -5.783685445785522461e-01 -3.924007117748260498e-01 -3.456486165523529053e-01 4.635129523001960683e-01 2.563944277915941039e-01 -3.184905469941665904e-03 6.102911385292633106e-01 -5.371238707362713249e-02 -4.944860445080125899e-01 1.070397270991480243e-01
1.661970687198609829e+09 -9.388713538646697998e-02 -2.575552463531494141e-01 1.345682621002197266e+00 6.268005371093750000e-01 -5.762379765510559082e-01 -3.950059115886688232e-01 -3.450235426425933838e-01 4.778318496222007106e-01 2.646609425635455537e-01 -3.287591274548662314e-03 6.299677779761305718e-01 -5.544414951872086300e-02 -5.104289658369041138e-01 1.104908375342384397e-01
1.661970687229527235e+09 -9.923291951417922974e-02 -2.613341212272644043e-01 1.358903527259826660e+00 6.274415850639343262e-01 -5.741274952888488770e-01 -3.976134359836578369e-01 -3.443808853626251221e-01 4.771730988215223679e-01 2.646629834878600485e-01 -3.287616626702664739e-03 6.299726359523173391e-01 -5.544457707449033934e-02 -5.104329019934029654e-01 1.104916895807658422e-01
1.661970687261441708e+09 -1.044807508587837219e-01 -2.653920352458953857e-01 1.372057199478149414e+00 6.280530691146850586e-01 -5.720375180244445801e-01 -4.002237021923065186e-01 -3.437200486660003662e-01 4.616020234520765708e-01 2.563944277915958803e-01 -3.184905469941665904e-03 6.102911385292564272e-01 -5.371238707362713249e-02 -4.944860445080090927e-01 1.070397270991480243e-01
1.661970687293357611e+09 -1.096248626708984375e-01 -2.697258889675140381e-01 1.385138750076293945e+00 6.286352872848510742e-01 -5.699679255485534668e-01 -4.028369784355163574e-01 -3.430402278900146484e-01 4.608849528872381862e-01 2.563829358663978208e-01 -3.184762718417222249e-03 6.102637845022054197e-01 -5.370997961594654174e-02 -4.944638810129497464e-01 1.070349294420869651e-01
1.661970687325271606e+09 -1.146595627069473267e-01 -2.743325829505920410e-01 1.398143768310546875e+00 6.291881203651428223e-01 -5.679192543029785156e-01 -4.054537415504455566e-01 -3.423408567905426025e-01 4.601974683585299264e-01 2.563982586622690629e-01 -3.184953056640923204e-03 6.103002570832206652e-01 -5.371318960748174692e-02 -4.944934327812405828e-01 1.070413264137473064e-01
1.661970687357185841e+09 -1.195792630314826965e-01 -2.792086899280548096e-01 1.411067366600036621e+00 6.297118067741394043e-01 -5.658916234970092773e-01 -4.080743193626403809e-01 -3.416212797164916992e-01 4.594455597068328734e-01 2.563963432126216690e-01 -3.184929263106586403e-03 6.102956977721814003e-01 -5.371278833755662591e-02 -4.944897386170274411e-01 1.070405267504733055e-01
1.661970687389100790e+09 -1.243784576654434204e-01 -2.843507230281829834e-01 1.423905014991760254e+00 6.302064061164855957e-01 -5.638852715492248535e-01 -4.106990396976470947e-01 -3.408807218074798584e-01 4.586639652155145019e-01 2.563905970353975161e-01 -3.184857884678296471e-03 6.102820202477843292e-01 -5.371158456375407092e-02 -4.944786564555625485e-01 1.070381278323408042e-01
1.661970687421015263e+09 -1.290517449378967285e-01 -2.897549569606781006e-01 1.436652183532714844e+00 6.306721568107604980e-01 -5.619003176689147949e-01 -4.133280813694000244e-01 -3.401184976100921631e-01 4.578756396603859136e-01 2.563944277915967129e-01 -3.184905469941665904e-03 6.102911385292633106e-01 -5.371238707362735454e-02 -4.944860445080125899e-01 1.070397270991488986e-01
1.661970687450935364e+09 -1.335938274860382080e-01 -2.954175770282745361e-01 1.449304342269897461e+00 6.311091184616088867e-01 -5.599370598793029785e-01 -4.159618616104125977e-01 -3.393338918685913086e-01 4.875229888710355675e-01 2.734848017415582588e-01 -3.397200354605968680e-03 6.509710544917504116e-01 -5.729267073556229550e-02 -5.274467897413267492e-01 1.141746285062621019e-01
1.661970687481853247e+09 -1.379994899034500122e-01 -3.013345003128051758e-01 1.461856842041015625e+00 6.315175294876098633e-01 -5.579955577850341797e-01 -4.186006188392639160e-01 -3.385262191295623779e-01 4.709154213084587592e-01 2.646589016707049380e-01 -3.287565922785658755e-03 6.299629200748668723e-01 -5.544372196954544529e-02 -5.104250297411185855e-01 1.104899855008518866e-01
1.661970687512770653e+09 -1.422636955976486206e-01 -3.075015842914581299e-01 1.474305272102355957e+00 6.318976283073425293e-01 -5.560761094093322754e-01 -4.212447404861450195e-01 -3.376947045326232910e-01 4.700273424997792882e-01 2.646629834878600485e-01 -3.287616626702664739e-03 6.299726359523102337e-01 -5.544457707449033934e-02 -5.104329019934029654e-01 1.104916895807653981e-01
1.661970687543687582e+09 -1.463814377784729004e-01 -3.139145076274871826e-01 1.486645221710205078e+00 6.322494745254516602e-01 -5.541787147521972656e-01 -4.238943159580230713e-01 -3.368386030197143555e-01 4.691166359672276354e-01 2.646670654309252191e-01 -3.287667332183701312e-03 6.299823521294671824e-01 -5.544543220581187037e-02 -5.104407744885139930e-01 1.104933937132439870e-01
1.661970687574604750e+09 -1.503478884696960449e-01 -3.205687701702117920e-01 1.498872160911560059e+00 6.325733661651611328e-01 -5.523034930229187012e-01 -4.265496432781219482e-01 -3.359571695327758789e-01 4.681690071724929347e-01 2.646650244436545285e-01 -3.287641979247674703e-03 6.299774940034290616e-01 -5.544500463685403391e-02 -5.104368382106022617e-01 1.104925416404344135e-01
1.661970687605522633e+09 -1.541583091020584106e-01 -3.274597525596618652e-01 1.510981917381286621e+00 6.328695416450500488e-01 -5.504506826400756836e-01 -4.292109310626983643e-01 -3.350496590137481689e-01 4.671976378975645217e-01 2.646589016707040498e-01 -3.287565922800022265e-03 6.299629200748668723e-01 -5.544372196954544529e-02 -5.104250297411150328e-01 1.104899855008514425e-01
1.661970687636439800e+09 -1.578081250190734863e-01 -3.345826566219329834e-01 1.522969961166381836e+00 6.331381797790527344e-01 -5.486202239990234375e-01 -4.318783879280090332e-01 -3.341152369976043701e-01 4.662210048922298400e-01 2.646650244436536403e-01 -3.287641979247674703e-03 6.299774940034218451e-01 -5.544500463685381186e-02 -5.104368382106022617e-01 1.104925416404339555e-01
1.661970687667357206e+09 -1.612928658723831177e-01 -3.419325947761535645e-01 1.534832119941711426e+00 6.333795785903930664e-01 -5.468122363090515137e-01 -4.345521330833435059e-01 -3.331531882286071777e-01 4.652129725320716669e-01 2.646629834878618803e-01 -3.287616626702664739e-03 6.299726359523173391e-01 -5.544457707449033934e-02 -5.104329019934066292e-01 1.104916895807658422e-01
1.661970687698274612e+09 -1.646081954240798950e-01 -3.495045006275177002e-01 1.546564102172851562e+00 6.335939764976501465e-01 -5.450268983840942383e-01 -4.372324943542480469e-01 -3.321627676486968994e-01 4.641872583476336911e-01 2.646629834878600485e-01 -3.287616626702664739e-03 6.299726359523173391e-01 -5.544457707449033934e-02 -5.104329019933994127e-01 1.104916895807653981e-01
1.661970687729697227e+09 -1.677499264478683472e-01 -3.572931587696075439e-01 1.558161854743957520e+00 6.337816715240478516e-01 -5.432640910148620605e-01 -4.399194419384002686e-01 -3.311431407928466797e-01 4.556995464241806459e-01 2.604077643460744884e-01 -3.234758727889476462e-03 6.198440128106144087e-01 -5.455314593226391617e-02 -5.022262241023859319e-01 1.087152176831232692e-01
1.661970687761611462e+09 -1.707140058279037476e-01 -3.652932643890380859e-01 1.569621086120605469e+00 6.339430212974548340e-01 -5.415238738059997559e-01 -4.426132440567016602e-01 -3.300934731960296631e-01 4.476500191758370772e-01 2.563963432126225572e-01 -3.184929263106586403e-03 6.102956977721814003e-01 -5.371278833755684101e-02 -4.944897386170274411e-01 1.070405267504741798e-01
1.661970687793526888e+09 -1.734965294599533081e-01 -3.734993636608123779e-01 1.580937862396240234e+00 6.340781450271606445e-01 -5.398063659667968750e-01 -4.453138709068298340e-01 -3.290131390094757080e-01 4.465908547145816532e-01 2.563867663936654218e-01 -3.184810300836836503e-03 6.102729022387713975e-01 -5.371078207786082748e-02 -4.944712686238770805e-01 1.070365286133204419e-01
1.661970687823951006e+09 -1.760937422513961792e-01 -3.819059133529663086e-01 1.592108011245727539e+00 6.341874003410339355e-01 -5.381114482879638672e-01 -4.480215311050415039e-01 -3.279011249542236328e-01 4.673685606726972752e-01 2.689541542047146905e-01 -3.340921112334525097e-03 6.401868339946450437e-01 -5.634353975682288712e-02 -5.187089166180651745e-01 1.122831705674010583e-01
1.661970687854868412e+09 -1.785020381212234497e-01 -3.905072212219238281e-01 1.603127479553222656e+00 6.342712640762329102e-01 -5.364390611648559570e-01 -4.507361650466918945e-01 -3.267567455768585205e-01 4.587994437977175322e-01 2.646629834878600485e-01 -3.287616626702664739e-03 6.299726359523102337e-01 -5.544457707449056139e-02 -5.104329019933994127e-01 1.104916895807658422e-01
1.661970687886783123e+09 -1.807179600000381470e-01 -3.992974758148193359e-01 1.613992571830749512e+00 6.343297958374023438e-01 -5.347894430160522461e-01 -4.534581005573272705e-01 -3.255792260169982910e-01 4.433765285189944505e-01 2.563925123991874222e-01 -3.184881677132238385e-03 6.102865793544648421e-01 -5.371198581569291974e-02 -4.944823504541913661e-01 1.070389274597711993e-01
1.661970687918698311e+09 -1.827381998300552368e-01 -4.082707762718200684e-01 1.624699354171752930e+00 6.343635916709899902e-01 -5.331621170043945312e-01 -4.561868906021118164e-01 -3.243676424026489258e-01 4.422697555311482787e-01 2.563886817002228313e-01 -3.184834092579831924e-03 6.102774612092204398e-01 -5.371118331780979499e-02 -4.944749625121317993e-01 1.070373282168565893e-01
1.661970687950612307e+09 -1.845596581697463989e-01 -4.174210727214813232e-01 1.635243892669677734e+00 6.343729496002197266e-01 -5.315573811531066895e-01 -4.589230418205261230e-01 -3.231213390827178955e-01 4.411707542612199884e-01 2.563982586622698956e-01 -3.184953056627008120e-03 6.103002570832136708e-01 -5.371318960748152488e-02 -4.944934327812370856e-01 1.070413264137473064e-01
1.661970687981529951e+09 -1.861793398857116699e-01 -4.267423152923583984e-01 1.645622611045837402e+00 6.343581080436706543e-01 -5.299750566482543945e-01 -4.616662263870239258e-01 -3.218395113945007324e-01 4.542307012338021033e-01 2.646609425635437773e-01 -3.287591274548662314e-03 6.299677779761305718e-01 -5.544414951872108505e-02 -5.104289658369041138e-01 1.104908375342384397e-01
1.661970688012446880e+09 -1.875944286584854126e-01 -4.362282156944274902e-01 1.655831694602966309e+00 6.343194842338562012e-01 -5.284148454666137695e-01 -4.644165337085723877e-01 -3.205212056636810303e-01 4.530690593614191131e-01 2.646670654309252191e-01 -3.287667332183701312e-03 6.299823521294671824e-01 -5.544543220581187037e-02 -5.104407744885139930e-01 1.104933937132435429e-01
1.661970688044362307e+09 -1.888023018836975098e-01 -4.458725154399871826e-01 1.665867447853088379e+00 6.342575550079345703e-01 -5.268768072128295898e-01 -4.671739041805267334e-01 -3.191657364368438721e-01 4.377495477842396898e-01 2.563867663936654218e-01 -3.184810300836836503e-03 6.102729022387713975e-01 -5.371078207786060543e-02 -4.944712686238770805e-01 1.070365286133208721e-01
1.661970688076276541e+09 -1.898005008697509766e-01 -4.556688368320465088e-01 1.675726532936096191e+00 6.341725587844848633e-01 -5.253608822822570801e-01 -4.699383080005645752e-01 -3.177722990512847900e-01 4.366183884474245658e-01 2.563963432126225572e-01 -3.184929263106586403e-03 6.102956977721745169e-01 -5.371278833755705612e-02 -4.944897386170274411e-01 1.070405267504733055e-01
1.661970688108191013e+09 -1.905866861343383789e-01 -4.656106531620025635e-01 1.685405254364013672e+00 6.340650320053100586e-01 -5.238666534423828125e-01 -4.727095067501068115e-01 -3.163400292396545410e-01 4.354550421787014569e-01 2.563944277915976011e-01 -3.184905469955580555e-03 6.102911385292633106e-01 -5.371238707362713249e-02 -4.944860445080195288e-01 1.070397270991488986e-01
1.661970688140106201e+09 -1.911587715148925781e-01 -4.756914675235748291e-01 1.694900274276733398e+00 6.339352726936340332e-01 -5.223941802978515625e-01 -4.754875898361206055e-01 -3.148682117462158203e-01 4.342826688443577332e-01 2.563886817002228313e-01 -3.184834092579831924e-03 6.102774612092204398e-01 -5.371118331780979499e-02 -4.944749625121248604e-01 1.070373282168574497e-01
1.661970688172020435e+09 -1.915148049592971802e-01 -4.859046041965484619e-01 1.704208254814147949e+00 6.337837576866149902e-01 -5.209431648254394531e-01 -4.782722294330596924e-01 -3.133559823036193848e-01 4.331274552258169153e-01 2.563963432126225572e-01 -3.184929263106586403e-03 6.102956977721745169e-01 -5.371278833755705612e-02 -4.944897386170274411e-01 1.070405267504733055e-01
1.661970688203935862e+09 -1.916529983282089233e-01 -4.962434172630310059e-01 1.713325977325439453e+00 6.336109042167663574e-01 -5.195134878158569336e-01 -4.810634255409240723e-01 -3.118026554584503174e-01 4.319418746956633082e-01 2.563867663936654218e-01 -3.184810300836836503e-03 6.102729022387713975e-01 -5.371078207786060543e-02 -4.944712686238770805e-01 1.070365286133208721e-01
1.661970688235850334e+09 -1.916529983282089233e-01 -4.962434172630310059e-01 1.713325977325439453e+00 6.336109042167663574e-01 -5.195134878158569336e-01 -4.810634255409240723e-01 -3.118026554584503174e-01 0.000000000000000000e+00 0.000000000000000000e+00 0.000000000000000000e+00 0.000000000000000000e+00 0.000000000000000000e+00 0.000000000000000000e+00 0.000000000000000000e+00
1.661970688266767502e+09 -1.941003501415252686e-01 -4.787173569202423096e-01 1.712181806564331055e+00 6.297215223312377930e-01 -5.229536890983581543e-01 -4.799411594867706299e-01 -3.156369924545288086e-01 5.735667991877879679e-01 -1.762755242585263560e-01 -4.971639718268884844e-01 -1.026214645606437180e-02 -2.562846243143221958e-01 5.841672614833889332e-01 1.866023787577080206e-01
1.661970688296687603e+09 -1.963708996772766113e-01 -4.611928164958953857e-01 1.710781335830688477e+00 6.258857846260070801e-01 -5.262558460235595703e-01 -4.787982702255249023e-01 -3.194904327392578125e-01 5.924588076584402785e-01 -1.821497831270711409e-01 -5.137316143450969541e-01 -1.060412532739894720e-02 -2.648251306244445713e-01 6.036342279321641469e-01 1.928207728479829908e-01
1.661970688327605009e+09 -1.984650641679763794e-01 -4.436749219894409180e-01 1.709125041961669922e+00 6.221062541007995605e-01 -5.294204950332641602e-01 -4.776360392570495605e-01 -3.233598470687866211e-01 5.731463766643264401e-01 -1.762741649155123713e-01 -4.971601379629663753e-01 -1.026206731984601918e-02 -2.562826479837137517e-01 5.841627566964068263e-01 1.866009397794870517e-01
1.661970688359519958e+09 -2.003833800554275513e-01 -4.261688292026519775e-01 1.707213640213012695e+00 6.183853149414062500e-01 -5.324483513832092285e-01 -4.764563441276550293e-01 -3.272424936294555664e-01 5.550473196734249104e-01 -1.707644861740810760e-01 -4.816207499617035093e-01 -9.941313032448610004e-03 -2.482721998385211404e-01 5.659039884665362230e-01 1.807684842320375351e-01
1.661970688391434908e+09 -2.021264731884002686e-01 -4.086795747280120850e-01 1.705047607421875000e+00 6.147255897521972656e-01 -5.353401303291320801e-01 -4.752607345581054688e-01 -3.311352431774139404e-01 5.548769716676730246e-01 -1.707644861740810760e-01 -4.816207499617173871e-01 -9.941313032448610004e-03 -2.482721998385194195e-01 5.659039884665432174e-01 1.807684842320357865e-01
1.661970688423349619e+09 -2.036949992179870605e-01 -3.912121951580047607e-01 1.702627897262573242e+00 6.111292243003845215e-01 -5.380967855453491211e-01 -4.740508794784545898e-01 -3.350352346897125244e-01 5.547223167078805250e-01 -1.707657618687317413e-01 -4.816243479054365118e-01 -9.941387298943699102e-03 -2.482740545538907329e-01 5.659082160475049639e-01 1.807698346614712570e-01
1.661970688455265045e+09 -2.050897479057312012e-01 -3.737717568874359131e-01 1.699954867362976074e+00 6.075987815856933594e-01 -5.407192111015319824e-01 -4.728283584117889404e-01 -3.389392197132110596e-01 5.545635706349733018e-01 -1.707619348419570637e-01 -4.816135542354834653e-01 -9.941164502787203094e-03 -2.482684904909052415e-01 5.658955334940872772e-01 1.807657834336937330e-01
1.661970688487178564e+09 -2.063115388154983521e-01 -3.563632071018218994e-01 1.697029471397399902e+00 6.041364073753356934e-01 -5.432083606719970703e-01 -4.715948402881622314e-01 -3.428444266319274902e-01 5.544630509377168615e-01 -1.707721406279082976e-01 -4.816423384305673627e-01 -9.941758648057017964e-03 -2.482833285464423889e-01 5.659293548998538537e-01 1.807765871113119482e-01
1.661970688517098188e+09 -2.073612958192825317e-01 -3.389914631843566895e-01 1.693852424621582031e+00 6.007443666458129883e-01 -5.455653071403503418e-01 -4.703518450260162354e-01 -3.467476665973663330e-01 5.912856939695734226e-01 -1.821526860975113682e-01 -5.137398018250055598e-01 -1.060429432821696598e-02 -2.648293512142929074e-01 6.036438482143803297e-01 1.928238458848744175e-01
1.661970688549012899e+09 -2.082399874925613403e-01 -3.216614723205566406e-01 1.690424203872680664e+00 5.974248051643371582e-01 -5.477912425994873047e-01 -4.691010415554046631e-01 -3.506458103656768799e-01 5.542165742733735634e-01 -1.707657618687334899e-01 -4.816243479054573839e-01 -9.941387298943699102e-03 -2.482740545538942301e-01 5.659082160475119583e-01 1.807698346614721452e-01
1.661970688580928326e+09 -2.089486420154571533e-01 -3.043780624866485596e-01 1.686745882034301758e+00 5.941797494888305664e-01 -5.498875975608825684e-01 -4.678442180156707764e-01 -3.545361161231994629e-01 5.541112496640083762e-01 -1.707619348419553151e-01 -4.816135542354695320e-01 -9.941164502787203094e-03 -2.482684904909034929e-01 5.658955334940872772e-01 1.807657834336937330e-01
1.661970688611845493e+09 -2.094883918762207031e-01 -2.871461212635040283e-01 1.682818055152893066e+00 5.910112857818603516e-01 -5.518556833267211914e-01 -4.665828049182891846e-01 -3.584152460098266602e-01 5.719205911356803895e-01 -1.762755242585263560e-01 -4.971639718268957009e-01 -1.026214645606437180e-02 -2.562846243143221958e-01 5.841672614833889332e-01 1.866023787577080206e-01
1.661970688642762661e+09 -2.098603844642639160e-01 -2.699704468250274658e-01 1.678641676902770996e+00 5.879212617874145508e-01 -5.536968708038330078e-01 -4.653185904026031494e-01 -3.622802793979644775e-01 5.718523152054953984e-01 -1.762755242585263560e-01 -4.971639718268884844e-01 -1.026214645605719004e-02 -2.562846243143221958e-01 5.841672614833817168e-01 1.866023787577089088e-01
1.661970688674677134e+09 -2.100658863782882690e-01 -2.528557777404785156e-01 1.674217343330383301e+00 5.849115848541259766e-01 -5.554127693176269531e-01 -4.640530943870544434e-01 -3.661281168460845947e-01 5.539331928722415199e-01 -1.707670375824461850e-01 -4.816279459029545462e-01 -9.941461566548409276e-03 -2.482759092969770154e-01 5.659124436916452838e-01 1.807711851110845036e-01
1.661970688705594778e+09 -2.101061493158340454e-01 -2.358069270849227905e-01 1.669546008110046387e+00 5.819841027259826660e-01 -5.570049881935119629e-01 -4.627880454063415527e-01 -3.699557781219482422e-01 5.717538443709521134e-01 -1.762728055934596749e-01 -4.971563041581732456e-01 -1.026198818486253293e-02 -2.562806716835858700e-01 5.841582519788939276e-01 1.865995008234583308e-01
1.661970688736512184e+09 -2.099825441837310791e-01 -2.188285738229751587e-01 1.664628505706787109e+00 5.791404843330383301e-01 -5.584750175476074219e-01 -4.615249633789062500e-01 -3.737600743770599365e-01 5.717356424606532261e-01 -1.762741649155105672e-01 -4.971601379629663753e-01 -1.026206731985320093e-02 -2.562826479837137517e-01 5.841627566963996099e-01 1.866009397794870517e-01
1.661970688767429352e+09 -2.096964716911315918e-01 -2.019254267215728760e-01 1.659465551376342773e+00 5.763823986053466797e-01 -5.598248243331909180e-01 -4.602655172348022461e-01 -3.775380849838256836e-01 5.717333993642369494e-01 -1.762755242585263560e-01 -4.971639718268884844e-01 -1.026214645606437180e-02 -2.562846243143221958e-01 5.841672614833889332e-01 1.866023787577097970e-01
1.661970688798346758e+09 -2.092493772506713867e-01 -1.851021349430084229e-01 1.654058337211608887e+00 5.737113952636718750e-01 -5.610563158988952637e-01 -4.590114057064056396e-01 -3.812867105007171631e-01 5.717351091955428233e-01 -1.762741649155105672e-01 -4.971601379629663753e-01 -1.026206731984601918e-02 -2.562826479837137517e-01 5.841627566963996099e-01 1.866009397794888558e-01
1.661970688830261469e+09 -2.086427956819534302e-01 -1.683633476495742798e-01 1.648407459259033203e+00 5.711289644241333008e-01 -5.621712207794189453e-01 -4.577642083168029785e-01 -3.850030601024627686e-01 5.538922816939537697e-01 -1.707657618687334899e-01 -4.816243479054503895e-01 -9.941387298943699102e-03 -2.482740545538933419e-01 5.659082160475119583e-01 1.807698346614712570e-01
1.661970688862175941e+09 -2.078782469034194946e-01 -1.517136693000793457e-01 1.642513871192932129e+00 5.686365365982055664e-01 -5.631713867187500000e-01 -4.565252661705017090e-01 -3.886837363243103027e-01 5.539348304103480780e-01 -1.707670375824461850e-01 -4.816279459029545462e-01 -9.941461566548409276e-03 -2.482759092969752945e-01 5.659124436916382894e-01 1.807711851110836432e-01
1.661970688894091368e+09 -2.069573849439620972e-01 -1.351576894521713257e-01 1.636378765106201172e+00 5.662353038787841797e-01 -5.640591979026794434e-01 -4.552965462207794189e-01 -3.923261463642120361e-01 5.539690344469351269e-01 -1.707619348419553151e-01 -4.816135542354765264e-01 -9.941164502787203094e-03 -2.482684904909061019e-01 5.658955334940872772e-01 1.807657834336937330e-01
1.661970688926005602e+09 -2.058818340301513672e-01 -1.186999753117561340e-01 1.630002856254577637e+00 -5.639266967773437500e-01 5.648365020751953125e-01 4.540795087814331055e-01 3.959270119667053223e-01 5.540583058599823918e-01 -1.707683133152196053e-01 -4.816315439542170895e-01 -9.941535835262766546e-03 -2.482777640677736597e-01 5.659166713989447484e-01 1.807725355808733336e-01
1.661970688957920313e+09 -2.046532928943634033e-01 -1.023450642824172974e-01 1.623387098312377930e+00 -5.617116689682006836e-01 5.655056238174438477e-01 4.528757035732269287e-01 3.994835317134857178e-01 5.541344608338186761e-01 -1.707657618687334899e-01 -4.816243479054503895e-01 -9.941387298936741126e-03 -2.482740545538924815e-01 5.659082160475084056e-01 1.807698346614730056e-01
1.661970688989835024e+09 -2.032735347747802734e-01 -8.609747141599655151e-02 1.616532683372497559e+00 -5.595914721488952637e-01 5.660685896873474121e-01 4.516866505146026611e-01 4.029926061630249023e-01 5.542321903474627387e-01 -1.707657618687334899e-01 -4.816243479054503895e-01 -9.941387298943699102e-03 -2.482740545538924815e-01 5.659082160475049639e-01 1.807698346614712570e-01
1.661970689021749973e+09 -2.017443180084228516e-01 -6.996170431375503540e-02 1.609440565109252930e+00 -5.575668811798095703e-01 5.665278434753417969e-01 4.505139291286468506e-01 4.064511656761169434e-01 5.543419541001124440e-01 -1.707644861740810760e-01 -4.816207499617035093e-01 -9.941313032448610004e-03 -2.482721998385176709e-01 5.659039884665397757e-01 1.807684842320357865e-01
1.661970689053664446e+09 -2.000675052404403687e-01 -5.394223704934120178e-02 1.602111697196960449e+00 -5.556388497352600098e-01 5.668857097625732422e-01 4.493591785430908203e-01 4.098565578460693359e-01 5.544810267187544328e-01 -1.707670375824479336e-01 -4.816279459029614851e-01 -9.941461566548409276e-03 -2.482759092969787640e-01 5.659124436916418421e-01 1.807711851110853640e-01
1.661970689085579157e+09 -1.982449442148208618e-01 -3.804352506995201111e-02 1.594547271728515625e+00 -5.538082122802734375e-01 5.671445131301879883e-01 4.482237994670867920e-01 4.132056236267089844e-01 5.546220298675392790e-01 -1.707657618687334899e-01 -4.816243479054503895e-01 -9.941387298936741126e-03 -2.482740545538924815e-01 5.659082160475084056e-01 1.807698346614712570e-01
1.661970689117494106e+09 -1.962785720825195312e-01 -2.227000892162322998e-02 1.586748480796813965e+00 -5.520756840705871582e-01 5.673068165779113770e-01 4.471094310283660889e-01 4.164955615997314453e-01 5.547774163820970994e-01 -1.707644861740810760e-01 -4.816207499617035093e-01 -9.941313032448610004e-03 -2.482721998385194195e-01 5.659039884665362230e-01 1.807684842320357865e-01
1.661970689148411989e+09 -1.941703259944915771e-01 -6.626111920922994614e-03 1.578716278076171875e+00 -5.504418015480041504e-01 5.673750042915344238e-01 4.460175037384033203e-01 4.197234809398651123e-01 5.728518451791717592e-01 -1.762714462923732073e-01 -4.971524704125077632e-01 -1.026190905109234004e-02 -2.562786954139360529e-01 5.841537473308704431e-01 1.865980618896239396e-01
1.661970689179328918e+09 -1.919222027063369751e-01 8.883760310709476471e-03 1.570451974868774414e+00 -5.489070415496826172e-01 5.673516988754272461e-01 4.449495375156402588e-01 4.228865504264831543e-01 5.730670841895494361e-01 -1.762768836225075408e-01 -4.971678057499409609e-01 -1.026222559349607502e-02 -2.562866006754137560e-01 5.841717663398420246e-01 1.866038177581243740e-01
1.661970689211243629e+09 -1.895362287759780884e-01 2.425521984696388245e-02 1.561956763267517090e+00 -5.474718809127807617e-01 5.672394633293151855e-01 4.439069032669067383e-01 4.259818494319915771e-01 5.553579038166747139e-01 -1.707657618687334899e-01 -4.816243479054503895e-01 -9.941387298943699102e-03 -2.482740545538907329e-01 5.659082160475119583e-01 1.807698346614712570e-01
1.661970689242665529e+09 -1.870144903659820557e-01 3.948388993740081787e-02 1.553231835365295410e+00 -5.461366176605224609e-01 5.670409202575683594e-01 4.428911805152893066e-01 4.290066063404083252e-01 5.642947559233673083e-01 -1.734439984198604401e-01 -4.891779928419839885e-01 -1.009730489355028030e-02 -2.521679068128374057e-01 5.747837426882991263e-01 1.836049719467994779e-01
1.661970689274580240e+09 -1.843590736389160156e-01 5.456541851162910461e-02 1.544278502464294434e+00 -5.449015498161315918e-01 5.667586922645568848e-01 4.419038295745849609e-01 4.319581985473632812e-01 5.558196969027472401e-01 -1.707657618687343504e-01 -4.816243479054573839e-01 -9.941387298943699102e-03 -2.482740545538907329e-01 5.659082160475084056e-01 1.807698346614730056e-01
1.661970689306495190e+09 -1.815721243619918823e-01 6.949546188116073608e-02 1.535098195075988770e+00 -5.437666773796081543e-01 5.663955807685852051e-01 4.409461915493011475e-01 4.348337054252624512e-01 5.560675595158173223e-01 -1.707644861740819364e-01 -4.816207499617035093e-01 -9.941313032448610004e-03 -2.482721998385211404e-01 5.659039884665397757e-01 1.807684842320357865e-01
1.661970689337917089e+09 -1.786558330059051514e-01 8.426968753337860107e-02 1.525692105293273926e+00 -5.427321195602416992e-01 5.659542679786682129e-01 4.400196671485900879e-01 4.376303851604461670e-01 5.650670015625746112e-01 -1.734439984198604401e-01 -4.891779928419839885e-01 -1.009730489355734756e-02 -2.521679068128338530e-01 5.747837426882991263e-01 1.836049719467994779e-01
1.661970689369832277e+09 -1.756123900413513184e-01 9.888379275798797607e-02 1.516061902046203613e+00 -5.417976379394531250e-01 5.654375553131103516e-01 4.391256570816040039e-01 4.403456747531890869e-01 5.566140791950233702e-01 -1.707632104984884713e-01 -4.816171520717125731e-01 -9.941238767063121165e-03 -2.482703451508589398e-01 5.658997609487378400e-01 1.807671338227767599e-01
1.661970689400748968e+09 -1.724440753459930420e-01 1.133334636688232422e-01 1.506208777427673340e+00 -5.409632921218872070e-01 5.648482441902160645e-01 4.382655322551727295e-01 4.429769217967987061e-01 5.748999987989760196e-01 -1.762782430074545936e-01 -4.971716397321251368e-01 -1.026230473214115486e-02 -2.562885770669819374e-01 5.841762712657819767e-01 1.866052567807312546e-01
1.661970689431666851e+09 -1.691531389951705933e-01 1.276144236326217651e-01 1.496134400367736816e+00 -5.402286648750305176e-01 5.641891360282897949e-01 4.374405741691589355e-01 4.455213844776153564e-01 5.751997244055035985e-01 -1.762714462923732073e-01 -4.971524704125077632e-01 -1.026190905109234004e-02 -2.562786954139396611e-01 5.841537473308667794e-01 1.865980618896257437e-01
1.661970689463582516e+09 -1.657419055700302124e-01 1.417224109172821045e-01 1.485840201377868652e+00 -5.395934581756591797e-01 5.634631514549255371e-01 4.366522431373596191e-01 4.479766488075256348e-01 5.575458757785839436e-01 -1.707606592044811633e-01 -4.816099564529940369e-01 -9.941090239620834976e-03 -2.482666358586611277e-01 5.658913061026077385e-01 1.807644330647862341e-01
1.661970689495496511e+09 -1.622127443552017212e-01 1.556531637907028198e-01 1.475327968597412109e+00 -5.390571951866149902e-01 5.626730322837829590e-01 4.359016418457031250e-01 4.503400921821594238e-01 5.579143784232672987e-01 -1.707695890670541394e-01 -4.816351420592392962e-01 -9.941610105086796934e-03 -2.482796188662830250e-01 5.659208991694082425e-01 1.807738860708426043e-01
1.661970689526413918e+09 -1.585680395364761353e-01 1.694024354219436646e-01 1.464599370956420898e+00 -5.386191606521606445e-01 5.618218183517456055e-01 4.351901113986968994e-01 4.526092112064361572e-01 5.762624927392390184e-01 -1.762741649155105672e-01 -4.971601379629663753e-01 -1.026206731985320093e-02 -2.562826479837137517e-01 5.841627566964031626e-01 1.866009397794870517e-01
1.661970689557330608e+09 -1.548101902008056641e-01 1.829660087823867798e-01 1.453655958175659180e+00 -5.382789969444274902e-01 5.609123110771179199e-01 4.345190525054931641e-01 4.547816514968872070e-01 5.766579277834664730e-01 -1.762782430074554818e-01 -4.971716397321251368e-01 -1.026230473214115486e-02 -2.562885770669837138e-01 5.841762712657819767e-01 1.866052567807312546e-01
1.661970689589245796e+09 -1.509416699409484863e-01 1.963396817445755005e-01 1.442499637603759766e+00 -5.380356311798095703e-01 5.599474906921386719e-01 4.338894784450531006e-01 4.568548202514648438e-01 5.589977296980430665e-01 -1.707632104984884713e-01 -4.816171520717125731e-01 -9.941238767063121165e-03 -2.482703451508571912e-01 5.658997609487343983e-01 1.807671338227767599e-01
1.661970689621160507e+09 -1.469649821519851685e-01 2.095192521810531616e-01 1.431132316589355469e+00 -5.378882884979248047e-01 5.589302778244018555e-01 4.333026707172393799e-01 4.588264524936676025e-01 5.593985178269150760e-01 -1.707657618687334899e-01 -4.816243479054503895e-01 -9.941387298943699102e-03 -2.482740545538924815e-01 5.659082160475084056e-01 1.807698346614730056e-01
1.661970689653075218e+09 -1.428826153278350830e-01 2.225005477666854858e-01 1.419555783271789551e+00 -5.378362536430358887e-01 5.578636527061462402e-01 4.327598512172698975e-01 4.606943130493164062e-01 5.598062216342246655e-01 -1.707657618687334899e-01 -4.816243479054573839e-01 -9.941387298943699102e-03 -2.482740545538924815e-01 5.659082160475084056e-01 1.807698346614712570e-01
1.661970689682994843e+09 -1.386971622705459595e-01 2.352794259786605835e-01 1.407772064208984375e+00 -5.378780961036682129e-01 5.567504763603210449e-01 4.322620928287506104e-01 4.624559581279754639e-01 5.975818141715346643e-01 -1.821526860975095363e-01 -5.137398018250055598e-01 -1.060429432821696598e-02 -2.648293512142929074e-01 6.036438482143839934e-01 1.928238458848735015e-01
1.661970689714909792e+09 -1.344111859798431396e-01 2.478517591953277588e-01 1.395783305168151855e+00 -5.380128622055053711e-01 5.555937886238098145e-01 4.318104982376098633e-01 4.641092419624328613e-01 5.606498988221629842e-01 -1.707644861740819364e-01 -4.816207499617035093e-01 -9.941313032441653763e-03 -2.482721998385194195e-01 5.659039884665397757e-01 1.807684842320357865e-01
1.661970689746824741e+09 -1.300273388624191284e-01 2.602134048938751221e-01 1.383591532707214355e+00 -5.382392406463623047e-01 5.543965101242065430e-01 4.314062297344207764e-01 4.656518995761871338e-01 5.610912015111825246e-01 -1.707644861740810760e-01 -4.816207499617035093e-01 -9.941313032448610004e-03 -2.482721998385194195e-01 5.659039884665379994e-01 1.807684842320375351e-01
1.661970689778739214e+09 -1.255482733249664307e-01 2.723602950572967529e-01 1.371198892593383789e+00 -5.385558605194091797e-01 5.531615614891052246e-01 4.310503005981445312e-01 4.670819938182830811e-01 5.615532799551683496e-01 -1.707670375824461850e-01 -4.816279459029545462e-01 -9.941461566548409276e-03 -2.482759092969770154e-01 5.659124436916418421e-01 1.807711851110836432e-01
1.661970689810654640e+09 -1.255482733249664307e-01 2.723602950572967529e-01 1.371198892593383789e+00 -5.385558605194091797e-01 5.531615614891052246e-01 4.310503005981445312e-01 4.670819938182830811e-01 0.000000000000000000e+00 0.000000000000000000e+00 0.000000000000000000e+00 0.000000000000000000e+00 0.000000000000000000e+00 0.000000000000000000e+00 0.000000000000000000e+00
1.661970689841571331e+09 -1.295682638883590698e-01 2.819103300571441650e-01 1.372267365455627441e+00 -5.370165109634399414e-01 5.515253543853759766e-01 4.331246018409729004e-01 4.688670039176940918e-01 3.369241385487581897e-01 8.076864589232146674e-02 -4.870016834215295520e-01 5.906281663414695293e-01 -3.022911200227363371e-01 8.189696798117787613e-02 2.869544451002211116e-01
1.661970689872488737e+09 -1.336407512426376343e-01 2.913938164710998535e-01 1.373188614845275879e+00 -5.354777574539184570e-01 5.498725771903991699e-01 4.352140426635742188e-01 4.706298410892486572e-01 3.351499593920372333e-01 8.076677735790382950e-02 -4.869904169282331940e-01 5.906145025113452851e-01 -3.022841266980907382e-01 8.189507334370212110e-02 2.869478065803928724e-01
1.661970689904403210e+09 -1.377650052309036255e-01 3.008083105087280273e-01 1.373962998390197754e+00 -5.339400172233581543e-01 5.482032895088195801e-01 4.373185634613037109e-01 4.723703265190124512e-01 3.229684637647491918e-01 7.824347550363276727e-02 -4.717759455546693959e-01 5.721626251665020702e-01 -2.928402176755265929e-01 7.933652145908201558e-02 2.779830322498006989e-01
1.661970689935320854e+09 -1.419402658939361572e-01 3.101513981819152832e-01 1.374590873718261719e+00 -5.324032902717590332e-01 5.465176701545715332e-01 4.394375383853912354e-01 4.740883409976959229e-01 3.316171100683176221e-01 8.076615453230999442e-02 -4.869866615463179782e-01 5.906099480417936753e-01 -3.022817956617800395e-01 8.189444181735729134e-02 2.869455938087077662e-01
1.661970689966238022e+09 -1.461657583713531494e-01 3.194206655025482178e-01 1.375072956085205078e+00 -5.308678746223449707e-01 5.448158383369445801e-01 4.415707588195800781e-01 4.757837951183319092e-01 3.298606829922894890e-01 8.076740019310353624e-02 -4.869941723680749623e-01 5.906190570511407056e-01 -3.022864577703531785e-01 8.189570487978700686e-02 2.869500193862092319e-01
1.661970689997155905e+09 -1.504406780004501343e-01 3.286137580871582031e-01 1.375409483909606934e+00 -5.293339490890502930e-01 5.430977940559387207e-01 4.437179565429687500e-01 4.774565398693084717e-01 3.280955537511409115e-01 8.076553171632179506e-02 -4.869829062223137162e-01 5.906053936424843220e-01 -3.022794646614202496e-01 8.189381030075230938e-02 2.869433810711513599e-01
1.661970690028072596e+09 -1.547642052173614502e-01 3.377282917499542236e-01 1.375600934028625488e+00 -5.278016328811645508e-01 5.413637757301330566e-01 4.458786547183990479e-01 4.791063666343688965e-01 3.263547834748695697e-01 8.076864589232146674e-02 -4.870016834215223911e-01 5.906281663414695293e-01 -3.022911200227363371e-01 8.189696798117607202e-02 2.869544451002192798e-01
1.661970690059987307e+09 -1.591354906558990479e-01 3.467618823051452637e-01 1.375648021697998047e+00 -5.262712240219116211e-01 5.396137833595275879e-01 4.480525553226470947e-01 4.807332754135131836e-01 3.144550400142840929e-01 7.824289098640951901e-02 -4.717724211564507386e-01 5.721583508304476373e-01 -2.928380300151525173e-01 7.933592877626818862e-02 2.779809555799014342e-01
1.661970690090905190e+09 -1.635536551475524902e-01 3.557122647762298584e-01 1.375551223754882812e+00 -5.247428417205810547e-01 5.378479957580566406e-01 4.502393901348114014e-01 4.823370277881622314e-01 3.228529062492327406e-01 8.076553171632269712e-02 -4.869829062223137162e-01 5.906053936424843220e-01 -3.022794646614202496e-01 8.189381030075230938e-02 2.869433810711531363e-01
1.661970690121822119e+09 -1.680178344249725342e-01 3.645770847797393799e-01 1.375311255455017090e+00 -5.232165455818176270e-01 5.360665917396545410e-01 4.524388015270233154e-01 4.839175939559936523e-01 3.211288794872183550e-01 8.076802303790844850e-02 -4.869979278658447819e-01 5.906236116611743858e-01 -3.022887888785680821e-01 8.189633642561218452e-02 2.869522322261505165e-01
1.661970690153737068e+09 -1.725271046161651611e-01 3.733541071414947510e-01 1.374928712844848633e+00 -5.216926932334899902e-01 5.342695116996765137e-01 4.546502828598022461e-01 4.854748249053955078e-01 3.094166857855216723e-01 7.824230647792033977e-02 -4.717688968108895708e-01 5.721540765582486809e-01 -2.928358423874639627e-01 7.933533610230955602e-02 2.779788789410329031e-01
1.661970690184654236e+09 -1.770805269479751587e-01 3.820410072803497314e-01 1.374404191970825195e+00 -5.201714634895324707e-01 5.324570536613464355e-01 4.568738043308258057e-01 4.870086610317230225e-01 3.176864663724332516e-01 8.076740019310353624e-02 -4.869941723680749623e-01 5.906190570511407056e-01 -3.022864577703531785e-01 8.189570487978700686e-02 2.869500193862056237e-01
1.661970690214574575e+09 -1.816771626472473145e-01 3.906355798244476318e-01 1.373738527297973633e+00 -5.186529755592346191e-01 5.306292772293090820e-01 4.591087698936462402e-01 4.885189831256866455e-01 3.265096883381751747e-01 8.345825241994417332e-02 -5.032189035101273245e-01 6.102961619360430801e-01 -3.123574540645309705e-01 8.462414778271054594e-02 2.965100658506400477e-01
1.661970690245997429e+09 -1.863160282373428345e-01 3.991356194019317627e-01 1.372932314872741699e+00 -5.171374082565307617e-01 5.287863016128540039e-01 4.613549709320068359e-01 4.900056719779968262e-01 3.092329374999866487e-01 7.946761601129688490e-02 -4.791570088545452077e-01 5.811142654397539742e-01 -2.974217827251630641e-01 8.057776296874177846e-02 2.823321525825782663e-01
1.661970690277911901e+09 -1.909961253404617310e-01 4.075388908386230469e-01 1.371986508369445801e+00 -5.156250596046447754e-01 5.269281864166259766e-01 4.636120200157165527e-01 4.914687573909759521e-01 3.028416420613683768e-01 7.824347550363276727e-02 -4.717759455546763903e-01 5.721626251665055118e-01 -2.928402176755265929e-01 7.933652145908201558e-02 2.779830322497972017e-01
1.661970690308828592e+09 -1.957164555788040161e-01 4.158432185649871826e-01 1.370901823043823242e+00 -5.141158103942871094e-01 5.250552892684936523e-01 4.658795297145843506e-01 4.929079413414001465e-01 3.109494466947450575e-01 8.076864589232146674e-02 -4.870016834215223911e-01 5.906281663414695293e-01 -3.022911200227363371e-01 8.189696798117787613e-02 2.869544451002211116e-01
1.661970690338748932e+09 -2.004759758710861206e-01 4.240464866161346436e-01 1.369679093360900879e+00 -5.126100778579711914e-01 5.231675505638122559e-01 4.681570529937744141e-01 4.943232536315917969e-01 3.195991727060218945e-01 8.345825241994417332e-02 -5.032189035101273245e-01 6.102961619360430801e-01 -3.123574540645272513e-01 8.462414778271054594e-02 2.965100658506363285e-01
1.661970690369666338e+09 -2.052736282348632812e-01 4.321465790271759033e-01 1.368319272994995117e+00 -5.111081600189208984e-01 5.212650895118713379e-01 4.704446792602539062e-01 4.957147538661956787e-01 3.076582956867004448e-01 8.076677735790382950e-02 -4.869904169282331940e-01 5.906145025113452851e-01 -3.022841266980907382e-01 8.189507334370212110e-02 2.869478065803964251e-01
1.661970690401580811e+09 -2.101083397865295410e-01 4.401413500308990479e-01 1.366823077201843262e+00 -5.096099376678466797e-01 5.193481445312500000e-01 4.727416336536407471e-01 4.970821738243103027e-01 2.964798401799169092e-01 7.824347550363364157e-02 -4.717759455546763903e-01 5.721626251665055118e-01 -2.928402176755265929e-01 7.933652145908201558e-02 2.779830322498006989e-01
1.661970690432498217e+09 -2.149790525436401367e-01 4.480287730693817139e-01 1.365191698074340820e+00 -5.081156492233276367e-01 5.174168944358825684e-01 4.750476777553558350e-01 4.984254837036132812e-01 3.044427810888714059e-01 8.076677735790292745e-02 -4.869904169282331940e-01 5.906145025113452851e-01 -3.022841266980907382e-01 8.189507334370212110e-02 2.869478065803928724e-01
1.661970690463419914e+09 -2.198846191167831421e-01 4.558067619800567627e-01 1.363425850868225098e+00 -5.066255927085876465e-01 5.154713392257690430e-01 4.773625433444976807e-01 4.997448027133941650e-01 3.028215108320790327e-01 8.075556796669798587e-02 -4.869228289140097310e-01 5.905325328051448386e-01 -3.022421735443024948e-01 8.188370735950520340e-02 2.869079819108374951e-01
1.661970690495330572e+09 -2.248239368200302124e-01 4.634733498096466064e-01 1.361526727676391602e+00 -5.051398277282714844e-01 5.135115385055541992e-01 4.796859323978424072e-01 5.010398626327514648e-01 2.919270296044703117e-01 7.825282896708005143e-02 -4.718323430885696390e-01 5.722310232299315791e-01 -2.928752246873450038e-01 7.934600558857213271e-02 2.780162631884043334e-01
1.661970690526247978e+09 -2.297958433628082275e-01 4.710264801979064941e-01 1.359495282173156738e+00 -5.036586523056030273e-01 5.115380287170410156e-01 4.820173680782318115e-01 5.023107528686523438e-01 2.997674279230335692e-01 8.076677735790382950e-02 -4.869904169282331940e-01 5.906145025113452851e-01 -3.022841266980907382e-01 8.189507334370212110e-02 2.869478065803964251e-01
1.661970690557165146e+09 -2.347992062568664551e-01 4.784642457962036133e-01 1.357332587242126465e+00 -5.021820664405822754e-01 5.095505714416503906e-01 4.843566417694091797e-01 5.035573244094848633e-01 2.982562630794139968e-01 8.076740019310353624e-02 -4.869941723680785706e-01 5.906190570511371529e-01 -3.022864577703531785e-01 8.189570487978700686e-02 2.869500193862056237e-01
1.661970690589079857e+09 -2.398328185081481934e-01 4.857846796512603760e-01 1.355039715766906738e+00 -5.007103681564331055e-01 5.075494050979614258e-01 4.867032468318939209e-01 5.047796964645385742e-01 2.874894840498037896e-01 7.824289098640951901e-02 -4.717724211564541803e-01 5.721583508304476373e-01 -2.928380300151525173e-01 7.933592877626818862e-02 2.779809555799048759e-01
1.661970690619997501e+09 -2.448955178260803223e-01 4.929859042167663574e-01 1.352617740631103516e+00 -4.992436170578002930e-01 5.055347681045532227e-01 4.890570044517517090e-01 5.059776902198791504e-01 2.952964231717443155e-01 8.076615453230999442e-02 -4.869866615463143700e-01 5.906099480417901226e-01 -3.022817956617800395e-01 8.189444181735729134e-02 2.869455938087077662e-01
