1.661970737191959381e+09 1.378528122206244648e-16 -2.367949187755584717e-01 1.128897309303283691e+00 -6.125128269195556641e-01 6.125135421752929688e-01 3.533097505569458008e-01 3.533093035221099854e-01 0.000000000000000000e+00 0.000000000000000000e+00 0.000000000000000000e+00 0.000000000000000000e+00 0.000000000000000000e+00 0.000000000000000000e+00 0.000000000000000000e+00
1.661970758359770775e+09 1.378528122206244648e-16 -2.367949187755584717e-01 1.128897309303283691e+00 -6.125128269195556641e-01 6.125135421752929688e-01 3.533097505569458008e-01 3.533093035221099854e-01 0.000000000000000000e+00 0.000000000000000000e+00 0.000000000000000000e+00 0.000000000000000000e+00 0.000000000000000000e+00 0.000000000000000000e+00 0.000000000000000000e+00
1.661970758382709503e+09 -3.147424198687076569e-03 -2.266646921634674072e-01 1.133214354515075684e+00 6.127237081527709961e-01 -6.097810268402099609e-01 -3.549463152885437012e-01 -3.560194671154022217e-01 4.992741302545320448e-01 2.175016977461828593e-01 -7.042615079892545760e-01 5.525340488027498109e-01 -3.157278948388344553e-01 4.608242713426652371e-01 1.923729221956833879e-01
1.661970758412629843e+09 -6.423435639590024948e-03 -2.164779454469680786e-01 1.137386679649353027e+00 6.129484772682189941e-01 -6.070017814636230469e-01 -3.566250205039978027e-01 -3.586943447589874268e-01 3.838600618887773597e-01 1.667498573134854889e-01 -5.399291462342098447e-01 4.236057683844936528e-01 -2.420559561594781417e-01 3.532955479853457925e-01 1.474846295891556747e-01
1.661970758445542097e+09 -9.829249233007431030e-03 -2.062383890151977539e-01 1.141412496566772461e+00 6.131867766380310059e-01 -6.041760444641113281e-01 -3.583457171916961670e-01 -3.613330125808715820e-01 3.499489110526434743e-01 1.515913284427845287e-01 -4.908464562506313911e-01 3.850975479079870589e-01 -2.200516662675229829e-01 3.211789342124269919e-01 1.340774216213025671e-01
1.661970758476459503e+09 -1.336601097136735916e-02 -1.959497183561325073e-01 1.145290374755859375e+00 6.134383678436279297e-01 -6.013042926788330078e-01 -3.601082265377044678e-01 -3.639348447322845459e-01 3.735771847073408591e-01 1.613722814651469550e-01 -5.225167778917013672e-01 4.099447543003783556e-01 -2.342498069683439932e-01 3.419019933713822734e-01 1.427283449670418980e-01
1.661970758508373260e+09 -1.703479886054992676e-02 -1.856157034635543823e-01 1.149018406867980957e+00 6.137032508850097656e-01 -5.983865261077880859e-01 -3.619122505187988281e-01 -3.664987981319427490e-01 3.629255543093698466e-01 1.563342199345247596e-01 -5.062037428778849435e-01 3.971462310498607984e-01 -2.269365005545788683e-01 3.312277730876484472e-01 1.382723493178563134e-01
1.661970758540288210e+09 -2.083661966025829315e-02 -1.752401143312454224e-01 1.152595162391662598e+00 6.139811277389526367e-01 -5.954231619834899902e-01 -3.637576401233673096e-01 -3.690241277217864990e-01 3.639247624953522164e-01 1.563283805107966162e-01 -5.061848350651957373e-01 3.971313967728477001e-01 -2.269280239818464162e-01 3.312154010086637568e-01 1.382671845443489145e-01
1.661970758572203159e+09 -2.477240748703479767e-02 -1.648267954587936401e-01 1.156019091606140137e+00 6.142717599868774414e-01 -5.924145579338073730e-01 -3.656441271305084229e-01 -3.715099394321441650e-01 3.649364328010414882e-01 1.563283805107974767e-01 -5.061848350651957373e-01 3.971313967728477001e-01 -2.269280239818464162e-01 3.312154010086620359e-01 1.382671845443480541e-01
1.661970758604118109e+09 -2.884302847087383270e-02 -1.543795913457870483e-01 1.159288644790649414e+00 6.145750284194946289e-01 -5.893608331680297852e-01 -3.675714135169982910e-01 -3.739554584026336670e-01 3.659480217000667390e-01 1.563283805107957558e-01 -5.061848350651957373e-01 3.971313967728546390e-01 -2.269280239818438072e-01 3.312154010086620359e-01 1.382671845443489145e-01
1.661970758636032581e+09 -3.304927423596382141e-02 -1.439024060964584351e-01 1.162402272224426270e+00 6.148906350135803223e-01 -5.862623453140258789e-01 -3.695392012596130371e-01 -3.763598203659057617e-01 3.669643153338922881e-01 1.563307162279403140e-01 -5.061923980207693186e-01 3.971373303506687269e-01 -2.269314145349505263e-01 3.312203497293458310e-01 1.382692504074518047e-01
1.661970758666950226e+09 -3.739186003804206848e-02 -1.333991438150405884e-01 1.165358781814575195e+00 6.152184605598449707e-01 -5.831194519996643066e-01 -3.715473413467407227e-01 -3.787222206592559814e-01 3.798422927450875175e-01 1.613710370576022513e-01 -5.225127485515057568e-01 4.099415930490221682e-01 -2.342480005724473513e-01 3.418993568255273563e-01 1.427272443305030447e-01
1.661970758697866678e+09 -4.187143594026565552e-02 -1.228737831115722656e-01 1.168156504631042480e+00 6.155582666397094727e-01 -5.799324512481689453e-01 -3.735954761505126953e-01 -3.810418546199798584e-01 3.809014944628786870e-01 1.613772592872522449e-01 -5.225328958739456908e-01 4.099573997934046754e-01 -2.342570328305348393e-01 3.419125399614453831e-01 1.427327476829493569e-01
1.661970758729781389e+09 -4.648856818675994873e-02 -1.123302876949310303e-01 1.170794248580932617e+00 6.159098744392395020e-01 -5.767015218734741211e-01 -3.756831884384155273e-01 -3.833177685737609863e-01 3.700020845748688281e-01 1.563295483606435554e-01 -5.061886165147330141e-01 3.971343635395948590e-01 -2.269297192457330470e-01 3.312178753505209960e-01 1.382682174681838516e-01
1.661970758761696339e+09 -5.124375224113464355e-02 -1.017726510763168335e-01 1.173270583152770996e+00 6.162730455398559570e-01 -5.734271407127380371e-01 -3.778102397918701172e-01 -3.855493068695068359e-01 3.710152585488584176e-01 1.563283805107966162e-01 -5.061848350651957373e-01 3.971313967728546390e-01 -2.269280239818455558e-01 3.312154010086602596e-01 1.382671845443480541e-01
1.661970758792613983e+09 -5.613740906119346619e-02 -9.120491147041320801e-02 1.175584435462951660e+00 6.166475415229797363e-01 -5.701095461845397949e-01 -3.799763321876525879e-01 -3.877356350421905518e-01 3.840348834734453876e-01 1.613710370576022513e-01 -5.225127485515057568e-01 4.099415930490150073e-01 -2.342480005724473513e-01 3.418993568255273563e-01 1.427272443305039606e-01
1.661970758823531151e+09 -6.116988137364387512e-02 -8.063111454248428345e-02 1.177734375000000000e+00 6.170331835746765137e-01 -5.667490363121032715e-01 -3.821810483932495117e-01 -3.898758292198181152e-01 3.850939832700152055e-01 1.613735258918833348e-01 -5.225208072940418225e-01 4.099479156005050862e-01 -2.342516133920998778e-01 3.419046299578989423e-01 1.427294456205550066e-01
1.661970758853451252e+09 -6.634143739938735962e-02 -7.005533576011657715e-02 1.179719328880310059e+00 6.174296736717224121e-01 -5.633461475372314453e-01 -3.844241201877593994e-01 -3.919692635536193848e-01 3.990187747815157060e-01 1.667511860611314289e-01 -5.399334486641764741e-01 4.236091438906255946e-01 -2.420578849844112757e-01 3.532983632239031779e-01 1.474858048216730055e-01
1.661970758884871721e+09 -7.165227085351943970e-02 -5.948165059089660645e-02 1.181538105010986328e+00 6.178368926048278809e-01 -5.599008202552795410e-01 -3.867050409317016602e-01 -3.940150141716003418e-01 3.810081298582304044e-01 1.587886008753204847e-01 -5.141509269249786573e-01 4.033812584201034168e-01 -2.304993073537892623e-01 3.364279086284724940e-01 1.404431665512609895e-01
1.661970758915790558e+09 -7.710249722003936768e-02 -4.891417548060417175e-02 1.183189630508422852e+00 6.182546019554138184e-01 -5.564137697219848633e-01 -3.890235126018524170e-01 -3.960123360157012939e-01 3.882530940670706476e-01 1.613648153077566483e-01 -5.224926027826481967e-01 4.099257875235008952e-01 -2.342389690108490907e-01 3.418861747061738288e-01 1.427217414024281594e-01
1.661970758946707964e+09 -8.269213885068893433e-02 -3.835701942443847656e-02 1.184672832489013672e+00 6.186826229095458984e-01 -5.528849363327026367e-01 -3.913790285587310791e-01 -3.979603946208953857e-01 3.893385745153317701e-01 1.613722814651465109e-01 -5.225167778917013672e-01 4.099447543003855721e-01 -2.342498069683430773e-01 3.419019933713822734e-01 1.427283449670418980e-01
1.661970758976628065e+09 -8.842116594314575195e-02 -2.781432308256626129e-02 1.185986757278442383e+00 6.191204786300659180e-01 -5.493150949478149414e-01 -3.937713503837585449e-01 -3.998585343360900879e-01 4.034239198511457847e-01 1.667511860611328445e-01 -5.399334486641764741e-01 4.236091438906255946e-01 -2.420578849844131353e-01 3.532983632239031779e-01 1.474858048216734774e-01
1.661970759008049488e+09 -9.428945183753967285e-02 -1.729022711515426636e-02 1.187130331993103027e+00 6.195682883262634277e-01 -5.457043647766113281e-01 -3.961998820304870605e-01 -4.017058908939361572e-01 3.852074261444810577e-01 1.587837814688080884e-01 -5.141353218858811802e-01 4.033690153607689122e-01 -2.304923114494442649e-01 3.364176976760211990e-01 1.404389039486078350e-01
1.661970759039964676e+09 -1.002967953681945801e-01 -6.788884755223989487e-03 1.188102722167968750e+00 6.200255155563354492e-01 -5.420531630516052246e-01 -3.986642062664031982e-01 -4.035016298294067383e-01 3.802957972146739363e-01 1.563272126783986915e-01 -5.061810536721561560e-01 3.971284300504263065e-01 -2.269263287432865817e-01 3.312129267037733360e-01 1.382661516359466602e-01
1.661970759071879625e+09 -1.064429283142089844e-01 3.685541683807969093e-03 1.188903093338012695e+00 6.204921007156372070e-01 -5.383617877960205078e-01 -4.011639654636383057e-01 -4.052451550960540771e-01 3.813520716299529378e-01 1.563283805107970603e-01 -5.061848350651957373e-01 3.971313967728477001e-01 -2.269280239818464162e-01 3.312154010086637568e-01 1.382671845443489145e-01
1.661970759103795290e+09 -1.127274930477142334e-01 1.412888430058956146e-02 1.189530491828918457e+00 6.209678053855895996e-01 -5.346305370330810547e-01 -4.036986827850341797e-01 -4.069354832172393799e-01 3.824022372469166320e-01 1.563248770659456388e-01 -5.061734910555650835e-01 3.971224967385637572e-01 -2.269229383421519364e-01 3.312079782048982790e-01 1.382640858654383131e-01
1.661970759135708809e+09 -1.191500425338745117e-01 2.453697286546230316e-02 1.189984083175659180e+00 6.214523315429687500e-01 -5.308600068092346191e-01 -4.062677919864654541e-01 -4.085721671581268311e-01 3.834924787071967711e-01 1.563353878716203793e-01 -5.062075246099299042e-01 3.971491980382516052e-01 -2.269381959451184372e-01 3.312302476143625940e-01 1.382733823188602162e-01
1.661970759165628672e+09 -1.257100701332092285e-01 3.490563109517097473e-02 1.190263390541076660e+00 6.219453811645507812e-01 -5.270503759384155273e-01 -4.088708162307739258e-01 -4.101541936397552490e-01 4.101882690602208781e-01 1.667525148299575377e-01 -5.399377511627115878e-01 4.236125194505682701e-01 -2.420598138400853194e-01 3.533011785073311151e-01 1.474869800729206593e-01
1.661970759195549250e+09 -1.324069797992706299e-01 4.523068666458129883e-02 1.190367460250854492e+00 6.224468350410461426e-01 -5.232021212577819824e-01 -4.115073084831237793e-01 -4.116809964179992676e-01 4.113276354860080364e-01 1.667485285870126954e-01 -5.399248438728100341e-01 4.236023929321340864e-01 -2.420540273652851682e-01 3.532927327916486338e-01 1.474834543753672789e-01
1.661970759226465940e+09 -1.392401158809661865e-01 5.550796166062355042e-02 1.190295696258544922e+00 6.229563951492309570e-01 -5.193154811859130859e-01 -4.141767024993896484e-01 -4.131517708301544189e-01 3.991943963738859846e-01 1.613760148029346198e-01 -5.225288662851624855e-01 4.099542383470099471e-01 -2.342552263231946486e-01 3.419099032529304694e-01 1.427316469785079034e-01
1.661970759258380890e+09 -1.462086886167526245e-01 6.573329120874404907e-02 1.190047621726989746e+00 6.234738826751708984e-01 -5.153909921646118164e-01 -4.168785214424133301e-01 -4.145658612251281738e-01 3.877990549916166541e-01 1.563283805107966162e-01 -5.061848350651957373e-01 3.971313967728477001e-01 -2.269280239818446676e-01 3.312154010086620359e-01 1.382671845443489145e-01
1.661970759289297819e+09 -1.533118933439254761e-01 7.590250670909881592e-02 1.189622640609741211e+00 6.239988803863525391e-01 -5.114289522171020508e-01 -4.196121394634246826e-01 -4.159224331378936768e-01 4.014515958694260256e-01 1.613747703378126952e-01 -5.225248367585283438e-01 4.099510769493818763e-01 -2.342534198437165316e-01 3.419072665850819703e-01 1.427305462910437028e-01
1.661970759319218159e+09 -1.605488210916519165e-01 8.601145446300506592e-02 1.189020156860351562e+00 6.245312690734863281e-01 -5.074298381805419922e-01 -4.223771095275878906e-01 -4.172208607196807861e-01 4.160034627728740886e-01 1.667498573134845730e-01 -5.399291462342098447e-01 4.236057683844787758e-01 -2.420559561594800013e-01 3.532955479853439607e-01 1.474846295891547587e-01
1.661970759350135803e+09 -1.679184734821319580e-01 9.605596959590911865e-02 1.188239693641662598e+00 6.250707507133483887e-01 -5.033939480781555176e-01 -4.251728951930999756e-01 -4.184605479240417480e-01 4.037343500971666832e-01 1.613710370576022513e-01 -5.225127485515057568e-01 4.099415930490221682e-01 -2.342480005724464354e-01 3.418993568255255799e-01 1.427272443305039606e-01
1.661970759382050037e+09 -1.754197925329208374e-01 1.060319319367408752e-01 1.187281012535095215e+00 6.256171464920043945e-01 -4.993216693401336670e-01 -4.279986321926116943e-01 -4.196406602859497070e-01 3.922492313368514671e-01 1.563318841126846714e-01 -5.061961795833058719e-01 3.971402972060703584e-01 -2.269331098494968002e-01 3.312228241451426469e-01 1.382702833621531069e-01
1.661970759412967682e+09 -1.830516159534454346e-01 1.159352064132690430e-01 1.186143517494201660e+00 6.261700987815856934e-01 -4.952134490013122559e-01 -4.308540821075439453e-01 -4.207604825496673584e-01 4.060600508828351995e-01 1.613710370576031672e-01 -5.225127485515057568e-01 4.099415930490150073e-01 -2.342480005724464354e-01 3.418993568255255799e-01 1.427272443305030447e-01
1.661970759443885088e+09 -1.908127218484878540e-01 1.257616728544235229e-01 1.184827208518981934e+00 6.267294287681579590e-01 -4.910697638988494873e-01 -4.337384700775146484e-01 -4.218194782733917236e-01 4.072380990006707058e-01 1.613722814651460669e-01 -5.225167778917013672e-01 4.099447543003783556e-01 -2.342498069683439932e-01 3.419019933713813852e-01 1.427283449670418980e-01
1.661970759475799322e+09 -1.987018287181854248e-01 1.355072408914566040e-01 1.183331489562988281e+00 6.272948384284973145e-01 -4.868908822536468506e-01 -4.366512000560760498e-01 -4.228169620037078857e-01 3.956667685280303437e-01 1.563318841126846714e-01 -5.061961795833058719e-01 3.971402972060772973e-01 -2.269331098494968002e-01 3.312228241451435351e-01 1.382702833621531069e-01
1.661970759507714272e+09 -2.067175358533859253e-01 1.451678276062011719e-01 1.181656360626220703e+00 6.278659701347351074e-01 -4.826772809028625488e-01 -4.395916759967803955e-01 -4.237522780895233154e-01 3.968141125485004084e-01 1.563283805107974767e-01 -5.061848350651957373e-01 3.971313967728477001e-01 -2.269280239818446676e-01 3.312154010086620359e-01 1.382671845443480541e-01
1.661970759539628983e+09 -2.148583829402923584e-01 1.547393798828125000e-01 1.179801464080810547e+00 6.284427642822265625e-01 -4.784294962882995605e-01 -4.425593018531799316e-01 -4.246247112751007080e-01 3.979832806467217265e-01 1.563295483606435554e-01 -5.061886165147330141e-01 3.971343635396017979e-01 -2.269297192457339352e-01 3.312178753505196638e-01 1.382682174681838516e-01
1.661970759571544170e+09 -2.231228500604629517e-01 1.642178595066070557e-01 1.177766919136047363e+00 6.290248632431030273e-01 -4.741477966308593750e-01 -4.455534219741821289e-01 -4.254337251186370850e-01 3.991519547825909675e-01 1.563272126783982474e-01 -5.061810536721561560e-01 3.971284300504263065e-01 -2.269263287432856935e-01 3.312129267037737801e-01 1.382661516359466602e-01
1.661970759603459120e+09 -2.315093278884887695e-01 1.735992431640625000e-01 1.175552487373352051e+00 6.296119093894958496e-01 -4.698326587677001953e-01 -4.485733211040496826e-01 -4.261785745620727539e-01 4.003395967835359226e-01 1.563283805107966162e-01 -5.061848350651957373e-01 3.971313967728477001e-01 -2.269280239818464162e-01 3.312154010086624800e-01 1.382671845443489145e-01
1.661970759635373116e+09 -2.400161027908325195e-01 1.828795373439788818e-01 1.173158168792724609e+00 6.302037835121154785e-01 -4.654844701290130615e-01 -4.516183137893676758e-01 -4.268587529659271240e-01 4.015450486986441581e-01 1.563330520148805136e-01 -5.061999612023440065e-01 3.971432641058076918e-01 -2.269348051893715634e-01 3.312252985979109443e-01 1.382713163322872585e-01
1.661970759667287827e+09 -2.486414462327957153e-01 1.920547932386398315e-01 1.170584082603454590e+00 6.308001279830932617e-01 -4.611036181449890137e-01 -4.546877741813659668e-01 -4.274735748767852783e-01 4.027396095372807183e-01 1.563295483606435554e-01 -5.061886165147330141e-01 3.971343635395948590e-01 -2.269297192457339352e-01 3.312178753505196638e-01 1.382682174681838516e-01
1.661970759699202538e+09 -2.486414462327957153e-01 1.920547932386398315e-01 1.170584082603454590e+00 6.308001279830932617e-01 -4.611036181449890137e-01 -4.546877741813659668e-01 -4.274735748767852783e-01 0.000000000000000000e+00 0.000000000000000000e+00 0.000000000000000000e+00 0.000000000000000000e+00 0.000000000000000000e+00 -4.348398394850396483e-16 1.739359357940158593e-15
1.661970759731117249e+09 -2.494402825832366943e-01 1.998987346887588501e-01 1.175473690032958984e+00 6.290143728256225586e-01 -4.617251753807067871e-01 -4.554184079170227051e-01 -4.286546707153320312e-01 2.906997225011609953e-01 -1.048907573307930087e-02 -3.108245070505095131e-01 5.627604088801044790e-01 -2.677384202935171320e-01 -1.586679780252234495e-01 3.202818588464247385e-01
1.661970759763031960e+09 -2.502067387104034424e-01 2.076919376850128174e-01 1.180312633514404297e+00 6.271975040435791016e-01 -4.623623788356781006e-01 -4.561416506767272949e-01 -4.298593401908874512e-01 2.884331819702303235e-01 -1.048907573308016997e-02 -3.108245070505095131e-01 5.627604088800974846e-01 -2.677384202935171320e-01 -1.586679780252234495e-01 3.202818588464247385e-01
1.661970759794947147e+09 -2.509408295154571533e-01 2.154335230588912964e-01 1.185100555419921875e+00 6.253490447998046875e-01 -4.630149900913238525e-01 -4.568581581115722656e-01 -4.310873448848724365e-01 2.861364597562498502e-01 -1.048891901831733482e-02 -3.108198630961826470e-01 5.627520008119684114e-01 -2.677344200780669703e-01 -1.586656074050620258e-01 3.202770735920755230e-01
1.661970759826861382e+09 -2.516424655914306641e-01 2.231226265430450439e-01 1.189837574958801270e+00 6.234684586524963379e-01 -4.636827707290649414e-01 -4.575684070587158203e-01 -4.323384165763854980e-01 2.838346058225315605e-01 -1.048923245252515041e-02 -3.108291511436089283e-01 5.627688171994938982e-01 -2.677424206285033415e-01 -1.586703487162247350e-01 3.202866442437688477e-01
1.661970759856781244e+09 -2.523116767406463623e-01 2.307583391666412354e-01 1.194523692131042480e+00 6.215551495552062988e-01 -4.643655121326446533e-01 -4.582729935646057129e-01 -4.336124062538146973e-01 3.002676205461656256e-01 -1.118841431498167338e-02 -3.315481223158434076e-01 6.002813569895594226e-01 -2.855893551073780956e-01 -1.692468547126645406e-01 3.416360245207494817e-01
1.661970759888695717e+09 -2.529484331607818604e-01 2.383397668600082397e-01 1.199158787727355957e+00 6.196085810661315918e-01 -4.650629460811614990e-01 -4.589725434780120850e-01 -4.349090754985809326e-01 2.791476624620272129e-01 -1.048915409221639998e-02 -3.108268290797122635e-01 5.627646130083883147e-01 -2.677404204460661630e-01 -1.586691633618680652e-01 3.202842515272202872e-01
1.661970759919613361e+09 -2.535527050495147705e-01 2.458660304546356201e-01 1.203742861747741699e+00 6.176282167434692383e-01 -4.657747447490692139e-01 -4.596675634384155273e-01 -4.362280964851379395e-01 2.856974593928948702e-01 -1.082733908319153185e-02 -3.208483205615540457e-01 5.809089308339948632e-01 -2.763727458820324223e-01 -1.637848789961003082e-01 3.306106635295301688e-01
1.661970759949533224e+09 -2.541244924068450928e-01 2.533361911773681641e-01 1.208276033401489258e+00 6.156135797500610352e-01 -4.665007293224334717e-01 -4.603586494922637939e-01 -4.375693202018737793e-01 2.926719733823182623e-01 -1.118841431498167338e-02 -3.315481223158359692e-01 6.002813569895519841e-01 -2.855893551073762637e-01 -1.692468547126645406e-01 3.416360245207494817e-01
1.661970759980450630e+09 -2.546637952327728271e-01 2.607493996620178223e-01 1.212758064270019531e+00 6.135641336441040039e-01 -4.672404825687408447e-01 -4.610462784767150879e-01 -4.389324486255645752e-01 2.807344166227873639e-01 -1.082742257786740644e-02 -3.208507947730222520e-01 5.809134104944725374e-01 -2.763748771215420175e-01 -1.637861420179091976e-01 3.306132130229910704e-01
1.661970760012366056e+09 -2.551705837249755859e-01 2.681047320365905762e-01 1.217189073562622070e+00 6.114792823791503906e-01 -4.679938554763793945e-01 -4.617311060428619385e-01 -4.403172135353088379e-01 2.695197142315532424e-01 -1.048884066269241758e-02 -3.108175411710570324e-01 5.627477968720995261e-01 -2.677324200151662836e-01 -1.586644221215452455e-01 3.202746810185220228e-01
1.661970760044280291e+09 -2.556448876857757568e-01 2.754012644290924072e-01 1.221568942070007324e+00 6.093585491180419922e-01 -4.687604308128356934e-01 -4.624135792255401611e-01 -4.417232275009155273e-01 2.670706728412070574e-01 -1.048923245252428131e-02 -3.108291511436089283e-01 5.627688171994938982e-01 -2.677424206285016206e-01 -1.586703487162238746e-01 3.202866442437671268e-01
1.661970760076194763e+09 -2.560867071151733398e-01 2.826380729675292969e-01 1.225897908210754395e+00 6.072015166282653809e-01 -4.695398509502410889e-01 -4.630943536758422852e-01 -4.431503415107727051e-01 2.645922021752029063e-01 -1.048915409221727081e-02 -3.108268290797122635e-01 5.627646130084021925e-01 -2.677404204460678838e-01 -1.586691633618689257e-01 3.202842515272220081e-01
1.661970760107112646e+09 -2.564960420131683350e-01 2.898142933845520020e-01 1.230175614356994629e+00 6.050075292587280273e-01 -4.703319370746612549e-01 -4.637738764286041260e-01 -4.445982277393341064e-01 2.705384569717073084e-01 -1.082725558980247513e-02 -3.208458463882520317e-01 5.809044512426055906e-01 -2.763706146753923121e-01 -1.637836159937724190e-01 3.306081140753911463e-01
1.661970760137032747e+09 -2.568728923797607422e-01 2.969290018081665039e-01 1.234402298927307129e+00 6.027761697769165039e-01 -4.711361825466156006e-01 -4.644527137279510498e-01 -4.460664093494415283e-01 2.768733412454212339e-01 -1.118832516000853837e-02 -3.315454803718201893e-01 6.002765736424910958e-01 -2.855870793861873813e-01 -1.692455060676718581e-01 3.416333021911996948e-01
1.661970760167949915e+09 -2.572172880172729492e-01 3.039812445640563965e-01 1.238577842712402344e+00 6.005069613456726074e-01 -4.719523489475250244e-01 -4.651313722133636475e-01 -4.475547671318054199e-01 2.653192695947580448e-01 -1.082750607383012320e-02 -3.208532690226503226e-01 5.809178902240187403e-01 -2.763770083939199873e-01 -1.637874050591959507e-01 3.306157625557711310e-01
1.661970760198867083e+09 -2.575292587280273438e-01 3.109701275825500488e-01 1.242702245712280273e+00 5.981993675231933594e-01 -4.727799594402313232e-01 -4.658104181289672852e-01 -4.490627646446228027e-01 2.626733232091503223e-01 -1.082750607383012320e-02 -3.208532690226503226e-01 5.809178902240259568e-01 -2.763770083939217637e-01 -1.637874050591968667e-01 3.306157625557729629e-01
1.661970760229784727e+09 -2.578088045120239258e-01 3.178947567939758301e-01 1.246775627136230469e+00 5.958529710769653320e-01 -4.736185967922210693e-01 -4.664902389049530029e-01 -4.505902230739593506e-01 2.600043890218998177e-01 -1.082733908319153185e-02 -3.208483205615540457e-01 5.809089308339876467e-01 -2.763727458820324223e-01 -1.637848789961011964e-01 3.306106635295301688e-01
1.661970760259704590e+09 -2.580559849739074707e-01 3.247542083263397217e-01 1.250797748565673828e+00 5.934672355651855469e-01 -4.744679927825927734e-01 -4.671714305877685547e-01 -4.521366655826568604e-01 2.658949733098203150e-01 -1.118841431498167338e-02 -3.315481223158359692e-01 6.002813569895668611e-01 -2.855893551073780956e-01 -1.692468547126645406e-01 3.416360245207494817e-01
1.661970760290622473e+09 -2.582708001136779785e-01 3.315475285053253174e-01 1.254768729209899902e+00 5.910416841506958008e-01 -4.753277301788330078e-01 -4.678545296192169189e-01 -4.537017941474914551e-01 2.546009888518344089e-01 -1.082725558980247513e-02 -3.208458463882448708e-01 5.809044512426055906e-01 -2.763706146753923121e-01 -1.637836159937715030e-01 3.306081140753893144e-01
1.661970760321540594e+09 -2.584532797336578369e-01 3.382738232612609863e-01 1.258688688278198242e+00 5.885758996009826660e-01 -4.761973619461059570e-01 -4.685400426387786865e-01 -4.552852809429168701e-01 2.518692571873792363e-01 -1.082717209770289561e-02 -3.208433722530937837e-01 5.808999717203103819e-01 -2.763684835016191332e-01 -1.637823530109214776e-01 3.306055646605658427e-01
1.661970760353454590e+09 -2.586034834384918213e-01 3.449321687221527100e-01 1.262557387351989746e+00 5.860694050788879395e-01 -4.770765304565429688e-01 -4.692284166812896729e-01 -4.568866193294525146e-01 2.413405043845759101e-01 -1.048931081400296741e-02 -3.108314732422002846e-01 5.627730214534295561e-01 -2.677444208408241710e-01 -1.586715340882913217e-01 3.202890369960660344e-01
1.661970760385369062e+09 -2.587214708328247070e-01 3.515216410160064697e-01 1.266374945640563965e+00 5.835217833518981934e-01 -4.779646396636962891e-01 -4.699200987815856934e-01 -4.585054516792297363e-01 2.386488436237266531e-01 -1.048915409221727081e-02 -3.108268290797122635e-01 5.627646130083883147e-01 -2.677404204460678838e-01 -1.586691633618689257e-01 3.202842515272220081e-01
1.661970760415793896e+09 -2.588072717189788818e-01 3.580412864685058594e-01 1.270141243934631348e+00 5.809326171875000000e-01 -4.788613915443420410e-01 -4.706155359745025635e-01 -4.601413607597351074e-01 2.474891728735121033e-01 -1.100271667512984879e-02 -3.260453135997775087e-01 5.903182980518199008e-01 -2.808493385404878806e-01 -1.664378113051101504e-01 3.359657837112977052e-01
1.661970760446711540e+09 -2.588608860969543457e-01 3.644902706146240234e-01 1.273856520652770996e+00 5.783013701438903809e-01 -4.797661900520324707e-01 -4.713152945041656494e-01 -4.617939293384552002e-01 2.407304614720716107e-01 -1.082733908319063500e-02 -3.208483205615540457e-01 5.809089308339876467e-01 -2.763727458820288141e-01 -1.637848789961003082e-01 3.306106635295283924e-01
1.661970760478626490e+09 -2.588824629783630371e-01 3.708675801753997803e-01 1.277520537376403809e+00 5.756276845932006836e-01 -4.806787967681884766e-01 -4.720198810100555420e-01 -4.634628295898437500e-01 2.304552761220607371e-01 -1.048899737511382359e-02 -3.108221850560068944e-01 5.627562048146269591e-01 -2.677364201708503644e-01 -1.586667927062879457e-01 3.202794662013761506e-01
1.661970760510050774e+09 -2.588719725608825684e-01 3.771723508834838867e-01 1.281133413314819336e+00 5.729111433029174805e-01 -4.815986156463623047e-01 -4.727296531200408936e-01 -4.651475548744201660e-01 2.312407589851802059e-01 -1.065277480504992456e-02 -3.156754285849427411e-01 5.715431995682251909e-01 -2.719169134275410959e-01 -1.611442496639409749e-01 3.252803777241975447e-01
1.661970760540967703e+09 -2.588295638561248779e-01 3.834036290645599365e-01 1.284695029258728027e+00 5.701513886451721191e-01 -4.825250506401062012e-01 -4.734450578689575195e-01 -4.668476879596710205e-01 2.321526233801386452e-01 -1.082758957108241084e-02 -3.208557433104392009e-01 5.809223700226781029e-01 -2.763791396991725491e-01 -1.637886681199646199e-01 3.306183121278767345e-01
1.661970760571885347e+09 -2.587552070617675781e-01 3.895605206489562988e-01 1.288205504417419434e+00 5.673478841781616211e-01 -4.834577143192291260e-01 -4.741665422916412354e-01 -4.685627520084381104e-01 2.292462982136221905e-01 -1.082733908319063500e-02 -3.208483205615540457e-01 5.809089308339876467e-01 -2.763727458820324223e-01 -1.637848789961003082e-01 3.306106635295301688e-01
1.661970760601805210e+09 -2.586490511894226074e-01 3.956421017646789551e-01 1.291664719581604004e+00 5.645003914833068848e-01 -4.843961000442504883e-01 -4.748945236206054688e-01 -4.702921807765960693e-01 2.338701057993040899e-01 -1.118841431498167338e-02 -3.315481223158359692e-01 6.002813569895594226e-01 -2.855893551073780956e-01 -1.692468547126645406e-01 3.416360245207494817e-01
1.661970760633720398e+09 -2.585111260414123535e-01 4.016474485397338867e-01 1.295072674751281738e+00 5.616083741188049316e-01 -4.853398203849792480e-01 -4.756295680999755859e-01 -4.720358550548553467e-01 2.163962942721295579e-01 -1.048891901831820565e-02 -3.108198630961826470e-01 5.627520008119545336e-01 -2.677344200780669703e-01 -1.586656074050620258e-01 3.202770735920738021e-01
1.661970760665634871e+09 -2.583415508270263672e-01 4.075756669044494629e-01 1.298429489135742188e+00 5.586717128753662109e-01 -4.862879812717437744e-01 -4.763718545436859131e-01 -4.737928807735443115e-01 2.135314525967203780e-01 -1.048915409221639998e-02 -3.108268290797122635e-01 5.627646130083953091e-01 -2.677404204460678838e-01 -1.586691633618689257e-01 3.202842515272237844e-01
1.661970760695554733e+09 -2.581403553485870361e-01 4.134258031845092773e-01 1.301735043525695801e+00 5.556898117065429688e-01 -4.872404336929321289e-01 -4.771219789981842041e-01 -4.755630195140838623e-01 2.246816720307792947e-01 -1.118841431498167338e-02 -3.315481223158359692e-01 6.002813569895557588e-01 -2.855893551073743764e-01 -1.692468547126636247e-01 3.416360245207494817e-01
1.661970760727469206e+09 -2.579076588153839111e-01 4.191969931125640869e-01 1.304989218711853027e+00 5.526623129844665527e-01 -4.881964623928070068e-01 -4.778802990913391113e-01 -4.773457944393157959e-01 2.077274678463714441e-01 -1.048915409221727081e-02 -3.108268290797122635e-01 5.627646130083917564e-01 -2.677404204460678838e-01 -1.586691633618689257e-01 3.202842515272220081e-01
1.661970760757389784e+09 -2.576435804367065430e-01 4.248883128166198730e-01 1.308192253112792969e+00 5.495890378952026367e-01 -4.891555011272430420e-01 -4.786471426486968994e-01 -4.791405498981475830e-01 2.184475109314465424e-01 -1.118814685432201195e-02 -3.315401966101081954e-01 6.002670071770477289e-01 -2.855825280526088639e-01 -1.692428088421646659e-01 3.416278576622554519e-01
1.661970760788306713e+09 -2.573481500148773193e-01 4.304988384246826172e-01 1.311343908309936523e+00 5.464695096015930176e-01 -4.901170730590820312e-01 -4.794229865074157715e-01 -4.809469282627105713e-01 2.083619030750211154e-01 -1.082758957108241084e-02 -3.208557433104392009e-01 5.809223700226781029e-01 -2.763791396991725491e-01 -1.637886681199646199e-01 3.306183121278731263e-01
1.661970760819224596e+09 -2.570214867591857910e-01 4.360277056694030762e-01 1.314444303512573242e+00 5.433034896850585938e-01 -4.910805523395538330e-01 -4.802080988883972168e-01 -4.827643632888793945e-01 2.052936825447364277e-01 -1.082725558980247513e-02 -3.208458463882448708e-01 5.809044512426091433e-01 -2.763706146753923121e-01 -1.637836159937724190e-01 3.306081140753893144e-01
1.661970760851139069e+09 -2.566637098789215088e-01 4.414739906787872314e-01 1.317493319511413574e+00 5.400906205177307129e-01 -4.920453429222106934e-01 -4.810029566287994385e-01 -4.845923185348510742e-01 1.958961267430660014e-01 -1.048915409221639998e-02 -3.108268290797122635e-01 5.627646130083917564e-01 -2.677404204460678838e-01 -1.586691633618689257e-01 3.202842515272220081e-01
1.661970760883053780e+09 -2.562749385833740234e-01 4.468367695808410645e-01 1.320491075515747070e+00 5.368306040763854980e-01 -4.930109381675720215e-01 -4.818077981472015381e-01 -4.864302873611450195e-01 1.928910015722408722e-01 -1.048907573308016997e-02 -3.108245070505095131e-01 5.627604088801044790e-01 -2.677384202935171320e-01 -1.586679780252234495e-01 3.202818588464247385e-01
1.661970760912974119e+09 -2.558552622795104980e-01 4.521152079105377197e-01 1.323437333106994629e+00 5.335231423377990723e-01 -4.939766526222229004e-01 -4.826231002807617188e-01 -4.882776439189910889e-01 2.025236700403018064e-01 -1.118823600645440196e-02 -3.315428384699087849e-01 6.002717903716507930e-01 -2.855848037012608809e-01 -1.692441574441705121e-01 3.416305799050353698e-01
1.661970760944888592e+09 -2.554047703742980957e-01 4.573083817958831787e-01 1.326332211494445801e+00 5.301679372787475586e-01 -4.949419796466827393e-01 -4.834491014480590820e-01 -4.901340603828430176e-01 1.868298625924469381e-01 -1.048915409221727081e-02 -3.108268290797122635e-01 5.627646130083917564e-01 -2.677404204460678838e-01 -1.586691633618689257e-01 3.202842515272220081e-01
1.661970760976803303e+09 -2.549236416816711426e-01 4.624154269695281982e-01 1.329175710678100586e+00 5.267647504806518555e-01 -4.959062039852142334e-01 -4.842861890792846680e-01 -4.919988214969635010e-01 1.837728087576144531e-01 -1.048907573307930087e-02 -3.108245070505095131e-01 5.627604088801009263e-01 -2.677384202935171320e-01 -1.586679780252234495e-01 3.202818588464247385e-01
1.661970761007720947e+09 -2.544119656085968018e-01 4.674354493618011475e-01 1.331967711448669434e+00 5.233132839202880859e-01 -4.968688488006591797e-01 -4.851346909999847412e-01 -4.938714504241943359e-01 1.865261570070176900e-01 -1.082733908319063500e-02 -3.208483205615576539e-01 5.809089308339948632e-01 -2.763727458820324223e-01 -1.637848789961011964e-01 3.306106635295301688e-01
1.661970761038637877e+09 -2.538698613643646240e-01 4.723675549030303955e-01 1.334708213806152344e+00 5.198133587837219238e-01 -4.978291094303131104e-01 -4.859948158264160156e-01 -4.957512617111206055e-01 1.833404541473114824e-01 -1.082758957108241084e-02 -3.208557433104392009e-01 5.809223700226745501e-01 -2.763791396991725491e-01 -1.637886681199646199e-01 3.306183121278731263e-01
1.661970761070552588e+09 -2.532974481582641602e-01 4.772109091281890869e-01 1.337397217750549316e+00 5.162646174430847168e-01 -4.987864792346954346e-01 -4.868669807910919189e-01 -4.976378977298736572e-01 1.745039786220274336e-01 -1.048907573307930087e-02 -3.108245070505095131e-01 5.627604088801009263e-01 -2.677384202935171320e-01 -1.586679780252234495e-01 3.202818588464247385e-01
1.661970761102467060e+09 -2.526949048042297363e-01 4.819646179676055908e-01 1.340034723281860352e+00 5.126669406890869141e-01 -4.997403323650360107e-01 -4.877514243125915527e-01 -4.995305836200714111e-01 1.713851161067586892e-01 -1.048915409221639998e-02 -3.108268290797122635e-01 5.627646130083953091e-01 -2.677404204460678838e-01 -1.586691633618689257e-01 3.202842515272220081e-01
1.661970761132387400e+09 -2.520623505115509033e-01 4.866278469562530518e-01 1.342620491981506348e+00 -5.090200304985046387e-01 5.006899237632751465e-01 4.886485040187835693e-01 5.014288425445556641e-01 1.794614147221759437e-01 -1.118823600645533003e-02 -3.315428384699087849e-01 6.002717903716507930e-01 -2.855848037012608809e-01 -1.692441574441705121e-01 3.416305799050353698e-01
1.661970761164303064e+09 -2.513999342918395996e-01 4.911997020244598389e-01 1.345154643058776855e+00 -5.053236484527587891e-01 5.016345381736755371e-01 4.895581901073455811e-01 5.033321976661682129e-01 1.650919831187913633e-01 -1.048876230823817500e-02 -3.108152192806256653e-01 5.627435929950570515e-01 -2.677304199821475827e-01 -1.586632368557372441e-01 3.202722884807148729e-01
1.661970761195219755e+09 -2.507077753543853760e-01 4.956793785095214844e-01 1.347637176513671875e+00 -5.015777945518493652e-01 5.025739073753356934e-01 4.904812872409820557e-01 5.052397847175598145e-01 1.671630727774664482e-01 -1.082767306962160135e-02 -3.208582176363897753e-01 5.809268498904235356e-01 -2.763812710372950954e-01 -1.637899312002129293e-01 3.306208617393032734e-01
