1.661970852281366110e+09 1.378528122206244648e-16 -2.367949187755584717e-01 1.128897309303283691e+00 -6.125128269195556641e-01 6.125135421752929688e-01 3.533097505569458008e-01 3.533093035221099854e-01 0.000000000000000000e+00 0.000000000000000000e+00 0.000000000000000000e+00 0.000000000000000000e+00 0.000000000000000000e+00 0.000000000000000000e+00 0.000000000000000000e+00
1.661970873068642139e+09 1.378528122206244648e-16 -2.367949187755584717e-01 1.128897309303283691e+00 -6.125128269195556641e-01 6.125135421752929688e-01 3.533097505569458008e-01 3.533093035221099854e-01 0.000000000000000000e+00 0.000000000000000000e+00 0.000000000000000000e+00 0.000000000000000000e+00 0.000000000000000000e+00 0.000000000000000000e+00 0.000000000000000000e+00
1.661970873105055094e+09 -5.911455955356359482e-03 -2.351144701242446899e-01 1.140795230865478516e+00 -6.047223806381225586e-01 6.134229302406311035e-01 3.651328682899475098e-01 3.531306385993957520e-01 3.677648881243498202e-01 1.974365858532166618e-01 2.763245808961682301e-02 3.367146220889914998e-01 1.144386691870500072e-01 1.635708583812351402e-01 5.239827489001003258e-01
1.661970873135971069e+09 -1.183578092604875565e-02 -2.336619496345520020e-01 1.152734518051147461e+00 -5.968942642211914062e-01 6.141923666000366211e-01 3.769805133342742920e-01 3.526623547077178955e-01 4.336669755292051343e-01 2.325415663302083935e-01 3.254561487651756041e-02 3.965837703710431983e-01 1.347863024803586385e-01 1.926543829228691274e-01 6.171488867307731718e-01
1.661970873167885542e+09 -1.776862703263759613e-02 -2.324381172657012939e-01 1.164712429046630859e+00 -5.890306234359741211e-01 6.148216128349304199e-01 3.888459503650665283e-01 3.519037365913391113e-01 4.205810367403554628e-01 2.252661191821577480e-01 3.152737153762370098e-02 3.841759918106630312e-01 1.305692902900118801e-01 1.866268722162227611e-01 5.978403640492315763e-01
1.661970873199801207e+09 -2.370562590658664703e-02 -2.314436882734298706e-01 1.176725864410400391e+00 -5.811336636543273926e-01 6.153102517127990723e-01 4.007223248481750488e-01 3.508541882038116455e-01 4.210234123888785263e-01 2.252577051903739691e-01 3.152619394798383823e-02 3.841616423219492149e-01 1.305644133518390759e-01 1.866199014521521538e-01 5.978180339095322537e-01
1.661970873229719877e+09 -2.964239194989204407e-02 -2.306792140007019043e-01 1.188772082328796387e+00 -5.732055902481079102e-01 6.156580448150634766e-01 4.126028716564178467e-01 3.495130836963653564e-01 4.495998666573525204e-01 2.402930754144177450e-01 3.363048599589529147e-02 4.098034400722412318e-01 1.392792508361802295e-01 1.990762980363968149e-01 6.377208441545456630e-01
1.661970873260637045e+09 -3.557452932000160217e-02 -2.301451712846755981e-01 1.200848102569580078e+00 -5.652486085891723633e-01 6.158648133277893066e-01 4.244806766510009766e-01 3.478803634643554688e-01 4.355179427721018182e-01 2.325326000771478219e-01 3.254435999454724504e-02 3.965684790383999236e-01 1.347811054391768737e-01 1.926469546253055942e-01 6.171250909286690733e-01
1.661970873291555166e+09 -4.149762541055679321e-02 -2.298418879508972168e-01 1.212951064109802246e+00 -5.572649240493774414e-01 6.159301996231079102e-01 4.363490045070648193e-01 3.459556996822357178e-01 4.359258712663301449e-01 2.325254275725204545e-01 3.254335615865801279e-02 3.965562468212940339e-01 1.347769480947762499e-01 1.926410123996848411e-01 6.171060556081592319e-01
1.661970873321474552e+09 -4.740726202726364136e-02 -2.297696322202682495e-01 1.225077986717224121e+00 -5.492568016052246094e-01 6.158540844917297363e-01 4.482009708881378174e-01 3.437391817569732666e-01 4.508920848892849498e-01 2.402873309448822770e-01 3.362968202223990538e-02 4.097936432714979205e-01 1.392759212129203450e-01 1.990715388991332324e-01 6.377055987382810320e-01
1.661970873352391720e+09 -5.329901725053787231e-02 -2.299285084009170532e-01 1.237225890159606934e+00 -5.412262678146362305e-01 6.156364679336547852e-01 4.600296616554260254e-01 3.412308990955352783e-01 4.367219729584691512e-01 2.325326000771496260e-01 3.254435999454724504e-02 3.965684790384142455e-01 1.347811054391759855e-01 1.926469546253055942e-01 6.171250909286690733e-01
1.661970873383309841e+09 -5.916845798492431641e-02 -2.303185462951660156e-01 1.249391674995422363e+00 -5.331758260726928711e-01 6.152769327163696289e-01 4.718283712863922119e-01 3.384312987327575684e-01 4.370667170681623026e-01 2.325254275725204545e-01 3.254335615864364928e-02 3.965562468212868175e-01 1.347769480947771659e-01 1.926410123996866453e-01 6.171060556081592319e-01
1.661970873415224075e+09 -6.501115858554840088e-02 -2.309396564960479736e-01 1.261572718620300293e+00 -5.251075625419616699e-01 6.147757172584533691e-01 4.835901260375976562e-01 3.353407979011535645e-01 4.237632769207866357e-01 2.252678020559423788e-01 3.152760706610565483e-02 3.841788618370547415e-01 1.305702657213666795e-01 1.866282664315254136e-01 5.978448302773543555e-01
1.661970873447138786e+09 -7.082267850637435913e-02 -2.317916154861450195e-01 1.273765802383422852e+00 -5.170236825942993164e-01 6.141325831413269043e-01 4.953081905841827393e-01 3.319601416587829590e-01 4.240697666132938193e-01 2.252644363335142841e-01 3.152713601264686000e-02 3.841731218271662862e-01 1.305683148732292576e-01 1.866254780217475595e-01 5.978358978878317576e-01
1.661970873479053259e+09 -7.659860700368881226e-02 -2.328741252422332764e-01 1.285967946052551270e+00 -5.089264512062072754e-01 6.133475899696350098e-01 5.069756507873535156e-01 3.282898962497711182e-01 4.243675518811226843e-01 2.252661191821577480e-01 3.152737153760978850e-02 3.841759918106700256e-01 1.305692902900118801e-01 1.866268722162210125e-01 5.978403640492315763e-01
1.661970873508973837e+09 -8.233451098203659058e-02 -2.341867387294769287e-01 1.298176169395446777e+00 -5.008180737495422363e-01 6.124207973480224609e-01 5.185858011245727539e-01 3.243313431739807129e-01 4.529417509261928210e-01 2.402777574393154814e-01 3.362834215156585566e-02 4.097773163111531614e-01 1.392703721945766082e-01 1.990636075093319968e-01 6.376801913309276815e-01
1.661970873540888786e+09 -8.802599459886550903e-02 -2.357289046049118042e-01 1.310387492179870605e+00 -4.927009046077728271e-01 6.113522052764892578e-01 5.301319360733032227e-01 3.200853466987609863e-01 4.248955074936299203e-01 2.252627535100157619e-01 3.152690049121679300e-02 3.841702518865425797e-01 1.305673394710228086e-01 1.866240838481046105e-01 5.978314317931707755e-01
1.661970873572802544e+09 -9.366864711046218872e-02 -2.374999821186065674e-01 1.322598934173583984e+00 -4.845769405364990234e-01 6.101420521736145020e-01 5.416069030761718750e-01 3.155533075332641602e-01 4.251515014027097417e-01 2.252711678789479366e-01 3.152807813361305223e-02 3.841846020184711552e-01 1.305722166277988594e-01 1.866310549246289197e-01 5.978537629337952186e-01
1.661970873603720427e+09 -9.925808012485504150e-02 -2.394992113113403320e-01 1.334807515144348145e+00 -4.764485359191894531e-01 6.087903380393981934e-01 5.530043840408325195e-01 3.107366263866424561e-01 4.390752235576342866e-01 2.325272206571954714e-01 3.254360711181385202e-02 3.965593048048217106e-01 1.347779874068325834e-01 1.926424979217248867e-01 6.171108143281957004e-01
1.661970873634637833e+09 -1.047899425029754639e-01 -2.417256832122802734e-01 1.347010135650634766e+00 -4.683180153369903564e-01 6.072973012924194336e-01 5.643175840377807617e-01 3.056368529796600342e-01 4.392898238310493086e-01 2.325308069095085306e-01 3.254410902976555969e-02 3.965654209133807617e-01 1.347800660790325344e-01 1.926454690345329457e-01 6.171203319884489558e-01
1.661970873665555239e+09 -1.102598682045936584e-01 -2.441784441471099854e-01 1.359203815460205078e+00 -4.601874649524688721e-01 6.056631803512573242e-01 5.755397677421569824e-01 3.002558648586273193e-01 4.394794956674872854e-01 2.325308069095076147e-01 3.254410902977992320e-02 3.965654209133807617e-01 1.347800660790311744e-01 1.926454690345329457e-01 6.171203319884435157e-01
1.661970873696472645e+09 -1.156635358929634094e-01 -2.468563616275787354e-01 1.371385574340820312e+00 -4.520591795444488525e-01 6.038882136344909668e-01 5.866643190383911133e-01 2.945955097675323486e-01 4.396510497874241974e-01 2.325308069095094188e-01 3.254410902976555969e-02 3.965654209133807617e-01 1.347800660790320904e-01 1.926454690345329457e-01 6.171203319884489558e-01
1.661970873726392269e+09 -1.209966465830802917e-01 -2.497582435607910156e-01 1.383552312850952148e+00 -4.439353644847869873e-01 6.019726395606994629e-01 5.976848006248474121e-01 2.886578142642974854e-01 4.544682291006980623e-01 2.402854161827394364e-01 3.362941403956354325e-02 4.097903777753520438e-01 1.392748113738775662e-01 1.990699525706111084e-01 6.377005170948415458e-01
1.661970873757309675e+09 -1.262549161911010742e-01 -2.528827488422393799e-01 1.395701169967651367e+00 -4.358181655406951904e-01 5.999168753623962402e-01 6.085944175720214844e-01 2.824449241161346436e-01 4.399371461432485253e-01 2.325308069095085306e-01 3.254410902976555969e-02 3.965654209133807617e-01 1.347800660790316463e-01 1.926454690345329457e-01 6.171203319884454030e-01
1.661970873788227320e+09 -1.314340978860855103e-01 -2.562284767627716064e-01 1.407829046249389648e+00 -4.277098774909973145e-01 5.977211594581604004e-01 6.193869113922119141e-01 2.759593427181243896e-01 4.400485211718576095e-01 2.325290137695240344e-01 3.254385806886882226e-02 3.965623628355193220e-01 1.347790267349175952e-01 1.926439834666723028e-01 6.171155731216250162e-01
1.661970873820141792e+09 -1.365299671888351440e-01 -2.597938477993011475e-01 1.419932842254638672e+00 -4.196127057075500488e-01 5.953859686851501465e-01 6.300557255744934082e-01 2.692034542560577393e-01 4.263941938350752636e-01 2.252661191821577480e-01 3.152737153760978850e-02 3.841759918106769645e-01 1.305692902900114638e-01 1.866268722162227611e-01 5.978403640492315763e-01
1.661970873852056265e+09 -1.415383517742156982e-01 -2.635772526264190674e-01 1.432009696960449219e+00 -4.115287959575653076e-01 5.929117798805236816e-01 6.405944824218750000e-01 2.621800601482391357e-01 4.264711567302610917e-01 2.252661191821568598e-01 3.152737153760978850e-02 3.841759918106700256e-01 1.305692902900110197e-01 1.866268722162210125e-01 5.978403640492281346e-01
1.661970873882973909e+09 -1.464551240205764771e-01 -2.675768733024597168e-01 1.444056630134582520e+00 -4.034603834152221680e-01 5.902988910675048828e-01 6.509969830513000488e-01 2.548918426036834717e-01 4.402826390183831595e-01 2.325290137695240344e-01 3.254385806885445875e-02 3.965623628355193220e-01 1.347790267349175952e-01 1.926439834666723028e-01 6.171155731216250162e-01
1.661970873912894011e+09 -1.512761414051055908e-01 -2.717909216880798340e-01 1.456070423126220703e+00 -3.954096734523773193e-01 5.875478982925415039e-01 6.612567901611328125e-01 2.473418116569519043e-01 4.550003390715492424e-01 2.402815867499986935e-01 3.362887808703819009e-02 4.097838469391721916e-01 1.392725917488532028e-01 1.990667799894108858e-01 6.376903540509195611e-01
1.661970873943811417e+09 -1.559973657131195068e-01 -2.762174010276794434e-01 1.468048334121704102e+00 -3.873788416385650635e-01 5.846594572067260742e-01 6.713679432868957520e-01 2.395330965518951416e-01 4.403499652733391390e-01 2.325308069095085306e-01 3.254410902976555969e-02 3.965654209133807617e-01 1.347800660790325344e-01 1.926454690345329457e-01 6.171203319884454030e-01
1.661970873974728823e+09 -1.606147587299346924e-01 -2.808541953563690186e-01 1.479987263679504395e+00 -3.793700337409973145e-01 5.816339850425720215e-01 6.813240051269531250e-01 2.314688861370086670e-01 4.403549409350999144e-01 2.325308069095094188e-01 3.254410902976555969e-02 3.965654209133807617e-01 1.347800660790316463e-01 1.926454690345347498e-01 6.171203319884454030e-01
1.661970874005154848e+09 -1.651243716478347778e-01 -2.856991887092590332e-01 1.491884231567382812e+00 -3.713853955268859863e-01 5.784720778465270996e-01 6.911192536354064941e-01 2.231526076793670654e-01 4.474548439824659329e-01 2.362861823564774144e-01 3.306969679862171302e-02 4.029699574331155887e-01 1.369567658360282825e-01 1.957566957747531311e-01 6.270868330872781948e-01
1.661970874036072731e+09 -1.695222407579421997e-01 -2.907500565052032471e-01 1.503736257553100586e+00 -3.634271621704101562e-01 5.751744508743286133e-01 7.007475495338439941e-01 2.145878076553344727e-01 4.403063587525799516e-01 2.325272206571954714e-01 3.254360711182821553e-02 3.965593048048217106e-01 1.347779874068330275e-01 1.926424979217248867e-01 6.171108143281957004e-01
1.661970874066989899e+09 -1.738045215606689453e-01 -2.960044443607330322e-01 1.515540480613708496e+00 -3.554973900318145752e-01 5.717417597770690918e-01 7.102030515670776367e-01 2.057780325412750244e-01 4.402727834075253477e-01 2.325326000771478219e-01 3.254435999454724504e-02 3.965684790384070846e-01 1.347811054391759855e-01 1.926469546253055942e-01 6.171250909286655206e-01
1.661970874096910000e+09 -1.779673993587493896e-01 -3.014598488807678223e-01 1.527293801307678223e+00 -3.475982248783111572e-01 5.681746602058410645e-01 7.194799184799194336e-01 1.967272460460662842e-01 4.548774502802349629e-01 2.402815867499996372e-01 3.362887808702334780e-02 4.097838469391721916e-01 1.392725917488532028e-01 1.990667799894108858e-01 6.376903540509195611e-01
1.661970874127827168e+09 -1.820070743560791016e-01 -3.071136772632598877e-01 1.538993477821350098e+00 -3.397319316864013672e-01 5.644740462303161621e-01 7.285724282264709473e-01 1.874393224716186523e-01 4.401313512147149165e-01 2.325326000771487100e-01 3.254435999454724504e-02 3.965684790384070846e-01 1.347811054391759855e-01 1.926469546253055942e-01 6.171250909286690733e-01
1.661970874158744335e+09 -1.859198659658432007e-01 -3.129633069038391113e-01 1.550636410713195801e+00 -3.319004774093627930e-01 5.606405138969421387e-01 7.374749779701232910e-01 1.779183298349380493e-01 4.400348504634123414e-01 2.325326000771487100e-01 3.254435999456160855e-02 3.965684790384070846e-01 1.347811054391768737e-01 1.926469546253055942e-01 6.171250909286655206e-01
1.661970874189661741e+09 -1.897021085023880005e-01 -3.190059065818786621e-01 1.562219858169555664e+00 -3.241060078144073486e-01 5.566750168800354004e-01 7.461820244789123535e-01 1.681684702634811401e-01 4.399228338223827861e-01 2.325308069095094188e-01 3.254410902976555969e-02 3.965654209133807617e-01 1.347800660790316463e-01 1.926454690345347498e-01 6.171203319884489558e-01
1.661970874220579624e+09 -1.933502256870269775e-01 -3.252385854721069336e-01 1.573740720748901367e+00 -3.163505792617797852e-01 5.525782108306884766e-01 7.546881437301635742e-01 1.581940799951553345e-01 4.397860668379426907e-01 2.325272206571936950e-01 3.254360711181385202e-02 3.965593048048217106e-01 1.347779874068330275e-01 1.926424979217231104e-01 6.171108143281921476e-01
1.661970874251496792e+09 -1.968607157468795776e-01 -3.316584527492523193e-01 1.585196375846862793e+00 -3.086363077163696289e-01 5.483512282371520996e-01 7.629880309104919434e-01 1.479996442794799805e-01 4.396593825153108370e-01 2.325326000771496260e-01 3.254435999454724504e-02 3.965684790384070846e-01 1.347811054391759855e-01 1.926469546253055942e-01 6.171250909286690733e-01
1.661970874282413721e+09 -2.002300918102264404e-01 -3.382623791694641113e-01 1.596583724021911621e+00 -3.009653091430664062e-01 5.439948439598083496e-01 7.710762619972229004e-01 1.375897079706192017e-01 4.395032783617225935e-01 2.325343932724443508e-01 3.254461096321396851e-02 3.965715372106065617e-01 1.347821448153505852e-01 1.926484402389907757e-01 6.171298499422835926e-01
1.661970874313331604e+09 -2.034549862146377563e-01 -3.450472354888916016e-01 1.607900023460388184e+00 -2.933395206928253174e-01 5.395099520683288574e-01 7.789478898048400879e-01 1.269689798355102539e-01 4.393190382754695866e-01 2.325272206571954714e-01 3.254360711181385202e-02 3.965593048048217106e-01 1.347779874068321393e-01 1.926424979217231104e-01 6.171108143281957004e-01
1.661970874345246792e+09 -2.065320760011672974e-01 -3.520098030567169189e-01 1.619142413139343262e+00 -2.857610881328582764e-01 5.348976850509643555e-01 7.865977883338928223e-01 1.161422953009605408e-01 4.254113127533988847e-01 2.252610707116616540e-01 3.152666497327776679e-02 3.841673819887980179e-01 1.305663640833896189e-01 1.866226896952916381e-01 5.978269657652365288e-01
1.661970874376163483e+09 -2.094581276178359985e-01 -3.591467440128326416e-01 1.630308151245117188e+00 -2.782319784164428711e-01 5.301588773727416992e-01 7.940210700035095215e-01 1.051146388053894043e-01 4.389530849691626879e-01 2.325361864953978397e-01 3.254486193572272285e-02 3.965745954299588205e-01 1.347831842075557507e-01 1.926499258755908217e-01 6.171346090293013953e-01
1.661970874407081127e+09 -2.122299671173095703e-01 -3.664546310901641846e-01 1.641394376754760742e+00 -2.707541882991790771e-01 5.252947211265563965e-01 8.012129068374633789e-01 9.389099478721618652e-02 4.387265343462852241e-01 2.325290137695249226e-01 3.254385806886882226e-02 3.965623628355193220e-01 1.347790267349171511e-01 1.926439834666723028e-01 6.171155731216250162e-01
1.661970874438995600e+09 -2.148445099592208862e-01 -3.739299774169921875e-01 1.652398347854614258e+00 -2.633297443389892578e-01 5.203061699867248535e-01 8.081686496734619141e-01 8.247657120227813721e-02 4.248052032309322934e-01 2.252661191821559994e-01 3.152737153760978850e-02 3.841759918106700256e-01 1.305692902900118801e-01 1.866268722162210125e-01 5.978403640492281346e-01
1.661970874469913006e+09 -2.172987461090087891e-01 -3.815692067146301270e-01 1.663317322731018066e+00 -2.559605836868286133e-01 5.151944756507873535e-01 8.148836493492126465e-01 7.087667286396026611e-02 4.382675679862568230e-01 2.325308069095094188e-01 3.254410902976555969e-02 3.965654209133807617e-01 1.347800660790316463e-01 1.926454690345329457e-01 6.171203319884489558e-01
1.661970874501335144e+09 -2.172987461090087891e-01 -3.815692067146301270e-01 1.663317322731018066e+00 -2.559605836868286133e-01 5.151944756507873535e-01 8.148836493492126465e-01 7.087667286396026611e-02 0.000000000000000000e+00 0.000000000000000000e+00 0.000000000000000000e+00 0.000000000000000000e+00 0.000000000000000000e+00 0.000000000000000000e+00 0.000000000000000000e+00
1.661970874531254768e+09 -2.184507250785827637e-01 -3.678431808948516846e-01 1.661822438240051270e+00 -2.614561319351196289e-01 5.180374979972839355e-01 8.103210926055908203e-01 8.159314095973968506e-02 4.630794177903648223e-01 -1.349108094210987319e-01 -5.478332232019179626e-01 2.508390742751197555e-01 -4.487541202243307548e-01 -9.580267120342224330e-02 -2.810467375789839628e-01
1.661970874563169479e+09 -2.194857448339462280e-01 -3.540748655796051025e-01 1.660140395164489746e+00 -2.669791281223297119e-01 5.208042263984680176e-01 8.055919408798217773e-01 9.223171323537826538e-02 4.358254418099817840e-01 -1.264771200946699647e-01 -5.135864847307407555e-01 2.351583528233477383e-01 -4.207011209860430090e-01 -8.981375179037524858e-02 -2.634776422550564323e-01
1.661970874593593597e+09 -2.204025834798812866e-01 -3.402678370475769043e-01 1.658270597457885742e+00 -2.725285291671752930e-01 5.234937667846679688e-01 8.006975650787353516e-01 1.027899608016014099e-01 4.589514643265246718e-01 -1.326737139981233327e-01 -5.387490349042141080e-01 2.466796525996279854e-01 -4.413128648297263146e-01 -9.421406819838591684e-02 -2.763864114496101254e-01
1.661970874625508070e+09 -2.212000489234924316e-01 -3.264257311820983887e-01 1.656212568283081055e+00 -2.781034708023071289e-01 5.261054039001464844e-01 7.956396341323852539e-01 1.132655441761016846e-01 4.392040556743909696e-01 -1.264780649479864960e-01 -5.135903215028880808e-01 2.351601095849612522e-01 -4.207042638536946932e-01 -8.981442274826394179e-02 -2.634796105772630459e-01
1.661970874657422781e+09 -2.218770235776901245e-01 -3.125521838665008545e-01 1.653966307640075684e+00 -2.837027311325073242e-01 5.286381840705871582e-01 7.904198169708251953e-01 1.236560419201850891e-01 4.408785528507721541e-01 -1.264771200946717133e-01 -5.135864847307267667e-01 2.351583528233477383e-01 -4.207011209860430090e-01 -8.981375179037698331e-02 -2.634776422550564323e-01
1.661970874688845396e+09 -2.224324345588684082e-01 -2.986508607864379883e-01 1.651531100273132324e+00 -2.893255650997161865e-01 5.310916304588317871e-01 7.850397825241088867e-01 1.339592337608337402e-01 4.494830730281432207e-01 -1.284578234231106286e-01 -5.216295399409320854e-01 2.388410658057401603e-01 -4.272895387962586944e-01 -9.122028600761326877e-02 -2.676038513480064052e-01
1.661970874720760345e+09 -2.228652685880661011e-01 -2.847254276275634766e-01 1.648906946182250977e+00 -2.949708104133605957e-01 5.334646701812744141e-01 7.795010805130004883e-01 1.441727280616760254e-01 4.442161883390045030e-01 -1.264761752554703911e-01 -5.135826480159042529e-01 2.351565960879817840e-01 -4.206979781653484851e-01 -8.981308084251472812e-02 -2.634756739622582389e-01
1.661970874752675056e+09 -2.231745719909667969e-01 -2.707795798778533936e-01 1.646093606948852539e+00 -3.006375432014465332e-01 5.357567071914672852e-01 7.738056182861328125e-01 1.542943418025970459e-01 4.458806360671791480e-01 -1.264771200946699647e-01 -5.135864847307407555e-01 2.351583528233477383e-01 -4.207011209860430090e-01 -8.981375179037698331e-02 -2.634776422550564323e-01
1.661970874783592701e+09 -2.233594208955764771e-01 -2.568170130252838135e-01 1.643090724945068359e+00 -3.063247501850128174e-01 5.379671454429626465e-01 7.679550647735595703e-01 1.643217951059341431e-01 4.619699562993373476e-01 -1.305558945686450811e-01 -5.301491914284234275e-01 2.427420002539695254e-01 -4.342683574329625484e-01 -9.271016529141126727e-02 -2.719745615467685784e-01
1.661970874815014839e+09 -2.234190106391906738e-01 -2.428414821624755859e-01 1.639898538589477539e+00 -3.120312988758087158e-01 5.400950312614440918e-01 7.619512677192687988e-01 1.742529273033142090e-01 4.562257142802036425e-01 -1.284597727959716773e-01 -5.216374557723114647e-01 2.388446902661223448e-01 -4.272960229994666737e-01 -9.122167029348551837e-02 -2.676079122893443851e-01
1.661970874846928835e+09 -2.233525216579437256e-01 -2.288567125797271729e-01 1.636516571044921875e+00 -3.177563250064849854e-01 5.421398878097534180e-01 7.557961344718933105e-01 1.840855181217193604e-01 4.508381661446992927e-01 -1.264799546969715693e-01 -5.135979952191968012e-01 2.351636231869332905e-01 -4.207105497298737617e-01 -8.981576469411284291e-02 -2.634835473099042535e-01
1.661970874877846479e+09 -2.231592386960983276e-01 -2.148664444684982300e-01 1.632945060729980469e+00 -3.234986960887908936e-01 5.441009402275085449e-01 7.494915127754211426e-01 1.938175410032272339e-01 4.670551139380847427e-01 -1.305558945686432770e-01 -5.301491914284234275e-01 2.427420002539623367e-01 -4.342683574329625484e-01 -9.271016529141126727e-02 -2.719745615467685784e-01
1.661970874908763885e+09 -2.228384763002395630e-01 -2.008744627237319946e-01 1.629184007644653320e+00 -3.292574286460876465e-01 5.459775328636169434e-01 7.430393099784851074e-01 2.034468203783035278e-01 4.687393066109080686e-01 -1.305569013462121730e-01 -5.301532796568090289e-01 2.427438721510624953e-01 -4.342717062793842731e-01 -9.271088022285857433e-02 -2.719766588698215859e-01
1.661970874939681292e+09 -2.223896384239196777e-01 -1.868845373392105103e-01 1.625233411788940430e+00 -3.350314795970916748e-01 5.477691292762756348e-01 7.364415526390075684e-01 2.129713147878646851e-01 4.704132235751498081e-01 -1.305569013462085648e-01 -5.301532796568090289e-01 2.427438721510624953e-01 -4.342717062793842731e-01 -9.271088022286036456e-02 -2.719766588698215859e-01
1.661970874970598459e+09 -2.218121588230133057e-01 -1.729004383087158203e-01 1.621093511581420898e+00 -3.408197760581970215e-01 5.494748950004577637e-01 7.297002077102661133e-01 2.223889827728271484e-01 4.720825115026198171e-01 -1.305579081393050678e-01 -5.301573679482332047e-01 2.427457440770329766e-01 -4.342750551774536838e-01 -9.271159516533229727e-02 -2.719787562252217183e-01
1.661970875002512932e+09 -2.211055308580398560e-01 -1.589259654283523560e-01 1.616764307022094727e+00 -3.466212749481201172e-01 5.510943531990051270e-01 7.228173017501831055e-01 2.316978573799133301e-01 4.589374924048841287e-01 -1.264780649479864960e-01 -5.135903215029019586e-01 2.351601095849612522e-01 -4.207042638536946932e-01 -8.981442274826220706e-02 -2.634796105772630459e-01
1.661970875033430576e+09 -2.202693372964859009e-01 -1.449648886919021606e-01 1.612246155738830566e+00 -3.524350225925445557e-01 5.526269674301147461e-01 7.157948017120361328e-01 2.408960014581680298e-01 4.753846777791278511e-01 -1.305558945686432770e-01 -5.301491914284234275e-01 2.427420002539623367e-01 -4.342683574329625484e-01 -9.271016529141307139e-02 -2.719745615467685784e-01
1.661970875063350677e+09 -2.193031758069992065e-01 -1.310210376977920532e-01 1.607539296150207520e+00 -3.582598567008972168e-01 5.540720224380493164e-01 7.086349129676818848e-01 2.499814331531524658e-01 4.929303028225709982e-01 -1.349086593452477612e-01 -5.478244923745911876e-01 2.508350766485515360e-01 -4.487469684223286959e-01 -9.580114439463133236e-02 -2.810422585323748557e-01
1.661970875094267845e+09 -2.182067483663558960e-01 -1.170981898903846741e-01 1.602643847465515137e+00 -3.640947043895721436e-01 5.554289221763610840e-01 7.013397812843322754e-01 2.589523196220397949e-01 4.786692242805591913e-01 -1.305579081393050678e-01 -5.301573679482332047e-01 2.427457440770329766e-01 -4.342750551774572365e-01 -9.271159516533229727e-02 -2.719787562252217183e-01
1.661970875126182556e+09 -2.169797718524932861e-01 -1.032001450657844543e-01 1.597560405731201172e+00 -3.699385821819305420e-01 5.566972494125366211e-01 6.939114928245544434e-01 2.678068280220031738e-01 4.652815632394560197e-01 -1.264771200946699647e-01 -5.135864847307337611e-01 2.351583528233477383e-01 -4.207011209860395118e-01 -8.981375179037524858e-02 -2.634776422550564323e-01
1.661970875158097267e+09 -2.156220674514770508e-01 -8.933071792125701904e-02 1.592289328575134277e+00 -3.757903873920440674e-01 5.578764677047729492e-01 6.863521933555603027e-01 2.765431404113769531e-01 4.668468625528079952e-01 -1.264771200946699647e-01 -5.135864847307337611e-01 2.351583528233477383e-01 -4.207011209860447298e-01 -8.981375179037698331e-02 -2.634776422550564323e-01
1.661970875190011978e+09 -2.141334712505340576e-01 -7.549369335174560547e-02 1.586830973625183105e+00 -3.816490471363067627e-01 5.589660406112670898e-01 6.786641478538513184e-01 2.851594388484954834e-01 4.684048954388436159e-01 -1.264771200946699647e-01 -5.135864847307267667e-01 2.351583528233477383e-01 -4.207011209860430090e-01 -8.981375179037524858e-02 -2.634776422550564323e-01
1.661970875221926689e+09 -2.125139087438583374e-01 -6.169288232922554016e-02 1.581185817718505859e+00 -3.875135481357574463e-01 5.599654912948608398e-01 6.708496809005737305e-01 2.936540842056274414e-01 4.699537572552058839e-01 -1.264771200946699647e-01 -5.135864847307407555e-01 2.351583528233547049e-01 -4.207011209860430090e-01 -8.981375179037524858e-02 -2.634776422550564323e-01
1.661970875253841400e+09 -2.107633501291275024e-01 -4.793206602334976196e-02 1.575354456901550293e+00 -3.933826982975006104e-01 5.608742237091064453e-01 6.629109382629394531e-01 3.020253181457519531e-01 4.714931485065179118e-01 -1.264771200946699647e-01 -5.135864847307267667e-01 2.351583528233477383e-01 -4.207011209860412326e-01 -8.981375179037698331e-02 -2.634776422550564323e-01
1.661970875284759045e+09 -2.088818401098251343e-01 -3.421503677964210510e-02 1.569337487220764160e+00 -3.992555439472198486e-01 5.616918802261352539e-01 6.548502445220947266e-01 3.102715611457824707e-01 4.882773922540777356e-01 -1.305558945686432770e-01 -5.301491914284305329e-01 2.427420002539623367e-01 -4.342683574329625484e-01 -9.271016529141126727e-02 -2.719745615467685784e-01
1.661970875315676451e+09 -2.068694680929183960e-01 -2.054557017982006073e-02 1.563135504722595215e+00 -4.051309525966644287e-01 5.624180436134338379e-01 6.466699838638305664e-01 3.183911442756652832e-01 4.898508655544739354e-01 -1.305569013462103689e-01 -5.301532796568090289e-01 2.427438721510624953e-01 -4.342717062793842731e-01 -9.271088022286036456e-02 -2.719766588698215859e-01
1.661970875345596075e+09 -2.047263830900192261e-01 -6.927440874278545380e-03 1.556749224662780762e+00 -4.110077917575836182e-01 5.630521178245544434e-01 6.383724212646484375e-01 3.263825774192810059e-01 5.077977501517579872e-01 -1.349108094210987319e-01 -5.478332232019254011e-01 2.508390742751197555e-01 -4.487541202243307548e-01 -9.580267120342038367e-02 -2.810467375789839628e-01
1.661970875376513720e+09 -2.024528086185455322e-01 6.635589525103569031e-03 1.550179243087768555e+00 -4.168851077556610107e-01 5.635938644409179688e-01 6.299600005149841309e-01 3.342442512512207031e-01 4.929563629118646206e-01 -1.305558945686432770e-01 -5.301491914284305329e-01 2.427420002539623367e-01 -4.342683574329625484e-01 -9.271016529141307139e-02 -2.719745615467685784e-01
1.661970875407430887e+09 -2.000490128993988037e-01 2.013976871967315674e-02 1.543426394462585449e+00 -4.227617084980010986e-01 5.640427470207214355e-01 6.214351058006286621e-01 3.419746756553649902e-01 4.945027681041303524e-01 -1.305579081393050678e-01 -5.301573679482332047e-01 2.427457440770329766e-01 -4.342750551774554602e-01 -9.271159516533229727e-02 -2.719787562252217183e-01
1.661970875437350988e+09 -1.975153237581253052e-01 3.358136117458343506e-02 1.536491394042968750e+00 -4.286365509033203125e-01 5.643985271453857422e-01 6.128001809120178223e-01 3.495724797248840332e-01 5.125621950034456864e-01 -1.349086593452477612e-01 -5.478244923745838602e-01 2.508350766485515360e-01 -4.487469684223286959e-01 -9.580114439462947273e-02 -2.810422585323748557e-01
1.661970875469265938e+09 -1.948521435260772705e-01 4.695663601160049438e-02 1.529375195503234863e+00 -4.345085322856903076e-01 5.646607875823974609e-01 6.040576100349426270e-01 3.570362925529479980e-01 4.819938136568888143e-01 -1.264761752554703911e-01 -5.135826480158972585e-01 2.351565960879817840e-01 -4.206979781653484851e-01 -8.981308084251472812e-02 -2.634756739622582389e-01
1.661970875500183344e+09 -1.920599043369293213e-01 6.026188656687736511e-02 1.522078752517700195e+00 -4.403766095638275146e-01 5.648291707038879395e-01 5.952098965644836426e-01 3.643646836280822754e-01 4.990501064585151081e-01 -1.305569013462103689e-01 -5.301532796568090289e-01 2.427438721510624953e-01 -4.342717062793833849e-01 -9.271088022285857433e-02 -2.719766588698179777e-01
1.661970875530103207e+09 -1.891391128301620483e-01 7.349341362714767456e-02 1.514602780342102051e+00 -4.462396204471588135e-01 5.649033188819885254e-01 5.862596035003662109e-01 3.715563118457794189e-01 5.172353126633703058e-01 -1.349097343746067379e-01 -5.478288577534684567e-01 2.508370754459079977e-01 -4.487505442948357959e-01 -9.580190779294169012e-02 -2.810444980378373203e-01
1.661970875560023308e+09 -1.860903501510620117e-01 8.664754778146743774e-02 1.506948232650756836e+00 -4.520966410636901855e-01 5.648829936981201172e-01 5.772089958190917969e-01 3.786100745201110840e-01 5.187663970098909116e-01 -1.349086593452477612e-01 -5.478244923745838602e-01 2.508350766485515360e-01 -4.487469684223286959e-01 -9.580114439463133236e-02 -2.810422585323748557e-01
1.661970875591937780e+09 -1.829142272472381592e-01 9.972061961889266968e-02 1.499116301536560059e+00 -4.579464495182037354e-01 5.647678375244140625e-01 5.680608749389648438e-01 3.855246007442474365e-01 4.877730588564493930e-01 -1.264780649479864960e-01 -5.135903215028880808e-01 2.351601095849612522e-01 -4.207042638536946932e-01 -8.981442274826220706e-02 -2.634796105772595487e-01
1.661970875623852491e+09 -1.796114295721054077e-01 1.127090007066726685e-01 1.491108059883117676e+00 -4.637878835201263428e-01 5.645576119422912598e-01 5.588177442550659180e-01 3.922987878322601318e-01 4.891827189321349412e-01 -1.264771200946699647e-01 -5.135864847307337611e-01 2.351583528233477383e-01 -4.207011209860430090e-01 -8.981375179037698331e-02 -2.634776422550564323e-01
1.661970875655767918e+09 -1.761826872825622559e-01 1.256090551614761353e-01 1.482924342155456543e+00 -4.696198999881744385e-01 5.642521381378173828e-01 5.494819283485412598e-01 3.989312946796417236e-01 4.905770776286959567e-01 -1.264742856194207565e-01 -5.135749747581932478e-01 2.351530826959901399e-01 -4.206916926648250898e-01 -8.981173897686164920e-02 -2.634717374648846144e-01
1.661970875686684847e+09 -1.726288050413131714e-01 1.384172141551971436e-01 1.474566459655761719e+00 -4.754416048526763916e-01 5.638509392738342285e-01 5.400564074516296387e-01 4.054213762283325195e-01 5.078569126493390762e-01 -1.305589149479276789e-01 -5.301614563027262639e-01 2.427476160318745302e-01 -4.342784041271772755e-01 -9.271231011883450390e-02 -2.719808536129697529e-01
1.661970875718107224e+09 -1.689506322145462036e-01 1.511298865079879761e-01 1.466035604476928711e+00 -4.812517762184143066e-01 5.633539557456970215e-01 5.305435061454772949e-01 4.117677509784698486e-01 5.010876187377604207e-01 -1.284587981021474423e-01 -5.216334978265945166e-01 2.388428780221808767e-01 -4.272927808732631116e-01 -9.122097814529861459e-02 -2.676058818032691078e-01
1.661970875750021935e+09 -1.651490777730941772e-01 1.637435257434844971e-01 1.457332968711853027e+00 -4.870492815971374512e-01 5.627610087394714355e-01 5.209459066390991211e-01 4.179694950580596924e-01 4.947238973154953201e-01 -1.264771200946699647e-01 -5.135864847307337611e-01 2.351583528233477383e-01 -4.207011209860430090e-01 -8.981375179037524858e-02 -2.634776422550564323e-01
1.661970875779942036e+09 -1.612250953912734985e-01 1.762546002864837646e-01 1.448459625244140625e+00 -4.928329586982727051e-01 5.620719790458679199e-01 5.112661123275756836e-01 4.240256249904632568e-01 5.291516989728893838e-01 -1.349086593452477612e-01 -5.478244923745764217e-01 2.508350766485589745e-01 -4.487469684223286959e-01 -9.580114439463133236e-02 -2.810422585323748557e-01
1.661970875811856747e+09 -1.571797132492065430e-01 1.886596381664276123e-01 1.439417123794555664e+00 -4.986019730567932129e-01 5.612865090370178223e-01 5.015069842338562012e-01 4.299352169036865234e-01 4.974207849582699126e-01 -1.264771200946699647e-01 -5.135864847307337611e-01 2.351583528233477383e-01 -4.207011209860430090e-01 -8.981375179037524858e-02 -2.634776422550564323e-01
1.661970875843771458e+09 -1.530139893293380737e-01 2.009551674127578735e-01 1.430206537246704102e+00 -5.043551325798034668e-01 5.604045391082763672e-01 4.916711151599884033e-01 4.356975257396697998e-01 4.987525587861659226e-01 -1.264771200946699647e-01 -5.135864847307337611e-01 2.351583528233477383e-01 -4.207011209860412326e-01 -8.981375179037698331e-02 -2.634776422550564323e-01
1.661970875875686169e+09 -1.487290710210800171e-01 2.131377309560775757e-01 1.420829415321350098e+00 -5.100912451744079590e-01 5.594258904457092285e-01 4.817610085010528564e-01 4.413115382194519043e-01 5.000673466506364573e-01 -1.264771200946699647e-01 -5.135864847307337611e-01 2.351583528233477383e-01 -4.207011209860430090e-01 -8.981375179037524858e-02 -2.634776422550564323e-01
1.661970875906603575e+09 -1.443261355161666870e-01 2.252039313316345215e-01 1.411287069320678711e+00 -5.158093571662902832e-01 5.583505630493164062e-01 4.717796146869659424e-01 4.467766284942626953e-01 5.175436180429648925e-01 -1.305569013462103689e-01 -5.301532796568090289e-01 2.427438721510624953e-01 -4.342717062793842731e-01 -9.271088022285857433e-02 -2.719766588698215859e-01
1.661970875937520981e+09 -1.398064196109771729e-01 2.371504008769989014e-01 1.401580929756164551e+00 -5.215083956718444824e-01 5.571783185005187988e-01 4.617294371128082275e-01 4.520920515060424805e-01 5.188757202269224100e-01 -1.305569013462103689e-01 -5.301532796568018124e-01 2.427438721510624953e-01 -4.342717062793842731e-01 -9.271088022286036456e-02 -2.719766588698215859e-01
1.661970875967440844e+09 -1.351712048053741455e-01 2.489737868309020996e-01 1.391712427139282227e+00 -5.271872282028198242e-01 5.559092164039611816e-01 4.516132175922393799e-01 4.572570621967315674e-01 5.375380979955645122e-01 -1.349097343746067379e-01 -5.478288577534684567e-01 2.508370754459079977e-01 -4.487505442948349077e-01 -9.580190779294169012e-02 -2.810444980378336011e-01
1.661970875998358011e+09 -1.304218322038650513e-01 2.606707811355590820e-01 1.381683230400085449e+00 -5.328448414802551270e-01 5.545430779457092285e-01 4.414337277412414551e-01 4.622711539268493652e-01 5.215001058410628776e-01 -1.305579081393050678e-01 -5.301573679482404211e-01 2.427457440770329766e-01 -4.342750551774554602e-01 -9.271159516533408751e-02 -2.719787562252217183e-01
1.661970876029275417e+09 -1.255596876144409180e-01 2.722381353378295898e-01 1.371494650840759277e+00 -5.384801626205444336e-01 5.530799031257629395e-01 4.311936497688293457e-01 4.671336710453033447e-01 5.227886723459186369e-01 -1.305569013462103689e-01 -5.301532796568090289e-01 2.427438721510624953e-01 -4.342717062793842731e-01 -9.271088022285857433e-02 -2.719766588698215859e-01
1.661970876061190128e+09 -1.255596876144409180e-01 2.722381353378295898e-01 1.371494650840759277e+00 -5.384801626205444336e-01 5.530799031257629395e-01 4.311936497688293457e-01 4.671336710453033447e-01 0.000000000000000000e+00 0.000000000000000000e+00 0.000000000000000000e+00 0.000000000000000000e+00 0.000000000000000000e+00 0.000000000000000000e+00 0.000000000000000000e+00
1.661970876092107534e+09 -1.293000876903533936e-01 2.811352014541625977e-01 1.372485399246215820e+00 -5.370492935180664062e-01 5.515598058700561523e-01 4.331191778182983398e-01 4.687938392162322998e-01 3.138057436247295717e-01 7.518944725024397091e-02 -4.535988902926099131e-01 5.497428661496756019e-01 -2.816086288790543568e-01 7.614309610643431314e-02 2.672785955821874171e-01
1.661970876123024940e+09 -1.330860555171966553e-01 2.899748384952545166e-01 1.373348355293273926e+00 -5.356190204620361328e-01 5.500253438949584961e-01 4.350579977035522461e-01 4.704348742961883545e-01 3.122809623441161753e-01 7.518944725024487297e-02 -4.535988902926027522e-01 5.497428661496683855e-01 -2.816086288790543568e-01 7.614309610643252291e-02 2.672785955821874171e-01
1.661970876154939651e+09 -1.369170099496841431e-01 2.987549901008605957e-01 1.374083876609802246e+00 -5.341895818710327148e-01 5.484765768051147461e-01 4.370097219944000244e-01 4.720566272735595703e-01 3.010435867137337129e-01 7.283984723644108816e-02 -4.394243485468009580e-01 5.325639149386713900e-01 -2.728086221959444835e-01 7.376369545640283631e-02 2.589263890580538185e-01
1.661970876185857058e+09 -1.407923251390457153e-01 3.074737787246704102e-01 1.374692320823669434e+00 -5.327610373497009277e-01 5.469136238098144531e-01 4.389742314815521240e-01 4.736589491367340088e-01 3.092311434563489447e-01 7.518944725024397091e-02 -4.535988902926099131e-01 5.497428661496683855e-01 -2.816086288790543568e-01 7.614309610643252291e-02 2.672785955821874171e-01
1.661970876217278957e+09 -1.447113752365112305e-01 3.161291778087615967e-01 1.375174045562744141e+00 -5.313336253166198730e-01 5.453365445137023926e-01 4.409510791301727295e-01 4.752417802810668945e-01 3.027669844209446293e-01 7.398224451275779712e-02 -4.463161419534713015e-01 5.409164800383218230e-01 -2.770872669045331138e-01 7.492058207791069124e-02 2.629873091841833932e-01
1.661970876247199774e+09 -1.486735492944717407e-01 3.247193098068237305e-01 1.375529289245605469e+00 -5.299074053764343262e-01 5.437454581260681152e-01 4.429402053356170654e-01 4.768050312995910645e-01 3.163864370897593314e-01 7.769382496051702169e-02 -4.687071666770901146e-01 5.680534646540672528e-01 -2.909883277460709183e-01 7.867923754188427266e-02 2.761809958748919769e-01
1.661970876278116465e+09 -1.526781767606735229e-01 3.332422673702239990e-01 1.375758647918701172e+00 -5.284825563430786133e-01 5.421404838562011719e-01 4.449411630630493164e-01 4.783484935760498047e-01 3.046795773017109688e-01 7.519118675347412351e-02 -4.536093842749878702e-01 5.497555844170037842e-01 -2.816151438773318305e-01 7.614485767227109625e-02 2.672847790560275438e-01
1.661970876308541298e+09 -1.567245721817016602e-01 3.416961133480072021e-01 1.375862479209899902e+00 -5.270592570304870605e-01 5.405215620994567871e-01 4.469537734985351562e-01 4.798721969127655029e-01 3.080680444699890330e-01 7.640675138561635327e-02 -4.609425778065671664e-01 5.586431079898400709e-01 -2.861678238329699586e-01 7.737583965170596878e-02 2.716057897776156804e-01
1.661970876340456486e+09 -1.608120352029800415e-01 3.500789403915405273e-01 1.375841259956359863e+00 -5.256375670433044434e-01 5.388889908790588379e-01 4.489777088165283203e-01 4.813759028911590576e-01 2.922209053252027289e-01 7.283875895377245335e-02 -4.394177832131138661e-01 5.325559580290937234e-01 -2.728045462278251287e-01 7.376259337074063394e-02 2.589225205010447506e-01
1.661970876372370720e+09 -1.649398952722549438e-01 3.583889305591583252e-01 1.375695347785949707e+00 -5.242177248001098633e-01 5.372428297996520996e-01 4.510127007961273193e-01 4.828595817089080811e-01 2.907760591992082366e-01 7.284093555162936273e-02 -4.394309140766691213e-01 5.325718720860206368e-01 -2.728126982858636307e-01 7.376479757499626588e-02 2.589302577306646924e-01
1.661970876403792620e+09 -1.691073924303054810e-01 3.666242063045501709e-01 1.375425338745117188e+00 -5.227999687194824219e-01 5.355829596519470215e-01 4.530585110187530518e-01 4.843232631683349609e-01 2.938610445215326106e-01 7.398224451275779712e-02 -4.463161419534784069e-01 5.409164800383218230e-01 -2.770872669045331138e-01 7.492058207791069124e-02 2.629873091841851696e-01
1.661970876434710026e+09 -1.733138114213943481e-01 3.747829198837280273e-01 1.375031828880310059e+00 -5.213842988014221191e-01 5.339096188545227051e-01 4.551149010658264160e-01 4.857667088508605957e-01 2.971684456511329286e-01 7.518944725024487297e-02 -4.535988902926027522e-01 5.497428661496756019e-01 -2.816086288790543568e-01 7.614309610643431314e-02 2.672785955821874171e-01
1.661970876465627670e+09 -1.775583922863006592e-01 3.828632235527038574e-01 1.374515295028686523e+00 -5.199708938598632812e-01 5.322229862213134766e-01 4.571814835071563721e-01 4.871898591518402100e-01 2.956859614103599654e-01 7.518886743371958059e-02 -4.535953924063818032e-01 5.497386268579909085e-01 -2.816064572799482635e-01 7.614250893593246805e-02 2.672765344878184068e-01
1.661970876497050047e+09 -1.818403452634811401e-01 3.908633291721343994e-01 1.373876333236694336e+00 -5.185599327087402344e-01 5.305231213569641113e-01 4.592581093311309814e-01 4.885927140712738037e-01 2.894890020718952073e-01 7.398112182609357934e-02 -4.463093690691966597e-01 5.409082715861037727e-01 -2.770830620823940826e-01 7.491944515189562226e-02 2.629833183300644972e-01
1.661970876527966976e+09 -1.861588954925537109e-01 3.987814486026763916e-01 1.373115539550781250e+00 -5.171514749526977539e-01 5.288100838661193848e-01 4.613443911075592041e-01 4.899750947952270508e-01 2.927606238767704316e-01 7.519060691012059705e-02 -4.536058862269045644e-01 5.497513449291804299e-01 -2.816129721777417827e-01 7.614427047460073372e-02 2.672827178662912639e-01
1.661970876557887316e+09 -1.905132383108139038e-01 4.066157937049865723e-01 1.372233510017395020e+00 -5.157458186149597168e-01 5.270839929580688477e-01 4.634401500225067139e-01 4.913370013236999512e-01 3.010126258055151882e-01 7.769506315845256528e-02 -4.687146364116082653e-01 5.680625176595923698e-01 -2.909929651950207696e-01 7.868049144423350238e-02 2.761853973410201002e-01
1.661970876588804722e+09 -1.949025690555572510e-01 4.143646359443664551e-01 1.371230959892272949e+00 -5.143429636955261230e-01 5.253449082374572754e-01 4.655450582504272461e-01 4.926783442497253418e-01 2.898662688469718640e-01 7.518944725024397091e-02 -4.535988902926099131e-01 5.497428661496683855e-01 -2.816086288790543568e-01 7.614309610643252291e-02 2.672785955821874171e-01
1.661970876618724585e+09 -1.993260383605957031e-01 4.220261871814727783e-01 1.370108485221862793e+00 -5.129430890083312988e-01 5.235930085182189941e-01 4.676588177680969238e-01 4.939991235733032227e-01 2.980547570462614981e-01 7.769630139585478878e-02 -4.687221063842114122e-01 5.680715709536867664e-01 -2.909976027917822727e-01 7.868174538654812422e-02 2.761897989474418336e-01
1.661970876649641752e+09 -2.037828117609024048e-01 4.295987784862518311e-01 1.368866920471191406e+00 -5.115463137626647949e-01 5.218284130096435547e-01 4.697811305522918701e-01 4.952991008758544922e-01 2.870260467614563771e-01 7.519002707571090238e-02 -4.536023882327861467e-01 5.497471055067322254e-01 -2.816108005116531032e-01 7.614368328598854208e-02 2.672806567083447771e-01
1.661970876679562092e+09 -2.082720249891281128e-01 4.370806515216827393e-01 1.367506980895996094e+00 -5.101528763771057129e-01 5.200511217117309570e-01 4.719118475914001465e-01 4.965783953666687012e-01 2.951396717093838773e-01 7.769506315845256528e-02 -4.687146364116008268e-01 5.680625176595923698e-01 -2.909929651950207696e-01 7.868049144423350238e-02 2.761853973410201002e-01
1.661970876711476564e+09 -2.127928137779235840e-01 4.444701969623565674e-01 1.366029262542724609e+00 -5.087628364562988281e-01 5.182613730430603027e-01 4.740505516529083252e-01 4.978369176387786865e-01 2.753567241487143158e-01 7.284039138996920015e-02 -4.394276312872110180e-01 5.325678934826273414e-01 -2.728106602256787361e-01 7.376424651158369761e-02 2.589283233799061223e-01
1.661970876743391275e+09 -2.173442691564559937e-01 4.517656862735748291e-01 1.364434599876403809e+00 -5.073763728141784668e-01 5.164591670036315918e-01 4.761971235275268555e-01 4.990745484828948975e-01 2.740256029047412056e-01 7.283984723644108816e-02 -4.394243485468009580e-01 5.325639149386748317e-01 -2.728086221959444835e-01 7.376369545640108771e-02 2.589263890580555394e-01
1.661970876775305986e+09 -2.219254970550537109e-01 4.589655101299285889e-01 1.362723827362060547e+00 -5.059937238693237305e-01 5.146448016166687012e-01 4.783512055873870850e-01 5.002912878990173340e-01 2.727129245180190953e-01 7.283984723644021386e-02 -4.394243485467940191e-01 5.325639149386713900e-01 -2.728086221959444835e-01 7.376369545640283631e-02 2.589263890580555394e-01
1.661970876807220936e+09 -2.265356034040451050e-01 4.660680294036865234e-01 1.360897660255432129e+00 -5.046147704124450684e-01 5.128182768821716309e-01 4.805125296115875244e-01 5.014870762825012207e-01 2.714151942649886684e-01 7.283930309104223733e-02 -4.394210658554379423e-01 5.325599364541652170e-01 -2.728065841966567096e-01 7.376314440945345996e-02 2.589244547651020079e-01
1.661970876839135408e+09 -2.311736196279525757e-01 4.730716645717620850e-01 1.358957171440124512e+00 -5.032396912574768066e-01 5.109795331954956055e-01 4.826806187629699707e-01 5.026620030403137207e-01 2.701390537294030003e-01 7.284039138996920015e-02 -4.394276312872075207e-01 5.325678934826273414e-01 -2.728106602256787361e-01 7.376424651158369761e-02 2.589283233799096196e-01
1.661970876871049881e+09 -2.358386516571044922e-01 4.799748361110687256e-01 1.356902956962585449e+00 -5.018688440322875977e-01 5.091289877891540527e-01 4.848555326461791992e-01 5.038158893585205078e-01 2.688795128483547625e-01 7.284039138997007445e-02 -4.394276312872075207e-01 5.325678934826238997e-01 -2.728106602256787361e-01 7.376424651158196288e-02 2.589283233799096196e-01
1.661970876902964830e+09 -2.405297011137008667e-01 4.867759644985198975e-01 1.354736089706420898e+00 -5.005021691322326660e-01 5.072665810585021973e-01 4.870368540287017822e-01 5.049487352371215820e-01 2.676320685174519709e-01 7.283930309104136303e-02 -4.394210658554379423e-01 5.325599364541652170e-01 -2.728065841966602068e-01 7.376314440945520856e-02 2.589244547650985107e-01
1.661970876933881998e+09 -2.452458441257476807e-01 4.934735298156738281e-01 1.352457404136657715e+00 -4.991399347782135010e-01 5.053925514221191406e-01 4.892242550849914551e-01 5.060605406761169434e-01 2.750076659178077865e-01 7.519002707571180444e-02 -4.536023882327825385e-01 5.497471055067286727e-01 -2.816108005116531032e-01 7.614368328598854208e-02 2.672806567083447771e-01
