1.661970877077498674e+09 1.378528122206244648e-16 -2.367949187755584717e-01 1.128897309303283691e+00 -6.125128269195556641e-01 6.125135421752929688e-01 3.533097505569458008e-01 3.533093035221099854e-01 0.000000000000000000e+00 0.000000000000000000e+00 0.000000000000000000e+00 0.000000000000000000e+00 0.000000000000000000e+00 0.000000000000000000e+00 0.000000000000000000e+00
1.661970893255059004e+09 1.378528122206244648e-16 -2.367949187755584717e-01 1.128897309303283691e+00 -6.125128269195556641e-01 6.125135421752929688e-01 3.533097505569458008e-01 3.533093035221099854e-01 0.000000000000000000e+00 0.000000000000000000e+00 0.000000000000000000e+00 0.000000000000000000e+00 0.000000000000000000e+00 0.000000000000000000e+00 0.000000000000000000e+00
1.661970893288966417e+09 -2.005393151193857193e-03 -2.278904318809509277e-01 1.139117598533630371e+00 -6.105711460113525391e-01 6.106628179550170898e-01 3.562145829200744629e-01 3.569383323192596436e-01 4.041230148480121631e-01 1.082892583182584467e-01 -3.818254836437378064e-01 5.583818240972404645e-01 -2.466860752912757859e-01 1.379613476162104557e-01 2.553727991553320087e-01
1.661970893319883108e+09 -4.089940339326858521e-03 -2.189788520336151123e-01 1.149257540702819824e+00 -6.086113452911376953e-01 6.087815165519714355e-01 3.591589927673339844e-01 3.605304360389709473e-01 4.418140922685578897e-01 1.187646077047534166e-01 -4.187613294326020807e-01 6.123968278873134219e-01 -2.705492254096785731e-01 1.513070232682091620e-01 2.800762585427551965e-01
1.661970893350800991e+09 -6.253855302929878235e-03 -2.100622355937957764e-01 1.159315824508666992e+00 -6.066337227821350098e-01 6.068695783615112305e-01 3.621423244476318359e-01 3.640850186347961426e-01 4.403474735020775355e-01 1.187600285281817381e-01 -4.187451833592571449e-01 6.123732158596330022e-01 -2.705387939124640484e-01 1.513011893620572201e-01 2.800654597141635227e-01
1.661970893381717682e+09 -8.497323840856552124e-03 -2.011426389217376709e-01 1.169291377067565918e+00 -6.046385765075683594e-01 6.049269437789916992e-01 3.651639521121978760e-01 3.676015436649322510e-01 4.388727488977043345e-01 1.187646077047525284e-01 -4.187613294326164581e-01 6.123968278873277438e-01 -2.705492254096785731e-01 1.513070232682127425e-01 2.800762585427551965e-01
1.661970893413632393e+09 -1.082050520926713943e-02 -1.922221183776855469e-01 1.179182887077331543e+00 -6.026262640953063965e-01 6.029537916183471680e-01 3.682231903076171875e-01 3.710795044898986816e-01 4.236573973506295165e-01 1.150506629277319171e-01 -4.056660438730397833e-01 5.932462741630022407e-01 -2.620887513504755462e-01 1.465754290697874884e-01 2.713178600797326312e-01
1.661970893445547104e+09 -1.322352699935436249e-02 -1.833027154207229614e-01 1.188989162445068359e+00 -6.005970835685729980e-01 6.009501218795776367e-01 3.713193535804748535e-01 3.745184242725372314e-01 4.221233556459088598e-01 1.150506629277301823e-01 -4.056660438730397833e-01 5.932462741630092351e-01 -2.620887513504738253e-01 1.465754290697909579e-01 2.713178600797308548e-01
1.661970893477462053e+09 -1.570649072527885437e-02 -1.743865013122558594e-01 1.198709011077880859e+00 -5.985514521598815918e-01 5.989158153533935547e-01 3.744518160820007324e-01 3.779177665710449219e-01 4.205428408517357108e-01 1.150498034491456018e-01 -4.056630133709089314e-01 5.932418423548337927e-01 -2.620867934332976601e-01 1.465743340874637590e-01 2.713158332170926834e-01
1.661970893507381916e+09 -1.826947182416915894e-02 -1.654755473136901855e-01 1.208341240882873535e+00 -5.964896678924560547e-01 5.968509912490844727e-01 3.776198327541351318e-01 3.812771141529083252e-01 4.468564942898204939e-01 1.227214405545025977e-01 -4.327130328611564214e-01 6.327998076343807066e-01 -2.795630055522971835e-01 1.563480587385908949e-01 2.894074470310934455e-01
1.661970893537302017e+09 -2.091251313686370850e-02 -1.565719097852706909e-01 1.217884778976440430e+00 -5.944120287895202637e-01 5.947557687759399414e-01 3.808226883411407471e-01 3.845959007740020752e-01 4.450817028172843193e-01 1.227204626476650628e-01 -4.327095847836956444e-01 6.327947651637561011e-01 -2.795607778521256859e-01 1.563468128777648347e-01 2.894051408854068086e-01
1.661970893568219185e+09 -2.363563328981399536e-02 -1.476776599884033203e-01 1.227338314056396484e+00 -5.923189520835876465e-01 5.926300287246704102e-01 3.840598165988922119e-01 3.878737688064575195e-01 4.289669389502048791e-01 1.187627759917492809e-01 -4.187548708538524900e-01 6.123873828577409695e-01 -2.705450527142621575e-01 1.513046896517645512e-01 2.800719389113868751e-01
1.661970893599137068e+09 -2.643881924450397491e-02 -1.387948691844940186e-01 1.236700773239135742e+00 -5.902108550071716309e-01 5.904737710952758789e-01 3.873303532600402832e-01 3.911102414131164551e-01 4.271547478614695637e-01 1.187600285281817381e-01 -4.187451833592499284e-01 6.123732158596257857e-01 -2.705387939124640484e-01 1.513011893620536397e-01 2.800654597141616908e-01
1.661970893630053997e+09 -2.932203374803066254e-02 -1.299255788326263428e-01 1.245971202850341797e+00 -5.880876779556274414e-01 5.882873535156250000e-01 3.906336128711700439e-01 3.943047821521759033e-01 4.253279064500062878e-01 1.187636918411881931e-01 -4.187581001183350859e-01 6.123921053361126576e-01 -2.705471390458813463e-01 1.513058564509907056e-01 2.800740987104163304e-01
1.661970893659974098e+09 -3.228520601987838745e-02 -1.210718750953674316e-01 1.255148291587829590e+00 -5.859501957893371582e-01 5.860705375671386719e-01 3.939690887928009033e-01 3.974570631980895996e-01 4.375487119763605270e-01 1.227204626476659927e-01 -4.327095847836882614e-01 6.327947651637635396e-01 -2.795607778521237985e-01 1.563468128777629751e-01 2.894051408854049212e-01
1.661970893690891504e+09 -3.532823920249938965e-02 -1.122358143329620361e-01 1.264230966567993164e+00 -5.837985873222351074e-01 5.838234424591064453e-01 3.973357975482940674e-01 4.005666971206665039e-01 4.215076298056020243e-01 1.187618601564354448e-01 -4.187516416391817708e-01 6.123826604521964700e-01 -2.705429664148203406e-01 1.513035228705320590e-01 2.800697791456714936e-01
1.661970893721808672e+09 -3.845101222395896912e-02 -1.034194603562355042e-01 1.273218274116516113e+00 5.816332697868347168e-01 -5.815461277961730957e-01 -4.007331728935241699e-01 -4.036332070827484131e-01 4.195461872446928364e-01 1.187627759917488229e-01 -4.187548708538596509e-01 6.123873828577480749e-01 -2.705450527142603812e-01 1.513046896517645512e-01 2.800719389113850988e-01
1.661970893753723860e+09 -4.165337234735488892e-02 -9.462486207485198975e-02 1.282109141349792480e+00 5.794544816017150879e-01 -5.792387723922729492e-01 -4.041604995727539062e-01 -4.066562652587890625e-01 4.044847135248367254e-01 1.150489439834018468e-01 -4.056599829140769553e-01 5.932374106128660562e-01 -2.620848355453725409e-01 1.465732391214964181e-01 2.713138063847320702e-01
1.661970893784641266e+09 -4.493513703346252441e-02 -8.585408329963684082e-02 1.290902376174926758e+00 5.772626996040344238e-01 -5.769012570381164551e-01 -4.076169431209564209e-01 -4.096353948116302490e-01 4.154913394707686058e-01 1.187618601564354448e-01 -4.187516416391889318e-01 6.123826604522107919e-01 -2.705429664148203406e-01 1.513035228705338631e-01 2.800697791456714936e-01
1.661970893815558434e+09 -4.829609766602516174e-02 -7.710917294025421143e-02 1.299597024917602539e+00 5.750581026077270508e-01 -5.745338797569274902e-01 -4.111018478870391846e-01 -4.125704169273376465e-01 4.134106958600045623e-01 1.187627759917497250e-01 -4.187548708538524900e-01 6.123873828577480749e-01 -2.705450527142621575e-01 1.513046896517645512e-01 2.800719389113868751e-01
1.661970893846475840e+09 -5.173601582646369934e-02 -6.839217245578765869e-02 1.308192253112792969e+00 5.728411674499511719e-01 -5.721365213394165039e-01 -4.146144092082977295e-01 -4.154607951641082764e-01 4.112898967536395833e-01 1.187618601564354448e-01 -4.187516416391889318e-01 6.123826604521964700e-01 -2.705429664148185642e-01 1.513035228705320590e-01 2.800697791456714936e-01
1.661970893877393007e+09 -5.525463074445724487e-02 -5.970513820648193359e-02 1.316686749458312988e+00 5.706123113632202148e-01 -5.697093009948730469e-01 -4.181539714336395264e-01 -4.183062911033630371e-01 4.091311762654391004e-01 1.187627759917492809e-01 -4.187548708538524900e-01 6.123873828577480749e-01 -2.705450527142612693e-01 1.513046896517627471e-01 2.800719389113850988e-01
1.661970893907313108e+09 -5.885164439678192139e-02 -5.105009675025939941e-02 1.325079798698425293e+00 5.683717131614685059e-01 -5.672524571418762207e-01 -4.217197597026824951e-01 -4.211065173149108887e-01 4.204997814933861267e-01 1.227204626476650628e-01 -4.327095847836882614e-01 6.327947651637486626e-01 -2.795607778521247422e-01 1.563468128777629751e-01 2.894051408854058649e-01
1.661970893939227819e+09 -6.252674013376235962e-02 -4.242908209562301636e-02 1.333370327949523926e+00 5.661197900772094727e-01 -5.647659301757812500e-01 -4.253111183643341064e-01 -4.238612651824951172e-01 3.920586251679478718e-01 1.150506629277314868e-01 -4.056660438730397833e-01 5.932462741630161185e-01 -2.620887513504755462e-01 1.465754290697892370e-01 2.713178600797334639e-01
1.661970893970145226e+09 -6.627957522869110107e-02 -3.384411707520484924e-02 1.341557383537292480e+00 5.638569593429565430e-01 -5.622498989105224609e-01 -4.289270639419555664e-01 -4.265700876712799072e-01 4.024399149961634392e-01 1.187618601564358889e-01 -4.187516416391889318e-01 6.123826604522036865e-01 -2.705429664148194524e-01 1.513035228705338631e-01 2.800697791456706054e-01
1.661970894001062155e+09 -7.010975480079650879e-02 -2.529722638428211212e-02 1.349640130996704102e+00 5.615835189819335938e-01 -5.597043037414550781e-01 -4.325670301914215088e-01 -4.292327761650085449e-01 4.001482430833075421e-01 1.187636918411877490e-01 -4.187581001183279250e-01 6.123921053361126576e-01 -2.705471390458795145e-01 1.513058564509889015e-01 2.800740987104136659e-01
1.661970894030982733e+09 -7.401689887046813965e-02 -1.679041795432567596e-02 1.357617497444152832e+00 5.592998266220092773e-01 -5.571295022964477539e-01 -4.362302720546722412e-01 -4.318490922451019287e-01 4.110610603783426131e-01 1.227185068807458285e-01 -4.327026887936202826e-01 6.327846804636036993e-01 -2.795563225582859967e-01 1.563443212156720996e-01 2.894005287042854535e-01
1.661970894062896967e+09 -7.800056040287017822e-02 -8.325692266225814819e-03 1.365488767623901367e+00 5.570062398910522461e-01 -5.545254349708557129e-01 -4.399159252643585205e-01 -4.344187378883361816e-01 3.830930401319255219e-01 1.150523819234273437e-01 -4.056721050131116835e-01 5.932551379780096612e-01 -2.620926672725914508e-01 1.465776190835229864e-01 2.713219138958681831e-01
1.661970894094811916e+09 -8.206029236316680908e-02 9.495335689280182123e-05 1.373252987861633301e+00 5.547030568122863770e-01 -5.518922805786132812e-01 -4.436233043670654297e-01 -4.369413852691650391e-01 3.807629139674822416e-01 1.150498034491460320e-01 -4.056630133709158703e-01 5.932418423548407871e-01 -2.620867934332976601e-01 1.465743340874637590e-01 2.713158332170917952e-01
1.661970894126233339e+09 -8.619560301303863525e-02 8.469533175230026245e-03 1.380909204483032227e+00 5.523907542228698730e-01 -5.492301583290100098e-01 -4.473516345024108887e-01 -4.394169151782989502e-01 3.843531074811367132e-01 1.168568547131899754e-01 -4.120346353912263115e-01 6.025597063491467953e-01 -2.662033086915991387e-01 1.488765312903156113e-01 2.755773061155390447e-01
1.661970894158147812e+09 -9.040597826242446899e-02 1.679607108235359192e-02 1.388456821441650391e+00 5.500696897506713867e-01 -5.465391874313354492e-01 -4.511001408100128174e-01 -4.418449401855468750e-01 3.760376179458402857e-01 1.150515224191584890e-01 -4.056690744204287657e-01 5.932507060374005992e-01 -2.620907092969060326e-01 1.465765240684766824e-01 2.713198869726578533e-01
1.661970894190062761e+09 -9.469088166952133179e-02 2.507260069251060486e-02 1.395894765853881836e+00 5.477399826049804688e-01 -5.438195466995239258e-01 -4.548681676387786865e-01 -4.442254900932312012e-01 3.736214041000032737e-01 1.150498034491456018e-01 -4.056630133709228647e-01 5.932418423548337927e-01 -2.620867934332959392e-01 1.465743340874637590e-01 2.713158332170909071e-01
1.661970894221976995e+09 -9.904975444078445435e-02 3.329716622829437256e-02 1.403222441673278809e+00 5.454022884368896484e-01 -5.410712361335754395e-01 -4.586547315120697021e-01 -4.465581178665161133e-01 3.711960470676503587e-01 1.150523819234273437e-01 -4.056721050131047446e-01 5.932551379780096612e-01 -2.620926672725922835e-01 1.465776190835212378e-01 2.713219138958672949e-01
1.661970894252894640e+09 -1.034819930791854858e-01 4.146781936287879944e-02 1.410438895225524902e+00 5.430567860603332520e-01 -5.382945537567138672e-01 -4.624592065811157227e-01 -4.488427639007568359e-01 3.806181570152158411e-01 1.187609443352459215e-01 -4.187484124743146019e-01 6.123779381194991434e-01 -2.705408801475551739e-01 1.513023561072964207e-01 2.800676194132621366e-01
1.661970894283813238e+09 -1.079869791865348816e-01 4.958263039588928223e-02 1.417543530464172363e+00 5.407038331031799316e-01 -5.354895591735839844e-01 -4.662808477878570557e-01 -4.510792195796966553e-01 3.780408887922637184e-01 1.187572811917315951e-01 -4.187354963128661067e-01 6.123590495169755066e-01 -2.705325354002438565e-01 1.512976892342960955e-01 2.800589808167150419e-01
1.661970894315727949e+09 -1.125640794634819031e-01 5.763967707753181458e-02 1.424535512924194336e+00 5.383439064025878906e-01 -5.326563715934753418e-01 -4.701188504695892334e-01 -4.532673358917236328e-01 3.637302155147865701e-01 1.150506629277314868e-01 -4.056660438730327889e-01 5.932462741630161185e-01 -2.620887513504755462e-01 1.465754290697909579e-01 2.713178600797343520e-01
1.661970894345647335e+09 -1.172126159071922302e-01 6.563705205917358398e-02 1.431414008140563965e+00 5.359773039817810059e-01 -5.297952294349670410e-01 -4.739724695682525635e-01 -4.554069042205810547e-01 3.852814548020122576e-01 1.227233964149307827e-01 -4.327199291809381010e-01 6.328098928166993042e-01 -2.795674610591569187e-01 1.563505505198140577e-01 2.894120594327304619e-01
1.661970894377562284e+09 -1.219318956136703491e-01 7.357285171747207642e-02 1.438178539276123047e+00 5.336042642593383789e-01 -5.269063115119934082e-01 -4.778409004211425781e-01 -4.574978351593017578e-01 3.586358919003023726e-01 1.150498034491456018e-01 -4.056630133709158703e-01 5.932418423548337927e-01 -2.620867934332959392e-01 1.465743340874637590e-01 2.713158332170926834e-01
1.661970894409476519e+09 -1.267211884260177612e-01 8.144519478082656860e-02 1.444828271865844727e+00 5.312253832817077637e-01 -5.239896178245544434e-01 -4.817233979701995850e-01 -4.595400691032409668e-01 3.560649621227135464e-01 1.150523819234269135e-01 -4.056721050131116835e-01 5.932551379780096612e-01 -2.620926672725922835e-01 1.465776190835229864e-01 2.713219138958672949e-01
1.661970894441390991e+09 -1.315797567367553711e-01 8.925221860408782959e-02 1.451362609863281250e+00 5.288407802581787109e-01 -5.210454463958740234e-01 -4.856191575527191162e-01 -4.615333378314971924e-01 3.534647737208673202e-01 1.150515224191580588e-01 -4.056690744204287657e-01 5.932507060374005992e-01 -2.620907092969069208e-01 1.465765240684749338e-01 2.713198869726578533e-01
1.661970894473305702e+09 -1.365068107843399048e-01 9.699206054210662842e-02 1.457780838012695312e+00 5.264509320259094238e-01 -5.180740952491760254e-01 -4.895275235176086426e-01 -4.634776413440704346e-01 3.508439411007227005e-01 1.150506629277310566e-01 -4.056660438730397833e-01 5.932462741630161185e-01 -2.620887513504738253e-01 1.465754290697892370e-01 2.713178600797326312e-01
1.661970894505220413e+09 -1.415015757083892822e-01 1.046628877520561218e-01 1.464082360267639160e+00 5.240561366081237793e-01 -5.150753855705261230e-01 -4.934476017951965332e-01 -4.653728902339935303e-01 3.482088753267543191e-01 1.150506629277319171e-01 -4.056660438730327889e-01 5.932462741630092351e-01 -2.620887513504738253e-01 1.465754290697909579e-01 2.713178600797326312e-01
1.661970894536138058e+09 -1.465632170438766479e-01 1.122628673911094666e-01 1.470266580581665039e+00 5.216568708419799805e-01 -5.120497941970825195e-01 -4.973787069320678711e-01 -4.672188460826873779e-01 3.567008193139049599e-01 1.187609443352463656e-01 -4.187484124743146019e-01 6.123779381194991434e-01 -2.705408801475551739e-01 1.513023561072964207e-01 2.800676194132621366e-01
1.661970894567055464e+09 -1.516908854246139526e-01 1.197901889681816101e-01 1.476332902908325195e+00 5.192533135414123535e-01 -5.089974999427795410e-01 -5.013201236724853516e-01 -4.690157771110534668e-01 3.539497722104621991e-01 1.187618601564354448e-01 -4.187516416391889318e-01 6.123826604522036865e-01 -2.705429664148203406e-01 1.513035228705320590e-01 2.800697791456714936e-01
1.661970894598969936e+09 -1.568837165832519531e-01 1.272430717945098877e-01 1.482280850410461426e+00 5.168459415435791016e-01 -5.059186220169067383e-01 -5.052709579467773438e-01 -4.707632958889007568e-01 3.402115386024543997e-01 1.150515224191580588e-01 -4.056690744204287657e-01 5.932507060374005992e-01 -2.620907092969051444e-01 1.465765240684749338e-01 2.713198869726578533e-01
1.661970894630391836e+09 -1.621408164501190186e-01 1.346197277307510376e-01 1.488109707832336426e+00 5.144350528717041016e-01 -5.028131008148193359e-01 -5.092304348945617676e-01 -4.724614918231964111e-01 3.428060356260780872e-01 1.168550813738671867e-01 -4.120283826367493463e-01 6.025505623171216740e-01 -2.661992689731219608e-01 1.488742720423863186e-01 2.755731241437178736e-01
1.661970894662306547e+09 -1.674612611532211304e-01 1.419183909893035889e-01 1.493819117546081543e+00 -5.120210647583007812e-01 4.996814727783203125e-01 5.131979584693908691e-01 4.741103351116180420e-01 3.348070153334981036e-01 1.150506629277310566e-01 -4.056660438730327889e-01 5.932462741630092351e-01 -2.620887513504755462e-01 1.465754290697892370e-01 2.713178600797326312e-01
1.661970894693223953e+09 -1.728440970182418823e-01 1.491373479366302490e-01 1.499408364295959473e+00 -5.096042752265930176e-01 4.965240359306335449e-01 5.171726346015930176e-01 4.757098257541656494e-01 3.428000275166294686e-01 1.187618601564363469e-01 -4.187516416391889318e-01 6.123826604522107919e-01 -2.705429664148185642e-01 1.513035228705320590e-01 2.800697791456696617e-01
1.661970894724645376e+09 -1.782883852720260620e-01 1.562748402357101440e-01 1.504877209663391113e+00 -5.071849822998046875e-01 4.933406412601470947e-01 5.211538076400756836e-01 4.772599935531616211e-01 3.345339804037988363e-01 1.168568547131904195e-01 -4.120346353912192061e-01 6.025597063491467953e-01 -2.662033086916000268e-01 1.488765312903156113e-01 2.755773061155408210e-01
1.661970894756560087e+09 -1.837931126356124878e-01 1.633291691541671753e-01 1.510225057601928711e+00 -5.047637224197387695e-01 4.901317954063415527e-01 5.251406431198120117e-01 4.787607192993164062e-01 3.266284732072429753e-01 1.150506629277310566e-01 -4.056660438730397833e-01 5.932462741630092351e-01 -2.620887513504738253e-01 1.465754290697909579e-01 2.713178600797326312e-01
1.661970894788474798e+09 -1.893572807312011719e-01 1.702986657619476318e-01 1.515451550483703613e+00 -5.023405551910400391e-01 4.868975281715393066e-01 5.291324257850646973e-01 4.802120923995971680e-01 3.238892281017757835e-01 1.150506629277310566e-01 -4.056660438730327889e-01 5.932462741630092351e-01 -2.620887513504755462e-01 1.465754290697892370e-01 2.713178600797326312e-01
1.661970894819898129e+09 -1.893572807312011719e-01 1.702986657619476318e-01 1.515451550483703613e+00 -5.023405551910400391e-01 4.868975281715393066e-01 5.291324257850646973e-01 4.802120923995971680e-01 0.000000000000000000e+00 0.000000000000000000e+00 0.000000000000000000e+00 0.000000000000000000e+00 0.000000000000000000e+00 0.000000000000000000e+00 0.000000000000000000e+00
1.661970894851812601e+09 -1.778954714536666870e-01 1.927900612354278564e-01 1.487417459487915039e+00 5.104480981826782227e-01 -5.006313323974609375e-01 -5.100464820861816406e-01 -4.781877994537353516e-01 1.182053374468407858e+00 -3.396353812164019659e-01 -7.749720330401885793e-01 -5.248831263779207140e-02 -3.802538759075160812e-01 -6.375740149699044013e-01 1.402041019084013518e-01
1.661970894883727551e+09 -1.657514572143554688e-01 2.142632007598876953e-01 1.458940744400024414e+00 5.181216001510620117e-01 -5.141390562057495117e-01 -4.906818866729736328e-01 -4.758596122264862061e-01 1.180518893693915938e+00 -3.396303067678139720e-01 -7.749604542826190601e-01 -5.248752841665068475e-02 -3.802481945832166255e-01 -6.375644890584760693e-01 1.402020071369290966e-01
1.661970894915148973e+09 -1.529570072889328003e-01 2.346957623958587646e-01 1.430055737495422363e+00 -5.253625512123107910e-01 5.274062156677246094e-01 4.710517227649688721e-01 4.732303321361541748e-01 1.197385146272571310e+00 -3.449647737269330716e-01 -7.871325156552920754e-01 -5.331193360231129691e-02 -3.862206339970422619e-01 -6.475785149961428289e-01 1.424041161942522504e-01
1.661970894947063923e+09 -1.395447999238967896e-01 2.540675103664398193e-01 1.400797009468078613e+00 -5.321732163429260254e-01 5.404183864593505859e-01 4.511700868606567383e-01 4.703033566474914551e-01 1.177074589627496559e+00 -3.396303067678139720e-01 -7.749604542826190601e-01 -5.248752841665068475e-02 -3.802481945832166255e-01 -6.375644890584742930e-01 1.402020071369290966e-01
1.661970894977981806e+09 -1.255482733249664307e-01 2.723602950572967529e-01 1.371198892593383789e+00 -5.385558605194091797e-01 5.531615614891052246e-01 4.310503005981445312e-01 4.670819938182830811e-01 1.213031409432934193e+00 -3.505829972026801022e-01 -7.999520459806646056e-01 -5.418019140633571068e-02 -3.925107656220683250e-01 -6.581252174203738869e-01 1.447233621276898807e-01
1.661970895008898258e+09 -1.255482733249664307e-01 2.723602950572967529e-01 1.371198892593383789e+00 -5.385558605194091797e-01 5.531615614891052246e-01 4.310503005981445312e-01 4.670819938182830811e-01 0.000000000000000000e+00 0.000000000000000000e+00 0.000000000000000000e+00 0.000000000000000000e+00 0.000000000000000000e+00 0.000000000000000000e+00 0.000000000000000000e+00
1.661970895040813208e+09 -1.295682638883590698e-01 2.819103300571441650e-01 1.372267365455627441e+00 -5.370165109634399414e-01 5.515253543853759766e-01 4.331246018409729004e-01 4.688670039176940918e-01 3.263855846151729745e-01 7.824230647792033977e-02 -4.717688968108965653e-01 5.721540765582486809e-01 -2.928358423874639627e-01 7.933533610230955602e-02 2.779788789410363448e-01
1.661970895072727442e+09 -1.336407512426376343e-01 2.913938164710998535e-01 1.373188614845275879e+00 -5.354777574539184570e-01 5.498725771903991699e-01 4.352140426635742188e-01 4.706298410892486572e-01 3.246816871915104707e-01 7.824406002959027884e-02 -4.717794700055468748e-01 5.721668995664340729e-01 -2.928424053685869666e-01 7.933711415075124507e-02 2.779851089507209272e-01
1.661970895104642630e+09 -1.377650052309036255e-01 3.008083105087280273e-01 1.373962998390197754e+00 -5.339400172233581543e-01 5.482032895088195801e-01 4.373185634613037109e-01 4.723703265190124512e-01 3.229612256733468967e-01 7.824172197816242624e-02 -4.717653725179848934e-01 5.721498023499036467e-01 -2.928336547924602629e-01 7.933474343720592348e-02 2.779768023331943838e-01
1.661970895136557341e+09 -1.419402658939361572e-01 3.101513981819152832e-01 1.374590873718261719e+00 -5.324032902717590332e-01 5.465176701545715332e-01 4.394375383853912354e-01 4.740883409976959229e-01 3.212568623893567454e-01 7.824289098641039331e-02 -4.717724211564576775e-01 5.721583508304476373e-01 -2.928380300151525173e-01 7.933592877626818862e-02 2.779809555799014342e-01
1.661970895168471813e+09 -1.461657583713531494e-01 3.194206655025482178e-01 1.375072956085205078e+00 -5.308678746223449707e-01 5.448158383369445801e-01 4.415707588195800781e-01 4.757837951183319092e-01 3.195527676712670018e-01 7.824347550363364157e-02 -4.717759455546693959e-01 5.721626251665089535e-01 -2.928402176755265929e-01 7.933652145908201558e-02 2.779830322498006989e-01
1.661970895200386524e+09 -1.504406780004501343e-01 3.286137580871582031e-01 1.375409483909606934e+00 -5.293339490890502930e-01 5.430977940559387207e-01 4.437179565429687500e-01 4.774565398693084717e-01 3.178477761459300721e-01 7.824289098641039331e-02 -4.717724211564576775e-01 5.721583508304476373e-01 -2.928380300151525173e-01 7.933592877626818862e-02 2.779809555799031551e-01
1.661970895232300997e+09 -1.547642052173614502e-01 3.377282917499542236e-01 1.375600934028625488e+00 -5.278016328811645508e-01 5.413637757301330566e-01 4.458786547183990479e-01 4.791063666343688965e-01 3.161515489606245288e-01 7.824347550363364157e-02 -4.717759455546693959e-01 5.721626251665089535e-01 -2.928402176755265929e-01 7.933652145908028086e-02 2.779830322497989226e-01
1.661970895262221098e+09 -1.591354906558990479e-01 3.467618823051452637e-01 1.375648021697998047e+00 -5.262712240219116211e-01 5.396137833595275879e-01 4.480525553226470947e-01 4.807332754135131836e-01 3.354180411518644100e-01 8.345891745773326154e-02 -5.032229134142069960e-01 6.103010250861692354e-01 -3.123599430875445560e-01 8.462482211094761453e-02 2.965124285936029391e-01
1.661970895294136286e+09 -1.635536551475524902e-01 3.557122647762298584e-01 1.375551223754882812e+00 -5.247428417205810547e-01 5.378479957580566406e-01 4.502393901348114014e-01 4.823370277881622314e-01 3.127642051477958485e-01 7.824172197816416097e-02 -4.717653725179918323e-01 5.721498023499105301e-01 -2.928336547924602629e-01 7.933474343720592348e-02 2.779768023331943838e-01
1.661970895326050758e+09 -1.680178344249725342e-01 3.645770847797393799e-01 1.375311255455017090e+00 -5.232165455818176270e-01 5.360665917396545410e-01 4.524388015270233154e-01 4.839175939559936523e-01 3.110914279017850115e-01 7.824347550363276727e-02 -4.717759455546763903e-01 5.721626251665020702e-01 -2.928402176755265929e-01 7.933652145908201558e-02 2.779830322498006989e-01
1.661970895357965231e+09 -1.725271046161651611e-01 3.733541071414947510e-01 1.374928712844848633e+00 -5.216926932334899902e-01 5.342695116996765137e-01 4.546502828598022461e-01 4.854748249053955078e-01 3.094213088095362774e-01 7.824347550363364157e-02 -4.717759455546693959e-01 5.721626251665089535e-01 -2.928402176755265929e-01 7.933652145908201558e-02 2.779830322497972017e-01
1.661970895388882637e+09 -1.770805269479751587e-01 3.820410072803497314e-01 1.374404191970825195e+00 -5.201714634895324707e-01 5.324570536613464355e-01 4.568738043308258057e-01 4.870086610317230225e-01 3.176840165435015906e-01 8.076677735790382950e-02 -4.869904169282331940e-01 5.906145025113452851e-01 -3.022841266980907382e-01 8.189507334370212110e-02 2.869478065803928724e-01
1.661970895419800282e+09 -1.816771626472473145e-01 3.906355798244476318e-01 1.373738527297973633e+00 -5.186529755592346191e-01 5.306292772293090820e-01 4.591087698936462402e-01 4.885189831256866455e-01 3.159775238513802820e-01 8.076615453230999442e-02 -4.869866615463179782e-01 5.906099480417936753e-01 -3.022817956617800395e-01 8.189444181735729134e-02 2.869455938087113189e-01
1.661970895449720383e+09 -1.863160282373428345e-01 3.991356194019317627e-01 1.372932314872741699e+00 -5.171374082565307617e-01 5.287863016128540039e-01 4.613549709320068359e-01 4.900056719779968262e-01 3.247643191203223867e-01 8.345891745773419135e-02 -5.032229134142069960e-01 6.103010250861655717e-01 -3.123599430875445560e-01 8.462482211094761453e-02 2.965124285936066029e-01
1.661970895481634855e+09 -1.909961253404617310e-01 4.075388908386230469e-01 1.371986508369445801e+00 -5.156250596046447754e-01 5.269281864166259766e-01 4.636120200157165527e-01 4.914687573909759521e-01 3.028416420613683768e-01 7.824347550363276727e-02 -4.717759455546763903e-01 5.721626251665055118e-01 -2.928402176755265929e-01 7.933652145908201558e-02 2.779830322497972017e-01
1.661970895513549805e+09 -1.957164555788040161e-01 4.158432185649871826e-01 1.370901823043823242e+00 -5.141158103942871094e-01 5.250552892684936523e-01 4.658795297145843506e-01 4.929079413414001465e-01 3.012233477315601204e-01 7.824230647792033977e-02 -4.717688968108895708e-01 5.721540765582486809e-01 -2.928358423874639627e-01 7.933533610230955602e-02 2.779788789410363448e-01
1.661970895544467688e+09 -2.004759758710861206e-01 4.240464866161346436e-01 1.369679093360900879e+00 -5.126100778579711914e-01 5.231675505638122559e-01 4.681570529937744141e-01 4.943232536315917969e-01 3.092875344407515770e-01 8.076553171632179506e-02 -4.869829062223137162e-01 5.906053936424843220e-01 -3.022794646614166414e-01 8.189381030075230938e-02 2.869433810711495836e-01
1.661970895575384378e+09 -2.052736282348632812e-01 4.321465790271759033e-01 1.368319272994995117e+00 -5.111081600189208984e-01 5.212650895118713379e-01 4.704446792602539062e-01 4.957147538661956787e-01 3.076654133424144844e-01 8.076864589232146674e-02 -4.870016834215223911e-01 5.906281663414695293e-01 -3.022911200227363371e-01 8.189696798117787613e-02 2.869544451002211116e-01
1.661970895607299328e+09 -2.101083397865295410e-01 4.401413500308990479e-01 1.366823077201843262e+00 -5.096099376678466797e-01 5.193481445312500000e-01 4.727416336536407471e-01 4.970821738243103027e-01 2.964754105127221373e-01 7.824230647792033977e-02 -4.717688968108965653e-01 5.721540765582452392e-01 -2.928358423874639627e-01 7.933533610230955602e-02 2.779788789410363448e-01
1.661970895637219429e+09 -2.149790525436401367e-01 4.480287730693817139e-01 1.365191698074340820e+00 -5.081156492233276367e-01 5.174168944358825684e-01 4.750476777553558350e-01 4.984254837036132812e-01 3.145905503311837714e-01 8.345891745773326154e-02 -5.032229134142069960e-01 6.103010250861692354e-01 -3.123599430875445560e-01 8.462482211094761453e-02 2.965124285936029391e-01
1.661970895669133902e+09 -2.198846191167831421e-01 4.558067619800567627e-01 1.363425850868225098e+00 -5.066255927085876465e-01 5.154713392257690430e-01 4.773625433444976807e-01 4.997448027133941650e-01 2.934015333101733236e-01 7.824347550363364157e-02 -4.717759455546693959e-01 5.721626251665055118e-01 -2.928402176755265929e-01 7.933652145908028086e-02 2.779830322498006989e-01
1.661970895700051308e+09 -2.248239368200302124e-01 4.634733498096466064e-01 1.361526727676391602e+00 -5.051398277282714844e-01 5.135115385055541992e-01 4.796859323978424072e-01 5.010398626327514648e-01 3.013054699241277667e-01 8.076677735790382950e-02 -4.869904169282403550e-01 5.906145025113452851e-01 -3.022841266980907382e-01 8.189507334370212110e-02 2.869478065803928724e-01
1.661970895729971647e+09 -2.297958433628082275e-01 4.710264801979064941e-01 1.359495282173156738e+00 -5.036586523056030273e-01 5.115380287170410156e-01 4.820173680782318115e-01 5.023107528686523438e-01 3.097568887268434823e-01 8.345825241994417332e-02 -5.032189035101198860e-01 6.102961619360430801e-01 -3.123574540645309705e-01 8.462414778271054594e-02 2.965100658506400477e-01
1.661970895760888338e+09 -2.347992062568664551e-01 4.784642457962036133e-01 1.357332587242126465e+00 -5.021820664405822754e-01 5.095505714416503906e-01 4.843566417694091797e-01 5.035573244094848633e-01 2.982608631729266602e-01 8.076864589232146674e-02 -4.870016834215259438e-01 5.906281663414659766e-01 -3.022911200227363371e-01 8.189696798117787613e-02 2.869544451002175034e-01
1.661970895792803049e+09 -2.398328185081481934e-01 4.857846796512603760e-01 1.355039715766906738e+00 -5.007103681564331055e-01 5.075494050979614258e-01 4.867032468318939209e-01 5.047796964645385742e-01 2.874894840498037896e-01 7.824289098640951901e-02 -4.717724211564541803e-01 5.721583508304476373e-01 -2.928380300151525173e-01 7.933592877626818862e-02 2.779809555799048759e-01
1.661970895824225903e+09 -2.448955178260803223e-01 4.929859042167663574e-01 1.352617740631103516e+00 -4.992436170578002930e-01 5.055347681045532227e-01 4.890570044517517090e-01 5.059776902198791504e-01 2.905487193491919640e-01 7.946761601129688490e-02 -4.791570088545487049e-01 5.811142654397539742e-01 -2.974217827251630641e-01 8.057776296874177846e-02 2.823321525825747691e-01
