1.661970199524387360e+09 1.378528122206244648e-16 -2.367949187755584717e-01 1.128897309303283691e+00 -6.125128269195556641e-01 6.125135421752929688e-01 3.533097505569458008e-01 3.533093035221099854e-01 0.000000000000000000e+00 0.000000000000000000e+00 0.000000000000000000e+00 0.000000000000000000e+00 0.000000000000000000e+00 0.000000000000000000e+00 0.000000000000000000e+00
1.661970215185831308e+09 1.378528122206244648e-16 -2.367949187755584717e-01 1.128897309303283691e+00 -6.125128269195556641e-01 6.125135421752929688e-01 3.533097505569458008e-01 3.533093035221099854e-01 0.000000000000000000e+00 0.000000000000000000e+00 0.000000000000000000e+00 0.000000000000000000e+00 0.000000000000000000e+00 0.000000000000000000e+00 0.000000000000000000e+00
1.661970215208770037e+09 -2.041228581219911575e-03 -2.297821640968322754e-01 1.131277322769165039e+00 -6.135598421096801758e-01 6.145637631416320801e-01 3.504674732685089111e-01 3.507539629936218262e-01 3.348827342312145072e-01 1.642389060260045219e-01 -5.852383274356911524e-01 5.455047679310468522e-01 -3.700845920772777298e-01 -3.448719365109524371e-01 4.472990039162687004e-01
1.661970215239687443e+09 -4.112615715712308884e-03 -2.227279841899871826e-01 1.133565783500671387e+00 -6.145585775375366211e-01 6.166222095489501953e-01 3.475834727287292480e-01 3.482533991336822510e-01 2.490488649490050221e-01 1.218547130684234509e-01 -4.342092272279796661e-01 4.047294796469834699e-01 -2.745789829571862461e-01 -2.558728128780911049e-01 3.318671141743874675e-01
1.661970215270604849e+09 -6.214890163391828537e-03 -2.156337797641754150e-01 1.135762333869934082e+00 -6.155090332031250000e-01 6.186884045600891113e-01 3.446589112281799316e-01 3.458085358142852783e-01 2.496424902345013019e-01 1.218547130684225488e-01 -4.342092272279796661e-01 4.047294796469690925e-01 -2.745789829571844698e-01 -2.558728128780839439e-01 3.318671141743874675e-01
1.661970215301522255e+09 -8.348767645657062531e-03 -2.085009515285491943e-01 1.137866735458374023e+00 -6.164107918739318848e-01 6.207619309425354004e-01 3.416946530342102051e-01 3.434198200702667236e-01 2.502432221382663302e-01 1.218547130684225488e-01 -4.342092272279652887e-01 4.047294796469834699e-01 -2.745789829571862461e-01 -2.558728128780874966e-01 3.318671141743874675e-01
1.661970215332439184e+09 -1.051495037972927094e-02 -2.013309448957443237e-01 1.139878392219543457e+00 -6.172637343406677246e-01 6.228421926498413086e-01 3.386917412281036377e-01 3.410879969596862793e-01 2.508503001346233940e-01 1.218565924547827112e-01 -4.342159241121474333e-01 4.047357218598949258e-01 -2.745832178364298604e-01 -2.558767592488278564e-01 3.318722326184079252e-01
1.661970215364354372e+09 -1.271412335336208344e-02 -1.941251903772354126e-01 1.141797184944152832e+00 -6.180675625801086426e-01 6.249289512634277344e-01 3.356510698795318604e-01 3.388136923313140869e-01 2.435950771253447833e-01 1.180451033644636383e-01 -4.206343096565322015e-01 3.920762033451007378e-01 -2.659946719228686307e-01 -2.478733229414752104e-01 3.214917733545876732e-01
1.661970215394273996e+09 -1.494695991277694702e-02 -1.868851482868194580e-01 1.143622756004333496e+00 -6.188221573829650879e-01 6.270215511322021484e-01 3.325737416744232178e-01 3.365974724292755127e-01 2.604765715193279596e-01 1.259184141345579544e-01 -4.486895575753252485e-01 4.182266975757966687e-01 -2.837358458940732464e-01 -2.644058486245478012e-01 3.429344640677656209e-01
1.661970215426188707e+09 -1.721411570906639099e-02 -1.796122789382934570e-01 1.145354628562927246e+00 -6.195273399353027344e-01 6.291196942329406738e-01 3.294605910778045654e-01 3.344398438930511475e-01 2.447907617770902766e-01 1.180468670743608783e-01 -4.206405943466441366e-01 3.920820613490214601e-01 -2.659986461447709782e-01 -2.478770264126118339e-01 3.214965767577489530e-01
1.661970215458103657e+09 -1.951623335480690002e-02 -1.723080873489379883e-01 1.146992683410644531e+00 -6.201829314231872559e-01 6.312226653099060059e-01 3.263128995895385742e-01 3.323416113853454590e-01 2.453901554978391852e-01 1.180459852128239867e-01 -4.206374519781100330e-01 3.920791323251871519e-01 -2.659966590189735136e-01 -2.478751746632050224e-01 3.214941750382248054e-01
1.661970215489021540e+09 -2.185393683612346649e-02 -1.649740338325500488e-01 1.148536562919616699e+00 -6.207886934280395508e-01 6.333302855491638184e-01 3.231315612792968750e-01 3.303031623363494873e-01 2.539277481104101897e-01 1.218528337400345968e-01 -4.342025305503798838e-01 4.047232376266155507e-01 -2.745747482085691971e-01 -2.558688666290780955e-01 3.318619958882474963e-01
1.661970215519938707e+09 -2.422784082591533661e-02 -1.576116681098937988e-01 1.149986028671264648e+00 -6.213445067405700684e-01 6.354418992996215820e-01 3.199175596237182617e-01 3.283250927925109863e-01 2.545591455132130698e-01 1.218556527543557116e-01 -4.342125756442419271e-01 4.047326007293707284e-01 -2.745811003804793926e-01 -2.558747860482378234e-01 3.318696733766621776e-01
1.661970215551852703e+09 -2.663853578269481659e-02 -1.502224951982498169e-01 1.151340842247009277e+00 -6.218502521514892578e-01 6.375570893287658691e-01 3.166720867156982422e-01 3.264079689979553223e-01 2.472165229198043102e-01 1.180495127380251363e-01 -4.206500217339532721e-01 3.920908486831540252e-01 -2.660046077002981568e-01 -2.478825818268133307e-01 3.215037821316166777e-01
1.661970215582770348e+09 -2.908660098910331726e-02 -1.428080648183822632e-01 1.152600765228271484e+00 -6.223056316375732422e-01 6.396753191947937012e-01 3.133960366249084473e-01 3.245521783828735352e-01 2.558125590998183152e-01 1.218537733969828896e-01 -4.342058788633593736e-01 4.047263586127249346e-01 -2.745768655665498104e-01 -2.558708397383654409e-01 3.318645550115846832e-01
1.661970215613687754e+09 -3.157259896397590637e-02 -1.353699117898941040e-01 1.153765559196472168e+00 -6.227106451988220215e-01 6.417962312698364258e-01 3.100905716419219971e-01 3.227582573890686035e-01 2.564452615297412308e-01 1.218547130684234509e-01 -4.342092272279796661e-01 4.047294796469834699e-01 -2.745789829571862461e-01 -2.558728128780911049e-01 3.318671141743874675e-01
1.661970215644605160e+09 -3.409707173705101013e-02 -1.279096156358718872e-01 1.154835104942321777e+00 -6.230650544166564941e-01 6.439192891120910645e-01 3.067567944526672363e-01 3.210268616676330566e-01 2.570765066428533085e-01 1.218547130684225488e-01 -4.342092272279724496e-01 4.047294796469834699e-01 -2.745789829571862461e-01 -2.558728128780839439e-01 3.318671141743856912e-01
1.661970215675522566e+09 -3.666054829955101013e-02 -1.204287260770797729e-01 1.155809164047241211e+00 -6.233687996864318848e-01 6.460438966751098633e-01 3.033956885337829590e-01 3.193581998348236084e-01 2.577085276095792410e-01 1.218547130684234509e-01 -4.342092272279796661e-01 4.047294796469763090e-01 -2.745789829571862461e-01 -2.558728128780911049e-01 3.318671141743874675e-01
1.661970215706440449e+09 -3.926354274153709412e-02 -1.129288449883460999e-01 1.156687617301940918e+00 -6.236217021942138672e-01 6.481698155403137207e-01 3.000084161758422852e-01 3.177528679370880127e-01 2.583361569518448642e-01 1.218528337400341527e-01 -4.342025305503798838e-01 4.047232376266155507e-01 -2.745747482085691971e-01 -2.558688666290709346e-01 3.318619958882492726e-01
1.661970215737357140e+09 -4.190654307603836060e-02 -1.054115593433380127e-01 1.157470226287841797e+00 -6.238235831260681152e-01 6.502963900566101074e-01 2.965960800647735596e-01 3.162112832069396973e-01 2.589771546619664133e-01 1.218575321697016323e-01 -4.342192726316901341e-01 4.047388430385501223e-01 -2.745853353250367057e-01 -2.558787324798511564e-01 3.318747918996237667e-01
1.661970215769271851e+09 -4.459002986550331116e-02 -9.787847846746444702e-02 1.158156871795654297e+00 -6.239744424819946289e-01 6.524231433868408203e-01 2.931597232818603516e-01 3.147338032722473145e-01 2.514890477084143483e-01 1.180468670743604481e-01 -4.206405943466441366e-01 3.920820613490353934e-01 -2.659986461447709782e-01 -2.478770264126048672e-01 3.214965767577472322e-01
1.661970215801186800e+09 -4.731445387005805969e-02 -9.033121913671493530e-02 1.158747553825378418e+00 -6.240741610527038574e-01 6.545496582984924316e-01 2.897004485130310059e-01 3.133208155632019043e-01 2.520966527358055043e-01 1.180459852128248471e-01 -4.206374519781169719e-01 3.920791323251871519e-01 -2.659966590189752345e-01 -2.478751746632119890e-01 3.214941750382265817e-01
1.661970215833101273e+09 -5.008026212453842163e-02 -8.277139812707901001e-02 1.159241914749145508e+00 -6.241225004196166992e-01 6.566753983497619629e-01 2.862194776535034180e-01 3.119727373123168945e-01 2.527081371487363559e-01 1.180477489490720094e-01 -4.206437367621356782e-01 3.920849904166394673e-01 -2.660006333002548073e-01 -2.478788781896718862e-01 3.214989785131505129e-01
1.661970215865016222e+09 -5.288787558674812317e-02 -7.520066201686859131e-02 1.159640192985534668e+00 -6.241194009780883789e-01 6.588000059127807617e-01 2.827177643775939941e-01 3.106898963451385498e-01 2.533104485938055817e-01 1.180459852128244169e-01 -4.206374519781169719e-01 3.920791323251802130e-01 -2.659966590189752345e-01 -2.478751746632119890e-01 3.214941750382283026e-01
1.661970215895933151e+09 -5.573769286274909973e-02 -6.762064248323440552e-02 1.159942030906677246e+00 -6.240648031234741211e-01 6.609228849411010742e-01 2.791966497898101807e-01 3.094726204872131348e-01 2.621106767171952900e-01 1.218565924547827112e-01 -4.342159241121402169e-01 4.047357218598949258e-01 -2.745832178364307485e-01 -2.558767592488278564e-01 3.318722326184079252e-01
1.661970215926850796e+09 -5.863010138273239136e-02 -6.003300473093986511e-02 1.160147547721862793e+00 -6.239586472511291504e-01 6.630435585975646973e-01 2.756571173667907715e-01 3.083213269710540771e-01 2.627250223643244342e-01 1.218537733969819875e-01 -4.342058788633522126e-01 4.047263586127321511e-01 -2.745768655665479785e-01 -2.558708397383654409e-01 3.318645550115810750e-01
1.661970215958765745e+09 -6.156546622514724731e-02 -5.243940278887748718e-02 1.160256624221801758e+00 -6.238008141517639160e-01 6.651615500450134277e-01 2.721002995967864990e-01 3.072361350059509277e-01 2.551134198341108994e-01 1.180459852128248471e-01 -4.206374519781169719e-01 3.920791323251802130e-01 -2.659966590189752345e-01 -2.478751746632085196e-01 3.214941750382265817e-01
1.661970215989683151e+09 -6.454413384199142456e-02 -4.484150186181068420e-02 1.160269260406494141e+00 -6.235913038253784180e-01 6.672763824462890625e-01 2.685274183750152588e-01 3.062174916267395020e-01 2.639589599306274015e-01 1.218547130684225488e-01 -4.342092272279796661e-01 4.047294796469834699e-01 -2.745789829571853580e-01 -2.558728128780874966e-01 3.318671141743874675e-01
1.661970216020600080e+09 -6.756643205881118774e-02 -3.724097833037376404e-02 1.160185337066650391e+00 -6.233299374580383301e-01 6.693875789642333984e-01 2.649395465850830078e-01 3.052656054496765137e-01 2.645738096392428740e-01 1.218565924547822532e-01 -4.342159241121402169e-01 4.047357218598877648e-01 -2.745832178364298604e-01 -2.558767592488243037e-01 3.318722326184079252e-01
1.661970216052515268e+09 -7.063267379999160767e-02 -2.963951788842678070e-02 1.160005092620849609e+00 -6.230167150497436523e-01 6.714946627616882324e-01 2.613379359245300293e-01 3.043807446956634521e-01 2.568861150582191777e-01 1.180451033644644987e-01 -4.206343096565322015e-01 3.920762033451007378e-01 -2.659946719228686307e-01 -2.478733229414786798e-01 3.214917733545893941e-01
1.661970216084429741e+09 -7.374314218759536743e-02 -2.203880622982978821e-02 1.159728407859802246e+00 -6.226514577865600586e-01 6.735971570014953613e-01 2.577236592769622803e-01 3.035631179809570312e-01 2.574756823348259283e-01 1.180477489490724535e-01 -4.206437367621286838e-01 3.920849904166394673e-01 -2.660006333002556955e-01 -2.478788781896753557e-01 3.214989785131522337e-01
1.661970216116344213e+09 -7.689811289310455322e-02 -1.444054022431373596e-02 1.159355163574218750e+00 -6.222344040870666504e-01 6.756945252418518066e-01 2.540978491306304932e-01 3.028129041194915771e-01 2.580554200018578270e-01 1.180477489490720094e-01 -4.206437367621356782e-01 3.920849904166464617e-01 -2.660006333002556955e-01 -2.478788781896753557e-01 3.214989785131505129e-01
1.661970216147261620e+09 -8.009782433509826660e-02 -6.846420001238584518e-03 1.158885717391967773e+00 -6.217651367187500000e-01 6.777863502502441406e-01 2.504617571830749512e-01 3.021303117275238037e-01 2.669706866445311633e-01 1.218547130684234509e-01 -4.342092272279796661e-01 4.047294796469763090e-01 -2.745789829571862461e-01 -2.558728128780874966e-01 3.318671141743892994e-01
1.661970216178179026e+09 -8.334252238273620605e-02 7.418487221002578735e-04 1.158319950103759766e+00 -6.212438941001892090e-01 6.798720955848693848e-01 2.468165308237075806e-01 3.015155792236328125e-01 2.675593653642202585e-01 1.218547130684229929e-01 -4.342092272279724496e-01 4.047294796469834699e-01 -2.745789829571862461e-01 -2.558728128780874966e-01 3.318671141743856912e-01
1.661970216210093737e+09 -8.663240075111389160e-02 8.322555571794509888e-03 1.157657861709594727e+00 -6.206704974174499512e-01 6.819512844085693359e-01 2.431633174419403076e-01 3.009687364101409912e-01 2.597636583999344828e-01 1.180468670743604481e-01 -4.206405943466510755e-01 3.920820613490353934e-01 -2.659986461447709782e-01 -2.478770264126083644e-01 3.214965767577472322e-01
1.661970216242008686e+09 -8.996766060590744019e-02 1.589398458600044250e-02 1.156899809837341309e+00 -6.200450658798217773e-01 6.840233802795410156e-01 2.395033240318298340e-01 3.004900813102722168e-01 2.603211667926946249e-01 1.180459852128248471e-01 -4.206374519781169719e-01 3.920791323251802130e-01 -2.659966590189735136e-01 -2.478751746632085196e-01 3.214941750382265817e-01
1.661970216273923159e+09 -9.334847331047058105e-02 2.345441654324531555e-02 1.156045675277709961e+00 -6.193674206733703613e-01 6.860880255699157715e-01 2.358377128839492798e-01 3.000796139240264893e-01 2.608796865062855130e-01 1.180477489490720094e-01 -4.206437367621286838e-01 3.920849904166464617e-01 -2.660006333002565837e-01 -2.478788781896753557e-01 3.214989785131522337e-01
1.661970216305837870e+09 -9.677498042583465576e-02 3.100212849676609039e-02 1.155095696449279785e+00 -6.186376214027404785e-01 6.881446838378906250e-01 2.321675866842269897e-01 2.997374832630157471e-01 2.614262321546331758e-01 1.180468670743608783e-01 -4.206405943466510755e-01 3.920820613490284545e-01 -2.659986461447709782e-01 -2.478770264126083644e-01 3.214965767577472322e-01
1.661970216337752581e+09 -1.002473086118698120e-01 3.853539377450942993e-02 1.154049992561340332e+00 -6.178557276725769043e-01 6.901928186416625977e-01 2.284942269325256348e-01 2.994637787342071533e-01 2.619688639571782218e-01 1.180468670743600040e-01 -4.206405943466441366e-01 3.920820613490353934e-01 -2.659986461447692574e-01 -2.478770264126083644e-01 3.214965767577455114e-01
1.661970216369174719e+09 -1.037655696272850037e-01 4.605248570442199707e-02 1.152908682823181152e+00 -6.170216202735900879e-01 6.922320127487182617e-01 2.248188108205795288e-01 2.992584705352783203e-01 2.666207239942564589e-01 1.198973673048389643e-01 -4.272345475457359210e-01 3.982283315794417633e-01 -2.701684353835476227e-01 -2.517627415177606798e-01 3.265363504013253926e-01
1.661970216400092125e+09 -1.073298528790473938e-01 5.355167016386985779e-02 1.151672005653381348e+00 -6.161353588104248047e-01 6.942617893218994141e-01 2.211424708366394043e-01 2.991216778755187988e-01 2.715207013398147629e-01 1.218547130684225488e-01 -4.342092272279796661e-01 4.047294796469834699e-01 -2.745789829571844698e-01 -2.558728128780874966e-01 3.318671141743856912e-01
1.661970216431009531e+09 -1.109402254223823547e-01 6.103121861815452576e-02 1.150340080261230469e+00 -6.151969432830810547e-01 6.962816119194030762e-01 2.174663990736007690e-01 2.990534603595733643e-01 2.720618975154493469e-01 1.218547130684234509e-01 -4.342092272279724496e-01 4.047294796469763090e-01 -2.745789829571862461e-01 -2.558728128780874966e-01 3.318671141743874675e-01
1.661970216462924242e+09 -1.145967319607734680e-01 6.848938763141632080e-02 1.148913145065307617e+00 -6.142064929008483887e-01 6.982910633087158203e-01 2.137918323278427124e-01 2.990537881851196289e-01 2.640775155692924869e-01 1.180468670743600040e-01 -4.206405943466510755e-01 3.920820613490353934e-01 -2.659986461447709782e-01 -2.478770264126083644e-01 3.214965767577472322e-01
1.661970216494346380e+09 -1.182994022965431213e-01 7.592445611953735352e-02 1.147391438484191895e+00 -6.131637692451477051e-01 7.002896070480346680e-01 2.101198732852935791e-01 2.991225719451904297e-01 2.687361497785120679e-01 1.198973673048389643e-01 -4.272345475457288155e-01 3.982283315794488132e-01 -2.701684353835440699e-01 -2.517627415177606798e-01 3.265363504013236162e-01
1.661970216526261330e+09 -1.220482289791107178e-01 8.333467692136764526e-02 1.145775079727172852e+00 -6.120690703392028809e-01 7.022767663002014160e-01 2.064517885446548462e-01 2.992598414421081543e-01 2.650908130508961569e-01 1.180459852128239867e-01 -4.206374519781169719e-01 3.920791323251802130e-01 -2.659966590189752345e-01 -2.478751746632085196e-01 3.214941750382265817e-01
1.661970216557178736e+09 -1.258431971073150635e-01 9.071831405162811279e-02 1.144064426422119141e+00 -6.109223365783691406e-01 7.042520642280578613e-01 2.027886956930160522e-01 2.994656264781951904e-01 2.741567208235665687e-01 1.218547130684234509e-01 -4.342092272279796661e-01 4.047294796469834699e-01 -2.745789829571862461e-01 -2.558728128780874966e-01 3.318671141743856912e-01
1.661970216588095665e+09 -1.296842843294143677e-01 9.807363897562026978e-02 1.142259836196899414e+00 -6.097236275672912598e-01 7.062150835990905762e-01 1.991318017244338989e-01 2.997397184371948242e-01 2.746662609295040247e-01 1.218565924547818091e-01 -4.342159241121402169e-01 4.047357218598877648e-01 -2.745832178364298604e-01 -2.558767592488278564e-01 3.318722326184079252e-01
1.661970216620010614e+09 -1.335714012384414673e-01 1.053989082574844360e-01 1.140361309051513672e+00 -6.084729433059692383e-01 7.081652879714965820e-01 1.954823732376098633e-01 3.000821471214294434e-01 2.665606797360663416e-01 1.180459852128248471e-01 -4.206374519781169719e-01 3.920791323251871519e-01 -2.659966590189752345e-01 -2.478751746632085196e-01 3.214941750382265817e-01
1.661970216651925564e+09 -1.375045031309127808e-01 1.126923933625221252e-01 1.138369441032409668e+00 -6.071703433990478516e-01 7.101022005081176758e-01 1.918414533138275146e-01 3.004926741123199463e-01 2.670355638733137860e-01 1.180459852128239867e-01 -4.206374519781100330e-01 3.920791323251802130e-01 -2.659966590189735136e-01 -2.478751746632085196e-01 3.214941750382265817e-01
1.661970216683840036e+09 -1.414834558963775635e-01 1.199523657560348511e-01 1.136284232139587402e+00 -6.058160662651062012e-01 7.120253443717956543e-01 1.882103234529495239e-01 3.009712696075439453e-01 2.675090257144381867e-01 1.180477489490728837e-01 -4.206437367621356782e-01 3.920849904166464617e-01 -2.660006333002565837e-01 -2.478788781896753557e-01 3.214989785131522337e-01
1.661970216715754986e+09 -1.414834558963775635e-01 1.199523657560348511e-01 1.136284232139587402e+00 -6.058160662651062012e-01 7.120253443717956543e-01 1.882103234529495239e-01 3.009712696075439453e-01 0.000000000000000000e+00 0.000000000000000000e+00 0.000000000000000000e+00 0.000000000000000000e+00 0.000000000000000000e+00 0.000000000000000000e+00 0.000000000000000000e+00
1.661970216747669220e+09 -1.432913094758987427e-01 1.301296651363372803e-01 1.141726493835449219e+00 -6.038907766342163086e-01 7.094901204109191895e-01 1.948990672826766968e-01 3.065192401409149170e-01 3.660366508016700271e-01 7.870050252753869879e-03 -3.326493417501308891e-01 5.190886609813440966e-01 -2.016825192076484030e-01 3.680568687088323632e-01 1.238639023375896764e-01
1.661970216778586626e+09 -1.451189815998077393e-01 1.402275711297988892e-01 1.147141218185424805e+00 -6.019436717033386230e-01 7.068772315979003906e-01 2.015814930200576782e-01 3.120148181915283203e-01 3.752870402066409983e-01 8.123793631354269892e-03 -3.433745042527897584e-01 5.358249341181537950e-01 -2.081850957077752140e-01 3.799236281809877935e-01 1.278574784973825762e-01
1.661970216809504032e+09 -1.469663679599761963e-01 1.502443850040435791e-01 1.152527213096618652e+00 -5.999753475189208984e-01 7.041869759559631348e-01 2.082567512989044189e-01 3.174577653408050537e-01 3.726729342213564999e-01 8.123793631354269892e-03 -3.433745042527897584e-01 5.358249341181537950e-01 -2.081850957077770181e-01 3.799236281809949545e-01 1.278574784973825762e-01
1.661970216840421677e+09 -1.488333493471145630e-01 1.601784676313400269e-01 1.157883524894714355e+00 -5.979864597320556641e-01 7.014195322990417480e-01 2.149237841367721558e-01 3.228476345539093018e-01 3.699984190857723010e-01 8.123730985464979598e-03 -3.433718563518022848e-01 5.358208021533323873e-01 -2.081834903075109044e-01 3.799206984347914262e-01 1.278564925361635185e-01
1.661970216871338844e+09 -1.507198065519332886e-01 1.700281798839569092e-01 1.163209199905395508e+00 -5.959777235984802246e-01 6.985751986503601074e-01 2.215815782546997070e-01 3.281842172145843506e-01 3.672750114203814364e-01 8.123856278210647708e-03 -3.433771521946159533e-01 5.358290661467027816e-01 -2.081867011328014938e-01 3.799265579723841157e-01 1.278584644738045561e-01
1.661970216903253794e+09 -1.526256203651428223e-01 1.797919124364852905e-01 1.168502807617187500e+00 -5.939495563507080078e-01 6.956543326377868652e-01 2.282293289899826050e-01 3.334671258926391602e-01 3.530870991158639449e-01 7.869873874639570291e-03 -3.326418866435258970e-01 5.190770275258651534e-01 -2.016779992387414400e-01 3.680486200732547286e-01 1.238611263856170125e-01
1.661970216935168505e+09 -1.545506566762924194e-01 1.894681155681610107e-01 1.173763632774353027e+00 -5.919028520584106445e-01 6.926571726799011230e-01 2.348659485578536987e-01 3.386961817741394043e-01 3.503346691228539922e-01 7.869932666465916798e-03 -3.326443716419320018e-01 5.190809052864243656e-01 -2.016795058725339707e-01 3.680513695773710015e-01 1.238620516891160844e-01
1.661970216967083216e+09 -1.564947813749313354e-01 1.990552097558975220e-01 1.178990244865417480e+00 -5.898380875587463379e-01 6.895841360092163086e-01 2.414905130863189697e-01 3.438709378242492676e-01 3.475188425927346336e-01 7.869932666465916798e-03 -3.326443716419320018e-01 5.190809052864243656e-01 -2.016795058725322498e-01 3.680513695773710015e-01 1.238620516891160844e-01
1.661970216997003078e+09 -1.584578305482864380e-01 2.085516750812530518e-01 1.184181809425354004e+00 -5.877558588981628418e-01 6.864354014396667480e-01 2.481020390987396240e-01 3.489911854267120361e-01 3.676316664713250026e-01 8.394645013930080238e-03 -3.548227836452154116e-01 5.536896080390127928e-01 -2.151260919421593143e-01 3.925904738242522174e-01 1.321203114046569371e-01
1.661970217028918028e+09 -1.604396849870681763e-01 2.179560214281082153e-01 1.189336895942687988e+00 -5.856570601463317871e-01 6.832113265991210938e-01 2.546996474266052246e-01 3.540567159652709961e-01 3.417258472815559722e-01 7.869873874639570291e-03 -3.326418866435258970e-01 5.190770275258651534e-01 -2.016779992387431608e-01 3.680486200732582258e-01 1.238611263856170125e-01
1.661970217060832500e+09 -1.624401360750198364e-01 2.272667586803436279e-01 1.194454669952392578e+00 -5.835421681404113770e-01 6.799123287200927734e-01 2.612823545932769775e-01 3.590672016143798828e-01 3.387571385790104084e-01 7.869991459170676967e-03 -3.326468566774667401e-01 5.190847831049076877e-01 -2.016810125288338307e-01 3.680541191225574771e-01 1.238629770064402086e-01
1.661970217091750145e+09 -1.644590646028518677e-01 2.364824265241622925e-01 1.199533939361572266e+00 -5.814118385314941406e-01 6.765387654304504395e-01 2.678492069244384766e-01 3.640224635601043701e-01 3.465543254675428342e-01 8.123730985464979598e-03 -3.433718563518022848e-01 5.358208021533323873e-01 -2.081834903075109044e-01 3.799206984347914262e-01 1.278564925361671267e-01
1.661970217122667313e+09 -1.664962470531463623e-01 2.456016391515731812e-01 1.204573392868041992e+00 -5.792667865753173828e-01 6.730909347534179688e-01 2.743992507457733154e-01 3.689222037792205811e-01 3.433794377970093015e-01 8.123856278209750856e-03 -3.433771521946159533e-01 5.358290661467027816e-01 -2.081867011328014938e-01 3.799265579723841157e-01 1.278584644738045561e-01
1.661970217153584719e+09 -1.685515493154525757e-01 2.546229958534240723e-01 1.209572196006774902e+00 -5.771076083183288574e-01 6.695693135261535645e-01 2.809315919876098633e-01 3.737662434577941895e-01 3.401488214532347731e-01 8.123793631355166744e-03 -3.433745042527897584e-01 5.358249341181610115e-01 -2.081850957077752140e-01 3.799236281809914018e-01 1.278574784973789680e-01
1.661970217184502363e+09 -1.706247478723526001e-01 2.635450959205627441e-01 1.214528918266296387e+00 -5.749350786209106445e-01 6.659741401672363281e-01 2.874452769756317139e-01 3.785543739795684814e-01 3.368609412461993635e-01 8.123730985464979598e-03 -3.433718563518022848e-01 5.358208021533323873e-01 -2.081834903075091003e-01 3.799206984347878735e-01 1.278564925361671267e-01
1.661970217215419292e+09 -1.727156490087509155e-01 2.723666429519653320e-01 1.219442605972290039e+00 -5.727496743202209473e-01 6.623059511184692383e-01 2.939393520355224609e-01 3.832862973213195801e-01 3.335366603223043347e-01 8.123918926031445040e-03 -3.433798001772818131e-01 5.358331982389880066e-01 -2.081883065825921031e-01 3.799294878089599647e-01 1.278594504654334274e-01
1.661970217246336699e+09 -1.748240739107131958e-01 2.810862958431243896e-01 1.224312186241149902e+00 -5.705521702766418457e-01 6.585650444030761719e-01 3.004128634929656982e-01 3.879618942737579346e-01 3.301499597707275302e-01 8.123793631354269892e-03 -3.433745042527897584e-01 5.358249341181537950e-01 -2.081850957077752140e-01 3.799236281809949545e-01 1.278574784973789680e-01
1.661970217278251410e+09 -1.769497841596603394e-01 2.897028028964996338e-01 1.229136228561401367e+00 -5.683431625366210938e-01 6.547520160675048828e-01 3.068648874759674072e-01 3.925809264183044434e-01 3.165060478430191115e-01 7.869932666465916798e-03 -3.326443716419320018e-01 5.190809052864173712e-01 -2.016795058725322498e-01 3.680513695773675598e-01 1.238620516891195678e-01
1.661970217310166121e+09 -1.790925860404968262e-01 2.982149124145507812e-01 1.233913779258728027e+00 -5.661233663558959961e-01 6.508672237396240234e-01 3.132945895195007324e-01 3.971432447433471680e-01 3.131354666177558199e-01 7.869932666465916798e-03 -3.326443716419320018e-01 5.190809052864173712e-01 -2.016795058725357193e-01 3.680513695773675598e-01 1.238620516891126011e-01
1.661970217342081070e+09 -1.812522560358047485e-01 3.066213726997375488e-01 1.238643765449523926e+00 -5.638934373855590820e-01 6.469109654426574707e-01 3.197009861469268799e-01 4.016487300395965576e-01 3.097172440813107941e-01 7.869873874639570291e-03 -3.326418866435258970e-01 5.190770275258651534e-01 -2.016779992387414400e-01 3.680486200732617230e-01 1.238611263856170125e-01
1.661970217372000694e+09 -1.834285408258438110e-01 3.149210214614868164e-01 1.243324875831604004e+00 -5.616540312767028809e-01 6.428838372230529785e-01 3.260831534862518311e-01 4.060971438884735107e-01 3.266788211369724970e-01 8.394711907795936526e-03 -3.548256110986279244e-01 5.536940201896596303e-01 -2.151278062035601180e-01 3.925936022346195875e-01 1.321213642232579033e-01
1.661970217402425289e+09 -1.856212317943572998e-01 3.231126964092254639e-01 1.247956156730651855e+00 -5.594058632850646973e-01 6.387862563133239746e-01 3.324402570724487305e-01 4.104883968830108643e-01 3.175821399510637688e-01 8.255381135750548827e-03 -3.489364124127342648e-01 5.445041139537640795e-01 -2.115572341987083105e-01 3.860775513801928960e-01 1.299284871021477994e-01
1.661970217434339762e+09 -1.878300607204437256e-01 3.311952352523803711e-01 1.252536296844482422e+00 -5.571494102478027344e-01 6.346187591552734375e-01 3.387712836265563965e-01 4.148222506046295166e-01 2.992070003233758824e-01 7.869991459170676967e-03 -3.326468566774667401e-01 5.190847831049145711e-01 -2.016810125288338307e-01 3.680541191225574771e-01 1.238629770064402086e-01
1.661970217466255665e+09 -1.900548040866851807e-01 3.391675651073455811e-01 1.257064223289489746e+00 -5.548856258392333984e-01 6.303817629814147949e-01 3.450753986835479736e-01 4.190987348556518555e-01 2.956047408588379222e-01 7.869638716117935764e-03 -3.326319470211707152e-01 5.190615170630030750e-01 -2.016719729286756413e-01 3.680376224676120134e-01 1.238574253098615324e-01
1.661970217498169899e+09 -1.922951936721801758e-01 3.470286130905151367e-01 1.261538743972778320e+00 -5.526149272918701172e-01 6.260758042335510254e-01 3.513517379760742188e-01 4.233175814151763916e-01 2.919895903749408217e-01 7.870050252754740711e-03 -3.326493417501308891e-01 5.190886609813440966e-01 -2.016825192076501239e-01 3.680568687088323632e-01 1.238639023375896764e-01
1.661970217530084133e+09 -1.945509612560272217e-01 3.547773361206054688e-01 1.265958786010742188e+00 -5.503380894660949707e-01 6.217013597488403320e-01 3.575993478298187256e-01 4.274787306785583496e-01 2.883202462750261152e-01 7.870050252753869879e-03 -3.326493417501308891e-01 5.190886609813372132e-01 -2.016825192076466544e-01 3.680568687088289215e-01 1.238639023375896764e-01
1.661970217561001539e+09 -1.968218386173248291e-01 3.624126911163330078e-01 1.270323276519775391e+00 -5.480557084083557129e-01 6.172590255737304688e-01 3.638173937797546387e-01 4.315821826457977295e-01 2.937888173528742652e-01 8.123793631354269892e-03 -3.433745042527897584e-01 5.358249341181537950e-01 -2.081850957077787945e-01 3.799236281809914018e-01 1.278574784973825762e-01
1.661970217591918945e+09 -1.991075724363327026e-01 3.699337542057037354e-01 1.274631023406982422e+00 -5.457685589790344238e-01 6.127492189407348633e-01 3.700049519538879395e-01 4.356276690959930420e-01 2.899235846060406740e-01 8.123793631354269892e-03 -3.433745042527897584e-01 5.358249341181537950e-01 -2.081850957077752140e-01 3.799236281809949545e-01 1.278574784973789680e-01
1.661970217622836590e+09 -2.014078497886657715e-01 3.773395419120788574e-01 1.278880953788757324e+00 -5.434771776199340820e-01 6.081724762916564941e-01 3.761611878871917725e-01 4.396152198314666748e-01 2.860183225730658085e-01 8.123730985464979598e-03 -3.433718563518022848e-01 5.358208021533394927e-01 -2.081834903075091003e-01 3.799206984347914262e-01 1.278564925361671267e-01
1.661970217653753519e+09 -2.037224024534225464e-01 3.846291303634643555e-01 1.283071875572204590e+00 -5.411822795867919922e-01 6.035294532775878906e-01 3.822852373123168945e-01 4.435447156429290771e-01 2.820844717654650835e-01 8.123918926031445040e-03 -3.433798001772818131e-01 5.358331982389807902e-01 -2.081883065825885226e-01 3.799294878089563565e-01 1.278594504654334274e-01
1.661970217684671164e+09 -2.060509473085403442e-01 3.918016552925109863e-01 1.287202715873718262e+00 -5.388845801353454590e-01 5.988205671310424805e-01 3.883762657642364502e-01 4.474161863327026367e-01 2.781039235425799006e-01 8.123730985464979598e-03 -3.433718563518022848e-01 5.358208021533323873e-01 -2.081834903075091003e-01 3.799206984347878735e-01 1.278564925361671267e-01
1.661970217714591026e+09 -2.083931565284729004e-01 3.988562524318695068e-01 1.291272282600402832e+00 -5.365846157073974609e-01 5.940465927124023438e-01 3.944332599639892578e-01 4.512294232845306396e-01 2.832350213760949087e-01 8.394645013930080238e-03 -3.548227836452154116e-01 5.536896080390164565e-01 -2.151260919421611739e-01 3.925904738242522174e-01 1.321203114046569371e-01
1.661970217746505737e+09 -2.107487469911575317e-01 4.057921171188354492e-01 1.295279622077941895e+00 -5.342830419540405273e-01 5.892079472541809082e-01 4.004555642604827881e-01 4.549844563007354736e-01 2.616184972171894385e-01 7.869932666465916798e-03 -3.326443716419320018e-01 5.190809052864209239e-01 -2.016795058725322498e-01 3.680513695773710015e-01 1.238620516891160844e-01
1.661970217778420448e+09 -2.131174057722091675e-01 4.126084148883819580e-01 1.299223661422729492e+00 -5.319807529449462891e-01 5.843052864074707031e-01 4.064422547817230225e-01 4.586813449859619141e-01 2.576748632839247488e-01 7.869932666465916798e-03 -3.326443716419320018e-01 5.190809052864173712e-01 -2.016795058725322498e-01 3.680513695773675598e-01 1.238620516891160844e-01
1.661970217809337854e+09 -2.154988050460815430e-01 4.193044304847717285e-01 1.303103208541870117e+00 -5.296781659126281738e-01 5.793390870094299316e-01 4.123924970626831055e-01 4.623199105262756348e-01 2.618856466640019920e-01 8.123793631355166744e-03 -3.433745042527897584e-01 5.358249341181574588e-01 -2.081850957077787945e-01 3.799236281809931781e-01 1.278574784973825762e-01
1.661970217840255499e+09 -2.178926318883895874e-01 4.258794188499450684e-01 1.306917190551757812e+00 -5.273759961128234863e-01 5.743100643157958984e-01 4.183055162429809570e-01 4.659002721309661865e-01 2.577540834836997696e-01 8.123730985464979598e-03 -3.433718563518022848e-01 5.358208021533359400e-01 -2.081834903075091003e-01 3.799206984347896499e-01 1.278564925361671267e-01
1.661970217870175123e+09 -2.202985584735870361e-01 4.323326647281646729e-01 1.310664653778076172e+00 -5.250749588012695312e-01 5.692188143730163574e-01 4.241803586483001709e-01 4.694222509860992432e-01 2.620582798230968735e-01 8.394711907795936526e-03 -3.548256110986279244e-01 5.536940201896521918e-01 -2.151278062035601180e-01 3.925936022346177556e-01 1.321213642232541841e-01
1.661970217901598454e+09 -2.227162420749664307e-01 4.386635124683380127e-01 1.314344406127929688e+00 -5.227755904197692871e-01 5.640659332275390625e-01 4.300163090229034424e-01 4.728860855102539062e-01 2.454030624127212235e-01 7.992998328766740684e-03 -3.378460806833816221e-01 5.271980059153699161e-01 -2.048332586445812675e-01 3.738067537054655110e-01 1.257989380731650286e-01
1.661970217933513165e+09 -2.251453399658203125e-01 4.448713362216949463e-01 1.317955613136291504e+00 -5.204786658287048340e-01 5.588521361351013184e-01 4.358125627040863037e-01 4.762915670871734619e-01 2.375535094464795438e-01 7.869932666465916798e-03 -3.326443716419320018e-01 5.190809052864209239e-01 -2.016795058725322498e-01 3.680513695773692806e-01 1.238620516891160844e-01
1.661970217965428114e+09 -2.275855243206024170e-01 4.509555101394653320e-01 1.321496963500976562e+00 -5.181847810745239258e-01 5.535780191421508789e-01 4.415682852268218994e-01 4.796388149261474609e-01 2.334546563443342937e-01 7.869873874639570291e-03 -3.326418866435258970e-01 5.190770275258651534e-01 -2.016779992387449094e-01 3.680486200732599467e-01 1.238611263856170125e-01
1.661970217996851444e+09 -2.300364375114440918e-01 4.569155275821685791e-01 1.324967622756958008e+00 -5.158945322036743164e-01 5.482442378997802734e-01 4.472826719284057617e-01 4.829278886318206787e-01 2.329302410679632562e-01 7.992998328766740684e-03 -3.378460806833816221e-01 5.271980059153733578e-01 -2.048332586445812675e-01 3.738067537054655110e-01 1.257989380731650286e-01
1.661970218027768612e+09 -2.324977070093154907e-01 4.627507627010345459e-01 1.328366518020629883e+00 -5.136086344718933105e-01 5.428513884544372559e-01 4.529550075531005859e-01 4.861587882041931152e-01 2.324763528511400446e-01 8.123856278209750856e-03 -3.433771521946159533e-01 5.358290661467027816e-01 -2.081867011328014938e-01 3.799265579723823394e-01 1.278584644738009757e-01
1.661970218058686018e+09 -2.349690049886703491e-01 4.684607684612274170e-01 1.331692695617675781e+00 -5.113277435302734375e-01 5.374001860618591309e-01 4.585844278335571289e-01 4.893314838409423828e-01 2.281929952008361073e-01 8.123793631354269892e-03 -3.433745042527897584e-01 5.358249341181574588e-01 -2.081850957077787945e-01 3.799236281809931781e-01 1.278574784973825762e-01
1.661970218090110302e+09 -2.374499291181564331e-01 4.740450382232666016e-01 1.334945201873779297e+00 -5.090523362159729004e-01 5.318914651870727539e-01 4.641700983047485352e-01 4.924461543560028076e-01 2.202841614011678828e-01 7.992755754672712168e-03 -3.378358276214427636e-01 5.271820063400668444e-01 -2.048270422987122086e-01 3.737954092974108966e-01 1.257951202863749618e-01
1.661970218122023821e+09 -2.399401366710662842e-01 4.795031249523162842e-01 1.338122963905334473e+00 -5.067833662033081055e-01 5.263256430625915527e-01 4.697114825248718262e-01 4.955029189586639404e-01 2.127299976577719520e-01 7.870226638775122338e-03 -3.326567971909081822e-01 5.191002949582779191e-01 -2.016870393791578009e-01 3.680651177141432973e-01 1.238666784139933474e-01
1.661970218153938770e+09 -2.424392253160476685e-01 4.848346710205078125e-01 1.341225028038024902e+00 -5.045211315155029297e-01 5.207035541534423828e-01 4.752077162265777588e-01 4.985016584396362305e-01 2.085338077970773363e-01 7.869873874639570291e-03 -3.326418866435258970e-01 5.190770275258651534e-01 -2.016779992387414400e-01 3.680486200732599467e-01 1.238611263856170125e-01
1.661970218185361624e+09 -2.449468523263931274e-01 4.900391995906829834e-01 1.344250440597534180e+00 -5.022664666175842285e-01 5.150259733200073242e-01 4.806578755378723145e-01 5.014425516128540039e-01 2.075362978401022185e-01 7.993119621335292163e-03 -3.378512074477341698e-01 5.272060060672116855e-01 -2.048363669590139990e-01 3.738124261677174265e-01 1.258008470534580647e-01
1.661970218217275858e+09 -2.474625855684280396e-01 4.951164424419403076e-01 1.347198367118835449e+00 -5.000199675559997559e-01 5.092934966087341309e-01 4.860614538192749023e-01 5.043257474899291992e-01 2.001394820018692899e-01 7.870050252753869879e-03 -3.326493417501308891e-01 5.190886609813372132e-01 -2.016825192076501239e-01 3.680568687088306423e-01 1.238639023375896764e-01
