1.661970299935323954e+09 1.378528122206244648e-16 -2.367949187755584717e-01 1.128897309303283691e+00 -6.125128269195556641e-01 6.125135421752929688e-01 3.533097505569458008e-01 3.533093035221099854e-01 0.000000000000000000e+00 0.000000000000000000e+00 0.000000000000000000e+00 0.000000000000000000e+00 0.000000000000000000e+00 0.000000000000000000e+00 0.000000000000000000e+00
1.661970346081841946e+09 1.378528122206244648e-16 -2.367949187755584717e-01 1.128897309303283691e+00 -6.125128269195556641e-01 6.125135421752929688e-01 3.533097505569458008e-01 3.533093035221099854e-01 0.000000000000000000e+00 0.000000000000000000e+00 0.000000000000000000e+00 0.000000000000000000e+00 0.000000000000000000e+00 0.000000000000000000e+00 0.000000000000000000e+00
1.661970346116748333e+09 -4.243772011250257492e-03 -2.396032214164733887e-01 1.122182250022888184e+00 6.211323738098144531e-01 -5.998464822769165039e-01 -3.456194698810577393e-01 -3.673228323459625244e-01 2.413726925550120361e-01 3.177785777776954701e-01 1.685145971793174657e-01 -4.505848614918299688e-01 -1.244832297427582946e+00 5.787520820806257849e-01 5.795507189248897545e-02
1.661970346148663044e+09 -8.740996010601520538e-03 -2.424850463867187500e-01 1.115629911422729492e+00 6.297311782836914062e-01 -5.864197015762329102e-01 -3.381879031658172607e-01 -3.810242414474487305e-01 2.648804764428388525e-01 3.475670552463531737e-01 1.843111096954243855e-01 -4.928225638823695021e-01 -1.361522538486310774e+00 6.330041448771870360e-01 6.338776457220644811e-02
1.661970346179580450e+09 -1.350119989365339279e-02 -2.454458177089691162e-01 1.109219670295715332e+00 6.382929086685180664e-01 -5.722455382347106934e-01 -3.310179710388183594e-01 -3.943911790847778320e-01 2.754333741333015451e-01 3.587785498991885036e-01 1.902564459682866693e-01 -5.087195755708093792e-01 -1.405441265619790325e+00 6.534230035647050627e-01 6.543246809870313652e-02
1.661970346210497856e+09 -1.853234879672527313e-02 -2.484921962022781372e-01 1.102930426597595215e+00 6.468008756637573242e-01 -5.573370456695556641e-01 -3.241115212440490723e-01 -4.074013531208038330e-01 2.785127689138404694e-01 3.587785498991867272e-01 1.902564459682866693e-01 -5.087195755707949463e-01 -1.405441265619797431e+00 6.534230035647086154e-01 6.543246809870313652e-02
1.661970346242413282e+09 -2.384074218571186066e-02 -2.516320347785949707e-01 1.096740365028381348e+00 6.552385091781616211e-01 -5.417082905769348145e-01 -3.174697756767272949e-01 -4.200328588485717773e-01 2.737894050578201233e-01 3.475592659306666610e-01 1.843069791042297734e-01 -4.928115192495001740e-01 -1.361492025442262221e+00 6.329899586387593979e-01 6.338634399076313597e-02
1.661970346274327278e+09 -2.943093702197074890e-02 -2.548743188381195068e-01 1.090626835823059082e+00 6.635890603065490723e-01 -5.253743529319763184e-01 -3.110932111740112305e-01 -4.322642982006072998e-01 2.787476038016395430e-01 3.475748449111875638e-01 1.843152404717684489e-01 -4.928336090103168088e-01 -1.361553052898074379e+00 6.330183317514979091e-01 6.338918521732561651e-02
1.661970346305244684e+09 -3.530565649271011353e-02 -2.582290470600128174e-01 1.084567546844482422e+00 6.718358993530273438e-01 -5.083509087562561035e-01 -3.049814105033874512e-01 -4.440745413303375244e-01 2.937482309437202121e-01 3.587785498991885036e-01 1.902564459682866693e-01 -5.087195755708093792e-01 -1.405441265619793878e+00 6.534230035647068391e-01 6.543246809870335856e-02
1.661970346336161852e+09 -4.146573320031166077e-02 -2.617071866989135742e-01 1.078539490699768066e+00 6.799622774124145508e-01 -4.906548857688903809e-01 -2.991333603858947754e-01 -4.554431140422821045e-01 3.006149481061419770e-01 3.587813166297306178e-01 1.902579131360429832e-01 -5.087234985756488026e-01 -1.405452103718328960e+00 6.534280424539641308e-01 6.543297268296004165e-02
1.661970346367585897e+09 -4.791004210710525513e-02 -2.653205096721649170e-01 1.072519659996032715e+00 6.879515647888183594e-01 -4.723036587238311768e-01 -2.935469448566436768e-01 -4.663498997688293457e-01 3.032754228941120789e-01 3.529940821480465618e-01 1.871890042930267339e-01 -5.005176583154720138e-01 -1.382781801503600416e+00 6.428880808581072248e-01 6.437752208339422855e-02
1.661970346399500132e+09 -5.463544651865959167e-02 -2.690816223621368408e-01 1.066485047340393066e+00 6.957869529724121094e-01 -4.533157348632812500e-01 -2.882196009159088135e-01 -4.767754971981048584e-01 3.066788187159799062e-01 3.475722483174479849e-01 1.843138635257474955e-01 -4.928299272459918390e-01 -1.361542881275512595e+00 6.330136027227396545e-01 6.338871166187717843e-02
1.661970346429420233e+09 -6.163677945733070374e-02 -2.730036675930023193e-01 1.060413122177124023e+00 7.034519910812377930e-01 -4.337103664875030518e-01 -2.831479310989379883e-01 -4.867010712623596191e-01 3.363380572413389724e-01 3.707374537051718599e-01 1.965981253592164468e-01 -5.256763542583378079e-01 -1.452287814571039393e+00 6.752030761092980837e-01 6.761348084876987741e-02
1.661970346460843086e+09 -6.890679895877838135e-02 -2.771003842353820801e-01 1.054281234741210938e+00 7.109303474426269531e-01 -4.135074913501739502e-01 -2.783276736736297607e-01 -4.961082041263580322e-01 3.295530377881653594e-01 3.530074737306383992e-01 1.871961057067270950e-01 -5.005366465192225833e-01 -1.382834260277377769e+00 6.429124701871836711e-01 6.437996438185639159e-02
1.661970346491760492e+09 -7.643616199493408203e-02 -2.813858389854431152e-01 1.048067331314086914e+00 -7.182056903839111328e-01 3.927278518676757812e-01 2.737538814544677734e-01 5.049793720245361328e-01 3.448403037930116155e-01 3.587785498991867272e-01 1.902564459682866693e-01 -5.087195755708093792e-01 -1.405441265619790325e+00 6.534230035647050627e-01 6.543246809870313652e-02
1.661970346521680117e+09 -8.421346545219421387e-02 -2.858744263648986816e-01 1.041749835014343262e+00 -7.252619266510009766e-01 3.713932037353515625e-01 2.694210410118103027e-01 5.132977366447448730e-01 3.669592075984328128e-01 3.707433622484058722e-01 1.966012585967990833e-01 -5.256847321047873889e-01 -1.452310960075367419e+00 6.752138370036375736e-01 6.761455842313099374e-02
1.661970346553102255e+09 -9.222520887851715088e-02 -2.905806005001068115e-01 1.035307884216308594e+00 -7.320832014083862305e-01 3.495257496833801270e-01 2.653227150440216064e-01 5.210470557212829590e-01 3.598229649123918517e-01 3.530155091679199053e-01 1.872003668135841514e-01 -5.005480401330548723e-01 -1.382865737452217525e+00 6.429271046729004846e-01 6.438142984988334816e-02
1.661970346584019661e+09 -1.004558429121971130e-01 -2.955188453197479248e-01 1.028721213340759277e+00 -7.386534810066223145e-01 3.271482586860656738e-01 2.614516913890838623e-01 5.282121300697326660e-01 3.765206176703589924e-01 3.587785498991867272e-01 1.902564459683010190e-01 -5.087195755708093792e-01 -1.405441265619790325e+00 6.534230035647050627e-01 6.543246809870335856e-02
1.661970346614937067e+09 -1.088877990841865540e-01 -3.007034659385681152e-01 1.021970629692077637e+00 -7.449578642845153809e-01 3.042846024036407471e-01 2.578004300594329834e-01 5.347780585289001465e-01 3.875220001508114520e-01 3.587785498991876154e-01 1.902564459682866693e-01 -5.087195755707949463e-01 -1.405441265619793878e+00 6.534230035647068391e-01 6.543246809870291447e-02
1.661970346645362616e+09 -1.175015345215797424e-01 -3.061485290527343750e-01 1.015037894248962402e+00 -7.509810924530029297e-01 2.809590995311737061e-01 2.543604075908660889e-01 5.407311916351318359e-01 4.050903193936365998e-01 3.645785416590408001e-01 1.933321198601212210e-01 -5.169435046413076718e-01 -1.428161541851031613e+00 6.639861992670103019e-01 6.649024531505599855e-02
1.661970346677278042e+09 -1.262755990028381348e-01 -3.118675947189331055e-01 1.007905602455139160e+00 -7.567081451416015625e-01 2.571964859962463379e-01 2.511225938796997070e-01 5.460587739944458008e-01 3.970270228584895089e-01 3.475592659306675491e-01 1.843069791042297734e-01 -4.928115192494862407e-01 -1.361492025442265774e+00 6.329899586387602861e-01 6.338634399076335801e-02
1.661970346709192753e+09 -1.351867020130157471e-01 -3.178737163543701172e-01 1.000557661056518555e+00 -7.621249556541442871e-01 2.330224215984344482e-01 2.480773627758026123e-01 5.507484674453735352e-01 4.079058925557613735e-01 3.475670552463540064e-01 1.843111096954243855e-01 -4.928225638823833799e-01 -1.361522538486310774e+00 6.330041448771879242e-01 6.338776457220623994e-02
1.661970346740110874e+09 -1.442097872495651245e-01 -3.241791725158691406e-01 9.929794669151306152e-01 -7.672169804573059082e-01 2.084628343582153320e-01 2.452143281698226929e-01 5.547894239425659180e-01 4.322473471231182973e-01 3.587702499635792019e-01 1.902520446007827659e-01 -5.087078069193078367e-01 -1.405408752327093946e+00 6.534078873632036544e-01 6.543095439262434920e-02
1.661970346771536350e+09 -1.533181667327880859e-01 -3.307954668998718262e-01 9.851573109626770020e-01 -7.719707489013671875e-01 1.835444271564483643e-01 2.425226569175720215e-01 5.581713318824768066e-01 4.362237614965417398e-01 3.529780135900463800e-01 1.871804833077621300e-01 -5.004948743725264881e-01 -1.382718856228590143e+00 6.428588161057019468e-01 6.437459156982547337e-02
1.661970346803452015e+09 -1.624836027622222900e-01 -3.377330303192138672e-01 9.770792722702026367e-01 -7.763731479644775391e-01 1.582942456007003784e-01 2.399910092353820801e-01 5.608850121498107910e-01 4.402084393530313888e-01 3.475566695696888919e-01 1.843056022816403905e-01 -4.928078378152142558e-01 -1.361481854731500185e+00 6.329852300339169346e-01 6.338587047776494954e-02
1.661970346835365534e+09 -1.716764271259307861e-01 -3.450012803077697754e-01 9.687347412109375000e-01 -7.804110050201416016e-01 1.327398270368576050e-01 2.376073598861694336e-01 5.629222393035888672e-01 4.507912927571534056e-01 3.475800382150598389e-01 1.843179944255314284e-01 -4.928409727040004573e-01 -1.361573396599141006e+00 6.330277900209956288e-01 6.339013234944922137e-02
1.661970346867280722e+09 -1.808656752109527588e-01 -3.526083230972290039e-01 9.601145982742309570e-01 -7.840724587440490723e-01 1.069091781973838806e-01 2.353593856096267700e-01 5.642756223678588867e-01 4.611562578970473392e-01 3.475618623304378429e-01 1.843083559473899236e-01 -4.928152007387894828e-01 -1.361502196304982482e+00 6.329946873142517916e-01 6.338681751083620475e-02
1.661970346899195671e+09 -1.900192350149154663e-01 -3.605609238147735596e-01 9.512114524841308594e-01 -7.873448133468627930e-01 8.083055168390274048e-02 2.332339286804199219e-01 5.649393200874328613e-01 4.713524155221707757e-01 3.475644587689979415e-01 1.843097328111213129e-01 -4.928188822830835147e-01 -1.361512367319664074e+00 6.329994160603933384e-01 6.338729103798362852e-02
1.661970346929115057e+09 -1.991039961576461792e-01 -3.688644468784332275e-01 9.420195221900939941e-01 -7.902176380157470703e-01 5.453275516629219055e-02 2.312179058790206909e-01 5.649077296257019043e-01 5.134266970403679187e-01 3.707463165906466074e-01 1.966028252530421239e-01 -5.256889211281604579e-01 -1.452322533104187130e+00 6.752192175794304863e-01 6.761509722319151983e-02
1.661970346960032701e+09 -2.080859988927841187e-01 -3.775226771831512451e-01 9.325346350669860840e-01 -7.926791310310363770e-01 2.804479375481605530e-02 2.292973250150680542e-01 5.641771554946899414e-01 5.068876150234209454e-01 3.587757832113162570e-01 1.902549788231581995e-01 -5.087156526264735579e-01 -1.405430427688416639e+00 6.534179647531604962e-01 6.543196352222833967e-02
1.661970346989953041e+09 -2.169306427240371704e-01 -3.865376710891723633e-01 9.227542877197265625e-01 -7.947198748588562012e-01 1.396023435518145561e-03 2.274581938982009888e-01 5.627442002296447754e-01 5.338679507624042309e-01 3.707344995041781388e-01 1.965965587778756851e-01 -5.256721654352283224e-01 -1.452276242095522196e+00 6.751976957907513954e-01 6.761294207446955085e-02
1.661970347020869970e+09 -2.256027907133102417e-01 -3.959098756313323975e-01 9.126778841018676758e-01 -7.963297963142395020e-01 -2.538404054939746857e-02 2.256859242916107178e-01 5.606071352958679199e-01 5.261150691848507366e-01 3.587840834029445425e-01 1.902593803264276684e-01 -5.087274216409936045e-01 -1.405462941984018110e+00 6.534330814209393656e-01 6.543347727499923550e-02
1.661970347052784920e+09 -2.256027907133102417e-01 -3.959098756313323975e-01 9.126778841018676758e-01 -7.963297963142395020e-01 -2.538404054939746857e-02 2.256859242916107178e-01 5.606071352958679199e-01 0.000000000000000000e+00 0.000000000000000000e+00 0.000000000000000000e+00 0.000000000000000000e+00 0.000000000000000000e+00 0.000000000000000000e+00 0.000000000000000000e+00
1.661970347084699631e+09 -2.279900312423706055e-01 -3.781529664993286133e-01 9.333117604255676270e-01 -7.937642931938171387e-01 -1.216408237814903259e-02 2.298435866832733154e-01 5.629940032958984375e-01 8.562501326557022674e-01 -8.928847626866304177e-02 -8.575440006113537184e-01 1.204889392250199531e+00 3.713356194262535381e-01 -2.623205000985669444e-01 3.999886383667810019e-01
1.661970347115617037e+09 -2.303491383790969849e-01 -3.601922392845153809e-01 9.535483717918395996e-01 -7.910110950469970703e-01 1.005059923045337200e-03 2.340870946645736694e-01 5.652466416358947754e-01 8.784742888339885925e-01 -9.216866085214212023e-02 -8.852058570281222671e-01 1.243755593101396828e+00 3.833138183054617398e-01 -2.707821906983808868e-01 4.128910996690066115e-01
1.661970347146534443e+09 -2.326759248971939087e-01 -3.420374989509582520e-01 9.733774065971374512e-01 -7.880716323852539062e-01 1.411954686045646667e-02 2.384144216775894165e-01 5.673640966415405273e-01 8.728146649896694198e-01 -9.216866085214212023e-02 -8.852058570281365890e-01 1.243755593101411261e+00 3.833138183054617398e-01 -2.707821906983827187e-01 4.128910996690030033e-01
1.661970347178448915e+09 -2.349662631750106812e-01 -3.236987292766571045e-01 9.927892088890075684e-01 -7.849487662315368652e-01 2.717548236250877380e-02 2.428239434957504272e-01 5.693447589874267578e-01 8.398228539061992626e-01 -8.928914330245432684e-02 -8.575504069344435099e-01 1.204898393433476267e+00 3.713383935065874830e-01 -2.623224597762882637e-01 3.999916265008536809e-01
1.661970347209366798e+09 -2.372160851955413818e-01 -3.051861822605133057e-01 1.011774182319641113e+00 -7.816437482833862305e-01 4.016913846135139465e-02 2.473135143518447876e-01 5.711878538131713867e-01 8.607357507520044804e-01 -9.216723936275907081e-02 -8.851922047658896675e-01 1.243736411035015976e+00 3.833079065723694612e-01 -2.707780145065425970e-01 4.128847317744376855e-01
1.661970347240283966e+09 -2.394213527441024780e-01 -2.865102887153625488e-01 1.030323147773742676e+00 -7.781589627265930176e-01 5.309673026204109192e-02 2.518812417984008789e-01 5.728920698165893555e-01 8.543577058313466255e-01 -9.216937161327463934e-02 -8.852126833171581888e-01 1.243765184356471876e+00 3.833167742403942313e-01 -2.707842788426072511e-01 4.128942836899449631e-01
1.661970347272198439e+09 -2.415781170129776001e-01 -2.676817476749420166e-01 1.048427462577819824e+00 -7.744964361190795898e-01 6.595461815595626831e-02 2.565252184867858887e-01 5.744563937187194824e-01 8.212381963386256034e-01 -8.928914330245432684e-02 -8.575504069344296321e-01 1.204898393433462500e+00 3.713383935065805441e-01 -2.623224597762882637e-01 3.999916265008501837e-01
1.661970347304113150e+09 -2.436824440956115723e-01 -2.487113922834396362e-01 1.066078662872314453e+00 -7.706581950187683105e-01 7.873910665512084961e-02 2.612432539463043213e-01 5.758799910545349121e-01 8.145914527958565410e-01 -8.928847626866129317e-02 -8.575440006113537184e-01 1.204889392250199531e+00 3.713356194262535381e-01 -2.623205000985652235e-01 3.999886383667844991e-01
1.661970347335030317e+09 -2.457305341958999634e-01 -2.296102643013000488e-01 1.083268880844116211e+00 -7.666473388671875000e-01 9.144672006368637085e-02 2.660335898399353027e-01 5.771615505218505859e-01 8.338051505198454949e-01 -9.216937161327642958e-02 -8.852126833171726217e-01 1.243765184356486309e+00 3.833167742404014477e-01 -2.707842788426090830e-01 4.128942836899449631e-01
1.661970347365947962e+09 -2.477185875177383423e-01 -2.103896439075469971e-01 1.099990129470825195e+00 -7.624655365943908691e-01 1.040738150477409363e-01 2.708939909934997559e-01 5.783004164695739746e-01 8.265043115343446711e-01 -9.216795010196976445e-02 -8.851990308443741240e-01 1.243746001994246120e+00 3.833108624161181144e-01 -2.707801025863613709e-01 4.128879156971694275e-01
1.661970347395867825e+09 -2.496429383754730225e-01 -1.910609155893325806e-01 1.116235494613647461e+00 -7.581154704093933105e-01 1.166170090436935425e-01 2.758224308490753174e-01 5.792956352233886719e-01 8.463347169327208874e-01 -9.524161055455869496e-02 -9.147190673729674870e-01 1.285223032731784620e+00 3.960936945996778036e-01 -2.798102056942932125e-01 4.266570974618290046e-01
1.661970347426785469e+09 -2.514999508857727051e-01 -1.716357022523880005e-01 1.131997942924499512e+00 -7.535995244979858398e-01 1.290728300809860229e-01 2.808167934417724609e-01 5.801464319229125977e-01 8.113393057764123339e-01 -9.216795010196976445e-02 -8.851990308443669075e-01 1.243746001994260553e+00 3.833108624161252753e-01 -2.707801025863595945e-01 4.128879156971694275e-01
1.661970347457702637e+09 -2.532861530780792236e-01 -1.521257460117340088e-01 1.147271037101745605e+00 -7.489205598831176758e-01 1.414379775524139404e-01 2.858749926090240479e-01 5.808519124984741211e-01 8.034831544134786174e-01 -9.216937161327642958e-02 -8.852126833171654052e-01 1.243765184356486309e+00 3.833167742404014477e-01 -2.707842788426090830e-01 4.128942836899467950e-01
1.661970347489617348e+09 -2.549980878829956055e-01 -1.325429528951644897e-01 1.162048697471618652e+00 -7.440807819366455078e-01 1.537090837955474854e-01 2.909948527812957764e-01 5.814115405082702637e-01 7.705724013312921228e-01 -8.928847626866304177e-02 -8.575440006113607128e-01 1.204889392250185542e+00 3.713356194262465437e-01 -2.623205000985669444e-01 3.999886383667827228e-01
1.661970347519539595e+09 -2.566323876380920410e-01 -1.128993779420852661e-01 1.176325082778930664e+00 -7.390831708908081055e-01 1.658829897642135620e-01 2.961742281913757324e-01 5.818245410919189453e-01 8.133870398876832386e-01 -9.523402176300965749e-02 -9.146461831337562298e-01 1.285120626969959101e+00 3.960621341035462373e-01 -2.797879105933221422e-01 4.266231016930039366e-01
1.661970347553447723e+09 -2.581858634948730469e-01 -9.320722520351409912e-02 1.190095186233520508e+00 -7.339304089546203613e-01 1.779565066099166870e-01 3.014109134674072266e-01 5.820902585983276367e-01 7.101318569641084100e-01 -8.403931510341816624e-02 -8.071300294741053927e-01 1.134055407053886411e+00 3.495052489885340230e-01 -2.468989962325829068e-01 3.764737917169583836e-01
1.661970347583367348e+09 -2.596553266048431396e-01 -7.347881793975830078e-02 1.203353881835937500e+00 -7.286254167556762695e-01 1.899265348911285400e-01 3.067027628421783447e-01 5.822081565856933594e-01 7.959716017476051730e-01 -9.524236950023295956e-02 -9.147263564357553944e-01 1.285233274205612952e+00 3.960968509259418791e-01 -2.798124353998197034e-01 4.266604973367030262e-01
1.661970347615281582e+09 -2.610377669334411621e-01 -5.372658744454383850e-02 1.216096758842468262e+00 -7.231709957122802734e-01 2.017899900674819946e-01 3.120475411415100098e-01 5.821776986122131348e-01 7.378089073441911339e-01 -8.928981034621016888e-02 -8.575568133532306403e-01 1.204907394751234762e+00 3.713411676283626117e-01 -2.623244194832878295e-01 3.999946146795674284e-01
1.661970347647196054e+09 -2.623302638530731201e-01 -3.396309167146682739e-02 1.228319764137268066e+00 -7.175700664520263672e-01 2.135439515113830566e-01 3.174430131912231445e-01 5.819983482360839844e-01 7.292542806550453838e-01 -8.928914330245432684e-02 -8.575504069344365154e-01 1.204898393433469383e+00 3.713383935065874830e-01 -2.623224597762882637e-01 3.999916265008519045e-01
1.661970347678113461e+09 -2.635300159454345703e-01 -1.420098450034856796e-02 1.240019321441650391e+00 -7.118256688117980957e-01 2.251854836940765381e-01 3.228868842124938965e-01 5.816698074340820312e-01 7.438190206286382500e-01 -9.216866085214212023e-02 -8.852058570281222671e-01 1.243755593101404155e+00 3.833138183054617398e-01 -2.707821906983808868e-01 4.128910996690012269e-01
1.661970347709031105e+09 -2.646342813968658447e-01 5.546990782022476196e-03 1.251192092895507812e+00 -7.059407830238342285e-01 2.367118000984191895e-01 3.283770680427551270e-01 5.811915993690490723e-01 7.347375471063335439e-01 -9.216795010196976445e-02 -8.851990308443669075e-01 1.243746001994253225e+00 3.833108624161252753e-01 -2.707801025863604827e-01 4.128879156971694275e-01
1.661970347738950968e+09 -2.656404972076416016e-01 2.526800334453582764e-02 1.261835336685180664e+00 -6.999185681343078613e-01 2.481201142072677612e-01 3.339110910892486572e-01 5.805634260177612305e-01 7.497471009019265331e-01 -9.524161055455869496e-02 -9.147190673729823640e-01 1.285223032731791948e+00 3.960936945996778036e-01 -2.798102056942941562e-01 4.266570974618308365e-01
1.661970347770865679e+09 -2.665461897850036621e-01 4.494915157556533813e-02 1.271946668624877930e+00 -6.937619447708129883e-01 2.594076991081237793e-01 3.394867181777954102e-01 5.797851085662841797e-01 6.938847993070270670e-01 -8.928847626866304177e-02 -8.575440006113537184e-01 1.204889392250192648e+00 3.713356194262535381e-01 -2.623205000985669444e-01 3.999886383667827228e-01
1.661970347801783085e+09 -2.673490643501281738e-01 6.457747519016265869e-02 1.281524062156677246e+00 -6.874744296073913574e-01 2.705719470977783203e-01 3.451017141342163086e-01 5.788562297821044922e-01 7.068842050418049361e-01 -9.216866085214033000e-02 -8.852058570281222671e-01 1.243755593101404155e+00 3.833138183054617398e-01 -2.707821906983799987e-01 4.128910996690030033e-01
1.661970347832700968e+09 -2.680469155311584473e-01 8.413994312286376953e-02 1.290565848350524902e+00 -6.810590624809265137e-01 2.816103994846343994e-01 3.507537245750427246e-01 5.777767896652221680e-01 6.974041464878337759e-01 -9.216723936275907081e-02 -8.851922047658968840e-01 1.243736411035015976e+00 3.833079065723694612e-01 -2.707780145065444288e-01 4.128847317744376855e-01
1.661970347864615440e+09 -2.686375975608825684e-01 1.036235094070434570e-01 1.299070954322814941e+00 -6.745192408561706543e-01 2.925204336643218994e-01 3.564405143260955811e-01 5.765465497970581055e-01 6.663820097954309407e-01 -8.928914330245432684e-02 -8.575504069344365154e-01 1.204898393433476267e+00 3.713383935065805441e-01 -2.623224597762874311e-01 3.999916265008519045e-01
1.661970347894535065e+09 -2.691192328929901123e-01 1.230150610208511353e-01 1.307038784027099609e+00 -6.678580641746520996e-01 3.032997548580169678e-01 3.621596097946166992e-01 5.751655697822570801e-01 7.008854797337918940e-01 -9.524236950023295956e-02 -9.147263564357553944e-01 1.285233274205612952e+00 3.960968509259418791e-01 -2.798124353998187597e-01 4.266604973367030262e-01
1.661970347926450491e+09 -2.694900035858154297e-01 1.423014849424362183e-01 1.314468860626220703e+00 -6.610789299011230469e-01 3.139459490776062012e-01 3.679087162017822266e-01 5.736337900161743164e-01 6.476952389736080340e-01 -8.928647522708292594e-02 -8.575247822164138167e-01 1.204862389507263210e+00 3.713272974339239529e-01 -2.623146212410752409e-01 3.999796742324414067e-01
1.661970347958364487e+09 -2.697482407093048096e-01 1.614696383476257324e-01 1.321361303329467773e+00 -6.541854143142700195e-01 3.244568109512329102e-01 3.736855089664459229e-01 5.719512701034545898e-01 6.383192252233078623e-01 -8.929047739993600796e-02 -8.575632198677519691e-01 1.204916396203491669e+00 3.713439417915972429e-01 -2.623263792195705824e-01 3.999976029029302937e-01
1.661970347990279436e+09 -2.698923647403717041e-01 1.805063784122467041e-01 1.327716708183288574e+00 -6.471809744834899902e-01 3.348302841186523438e-01 3.794877231121063232e-01 5.701179504394531250e-01 6.288624248062970601e-01 -8.928780924483781245e-02 -8.575375943839939064e-01 1.204880391201401224e+00 3.713328453873632196e-01 -2.623185404501240381e-01 3.999856502773571632e-01
1.661970348021196604e+09 -2.699210345745086670e-01 1.993985772132873535e-01 1.333535909652709961e+00 -6.400690078735351562e-01 3.450641930103302002e-01 3.853130638599395752e-01 5.681340694427490234e-01 6.393901842685648651e-01 -9.216937161327642958e-02 -8.852126833171581888e-01 1.243765184356471876e+00 3.833167742403978395e-01 -2.707842788426081393e-01 4.128942836899485713e-01
1.661970348052114010e+09 -2.698329985141754150e-01 2.181331068277359009e-01 1.338820338249206543e+00 -6.328528523445129395e-01 3.551564216613769531e-01 3.911588490009307861e-01 5.659999251365661621e-01 6.296049818806788156e-01 -9.216866085214123205e-02 -8.852058570281294836e-01 1.243755593101411261e+00 3.833138183054653481e-01 -2.707821906983808868e-01 4.128910996690030033e-01
1.661970348083031654e+09 -2.696271240711212158e-01 2.366968840360641479e-01 1.343571662902832031e+00 -6.255363225936889648e-01 3.651052415370941162e-01 3.970230817794799805e-01 5.637155771255493164e-01 6.198169413085059531e-01 -9.216795010196976445e-02 -8.851990308443741240e-01 1.243746001994246120e+00 3.833108624161217226e-01 -2.707801025863613709e-01 4.128879156971676512e-01
1.661970348113948822e+09 -2.693024575710296631e-01 2.550768554210662842e-01 1.347792148590087891e+00 -6.181228160858154297e-01 3.749085962772369385e-01 4.029031395912170410e-01 5.612814426422119141e-01 6.100527874258646621e-01 -9.216937161327552752e-02 -8.852126833171581888e-01 1.243765184356486309e+00 3.833167742403978395e-01 -2.707842788426081393e-01 4.128942836899485713e-01
1.661970348144866228e+09 -2.688582241535186768e-01 2.732599675655364990e-01 1.351484298706054688e+00 -6.106158494949340820e-01 3.845648169517517090e-01 4.087968170642852783e-01 5.586978793144226074e-01 6.002927838156502105e-01 -9.216866085214212023e-02 -8.852058570281294836e-01 1.243755593101396828e+00 3.833138183054653481e-01 -2.707821906983808868e-01 4.128910996690030033e-01
1.661970348176289082e+09 -2.682937383651733398e-01 2.912333309650421143e-01 1.354650974273681641e+00 -6.030192375183105469e-01 3.940723240375518799e-01 4.147017002105712891e-01 5.559651851654052734e-01 5.810714500632794266e-01 -9.068609629447736686e-02 -8.709670168656095113e-01 1.223749357319299458e+00 3.771480839199513602e-01 -2.664265661827975862e-01 4.062496045568359526e-01
1.661970348208203077e+09 -2.676084935665130615e-01 3.089840114116668701e-01 1.357295751571655273e+00 -5.953366160392761230e-01 4.034292995929718018e-01 4.206154942512512207e-01 5.530838966369628906e-01 5.627533078507490627e-01 -8.929047739993513366e-02 -8.575632198677379803e-01 1.204916396203484785e+00 3.713439417915972429e-01 -2.623263792195696942e-01 3.999976029029285174e-01
1.661970348240118027e+09 -2.668021321296691895e-01 3.264991939067840576e-01 1.359422326087951660e+00 -5.875714421272277832e-01 4.126343131065368652e-01 4.265356659889221191e-01 5.500545501708984375e-01 5.534153836540974813e-01 -8.928780924483781245e-02 -8.575375943840009008e-01 1.204880391201408329e+00 3.713328453873632196e-01 -2.623185404501249263e-01 3.999856502773606048e-01
1.661970348271539450e+09 -2.658744156360626221e-01 3.437661528587341309e-01 1.361034750938415527e+00 -5.797277092933654785e-01 4.216859936714172363e-01 4.324601292610168457e-01 5.468775629997253418e-01 5.527081884906778209e-01 -9.069022492676372116e-02 -8.710066690580980930e-01 1.223805070502612891e+00 3.771652542009532594e-01 -2.664386956863059042e-01 4.062680997319794707e-01
1.661970348303454161e+09 -2.648253440856933594e-01 3.607723116874694824e-01 1.362137675285339355e+00 -5.718088746070861816e-01 4.305828511714935303e-01 4.383863210678100586e-01 5.435536503791809082e-01 5.349929414626219959e-01 -8.928847626866304177e-02 -8.575440006113607128e-01 1.204889392250192648e+00 3.713356194262500409e-01 -2.623205000985669444e-01 3.999886383667810019e-01
1.661970348335369110e+09 -2.636549472808837891e-01 3.775050640106201172e-01 1.362735986709594727e+00 -5.638186931610107422e-01 4.393236339092254639e-01 4.443118572235107422e-01 5.400835275650024414e-01 5.259072209635673456e-01 -8.928780924483693815e-02 -8.575375943839939064e-01 1.204880391201401224e+00 3.713328453873632196e-01 -2.623185404501232054e-01 3.999856502773606048e-01
1.661970348367283344e+09 -2.623634934425354004e-01 3.939520418643951416e-01 1.362834930419921875e+00 -5.557610392570495605e-01 4.479071795940399170e-01 4.502345919609069824e-01 5.364677309989929199e-01 5.169448996335862523e-01 -8.928981034621191748e-02 -8.575568133532306403e-01 1.204907394751234762e+00 3.713411676283661089e-01 -2.623244194832895504e-01 3.999946146795657076e-01
1.661970348398200750e+09 -2.609513700008392334e-01 4.101009666919708252e-01 1.362440228462219238e+00 -5.476395487785339355e-01 4.563323855400085449e-01 4.561520516872406006e-01 5.327071547508239746e-01 5.244732502752060821e-01 -9.216866085214123205e-02 -8.852058570281294836e-01 1.243755593101404155e+00 3.833138183054653481e-01 -2.707821906983808868e-01 4.128910996690030033e-01
1.661970348429118156e+09 -2.594191730022430420e-01 4.259397089481353760e-01 1.361557841300964355e+00 -5.394581556320190430e-01 4.645983874797821045e-01 4.620621204376220703e-01 5.288025140762329102e-01 5.154742329148918056e-01 -9.216866085214212023e-02 -8.852058570281222671e-01 1.243755593101404155e+00 3.833138183054653481e-01 -2.707821906983827187e-01 4.128910996690066115e-01
1.661970348460036039e+09 -2.577675282955169678e-01 4.414562284946441650e-01 1.360194325447082520e+00 -5.312202572822570801e-01 4.727038145065307617e-01 4.679620563983917236e-01 5.247548222541809082e-01 5.066205787664003202e-01 -9.216723936275907081e-02 -8.851922047658968840e-01 1.243736411035023304e+00 3.833079065723658529e-01 -2.707780145065425970e-01 4.128847317744376855e-01
1.661970348489956617e+09 -2.559973299503326416e-01 4.566387236118316650e-01 1.358356237411499023e+00 -5.229299664497375488e-01 4.806481301784515381e-01 4.738499224185943604e-01 5.205648541450500488e-01 5.145443553478454835e-01 -9.523933379010580957e-02 -9.146972008815883459e-01 1.285192309289624912e+00 3.960842259227213003e-01 -2.798035167909269649e-01 4.266468981623103840e-01
1.661970348520873547e+09 -2.541095614433288574e-01 4.714754819869995117e-01 1.356050848960876465e+00 -5.145910382270812988e-01 4.884306192398071289e-01 4.797233343124389648e-01 5.162335634231567383e-01 4.894731411905539065e-01 -9.217008238537292841e-02 -8.852195097114844424e-01 1.243774775759481699e+00 3.833197302209202517e-01 -2.707863670190394645e-01 4.128974677599946408e-01
1.661970348550793409e+09 -2.521053850650787354e-01 4.859550297260284424e-01 1.353285431861877441e+00 -5.062072873115539551e-01 4.960505366325378418e-01 4.855801463127136230e-01 5.117619037628173828e-01 4.972242048042069262e-01 -9.524161055455776514e-02 -9.147190673729712618e-01 1.285223032731791948e+00 3.960936945996815228e-01 -2.798102056942950999e-01 4.266570974618327239e-01
1.661970348582708120e+09 -2.499860674142837524e-01 5.000660419464111328e-01 1.350067853927612305e+00 -4.977822601795196533e-01 5.035070776939392090e-01 4.914176762104034424e-01 5.071511864662170410e-01 4.583322676368108417e-01 -8.928847626866304177e-02 -8.575440006113571600e-01 1.204889392250192648e+00 3.713356194262500409e-01 -2.623205000985652235e-01 3.999886383667810019e-01
