1.661967290754616499e+09 1.378528122206244648e-16 -2.367949187755584717e-01 1.128897309303283691e+00 -6.125128269195556641e-01 6.125135421752929688e-01 3.533097505569458008e-01 3.533093035221099854e-01 0.000000000000000000e+00 0.000000000000000000e+00 0.000000000000000000e+00 0.000000000000000000e+00 0.000000000000000000e+00 0.000000000000000000e+00 0.000000000000000000e+00
1.661967293065474033e+09 1.378528122206244648e-16 -2.367949187755584717e-01 1.128897309303283691e+00 -6.125128269195556641e-01 6.125135421752929688e-01 3.533097505569458008e-01 3.533093035221099854e-01 0.000000000000000000e+00 0.000000000000000000e+00 0.000000000000000000e+00 0.000000000000000000e+00 0.000000000000000000e+00 0.000000000000000000e+00 0.000000000000000000e+00
1.661967293090912819e+09 -6.063862703740596771e-03 -2.258688211441040039e-01 1.126541256904602051e+00 6.152700781822204590e-01 -6.119888424873352051e-01 -3.544569611549377441e-01 -3.482422828674316406e-01 4.998733801533802867e-01 2.664320084502965758e-01 -8.003341820158463849e-01 3.273921232158457095e-01 3.243250839878266678e-01 2.225926333777732413e-01 -1.334722635173379857e-01
1.661967293121830225e+09 -1.225991267710924149e-02 -2.149578928947448730e-01 1.123955249786376953e+00 6.179772019386291504e-01 -6.114801764488220215e-01 -3.555521368980407715e-01 -3.431893885135650635e-01 4.143684985683324662e-01 2.192197724934240033e-01 -6.585135108980669782e-01 2.693776441688670031e-01 2.668540898643022574e-01 1.831488143320839646e-01 -1.098207359267491107e-01
1.661967293152747631e+09 -1.858821325004100800e-02 -2.040680199861526489e-01 1.121137499809265137e+00 6.206347346305847168e-01 -6.109878420829772949e-01 -3.565949499607086182e-01 -3.381517827510833740e-01 4.174492945519199250e-01 2.192197724934240033e-01 -6.585135108980526564e-01 2.693776441688526258e-01 2.668540898643022574e-01 1.831488143320839646e-01 -1.098207359267482086e-01
1.661967293183171511e+09 -2.504869550466537476e-02 -1.932051479816436768e-01 1.118086457252502441e+00 6.232434511184692383e-01 -6.105120182037353516e-01 -3.575848937034606934e-01 -3.331302106380462646e-01 4.273574681254925234e-01 2.227758856303317658e-01 -6.691957067615943444e-01 2.737474022810998386e-01 2.711829116845715926e-01 1.861197959057234452e-01 -1.116022128313723244e-01
1.661967293214089155e+09 -3.164115175604820251e-02 -1.823752671480178833e-01 1.114800572395324707e+00 6.258040070533752441e-01 -6.100533008575439453e-01 -3.585216403007507324e-01 -3.281258046627044678e-01 4.236245899482739552e-01 2.192180820002602448e-01 -6.585084328315342628e-01 2.693755668878773935e-01 2.668520320434719650e-01 1.831474019968065692e-01 -1.098198890542183559e-01
1.661967293246006250e+09 -3.836523741483688354e-02 -1.715844273567199707e-01 1.111278414726257324e+00 6.283171176910400391e-01 -6.096118688583374023e-01 -3.594048321247100830e-01 -3.231395184993743896e-01 4.133591547543569167e-01 2.123534954629828497e-01 -6.378879252463343086e-01 2.609403508096235225e-01 2.584958378376999710e-01 1.774123313374274813e-01 -1.063809932977734241e-01
1.661967293275443554e+09 -4.522046446800231934e-02 -1.608386784791946411e-01 1.107518672943115234e+00 6.307835578918457031e-01 -6.091879606246948242e-01 -3.602340221405029297e-01 -3.181723356246948242e-01 4.514383488198944749e-01 2.302421048006361715e-01 -6.916234565172448834e-01 2.829219056028987600e-01 2.802714674236701509e-01 1.923575050914938245e-01 -1.153425035658580539e-01
1.661967293307358027e+09 -5.220620706677436829e-02 -1.501441448926925659e-01 1.103520035743713379e+00 6.332039833068847656e-01 -6.087819337844848633e-01 -3.610088527202606201e-01 -3.132250905036926270e-01 4.194074933726091303e-01 2.123709458282950491e-01 -6.379403443378987015e-01 2.609617938493811184e-01 2.585170799971098221e-01 1.774269103769031963e-01 -1.063897352645166022e-01
1.661967293339270592e+09 -5.932170152664184570e-02 -1.395069360733032227e-01 1.099281549453735352e+00 6.355791091918945312e-01 -6.083939075469970703e-01 -3.617289662361145020e-01 -3.082988560199737549e-01 4.224446416210641542e-01 2.123836388045643730e-01 -6.379784727250956688e-01 2.609773910010845244e-01 2.585325310332617921e-01 1.774375148197745999e-01 -1.063960939609942674e-01
1.661967293370695591e+09 -6.656603515148162842e-02 -1.289332062005996704e-01 1.094802021980285645e+00 6.379097104072570801e-01 -6.080242395401000977e-01 -3.623940646648406982e-01 -3.033945858478546143e-01 4.320625733044367589e-01 2.156788191556493206e-01 -6.478768535023269326e-01 2.650265144445951293e-01 2.625437219195873029e-01 1.801904981271084116e-01 -1.080468535026700427e-01
1.661967293403610229e+09 -7.393816113471984863e-02 -1.184291616082191467e-01 1.090080618858337402e+00 6.401965618133544922e-01 -6.076730489730834961e-01 -3.630037307739257812e-01 -2.985132038593292236e-01 4.154344400760000000e-01 2.059177020414457160e-01 -6.185554678077185287e-01 2.530320364703978475e-01 2.506616093074675589e-01 1.720354991245557352e-01 -1.031569065204407526e-01
1.661967293434525728e+09 -8.143686503171920776e-02 -1.080009713768959045e-01 1.085116386413574219e+00 6.424403190612792969e-01 -6.073405742645263672e-01 -3.635577857494354248e-01 -2.936556637287139893e-01 4.454175455950729612e-01 2.192332973773974125e-01 -6.585541382499109364e-01 2.693942635702075150e-01 2.668705535735844681e-01 1.831601137985305050e-01 -1.098275113772214512e-01
1.661967293466439486e+09 -8.906081318855285645e-02 -9.765484184026718140e-02 1.079908847808837891e+00 6.446417570114135742e-01 -6.070269942283630371e-01 -3.640558421611785889e-01 -2.888229191303253174e-01 4.345054839714124206e-01 2.123757055165971519e-01 -6.379546419490107478e-01 2.609676425627930896e-01 2.585228739192350633e-01 1.774308868944379225e-01 -1.063921196866253888e-01
1.661967293498354912e+09 -9.680852293968200684e-02 -8.739697933197021484e-02 1.074457168579101562e+00 6.468017101287841797e-01 -6.067323088645935059e-01 -3.644974827766418457e-01 -2.840159833431243896e-01 4.375069735439484075e-01 2.123645999090842673e-01 -6.379212818532886686e-01 2.609539959726310254e-01 2.585093551715793581e-01 1.774216086307766060e-01 -1.063865562012877714e-01
1.661967293530268908e+09 -1.046783402562141418e-01 -7.723360508680343628e-02 1.068760991096496582e+00 6.489209532737731934e-01 -6.064567565917968750e-01 -3.648826479911804199e-01 -2.792356908321380615e-01 4.405490752061210213e-01 2.123741189301232846e-01 -6.379498760074385766e-01 2.609656929625219779e-01 2.585209425830019558e-01 1.774295613687847384e-01 -1.063913248673798856e-01
1.661967293562184811e+09 -1.126684993505477905e-01 -6.717091798782348633e-02 1.062819838523864746e+00 6.510000228881835938e-01 -6.062005162239074707e-01 -3.652108609676361084e-01 -2.744829654693603516e-01 4.435464716553157993e-01 2.123614270916949764e-01 -6.379117510381929756e-01 2.609500972090182946e-01 2.585054929319340888e-01 1.774189578765297259e-01 -1.063849667409175470e-01
1.661967293594098806e+09 -1.207770630717277527e-01 -5.721512436866760254e-02 1.056633472442626953e+00 6.530399918556213379e-01 -6.059635877609252930e-01 -3.654820621013641357e-01 -2.697588503360748291e-01 4.465952958144352447e-01 2.123741189301250332e-01 -6.379498760074315822e-01 2.609656929625289168e-01 2.585209425830037322e-01 1.774295613687882078e-01 -1.063913248673807599e-01
1.661967293626013041e+09 -1.290019601583480835e-01 -4.737241566181182861e-02 1.050201773643493652e+00 6.550413966178894043e-01 -6.057460904121398926e-01 -3.656958043575286865e-01 -2.650642096996307373e-01 4.496121585506837048e-01 2.123725323673575360e-01 -6.379451101370614552e-01 2.609637433913871707e-01 2.585190112756288738e-01 1.774282358629417078e-01 -1.063905300600108128e-01
1.661967293657928467e+09 -1.373409628868103027e-01 -3.764896094799041748e-02 1.043524503707885742e+00 6.570050716400146484e-01 -6.055480837821960449e-01 -3.658520281314849854e-01 -2.604000270366668701e-01 4.526159455026340095e-01 2.123645999090842673e-01 -6.379212818532955520e-01 2.609539959726379643e-01 2.585093551715793581e-01 1.774216086307766060e-01 -1.063865562012877714e-01
1.661967293689842939e+09 -1.457917094230651855e-01 -2.805091999471187592e-02 1.036601901054382324e+00 6.589319109916687012e-01 -6.053694486618041992e-01 -3.659503161907196045e-01 -2.557671666145324707e-01 4.556447547670495757e-01 2.123709458282933005e-01 -6.379403443378987015e-01 2.609617938493880573e-01 2.585170799971081013e-01 1.774269103768996991e-01 -1.063897352645161720e-01
1.661967293719763279e+09 -1.543516814708709717e-01 -1.858441345393657684e-02 1.029433965682983398e+00 6.608225107192993164e-01 -6.052104830741882324e-01 -3.659906983375549316e-01 -2.511665523052215576e-01 4.892279869249697710e-01 2.265250602623988807e-01 -6.804578393778851764e-01 2.783543947000621799e-01 2.757467453789652634e-01 1.892520721633662861e-01 -1.134804061737358927e-01
1.661967293751677990e+09 -1.630182117223739624e-01 -9.255541488528251648e-03 1.022021055221557617e+00 6.626778244972229004e-01 -6.050710082054138184e-01 -3.659728467464447021e-01 -2.465991079807281494e-01 4.616648746793802216e-01 2.123693593129369894e-01 -6.379355786099415448e-01 2.609598443365100384e-01 2.585151487474460219e-01 1.774255849106669836e-01 -1.063889404808974065e-01
1.661967293781597376e+09 -1.717884987592697144e-01 -7.036567694740369916e-05 1.014363646507263184e+00 6.644985079765319824e-01 -6.049509644508361816e-01 -3.658965528011322021e-01 -2.420657277107238770e-01 4.956566864264714267e-01 2.265322807024388041e-01 -6.804795288325599101e-01 2.783632671895538424e-01 2.757555347501663423e-01 1.892581045345216040e-01 -1.134840233385102232e-01
1.661967293813512802e+09 -1.806595921516418457e-01 8.965092711150646210e-03 1.006461977958679199e+00 6.662853360176086426e-01 -6.048504710197448730e-01 -3.657616972923278809e-01 -2.375673204660415649e-01 4.676595641514295632e-01 2.123645999090825187e-01 -6.379212818532886686e-01 2.609539959726379643e-01 2.585093551715784699e-01 1.774216086307748852e-01 -1.063865562012869109e-01
1.661967293845427752e+09 -1.896283924579620361e-01 1.784485392272472382e-02 9.983168840408325195e-01 6.680391430854797363e-01 -6.047692894935607910e-01 -3.655680418014526367e-01 -2.331047952175140381e-01 4.706589001469390077e-01 2.123677728212828575e-01 -6.379308129531955363e-01 2.609578948527525033e-01 2.585132175266368071e-01 1.774242594642326809e-01 -1.063881457091529897e-01
1.661967293877341747e+09 -1.986916810274124146e-01 2.656299062073230743e-02 9.899289608001708984e-01 6.697607040405273438e-01 -6.047074198722839355e-01 -3.653155267238616943e-01 -2.286790162324905396e-01 4.736613698596540134e-01 2.123741189301250332e-01 -6.379498760074385766e-01 2.609656929625289168e-01 2.585209425830037322e-01 1.774295613687864592e-01 -1.063913248673807599e-01
1.661967293909255743e+09 -2.078460454940795898e-01 3.511362895369529724e-02 9.812991023063659668e-01 6.714507937431335449e-01 -6.046648025512695312e-01 -3.650040030479431152e-01 -2.242908924818038940e-01 4.766409554503252544e-01 2.123741189301250332e-01 -6.379498760074315822e-01 2.609656929625289168e-01 2.585209425830045649e-01 1.774295613687882078e-01 -1.063913248673803158e-01
1.661967293941170216e+09 -2.170879989862442017e-01 4.349094629287719727e-02 9.724282026290893555e-01 6.731101870536804199e-01 -6.046412587165832520e-01 -3.646333217620849609e-01 -2.199412882328033447e-01 4.796069938893714468e-01 2.123709458282941609e-01 -6.379403443379055849e-01 2.609617938493811184e-01 2.585170799971089894e-01 1.774269103768996991e-01 -1.063897352645166022e-01
1.661967293973085642e+09 -2.264138758182525635e-01 5.168919265270233154e-02 9.633173942565917969e-01 6.747396588325500488e-01 -6.046366691589355469e-01 -3.642033636569976807e-01 -2.156310826539993286e-01 4.825558504760547596e-01 2.123645999090842673e-01 -6.379212818532886686e-01 2.609539959726379643e-01 2.585093551715793581e-01 1.774216086307783546e-01 -1.063865562012877714e-01
1.661967294005999804e+09 -2.358198612928390503e-01 5.970267578959465027e-02 9.539677500724792480e-01 6.763399839401245117e-01 -6.046510338783264160e-01 -3.637140691280364990e-01 -2.113611549139022827e-01 4.707791168371672774e-01 2.059206852318664627e-01 -6.185644290030402059e-01 2.530357022200642181e-01 2.506652407160571694e-01 1.720379914535205279e-01 -1.031584009849399325e-01
1.661967294036917210e+09 -2.453020364046096802e-01 6.752578914165496826e-02 9.443806409835815430e-01 6.779119372367858887e-01 -6.046838760375976562e-01 -3.631652593612670898e-01 -2.071322947740554810e-01 5.042231605406573003e-01 2.192197724934231151e-01 -6.585135108980526564e-01 2.693776441688598422e-01 2.668540898643022574e-01 1.831488143320857409e-01 -1.098207359267482086e-01
1.661967294068829775e+09 -2.548563480377197266e-01 7.515298575162887573e-02 9.345574975013732910e-01 6.794562935829162598e-01 -6.047352552413940430e-01 -3.625570237636566162e-01 -2.029454708099365234e-01 4.914331809589881916e-01 2.123836388045643730e-01 -6.379784727250956688e-01 2.609773910010706466e-01 2.585325310332600712e-01 1.774375148197728513e-01 -1.063960939609933931e-01
1.661967294100744486e+09 -2.644785642623901367e-01 8.257880806922912598e-02 9.244996905326843262e-01 6.809738278388977051e-01 -6.048047542572021484e-01 -3.618891537189483643e-01 -1.988013833761215210e-01 4.943246325398876762e-01 2.123693593129369894e-01 -6.379355786099485393e-01 2.609598443365100384e-01 2.585151487474477983e-01 1.774255849106669836e-01 -1.063889404808974065e-01
1.661967294131661892e+09 -2.741643786430358887e-01 8.979789167642593384e-02 9.142090082168579102e-01 6.824652552604675293e-01 -6.048924326896667480e-01 -3.611616790294647217e-01 -1.947010308504104614e-01 5.132739533036563273e-01 2.192197724934240033e-01 -6.585135108980598728e-01 2.693776441688598422e-01 2.668540898643022574e-01 1.831488143320839646e-01 -1.098207359267486527e-01
1.661967294162578583e+09 -2.839093208312988281e-01 9.680494666099548340e-02 9.036871790885925293e-01 6.839314103126525879e-01 -6.049978733062744141e-01 -3.603745996952056885e-01 -1.906451433897018433e-01 5.162766810063592615e-01 2.192248441293513928e-01 -6.585287455675522539e-01 2.693838762040525192e-01 2.668602635172288018e-01 1.831530514686168232e-01 -1.098232766227071611e-01
1.661967294194493771e+09 -2.937088012695312500e-01 1.035947874188423157e-01 8.929359316825866699e-01 6.853730082511901855e-01 -6.051207780838012695e-01 -3.595277965068817139e-01 -1.866346001625061035e-01 5.030110926473262412e-01 2.123661863533321259e-01 -6.379260473676381382e-01 2.609559453981356580e-01 2.585112863346814560e-01 1.774229340376050346e-01 -1.063873509492834907e-01
1.661967294226408720e+09 -3.035581409931182861e-01 1.101623177528381348e-01 8.819574117660522461e-01 6.867908239364624023e-01 -6.052609086036682129e-01 -3.586212992668151855e-01 -1.826701462268829346e-01 5.058843429615432763e-01 2.123677728212828575e-01 -6.379308129531955363e-01 2.609578948527525033e-01 2.585132175266350307e-01 1.774242594642309323e-01 -1.063881457091521154e-01
1.661967294258322954e+09 -3.134524524211883545e-01 1.165025606751441956e-01 8.707535862922668457e-01 6.881855726242065430e-01 -6.054179668426513672e-01 -3.576551377773284912e-01 -1.787526607513427734e-01 5.087521063127214971e-01 2.123725323673575360e-01 -6.379451101370614552e-01 2.609637433913941096e-01 2.585190112756305947e-01 1.774282358629434564e-01 -1.063905300600116871e-01
1.661967294289744139e+09 -3.233868479728698730e-01 1.226106360554695129e-01 8.593267202377319336e-01 6.895580291748046875e-01 -6.055916547775268555e-01 -3.566292822360992432e-01 -1.748829185962677002e-01 5.196206431254953850e-01 2.157050037000494136e-01 -6.479555091640314402e-01 2.650586900590659600e-01 2.625755961099696112e-01 1.802123742024558106e-01 -1.080599709596549579e-01
1.661967294320661783e+09 -3.333562016487121582e-01 1.284817755222320557e-01 8.476790785789489746e-01 6.909089088439941406e-01 -6.057816743850708008e-01 -3.555437922477722168e-01 -1.710617095232009888e-01 5.309991317644160436e-01 2.192180820002602448e-01 -6.585084328315271573e-01 2.693755668878702325e-01 2.668520320434701887e-01 1.831474019968047928e-01 -1.098198890542183559e-01
1.661967294351578951e+09 -3.433553874492645264e-01 1.341113150119781494e-01 8.358131051063537598e-01 6.922389268875122070e-01 -6.059876084327697754e-01 -3.543987274169921875e-01 -1.672897934913635254e-01 5.339062815757051883e-01 2.192214630126603780e-01 -6.585185890428975064e-01 2.693797214818802743e-01 2.668561477168722718e-01 1.831502266891456565e-01 -1.098215828123394328e-01
1.661967294381498814e+09 -3.533790707588195801e-01 1.394947171211242676e-01 8.237313032150268555e-01 6.935489177703857422e-01 -6.062090396881103516e-01 -3.531940281391143799e-01 -1.635679900646209717e-01 5.546796410576639857e-01 2.265286704248822280e-01 -6.804686839323923486e-01 2.783588308741143935e-01 2.757511399945266062e-01 1.892550883008727036e-01 -1.134822147272989551e-01
1.661967294413414955e+09 -3.634218573570251465e-01 1.446276009082794189e-01 8.114364147186279297e-01 6.948394775390625000e-01 -6.064457297325134277e-01 -3.519299030303955078e-01 -1.598970592021942139e-01 5.227566175088153022e-01 2.123598407185507408e-01 -6.379069857374297658e-01 2.609481478708950419e-01 2.585035618553861991e-01 1.774176325291085821e-01 -1.063841720285429310e-01
1.661967294445329905e+09 -3.734782636165618896e-01 1.495056599378585815e-01 7.989311218261718750e-01 6.961113214492797852e-01 -6.066971421241760254e-01 -3.506063818931579590e-01 -1.562777608633041382e-01 5.255302789359898030e-01 2.123677728212828575e-01 -6.379308129531955363e-01 2.609578948527525033e-01 2.585132175266368071e-01 1.774242594642344295e-01 -1.063881457091538502e-01
1.661967294476247072e+09 -3.835426867008209229e-01 1.541247367858886719e-01 7.862183451652526855e-01 6.973652243614196777e-01 -6.069629788398742676e-01 -3.492234945297241211e-01 -1.527108103036880493e-01 5.453123335440943631e-01 2.192214630126603780e-01 -6.585185890428975064e-01 2.693797214818874353e-01 2.668561477168722718e-01 1.831502266891456565e-01 -1.098215828123394328e-01
1.661967294506167889e+09 -3.936093747615814209e-01 1.584808230400085449e-01 7.733010649681091309e-01 6.986019015312194824e-01 -6.072427630424499512e-01 -3.477814793586730957e-01 -1.491970121860504150e-01 5.663644184339423626e-01 2.265214502149831832e-01 -6.804469951690296226e-01 2.783499586674128001e-01 2.757423509034728215e-01 1.892490561219903056e-01 -1.134785976778164285e-01
1.661967294537084579e+09 -4.036725759506225586e-01 1.625700443983078003e-01 7.601822614669799805e-01 6.998220086097717285e-01 -6.075358986854553223e-01 -3.462803065776824951e-01 -1.457370668649673462e-01 5.509033815494291941e-01 2.192248441293513928e-01 -6.585287455675522539e-01 2.693838762040596801e-01 2.668602635172288018e-01 1.831530514686204036e-01 -1.098232766227071611e-01
1.661967294569000244e+09 -4.137263894081115723e-01 1.663886606693267822e-01 7.468652725219726562e-01 7.010260820388793945e-01 -6.078422069549560547e-01 -3.447201848030090332e-01 -1.423316597938537598e-01 5.363302353124963506e-01 2.123630134885387266e-01 -6.379165164101454621e-01 2.609520465762587560e-01 2.585074240373299026e-01 1.774202832437522526e-01 -1.063857614651655958e-01
1.661967294600912809e+09 -4.237648248672485352e-01 1.699330806732177734e-01 7.333533167839050293e-01 7.022150754928588867e-01 -6.081609129905700684e-01 -3.431012332439422607e-01 -1.389815658330917358e-01 5.390328152434143982e-01 2.123836388045643730e-01 -6.379784727250956688e-01 2.609773910010775855e-01 2.585325310332617921e-01 1.774375148197737395e-01 -1.063960939609933931e-01
1.661967294631829977e+09 -4.237648248672485352e-01 1.699330806732177734e-01 7.333533167839050293e-01 7.022150754928588867e-01 -6.081609129905700684e-01 -3.431012332439422607e-01 -1.389815658330917358e-01 0.000000000000000000e+00 0.000000000000000000e+00 0.000000000000000000e+00 0.000000000000000000e+00 0.000000000000000000e+00 0.000000000000000000e+00 0.000000000000000000e+00
1.661967294662749767e+09 -4.082895815372467041e-01 1.834360212087631226e-01 7.493247985839843750e-01 6.934071183204650879e-01 -6.109388470649719238e-01 -3.528893887996673584e-01 -1.463196277618408203e-01 8.414454591858199217e-01 -5.004985254123360816e-01 2.008823180143896048e-01 4.258726643969260595e-01 5.374056861640645888e-01 1.636735046838698193e-01 -4.218276446735323981e-01
1.661967294692667723e+09 -3.923717737197875977e-01 1.964547485113143921e-01 7.655088305473327637e-01 6.844817996025085449e-01 -6.135269999504089355e-01 -3.625008761882781982e-01 -1.538258492946624756e-01 8.746730914777752774e-01 -5.172582560875791380e-01 2.076090781872904911e-01 4.401334679654398396e-01 5.554012927565767921e-01 1.691542877789149468e-01 -4.359529964121320877e-01
1.661967294723585367e+09 -3.760257363319396973e-01 2.089719176292419434e-01 7.818982601165771484e-01 6.754426360130310059e-01 -6.159251332283020020e-01 -3.719312846660614014e-01 -1.614948511123657227e-01 8.511361891614951380e-01 -5.005332613484911874e-01 2.008962597844826947e-01 4.259022210987534751e-01 5.374429835558771629e-01 1.636848640628096319e-01 -4.218569206401724392e-01
1.661967294754503250e+09 -3.592665493488311768e-01 2.209707051515579224e-01 7.984858751296997070e-01 6.662929654121398926e-01 -6.181331276893615723e-01 -3.811764419078826904e-01 -1.693210005760192871e-01 8.557289771527196720e-01 -5.005294015619309311e-01 2.008947106033452945e-01 4.258989368181680946e-01 5.374388391455751091e-01 1.636836018317317509e-01 -4.218536675543179681e-01
1.661967294784928799e+09 -3.421098887920379639e-01 2.324348688125610352e-01 8.152642846107482910e-01 6.570363044738769531e-01 -6.201509833335876465e-01 -3.902323544025421143e-01 -1.772985756397247314e-01 8.741003333311710977e-01 -5.086287732157100949e-01 2.041455104951819255e-01 4.327906673848022634e-01 5.461354649298573172e-01 1.663322660674927955e-01 -4.286799391506919132e-01
1.661967294815848589e+09 -3.245721459388732910e-01 2.433487325906753540e-01 8.322259187698364258e-01 6.476761698722839355e-01 -6.219785809516906738e-01 -3.990952074527740479e-01 -1.854218989610671997e-01 8.644277014953648530e-01 -5.004985254123369698e-01 2.008823180143896048e-01 4.258726643969188985e-01 5.374056861640663652e-01 1.636735046838707353e-01 -4.218276446735315099e-01
1.661967294861724854e+09 -3.066703081130981445e-01 2.536972761154174805e-01 8.493632078170776367e-01 6.382161378860473633e-01 -6.236160397529602051e-01 -4.077613949775695801e-01 -1.936849802732467651e-01 5.854048517919410166e-01 -3.373271468261956896e-01 1.353911265328899272e-01 2.870306374507931024e-01 3.622019198808787421e-01 1.103130449796383139e-01 -2.843043657579365502e-01
1.661967294908116579e+09 -3.066703081130981445e-01 2.536972761154174805e-01 8.493632078170776367e-01 6.382161378860473633e-01 -6.236160397529602051e-01 -4.077613949775695801e-01 -1.936849802732467651e-01 0.000000000000000000e+00 0.000000000000000000e+00 0.000000000000000000e+00 0.000000000000000000e+00 0.000000000000000000e+00 5.982872008414738022e-16 0.000000000000000000e+00
1.661967294940029144e+09 -3.063590824604034424e-01 2.617579400539398193e-01 8.500295281410217285e-01 6.352603435516357422e-01 -6.210551857948303223e-01 -4.122428297996520996e-01 -2.019668966531753540e-01 2.536349779260003712e-01 -9.644303471661456323e-03 -2.717860213679934578e-01 2.914579223610203607e-01 1.653098499119474429e-01 6.001149714657065815e-01 -3.099184405326372849e-01
1.661967294970946312e+09 -3.059814870357513428e-01 2.697369158267974854e-01 8.506777286529541016e-01 6.322170495986938477e-01 -6.185022592544555664e-01 -4.165731072425842285e-01 -2.102936059236526489e-01 2.592139855317842634e-01 -9.954807859475597875e-03 -2.805363424699041652e-01 3.008415926304399690e-01 1.706321040174250681e-01 6.194360486570860136e-01 -3.198964587412803096e-01
1.661967295001369953e+09 -3.055379688739776611e-01 2.776326537132263184e-01 8.513064980506896973e-01 6.290872693061828613e-01 -6.159581542015075684e-01 -4.207510948181152344e-01 -2.186628580093383789e-01 2.607558238797301753e-01 -1.011629283877997672e-02 -2.850871490848964074e-01 3.057217871098924511e-01 1.734000652051127245e-01 6.294844211530551403e-01 -3.250857575955208856e-01
1.661967295032287836e+09 -3.050289452075958252e-01 2.854436337947845459e-01 8.519146442413330078e-01 6.258715391159057617e-01 -6.134235858917236328e-01 -4.247757494449615479e-01 -2.270723581314086914e-01 2.539351516593787439e-01 -9.954577564488911387e-03 -2.805298525291473055e-01 3.008346329470842351e-01 1.706281566064210831e-01 6.194217185948094340e-01 -3.198890582417682760e-01
1.661967295063209772e+09 -3.044549226760864258e-01 2.931683659553527832e-01 8.525009155273437500e-01 6.225709319114685059e-01 -6.108996868133544922e-01 -4.286461770534515381e-01 -2.355198562145233154e-01 2.512192409360698986e-01 -9.953272760805839323e-03 -2.804930818693505690e-01 3.007952008230395657e-01 1.706057913934437287e-01 6.193405274307360875e-01 -3.198471285447065937e-01
1.661967295093639135e+09 -3.038164973258972168e-01 3.008054196834564209e-01 8.530640006065368652e-01 6.191862225532531738e-01 -6.083870530128479004e-01 -4.323611855506896973e-01 -2.440029978752136230e-01 2.525307663148269599e-01 -1.011439053502591508e-02 -2.850335402814956898e-01 3.056642980956275069e-01 1.733674584389533202e-01 6.293660506593770076e-01 -3.250246273112437079e-01
1.661967295125553846e+09 -3.031142055988311768e-01 3.083533346652984619e-01 8.536027669906616211e-01 6.157181859016418457e-01 -6.058866977691650391e-01 -4.359200298786163330e-01 -2.525195181369781494e-01 2.381233650290912607e-01 -9.643655042472415451e-03 -2.717677479913886973e-01 2.914383263554828907e-01 1.652987353994029573e-01 6.000746230812512572e-01 -3.098976033447950473e-01
1.661967295157468557e+09 -3.023486733436584473e-01 3.158107101917266846e-01 8.541159033775329590e-01 6.121678352355957031e-01 -6.033994555473327637e-01 -4.393218159675598145e-01 -2.610670626163482666e-01 2.354433547083239209e-01 -9.643655042472415451e-03 -2.717677479913886973e-01 2.914383263554828907e-01 1.652987353993994601e-01 6.000746230812546989e-01 -3.098976033447933265e-01
1.661967295189382076e+09 -3.015205562114715576e-01 3.231762051582336426e-01 8.546021580696105957e-01 6.085360050201416016e-01 -6.009261012077331543e-01 -4.425656795501708984e-01 -2.696432471275329590e-01 2.327488658790277387e-01 -9.644015270145736216e-03 -2.717778995639109074e-01 2.914492126998986521e-01 1.653049099440744019e-01 6.000970381805408316e-01 -3.099091792143309210e-01
1.661967295221296787e+09 -3.006305396556854248e-01 3.304484188556671143e-01 8.550603389739990234e-01 6.048234701156616211e-01 -5.984674692153930664e-01 -4.456507265567779541e-01 -2.782457768917083740e-01 2.300126367913502001e-01 -9.643655042472415451e-03 -2.717677479913886973e-01 2.914383263554828907e-01 1.652987353993994601e-01 6.000746230812546989e-01 -3.098976033447950473e-01
1.661967295253211737e+09 -2.996793389320373535e-01 3.376260995864868164e-01 8.554891943931579590e-01 6.010313034057617188e-01 -5.960243344306945801e-01 -4.485763609409332275e-01 -2.868722081184387207e-01 2.272641388858551159e-01 -9.643583000167021621e-03 -2.717657177678882707e-01 2.914361491841905849e-01 1.652975005458205138e-01 6.000701402623339620e-01 -3.098952882746582871e-01
1.661967295285126925e+09 -2.986677885055541992e-01 3.447079062461853027e-01 8.558874726295471191e-01 5.971603393554687500e-01 -5.935975313186645508e-01 -4.513416886329650879e-01 -2.955202460289001465e-01 2.244938739202121669e-01 -9.643510958938863314e-03 -2.717636875747209135e-01 2.914339720454269256e-01 1.652962657106877009e-01 6.000656575103934243e-01 -3.098929732391121905e-01
1.661967295317041636e+09 -2.975966036319732666e-01 3.516926467418670654e-01 8.562539219856262207e-01 5.932117104530334473e-01 -5.911876559257507324e-01 -4.539460241794586182e-01 -3.041873872280120850e-01 2.217127159574179274e-01 -9.643655042472415451e-03 -2.717677479913886973e-01 2.914383263554828907e-01 1.652987353993994601e-01 6.000746230812546989e-01 -3.098976033447950473e-01
1.661967295348955631e+09 -2.964666783809661865e-01 3.585790395736694336e-01 8.565874099731445312e-01 5.891860723495483398e-01 -5.887957215309143066e-01 -4.563890099525451660e-01 -3.128713369369506836e-01 2.189146293461969595e-01 -9.643871175847043564e-03 -2.717738388438952768e-01 2.914448580645385700e-01 1.653024400708523189e-01 6.000880719398800078e-01 -3.099045487627413165e-01
1.661967295380871058e+09 -2.952788472175598145e-01 3.653659522533416748e-01 8.568867444992065430e-01 -5.850846171379089355e-01 5.864222645759582520e-01 4.586696922779083252e-01 3.215696513652801514e-01 2.160890338472351846e-01 -9.643438918785307221e-03 -2.717616574118859596e-01 2.914317949391910800e-01 1.652950308940006885e-01 6.000611748254298661e-01 -3.098906582381542041e-01
1.661967295412786484e+09 -2.940340340137481689e-01 3.720522224903106689e-01 8.571506142616271973e-01 -5.809082388877868652e-01 5.840680003166198730e-01 4.607877135276794434e-01 3.302797973155975342e-01 2.132597643895604855e-01 -9.643438918785307221e-03 -2.717616574118859596e-01 2.914317949391910800e-01 1.652950308940041579e-01 6.000611748254280897e-01 -3.098906582381559249e-01
1.661967295442705393e+09 -2.927331626415252686e-01 3.786366879940032959e-01 8.573778867721557617e-01 -5.766581296920776367e-01 5.817337632179260254e-01 4.627424776554107666e-01 3.389994800090789795e-01 2.244596121748183848e-01 -1.028695474492073020e-02 -2.898965705848939867e-01 3.108793150470952615e-01 1.763253250927460936e-01 6.401038261971688792e-01 -3.305699558027737073e-01
1.661967295474620342e+09 -2.913772463798522949e-01 3.851183056831359863e-01 8.575673699378967285e-01 -5.723350048065185547e-01 5.794200897216796875e-01 4.645335972309112549e-01 3.477262258529663086e-01 2.075715142697295845e-01 -9.643583000167021621e-03 -2.717657177678882707e-01 2.914361491841905849e-01 1.652975005458205138e-01 6.000701402623357383e-01 -3.098952882746582871e-01
1.661967295506534815e+09 -2.899672389030456543e-01 3.914960324764251709e-01 8.577179312705993652e-01 -5.679401159286499023e-01 5.771277546882629395e-01 4.661605656147003174e-01 3.564575612545013428e-01 2.047179948213086742e-01 -9.643727085854201728e-03 -2.717697782452229149e-01 2.914405035593044535e-01 1.652999702714319785e-01 6.000791059671484184e-01 -3.098999184495197512e-01
1.661967295538450956e+09 -2.885041832923889160e-01 3.977687954902648926e-01 8.578283786773681641e-01 -5.634742975234985352e-01 5.748574137687683105e-01 4.676229059696197510e-01 3.651909828186035156e-01 2.018436837978208609e-01 -9.643222804785066618e-03 -2.717555671053687449e-01 2.914252638156435427e-01 1.652913265546447907e-01 6.000477271723703154e-01 -3.098837134428012452e-01
1.661967295569366932e+09 -2.869891822338104248e-01 4.039356410503387451e-01 8.578975796699523926e-01 -5.589388608932495117e-01 5.726096034049987793e-01 4.689205586910247803e-01 3.739240765571594238e-01 2.054145307329930115e-01 -9.955191708134232195e-03 -2.805471597051560906e-01 3.008531928183243442e-01 1.706386834416609155e-01 6.194599335676927998e-01 -3.199087936680851119e-01
1.661967295600284576e+09 -2.854232788085937500e-01 4.099956154823303223e-01 8.579243421554565430e-01 -5.543346405029296875e-01 5.703850388526916504e-01 4.700528979301452637e-01 3.826544284820556641e-01 2.024435657602610961e-01 -9.954654328300541546e-03 -2.805320158093685401e-01 3.008369528057568409e-01 1.706294723897968657e-01 6.194264952085667408e-01 -3.198915250368934426e-01
1.661967295632198334e+09 -2.838076651096343994e-01 4.159478247165679932e-01 8.579075932502746582e-01 -5.496627688407897949e-01 5.681842565536499023e-01 4.710198938846588135e-01 3.913795053958892822e-01 1.932583300263949755e-01 -9.643943222458145961e-03 -2.717758691887348643e-01 2.914470353659525115e-01 1.653036749982375042e-01 6.000925550267190989e-01 -3.099068639712380113e-01
1.661967295663116693e+09 -2.821434736251831055e-01 4.217913746833801270e-01 8.578462600708007812e-01 -5.449242591857910156e-01 5.660078525543212891e-01 4.718211591243743896e-01 4.000968039035797119e-01 1.965244473334888109e-01 -9.954424040417313505e-03 -2.805255260687941621e-01 3.008299933370727763e-01 1.706255251005437401e-01 6.194121655883014776e-01 -3.198841247656482589e-01
1.661967295694034576e+09 -2.804318666458129883e-01 4.275254607200622559e-01 8.577392101287841797e-01 -5.401202440261840820e-01 5.638564825057983398e-01 4.724566340446472168e-01 4.088039398193359375e-01 1.935788462787463304e-01 -9.954577564488911387e-03 -2.805298525291473055e-01 3.008346329470842351e-01 1.706281566064210831e-01 6.194217185948112103e-01 -3.198890582417682760e-01
1.661967295725949287e+09 -2.786740660667419434e-01 4.331492185592651367e-01 8.575853109359741211e-01 -5.352519750595092773e-01 5.617306232452392578e-01 4.729261994361877441e-01 4.174983501434326172e-01 1.846822859788156967e-01 -9.643655042472415451e-03 -2.717677479913886973e-01 2.914383263554828907e-01 1.652987353993994601e-01 6.000746230812512572e-01 -3.098976033447950473e-01
1.661967295757863998e+09 -2.768713533878326416e-01 4.386619031429290771e-01 8.573836088180541992e-01 -5.303203463554382324e-01 5.596308112144470215e-01 4.732295870780944824e-01 4.261775910854339600e-01 1.818427874343866157e-01 -9.643655042472415451e-03 -2.717677479913886973e-01 2.914383263554828907e-01 1.652987353994029573e-01 6.000746230812546989e-01 -3.098976033447950473e-01
1.661967295789778709e+09 -2.750249505043029785e-01 4.440628290176391602e-01 8.571329712867736816e-01 -5.253266096115112305e-01 5.575576424598693848e-01 4.733669757843017578e-01 4.348391294479370117e-01 1.790183779405654374e-01 -9.643655042472415451e-03 -2.717677479913886973e-01 2.914383263554828907e-01 1.652987353993994601e-01 6.000746230812512572e-01 -3.098976033447916056e-01
1.661967295820695639e+09 -2.731361985206604004e-01 4.493512511253356934e-01 8.568323850631713867e-01 -5.202719569206237793e-01 5.555114150047302246e-01 4.733382761478424072e-01 4.434806704521179199e-01 1.818946424031628872e-01 -9.954884626839976408e-03 -2.805385058502201101e-01 3.008439125964521565e-01 1.706334198616855924e-01 6.194408254918567502e-01 -3.198989256505437861e-01
1.661967295851612568e+09 -2.712063491344451904e-01 4.545265436172485352e-01 8.564808964729309082e-01 -5.151573419570922852e-01 5.534927845001220703e-01 4.731435477733612061e-01 4.520995318889617920e-01 1.790143674673266572e-01 -9.954884626839079556e-03 -2.805385058502237183e-01 3.008439125964521565e-01 1.706334198616855924e-01 6.194408254918567502e-01 -3.198989256505437861e-01
1.661967295882530928e+09 -2.692368030548095703e-01 4.595880806446075439e-01 8.560774922370910645e-01 -5.099838972091674805e-01 5.515022277832031250e-01 4.727827310562133789e-01 4.606932103633880615e-01 1.761474969247735500e-01 -9.954424040417313505e-03 -2.805255260687941621e-01 3.008299933370727763e-01 1.706255251005437401e-01 6.194121655882995903e-01 -3.198841247656500908e-01
1.661967295913448095e+09 -2.672289013862609863e-01 4.645352959632873535e-01 8.556211590766906738e-01 -5.047529339790344238e-01 5.495401024818420410e-01 4.722561538219451904e-01 4.692594408988952637e-01 1.733219487103473122e-01 -9.954807859475597875e-03 -2.805363424699041652e-01 3.008415926304399690e-01 1.706321040174286485e-01 6.194360486570895663e-01 -3.198964587412803096e-01
1.661967295945362091e+09 -2.651840448379516602e-01 4.693676531314849854e-01 8.551109433174133301e-01 -4.994655251502990723e-01 5.476068854331970215e-01 4.715639054775238037e-01 4.777956008911132812e-01 1.651923469947724488e-01 -9.643871175847043564e-03 -2.717738388438952768e-01 2.914448580645385700e-01 1.653024400708488495e-01 6.000880719398782315e-01 -3.099045487627378748e-01
1.661967295977277040e+09 -2.631036639213562012e-01 4.740846455097198486e-01 8.545460104942321777e-01 -4.941226840019226074e-01 5.457029938697814941e-01 4.707060754299163818e-01 4.862991571426391602e-01 1.625021007477453205e-01 -9.643583000167021621e-03 -2.717657177678882707e-01 2.914361491841905849e-01 1.652975005458205138e-01 6.000701402623357383e-01 -3.098952882746600634e-01
1.661967296008706093e+09 -2.609891295433044434e-01 4.786857962608337402e-01 8.539253473281860352e-01 -4.887258708477020264e-01 5.438287258148193359e-01 4.696830809116363525e-01 4.947677850723266602e-01 1.623234728160116713e-01 -9.792673994563601617e-03 -2.759672496159796817e-01 2.959417883521459625e-01 1.678530204938714354e-01 6.093472993761067658e-01 -3.146863080322422346e-01
1.661967296040620089e+09 -2.588419616222381592e-01 4.831706881523132324e-01 8.532480597496032715e-01 -4.832760095596313477e-01 5.419845581054687500e-01 4.684951007366180420e-01 5.031989812850952148e-01 1.572443934984883995e-01 -9.643871175847043564e-03 -2.717738388438952768e-01 2.914448580645385700e-01 1.653024400708523189e-01 6.000880719398800078e-01 -3.099045487627413165e-01
1.661967296072535038e+09 -2.566635906696319580e-01 4.875389635562896729e-01 8.525133728981018066e-01 -4.777745306491851807e-01 5.401710271835327148e-01 4.671426713466644287e-01 5.115901827812194824e-01 1.546699458747543832e-01 -9.643583000167890718e-03 -2.717657177678882707e-01 2.914361491841905849e-01 1.652975005458170166e-01 6.000701402623357383e-01 -3.098952882746600634e-01
1.661967296103452682e+09 -2.544555366039276123e-01 4.917902648448944092e-01 8.517203927040100098e-01 -4.722225368022918701e-01 5.383880734443664551e-01 4.656260311603546143e-01 5.199390649795532227e-01 1.570529161707918120e-01 -9.954654328300541546e-03 -2.805320158093685401e-01 3.008369528057568409e-01 1.706294723897968657e-01 6.194264952085649645e-01 -3.198915250368898344e-01
