1.661967359105239391e+09 1.378528122206244648e-16 -2.367949187755584717e-01 1.128897309303283691e+00 -6.125128269195556641e-01 6.125135421752929688e-01 3.533097505569458008e-01 3.533093035221099854e-01 0.000000000000000000e+00 0.000000000000000000e+00 0.000000000000000000e+00 0.000000000000000000e+00 0.000000000000000000e+00 0.000000000000000000e+00 0.000000000000000000e+00
1.661967361445538759e+09 1.378528122206244648e-16 -2.367949187755584717e-01 1.128897309303283691e+00 -6.125128269195556641e-01 6.125135421752929688e-01 3.533097505569458008e-01 3.533093035221099854e-01 0.000000000000000000e+00 0.000000000000000000e+00 0.000000000000000000e+00 0.000000000000000000e+00 0.000000000000000000e+00 0.000000000000000000e+00 0.000000000000000000e+00
1.661967361471470833e+09 -6.858402397483587265e-03 -2.265979647636413574e-01 1.126820683479309082e+00 6.160870194435119629e-01 -6.096624732017517090e-01 -3.554508388042449951e-01 -3.498615920543670654e-01 4.806041659401966148e-01 2.942304317155017834e-01 -7.098325437123256254e-01 2.565959647917924746e-01 3.754023268626121013e-01 3.713556105206060609e-01 -3.306033843143258433e-01
1.661967361502386570e+09 -1.383980456739664078e-02 -2.164427787065505981e-01 1.124557733535766602e+00 6.195777654647827148e-01 -6.068427562713623047e-01 -3.575486838817596436e-01 -3.464450240135192871e-01 4.052794858986096815e-01 2.468000413850542363e-01 -5.954064647332345528e-01 2.152323074150594151e-01 3.148869043407534485e-01 3.114925247898107652e-01 -2.773096190461654675e-01
1.661967361534301519e+09 -2.094369009137153625e-02 -2.063337415456771851e-01 1.122107148170471191e+00 6.229868531227111816e-01 -6.040554046630859375e-01 -3.596021831035614014e-01 -3.430607914924621582e-01 3.946789199737803511e-01 2.390730785396808222e-01 -5.767651241359209591e-01 2.084936860064461606e-01 3.050282373945042425e-01 3.017401311023695798e-01 -2.686274441526380063e-01
1.661967361566215992e+09 -2.816944755613803864e-02 -1.962752640247344971e-01 1.119467616081237793e+00 6.263160705566406250e-01 -6.013014912605285645e-01 -3.616102635860443115e-01 -3.397098481655120850e-01 3.967793602450530033e-01 2.390766505531939090e-01 -5.767737416382799909e-01 2.084968011303602320e-01 3.050327948502956632e-01 3.017446394302569224e-01 -2.686314577407292736e-01
1.661967361598130941e+09 -3.551636263728141785e-02 -1.862717866897583008e-01 1.116637587547302246e+00 6.295670866966247559e-01 -5.985819697380065918e-01 -3.635718524456024170e-01 -3.363932669162750244e-01 3.988761821553511444e-01 2.390730785396791014e-01 -5.767651241359209591e-01 2.084936860064600939e-01 3.050282373945042425e-01 3.017401311023713006e-01 -2.686274441526380063e-01
1.661967361630045414e+09 -4.298362135887145996e-02 -1.763278096914291382e-01 1.113616108894348145e+00 6.327419281005859375e-01 -5.958977341651916504e-01 -3.654859066009521484e-01 -3.331120014190673828e-01 4.009886755769027644e-01 2.390766505531939090e-01 -5.767737416382799909e-01 2.084968011303602320e-01 3.050327948502922215e-01 3.017446394302551460e-01 -2.686314577407275528e-01
1.661967361661960602e+09 -5.057030916213989258e-02 -1.664478480815887451e-01 1.110401749610900879e+00 6.358423233032226562e-01 -5.932496786117553711e-01 -3.673514723777770996e-01 -3.298671245574951172e-01 4.030939592549399042e-01 2.390712925729481242e-01 -5.767608154813055332e-01 2.084921284794097884e-01 3.050259587176774034e-01 3.017378769889477730e-01 -2.686254374035669246e-01
1.661967361693875313e+09 -5.827540904283523560e-02 -1.566364169120788574e-01 1.106993436813354492e+00 6.388701200485229492e-01 -5.906386375427246094e-01 -3.691673576831817627e-01 -3.266595900058746338e-01 4.052203923450600764e-01 2.390748645330941502e-01 -5.767694328549120009e-01 2.084952435567674345e-01 3.050305161053767367e-01 3.017423852494734993e-01 -2.686294509316919377e-01
1.661967361724792480e+09 -6.609779596328735352e-02 -1.468980908393859863e-01 1.103390097618103027e+00 6.418272256851196289e-01 -5.880652666091918945e-01 -3.709326684474945068e-01 -3.234904408454895020e-01 4.204892902511280783e-01 2.467886221536751690e-01 -5.953789157743801796e-01 2.152223487962991733e-01 3.148723347872042222e-01 3.114781122913627964e-01 -2.772967881621583586e-01
1.661967361755709887e+09 -7.403624057769775391e-02 -1.372374445199966431e-01 1.099590897560119629e+00 6.447154879570007324e-01 -5.855302810668945312e-01 -3.726463913917541504e-01 -3.203605711460113525e-01 4.226847829526603206e-01 2.467867190511826847e-01 -5.953743245290806785e-01 2.152206891161173863e-01 3.148699066593592666e-01 3.114757103379514058e-01 -2.772946497969283608e-01
1.661967361785629988e+09 -8.208941668272018433e-02 -1.276590824127197266e-01 1.095594644546508789e+00 6.475368738174438477e-01 -5.830343365669250488e-01 -3.743074834346771240e-01 -3.172709643840789795e-01 4.390540234820877741e-01 2.550126808166107706e-01 -6.152195027806789396e-01 2.223944834215890176e-01 3.253652356755342701e-01 3.218579030829722964e-01 -2.865375101735244678e-01
1.661967361817544699e+09 -9.025587141513824463e-02 -1.181676238775253296e-01 1.091400623321533203e+00 6.502932310104370117e-01 -5.805779695510864258e-01 -3.759150207042694092e-01 -3.142226338386535645e-01 4.137549493979255089e-01 2.390748645330941502e-01 -5.767694328549050065e-01 2.084952435567674345e-01 3.050305161053767367e-01 3.017423852494734993e-01 -2.686294509316901613e-01
1.661967361848462343e+09 -9.853405505418777466e-02 -1.087676882743835449e-01 1.087007880210876465e+00 6.529865264892578125e-01 -5.781616568565368652e-01 -3.774679303169250488e-01 -3.112163543701171875e-01 4.293149162209098368e-01 2.467848159780395845e-01 -5.953697333546054127e-01 2.152190294615181632e-01 3.148674785689592470e-01 3.114733084215885461e-01 -2.772925114646762057e-01
1.661967361878382921e+09 -1.069223061203956604e-01 -9.946390986442565918e-02 1.082415938377380371e+00 6.556187272071838379e-01 -5.757858753204345703e-01 -3.789654374122619629e-01 -3.082531690597534180e-01 4.459138637077653677e-01 2.550086167399756576e-01 -6.152096981733163883e-01 2.223909391734309460e-01 3.253600504069111832e-01 3.218527737098754171e-01 -2.865329436931557949e-01
1.661967361909300566e+09 -1.154188662767410278e-01 -9.026093035936355591e-02 1.077623963356018066e+00 6.581916213035583496e-01 -5.734511017799377441e-01 -3.804063498973846436e-01 -3.053338527679443359e-01 4.337585878859002153e-01 2.467848159780359762e-01 -5.953697333546054127e-01 2.152190294615110022e-01 3.148674785689592470e-01 3.114733084215849379e-01 -2.772925114646743738e-01
1.661967361941214800e+09 -1.240218356251716614e-01 -8.116340637207031250e-02 1.072631359100341797e+00 6.607071757316589355e-01 -5.711574554443359375e-01 -3.817899525165557861e-01 -3.024593889713287354e-01 4.223724393529936227e-01 2.390784365999806815e-01 -5.767780504860263724e-01 2.084983587272320193e-01 3.050350736292600784e-01 3.017468936447187389e-01 -2.686334645797507914e-01
1.661967361973129988e+09 -1.327292323112487793e-01 -7.217597216367721558e-02 1.067437529563903809e+00 6.631674170494079590e-01 -5.689053535461425781e-01 -3.831152021884918213e-01 -2.996306121349334717e-01 4.245235509854002331e-01 2.390712925729472638e-01 -5.767608154813055332e-01 2.084921284794028218e-01 3.050259587176774034e-01 3.017378769889477730e-01 -2.686254374035669246e-01
1.661967362005044222e+09 -1.415389627218246460e-01 -6.330326944589614868e-02 1.062042236328125000e+00 6.655743122100830078e-01 -5.666948556900024414e-01 -3.843810558319091797e-01 -2.968482971191406250e-01 4.267009370173667215e-01 2.390784365999798211e-01 -5.767780504860263724e-01 2.084983587272250527e-01 3.050350736292617992e-01 3.017468936447187389e-01 -2.686334645797507914e-01
1.661967362036958694e+09 -1.504487842321395874e-01 -5.454993620514869690e-02 1.056445002555847168e+00 6.679296493530273438e-01 -5.645263791084289551e-01 -3.855869174003601074e-01 -2.941134274005889893e-01 4.288659286837158136e-01 2.390766505531939090e-01 -5.767737416382799909e-01 2.084968011303671986e-01 3.050327948502956632e-01 3.017446394302551460e-01 -2.686314577407292736e-01
1.661967362068872690e+09 -1.594563722610473633e-01 -4.592059925198554993e-02 1.050645589828491211e+00 6.702354550361633301e-01 -5.623998045921325684e-01 -3.867318332195281982e-01 -2.914267182350158691e-01 4.310422867542843539e-01 2.390802226734490277e-01 -5.767823593981526997e-01 2.084999163473693629e-01 3.050373524422724247e-01 3.017491478928597259e-01 -2.686354714487553808e-01
1.661967362099790573e+09 -1.685592979192733765e-01 -3.741987049579620361e-02 1.044643759727478027e+00 6.724936366081237793e-01 -5.603151917457580566e-01 -3.878146409988403320e-01 -2.887889444828033447e-01 4.471720877394456117e-01 2.467829129342460903e-01 -5.953651422509312896e-01 2.152173698325081375e-01 3.148650505160105473e-01 3.114709065422661127e-01 -2.772903731654028925e-01
1.661967362130708933e+09 -1.777550131082534790e-01 -2.905234508216381073e-02 1.038439273834228516e+00 6.747061610221862793e-01 -5.582724809646606445e-01 -3.888348340988159180e-01 -2.862009704113006592e-01 4.494108404889118891e-01 2.467791069347088917e-01 -5.953559602560014596e-01 2.152140506512819074e-01 3.148601945224491772e-01 3.114661028947534605e-01 -2.772860966657897386e-01
1.661967362162622929e+09 -1.870408207178115845e-01 -2.082259580492973328e-02 1.032032251358032227e+00 6.768749356269836426e-01 -5.562715530395507812e-01 -3.897913694381713867e-01 -2.836635112762451172e-01 4.375640327172289346e-01 2.390802226734507763e-01 -5.767823593981526997e-01 2.084999163473693629e-01 3.050373524422742011e-01 3.017491478928615023e-01 -2.686354714487571016e-01
1.661967362194537163e+09 -1.964139491319656372e-01 -1.273517496883869171e-02 1.025422573089599609e+00 6.790018677711486816e-01 -5.543124079704284668e-01 -3.906835317611694336e-01 -2.811772823333740234e-01 4.397372938995875447e-01 2.390784365999780725e-01 -5.767780504860193780e-01 2.084983587272320193e-01 3.050350736292600784e-01 3.017468936447169625e-01 -2.686334645797490150e-01
1.661967362226452112e+09 -2.058715075254440308e-01 -4.794606938958168030e-03 1.018610477447509766e+00 6.810887455940246582e-01 -5.523947477340698242e-01 -3.915103971958160400e-01 -2.787431478500366211e-01 4.419021914233973169e-01 2.390730785396791014e-01 -5.767651241359209591e-01 2.084936860064461606e-01 3.050282373945042425e-01 3.017401311023713006e-01 -2.686274441526380063e-01
1.661967362258366823e+09 -2.154104858636856079e-01 2.994615351781249046e-03 1.011595964431762695e+00 6.831376552581787109e-01 -5.505183339118957520e-01 -3.922712504863739014e-01 -2.763617634773254395e-01 4.440827506419352533e-01 2.390748645330950106e-01 -5.767694328549120009e-01 2.084952435567744011e-01 3.050305161053767367e-01 3.017423852494734993e-01 -2.686294509316919377e-01
1.661967362289791584e+09 -2.250277698040008545e-01 1.062803249806165695e-02 1.004379630088806152e+00 6.851503849029541016e-01 -5.486827492713928223e-01 -3.929652273654937744e-01 -2.740336954593658447e-01 4.532118697008698516e-01 2.428023319783011447e-01 -5.857619686806913029e-01 2.117459375783151132e-01 3.097863122481372411e-01 3.064469154394351968e-01 -2.728177102668053466e-01
1.661967362321707010e+09 -2.347201108932495117e-01 1.810122467577457428e-02 9.969615340232849121e-01 6.871286630630493164e-01 -5.468878746032714844e-01 -3.935918211936950684e-01 -2.717599272727966309e-01 4.484186339974294833e-01 2.390695066329006635e-01 -5.767565068910641690e-01 2.084905709756230130e-01 3.050236800748919452e-01 3.017356229092021391e-01 -2.686234306844771380e-01
1.661967362353621483e+09 -2.444841861724853516e-01 2.540981210768222809e-02 9.893422722816467285e-01 6.890745759010314941e-01 -5.451329946517944336e-01 -3.941498398780822754e-01 -2.695407271385192871e-01 4.506025548285366167e-01 2.390766505531939090e-01 -5.767737416382799909e-01 2.084968011303602320e-01 3.050327948502956632e-01 3.017446394302551460e-01 -2.686314577407283855e-01
1.661967362385535955e+09 -2.543165385723114014e-01 3.254945948719978333e-02 9.815223217010498047e-01 6.909897327423095703e-01 -5.434177517890930176e-01 -3.946388363838195801e-01 -2.673771083354949951e-01 4.527713881433395038e-01 2.390766505531939090e-01 -5.767737416382729965e-01 2.084968011303671986e-01 3.050327948502956632e-01 3.017446394302551460e-01 -2.686314577407292736e-01
1.661967362417450666e+09 -2.642135918140411377e-01 3.951588273048400879e-02 9.735023379325866699e-01 6.928761005401611328e-01 -5.417415499687194824e-01 -3.950580656528472900e-01 -2.652695178985595703e-01 4.549328822510982362e-01 2.390748645330950106e-01 -5.767694328549120009e-01 2.084952435567744011e-01 3.050305161053750158e-01 3.017423852494752756e-01 -2.686294509316901613e-01
1.661967362449364901e+09 -2.741716504096984863e-01 4.630485177040100098e-02 9.652830362319946289e-01 6.947354078292846680e-01 -5.401038527488708496e-01 -3.954067528247833252e-01 -2.632185518741607666e-01 4.571003351546154558e-01 2.390784365999780725e-01 -5.767780504860263724e-01 2.084983587272320193e-01 3.050350736292600784e-01 3.017468936447152417e-01 -2.686334645797507914e-01
1.661967362481279850e+09 -2.841869890689849854e-01 5.291218683123588562e-02 9.568651914596557617e-01 6.965693831443786621e-01 -5.385040044784545898e-01 -3.956843018531799316e-01 -2.612248957157135010e-01 4.592479587132155538e-01 2.390730785396799618e-01 -5.767651241359209591e-01 2.084936860064461606e-01 3.050282373945042425e-01 3.017401311023730770e-01 -2.686274441526380063e-01
1.661967362513195038e+09 -2.942557036876678467e-01 5.933377519249916077e-02 9.482497572898864746e-01 6.983798742294311523e-01 -5.369412899017333984e-01 -3.958899378776550293e-01 -2.592891156673431396e-01 4.613959878720927388e-01 2.390712925729481242e-01 -5.767608154813055332e-01 2.084921284794028218e-01 3.050259587176774034e-01 3.017378769889477730e-01 -2.686254374035669246e-01
1.661967362545109510e+09 -3.043737709522247314e-01 6.556556373834609985e-02 9.394376277923583984e-01 7.001684308052062988e-01 -5.354148745536804199e-01 -3.960230350494384766e-01 -2.574116885662078857e-01 4.635532108365026382e-01 2.390766505531939090e-01 -5.767737416382799909e-01 2.084968011303671986e-01 3.050327948502939424e-01 3.017446394302551460e-01 -2.686314577407292736e-01
1.661967362577023983e+09 -3.145371079444885254e-01 7.160355895757675171e-02 9.304299354553222656e-01 7.019369006156921387e-01 -5.339240431785583496e-01 -3.960830271244049072e-01 -2.555932104587554932e-01 4.656929825618650320e-01 2.390766505531939090e-01 -5.767737416382799909e-01 2.084968011303602320e-01 3.050327948502939424e-01 3.017446394302569224e-01 -2.686314577407292736e-01
1.661967362608939171e+09 -3.247415423393249512e-01 7.744386047124862671e-02 9.212277531623840332e-01 7.036868929862976074e-01 -5.324679017066955566e-01 -3.960692286491394043e-01 -2.538342475891113281e-01 4.678179490175062294e-01 2.390712925729481242e-01 -5.767608154813055332e-01 2.084921284794028218e-01 3.050259587176774034e-01 3.017378769889468848e-01 -2.686254374035652037e-01
1.661967362640852928e+09 -3.349827229976654053e-01 8.308262377977371216e-02 9.118324518203735352e-01 7.054200172424316406e-01 -5.310456156730651855e-01 -3.959810435771942139e-01 -2.521351873874664307e-01 4.699635884149423459e-01 2.390820087736073296e-01 -5.767866683746601941e-01 2.085014739907798120e-01 3.050396312893387529e-01 3.017514021746850461e-01 -2.686374783477489259e-01
1.661967362672767401e+09 -3.452562689781188965e-01 8.851609379053115845e-02 9.022453427314758301e-01 7.071378827095031738e-01 -5.296561717987060547e-01 -3.958178460597991943e-01 -2.504965960979461670e-01 4.720707421917627600e-01 2.390766505531939090e-01 -5.767737416382729965e-01 2.084968011303671986e-01 3.050327948502939424e-01 3.017446394302551460e-01 -2.686314577407275528e-01
1.661967362703685045e+09 -3.555576801300048828e-01 9.374058246612548828e-02 8.924677968025207520e-01 7.088420987129211426e-01 -5.282984972000122070e-01 -3.955791890621185303e-01 -2.489189952611923218e-01 4.894691625485992348e-01 2.467848159780395845e-01 -5.953697333546054127e-01 2.152190294615038135e-01 3.148674785689592470e-01 3.114733084215876580e-01 -2.772925114646762057e-01
1.661967362734602451e+09 -3.658823966979980469e-01 9.875249862670898438e-02 8.825014233589172363e-01 7.105342149734497070e-01 -5.269716382026672363e-01 -3.952643275260925293e-01 -2.474026530981063843e-01 4.916406130152111142e-01 2.467867190511790765e-01 -5.953743245290877839e-01 2.152206891161101976e-01 3.148699066593592666e-01 3.114757103379514058e-01 -2.772946497969283608e-01
1.661967362766516924e+09 -3.762256801128387451e-01 1.035483479499816895e-01 8.723477721214294434e-01 7.122156620025634766e-01 -5.256745219230651855e-01 -3.948729634284973145e-01 -2.459481507539749146e-01 4.783713124216845136e-01 2.390766505531956576e-01 -5.767737416382799909e-01 2.084968011303671986e-01 3.050327948502956632e-01 3.017446394302555901e-01 -2.686314577407292736e-01
1.661967362796942711e+09 -3.865827620029449463e-01 1.081247106194496155e-01 8.620086908340454102e-01 7.138879895210266113e-01 -5.244058966636657715e-01 -3.944044411182403564e-01 -2.445558309555053711e-01 5.039560478236901897e-01 2.507742927273420297e-01 -6.049943680755280884e-01 2.186982196646931886e-01 3.199575667896837894e-01 3.165085271284299173e-01 -2.817751698602537491e-01
1.661967362828857422e+09 -3.969487845897674561e-01 1.124782785773277283e-01 8.514858484268188477e-01 7.155526280403137207e-01 -5.231646299362182617e-01 -3.938582837581634521e-01 -2.432261109352111816e-01 4.825139066990365988e-01 2.390748645330958988e-01 -5.767694328549120009e-01 2.084952435567674345e-01 3.050305161053750158e-01 3.017423852494739434e-01 -2.686294509316901613e-01
1.661967362858777285e+09 -4.073187708854675293e-01 1.166058331727981567e-01 8.407812118530273438e-01 7.172108292579650879e-01 -5.219495892524719238e-01 -3.932340145111083984e-01 -2.419593781232833862e-01 5.168767604169922647e-01 2.550147129035084115e-01 -6.152244052015458653e-01 2.223962555880393543e-01 3.253678283718273723e-01 3.218604678308318867e-01 -2.865397934682912817e-01
1.661967362890200377e+09 -4.176876842975616455e-01 1.205042675137519836e-01 8.298967480659484863e-01 7.188642024993896484e-01 -5.207593441009521484e-01 -3.925311863422393799e-01 -2.407559007406234741e-01 4.942254074602184244e-01 2.428152275937418003e-01 -5.857930794242592887e-01 2.117571837395849921e-01 3.098027654885941451e-01 3.064631913192500945e-01 -2.728322000464064589e-01
1.661967362921118021e+09 -4.280504286289215088e-01 1.241705790162086487e-01 8.188346624374389648e-01 7.205138802528381348e-01 -5.195925831794738770e-01 -3.917493820190429688e-01 -2.396160662174224854e-01 5.043983342443708606e-01 2.467848159780377804e-01 -5.953697333546054127e-01 2.152190294615110022e-01 3.148674785689592470e-01 3.114733084215872139e-01 -2.772925114646743738e-01
1.661967362952034712e+09 -4.384017586708068848e-01 1.276018768548965454e-01 8.075969815254211426e-01 7.221611142158508301e-01 -5.184480547904968262e-01 -3.908881247043609619e-01 -2.385402023792266846e-01 5.064953649275079073e-01 2.467924284467201135e-01 -5.953880984774011509e-01 2.152256682334846571e-01 3.148771911552469827e-01 3.114829163093186248e-01 -2.773010649915655934e-01
1.661967362983949661e+09 -4.487364292144775391e-01 1.307953596115112305e-01 7.961860895156860352e-01 7.238072752952575684e-01 -5.173243284225463867e-01 -3.899470269680023193e-01 -2.375285774469375610e-01 4.926526153469440450e-01 2.390730785396791014e-01 -5.767651241359209591e-01 2.084936860064531272e-01 3.050282373945042425e-01 3.017401311023717447e-01 -2.686274441526380063e-01
1.661967363015372276e+09 -4.487364292144775391e-01 1.307953596115112305e-01 7.961860895156860352e-01 7.238072752952575684e-01 -5.173243284225463867e-01 -3.899470269680023193e-01 -2.375285774469375610e-01 0.000000000000000000e+00 0.000000000000000000e+00 0.000000000000000000e+00 0.000000000000000000e+00 0.000000000000000000e+00 0.000000000000000000e+00 0.000000000000000000e+00
1.661967363046289682e+09 -4.231939911842346191e-01 1.461308598518371582e-01 8.021464943885803223e-01 7.150986194610595703e-01 -5.270212292671203613e-01 -3.906019032001495361e-01 -2.414804697036743164e-01 9.827115526060770101e-01 -7.926260352100331641e-01 -3.675009060022191298e-02 3.504820882896915735e-01 4.172037776929105601e-01 -1.520852959547700223e-01 -2.129923989309081556e-01
1.661967363077206850e+09 -3.971708416938781738e-01 1.608352363109588623e-01 8.081583380699157715e-01 7.062656879425048828e-01 -5.365285873413085938e-01 -3.912574946880340576e-01 -2.454454302787780762e-01 9.861437837434297027e-01 -7.926321475672558625e-01 -3.675037399953765688e-02 3.504847910418381063e-01 4.172069949711863512e-01 -1.520864687646651114e-01 -2.129940414275857397e-01
1.661967363108628750e+09 -3.706836104393005371e-01 1.748937964439392090e-01 8.142216205596923828e-01 6.973124742507934570e-01 -5.458441376686096191e-01 -3.919138908386230469e-01 -2.494253665208816528e-01 9.736454265081387893e-01 -7.799000430063147693e-01 -3.616005022091443866e-02 3.448549298000829766e-01 4.105053703905636731e-01 -1.496434933837665349e-01 -2.095727035287411055e-01
1.661967363139547348e+09 -3.437493741512298584e-01 1.882923245429992676e-01 8.203362226486206055e-01 6.882429122924804688e-01 -5.549657940864562988e-01 -3.925708532333374023e-01 -2.534221410751342773e-01 9.928624524943799878e-01 -7.925954748379225867e-01 -3.674867366916029915e-02 3.504685751541570804e-01 4.171876920458045257e-01 -1.520794321766069379e-01 -2.129841868274980898e-01
1.661967363170464516e+09 -3.163855969905853271e-01 2.010170370340347290e-01 8.265022039413452148e-01 6.790611147880554199e-01 -5.638914108276367188e-01 -3.932281136512756348e-01 -2.574376165866851807e-01 9.962490916201326430e-01 -7.926321475672577499e-01 -3.675037399954483863e-02 3.504847910418453227e-01 4.172069949711863512e-01 -1.520864687646653335e-01 -2.129940414275839355e-01
1.661967363201892853e+09 -2.886101901531219482e-01 2.130546122789382935e-01 8.327195048332214355e-01 6.697711348533630371e-01 -5.726189613342285156e-01 -3.938853740692138672e-01 -2.614735662937164307e-01 9.833030671847363680e-01 -7.797403001663744115e-01 -3.615264374726882834e-02 3.447842949714939320e-01 4.104212887261687315e-01 -1.496128426909928977e-01 -2.095297778498207975e-01
1.661967363233809233e+09 -2.604413926601409912e-01 2.243922054767608643e-01 8.389879465103149414e-01 6.603770852088928223e-01 -5.811465978622436523e-01 -3.945422172546386719e-01 -2.655320167541503906e-01 9.714475416718393319e-01 -7.678170599769283955e-01 -3.559982294937546338e-02 3.395120960590840009e-01 4.041454150752878394e-01 -1.473250683404180583e-01 -2.063257958732443997e-01
1.661967363265722513e+09 -2.318979650735855103e-01 2.350174635648727417e-01 8.453076481819152832e-01 6.508830189704895020e-01 -5.894724726676940918e-01 -3.951979875564575195e-01 -2.696146667003631592e-01 9.746932351351044188e-01 -7.678916309406628171e-01 -3.560328043065561637e-02 3.395450697262863415e-01 4.041846659784842366e-01 -1.473393766605905209e-01 -2.063458343879404078e-01
1.661967363297636509e+09 -2.029989361763000488e-01 2.449185401201248169e-01 8.516783714294433594e-01 6.412931084632873535e-01 -5.975949168205261230e-01 -3.958522677421569824e-01 -2.737233638763427734e-01 9.777938538456714124e-01 -7.678744209711220181e-01 -3.560248249074792620e-02 3.395374598499996122e-01 4.041756074010590116e-01 -1.473360744938758682e-01 -2.063412097698559544e-01
1.661967363329551935e+09 -1.737637370824813843e-01 2.540841102600097656e-01 8.581001162528991699e-01 6.316116452217102051e-01 -6.055122017860412598e-01 -3.965042233467102051e-01 -2.778599262237548828e-01 9.808437647541754512e-01 -7.678400033461932894e-01 -3.560088671824908346e-02 3.395222411207154400e-01 4.041574914642848126e-01 -1.473294706044742941e-01 -2.063319611555349542e-01
1.661967363361466169e+09 -1.737637370824813843e-01 2.540841102600097656e-01 8.581001162528991699e-01 6.316116452217102051e-01 -6.055122017860412598e-01 -3.965042233467102051e-01 -2.778599262237548828e-01 0.000000000000000000e+00 0.000000000000000000e+00 0.000000000000000000e+00 0.000000000000000000e+00 0.000000000000000000e+00 0.000000000000000000e+00 0.000000000000000000e+00
1.661967363393381357e+09 -1.760158836841583252e-01 2.637169659137725830e-01 8.589093685150146484e-01 6.277146935462951660e-01 -6.033532023429870605e-01 -4.000346362590789795e-01 -2.862018644809722900e-01 3.110015174168199725e-01 7.848323754361889726e-02 -3.681610034148184996e-01 4.157869538548429889e-01 1.192587567391985987e-01 6.210448738707354810e-01 -1.588914238573475024e-01
1.661967363425295830e+09 -1.782730370759963989e-01 2.732293605804443359e-01 8.596640825271606445e-01 6.237300038337707520e-01 -6.011875271797180176e-01 -4.034726321697235107e-01 -2.945236861705780029e-01 3.072464992105723991e-01 7.848499648184791011e-02 -3.681692545074695122e-01 4.157962723232430657e-01 1.192614295237685723e-01 6.210587925061807901e-01 -1.588949848750718929e-01
1.661967363457210779e+09 -1.805349737405776978e-01 2.826193571090698242e-01 8.603629469871520996e-01 6.196582913398742676e-01 -5.990161895751953125e-01 -4.068177938461303711e-01 -3.028242886066436768e-01 3.034265316583000804e-01 7.848382384760245467e-02 -3.681637537379472969e-01 4.157900599645746320e-01 1.192596476540750267e-01 6.210495133465638862e-01 -1.588926108455224750e-01
1.661967363489124537e+09 -1.828015297651290894e-01 2.918851971626281738e-01 8.610048890113830566e-01 6.155002117156982422e-01 -5.968398451805114746e-01 -4.100694656372070312e-01 -3.111025393009185791e-01 2.995762725325399889e-01 7.848675549892356051e-02 -3.681775059699560204e-01 4.158055912093437945e-01 1.192641024281511641e-01 6.210727117655155949e-01 -1.588985460524181548e-01
1.661967363536996841e+09 -1.850724667310714722e-01 3.010250926017761230e-01 8.615887761116027832e-01 6.112564802169799805e-01 -5.946593284606933594e-01 -4.132272601127624512e-01 -3.193572759628295898e-01 1.971051243755875815e-01 5.232267952280628132e-02 -2.454431136809686054e-01 2.771940635631925387e-01 7.950662975244210395e-02 4.140340399026071760e-01 -1.059286710081229627e-01
1.661967363566916466e+09 -1.873476356267929077e-01 3.100372850894927979e-01 8.621133565902709961e-01 6.069277524948120117e-01 -5.924755334854125977e-01 -4.162907004356384277e-01 -3.275875747203826904e-01 3.111581979097822748e-01 8.371787160985398601e-02 -3.927164141069903747e-01 4.435188953631864495e-01 1.272130151294276756e-01 6.624670011322224550e-01 -1.694890812194563556e-01
1.661967363598831892e+09 -1.896268427371978760e-01 3.189201056957244873e-01 8.625775575637817383e-01 6.025149226188659668e-01 -5.902891159057617188e-01 -4.192593097686767578e-01 -3.357920050621032715e-01 2.877074974600410950e-01 7.848265124839509665e-02 -3.681582531327952101e-01 4.157838477915256070e-01 1.192578658376295397e-01 6.210402344642272920e-01 -1.588902368869103687e-01
1.661967363630745888e+09 -1.919099390506744385e-01 3.276718854904174805e-01 8.629801869392395020e-01 5.980185270309448242e-01 -5.881009101867675781e-01 -4.221326708793640137e-01 -3.439696431159973145e-01 2.836885133961342675e-01 7.848616915113824921e-02 -3.681747554413623003e-01 4.158024848675670460e-01 1.192632114467090804e-01 6.210680719430765606e-01 -1.588973589755670879e-01
1.661967363662660122e+09 -1.941967606544494629e-01 3.362910151481628418e-01 8.633201718330383301e-01 5.934395194053649902e-01 -5.859117507934570312e-01 -4.249105453491210938e-01 -3.521194159984588623e-01 2.796187612960038815e-01 7.848558281211280574e-02 -3.681720049538717565e-01 4.157993785721958435e-01 1.192623204785862867e-01 6.210634321899654031e-01 -1.588961719164488917e-01
1.661967363694575548e+09 -1.964871436357498169e-01 3.447759151458740234e-01 8.635963797569274902e-01 5.887786149978637695e-01 -5.837222933769226074e-01 -4.275922179222106934e-01 -3.602400422096252441e-01 2.755073066458387787e-01 7.848265124839422235e-02 -3.681582531327882712e-01 4.157838477915325459e-01 1.192578658376260564e-01 6.210402344642255157e-01 -1.588902368869103687e-01
1.661967363726489544e+09 -1.987809687852859497e-01 3.531250953674316406e-01 8.638076186180114746e-01 5.840365886688232422e-01 -5.815333724021911621e-01 -4.301775991916656494e-01 -3.683305680751800537e-01 2.713895151985416532e-01 7.848616915113824921e-02 -3.681747554413692392e-01 4.158024848675601071e-01 1.192632114467125498e-01 6.210680719430782259e-01 -1.588973589755635907e-01
1.661967363758404493e+09 -2.010781168937683105e-01 3.613370656967163086e-01 8.639529347419738770e-01 -5.792142748832702637e-01 5.793457627296447754e-01 4.326661527156829834e-01 3.763898611068725586e-01 2.672243058707084451e-01 7.848382384760158037e-02 -3.681637537379472969e-01 4.157900599645676931e-01 1.192596476540784961e-01 6.210495133465674389e-01 -1.588926108455224750e-01
1.661967363790319681e+09 -2.033784538507461548e-01 3.694103658199310303e-01 8.640310764312744141e-01 -5.743124485015869141e-01 5.771601200103759766e-01 4.350575804710388184e-01 3.844167888164520264e-01 2.630405465819887212e-01 7.848323754361802296e-02 -3.681610034148184996e-01 4.157869538548499277e-01 1.192587567391951153e-01 6.210448738707354810e-01 -1.588914238573492232e-01
1.661967363822234631e+09 -2.056818604469299316e-01 3.773436248302459717e-01 8.640410304069519043e-01 -5.693320631980895996e-01 5.749772191047668457e-01 4.373516142368316650e-01 3.924101889133453369e-01 2.588409115019418283e-01 7.848382384760245467e-02 -3.681637537379472969e-01 4.157900599645676931e-01 1.192596476540784961e-01 6.210495133465656625e-01 -1.588926108455189778e-01
1.661967363853152037e+09 -2.079882472753524780e-01 3.851354718208312988e-01 8.639817833900451660e-01 -5.642738342285156250e-01 5.727977752685546875e-01 4.395478665828704834e-01 4.003691077232360840e-01 2.628371226674382499e-01 8.101608723261574663e-02 -3.800424766081451078e-01 4.292054351729136519e-01 1.231075340624947917e-01 6.410875398573753214e-01 -1.640192461299419535e-01
1.661967363884069204e+09 -2.102975398302078247e-01 3.927846550941467285e-01 8.638522624969482422e-01 -5.591387152671813965e-01 5.706225037574768066e-01 4.416460394859313965e-01 4.082923531532287598e-01 2.584719613433734686e-01 8.101671199037444038e-02 -3.800454073160443591e-01 4.292087450022902817e-01 1.231084834095946962e-01 6.410924836213688360e-01 -1.640205109688183116e-01
1.661967363915983677e+09 -2.126096338033676147e-01 4.002898633480072021e-01 8.636513352394104004e-01 -5.539275407791137695e-01 5.684521198272705078e-01 4.436459243297576904e-01 4.161788523197174072e-01 2.461530585163042850e-01 7.848499648184878441e-02 -3.681692545074625733e-01 4.157962723232430657e-01 1.192614295237685723e-01 6.210587925061773484e-01 -1.588949848750701721e-01
1.661967363946901560e+09 -2.149244695901870728e-01 4.076498746871948242e-01 8.633781075477600098e-01 -5.486412644386291504e-01 5.662872195243835449e-01 4.455471336841583252e-01 4.240275621414184570e-01 2.497030761854784620e-01 8.101483774600291843e-02 -3.800366153279664538e-01 4.291988156672783550e-01 1.231056354122302132e-01 6.410776525581214358e-01 -1.640167165107109248e-01
1.661967363977822065e+09 -2.172419875860214233e-01 4.148635864257812500e-01 8.630314469337463379e-01 -5.432806015014648438e-01 5.641286373138427734e-01 4.473495185375213623e-01 4.318373501300811768e-01 2.452989535769092566e-01 8.100796625849175647e-02 -3.800043815183506979e-01 4.291624120357616090e-01 1.230951938825054909e-01 6.410232778632479755e-01 -1.640028049995564952e-01
1.661967364009736776e+09 -2.195621132850646973e-01 4.219298064708709717e-01 8.626104593276977539e-01 -5.378467440605163574e-01 5.619768500328063965e-01 4.490527510643005371e-01 4.396072626113891602e-01 2.334119134028315723e-01 7.848441016034510276e-02 -3.681665041021582319e-01 4.157931661207006635e-01 1.192605385822695513e-01 6.210541528917141729e-01 -1.588937978514269878e-01
1.661967364055610657e+09 -2.218848466873168945e-01 4.288474917411804199e-01 8.621141910552978516e-01 -5.323404073715209961e-01 5.598326921463012695e-01 4.506567120552062988e-01 4.473360776901245117e-01 1.594388417001898484e-01 5.460203599656934803e-02 -2.561354626816567670e-01 2.892695935061141976e-01 8.297021290387734949e-02 4.320707914187194576e-01 -1.105432894531569871e-01
1.661967364086527586e+09 -2.242101132869720459e-01 4.356155693531036377e-01 8.615415692329406738e-01 -5.267626643180847168e-01 5.576967000961303711e-01 4.521611332893371582e-01 4.550227820873260498e-01 2.322109759727186140e-01 8.101733675776977284e-02 -3.800483380691335733e-01 4.292120548827221271e-01 1.231094327713329606e-01 6.410974274616126900e-01 -1.640217758271989013e-01
1.661967364117445230e+09 -2.265379130840301514e-01 4.422330856323242188e-01 8.608917593955993652e-01 -5.211144089698791504e-01 5.555695891380310059e-01 4.535659253597259521e-01 4.626663625240325928e-01 2.278643345512529339e-01 8.101546248449167931e-02 -3.800395459454564140e-01 4.292021253945695891e-01 1.231065847300436694e-01 6.410825961696249298e-01 -1.640179813105729911e-01
1.661967364155344963e+09 -2.288682162761688232e-01 4.486990869045257568e-01 8.601638674736022949e-01 -5.153965950012207031e-01 5.534518361091613770e-01 4.548708498477935791e-01 4.702657461166381836e-01 1.823636801454451284e-01 6.609036784700714207e-02 -3.100266617962349480e-01 3.501322522657343006e-01 1.004272421546028721e-01 5.229789882304992643e-01 -1.338017260645086026e-01
1.661967364195237398e+09 -2.312010377645492554e-01 4.550126791000366211e-01 8.593568801879882812e-01 -5.096102356910705566e-01 5.513442754745483398e-01 4.560757577419281006e-01 4.778199195861816406e-01 1.699317645863417936e-01 6.278902913599555824e-02 -2.945402444350374571e-01 3.326424849057619260e-01 9.541071171354822966e-02 4.968551999216140880e-01 -1.271180771116119101e-01
1.661967364227151632e+09 -2.335363626480102539e-01 4.611729681491851807e-01 8.584700226783752441e-01 -5.037561655044555664e-01 5.492474436759948730e-01 4.571804404258728027e-01 4.853276908397674561e-01 2.082930225484978526e-01 7.848558281211280574e-02 -3.681720049538682593e-01 4.157993785721958435e-01 1.192623204785828034e-01 6.210634321899671795e-01 -1.588961719164523889e-01
1.661967364259066582e+09 -2.358742207288742065e-01 4.671791791915893555e-01 8.575024008750915527e-01 -4.978356361389160156e-01 5.471617579460144043e-01 4.581848978996276855e-01 4.927881658077239990e-01 2.042113670434337336e-01 7.848382384760158037e-02 -3.681637537379438552e-01 4.157900599645746320e-01 1.192596476540784961e-01 6.210495133465656625e-01 -1.588926108455189778e-01
1.661967364290981054e+09 -2.382146269083023071e-01 4.730305373668670654e-01 8.564532399177551270e-01 -4.918497800827026367e-01 5.450880527496337891e-01 4.590892195701599121e-01 5.002002716064453125e-01 2.001847144350399899e-01 7.848499648184964483e-02 -3.681692545074660705e-01 4.157962723232430657e-01 1.192614295237685723e-01 6.210587925061791248e-01 -1.588949848750736416e-01
1.661967364322896957e+09 -2.405576258897781372e-01 4.787262976169586182e-01 8.553216457366943359e-01 -4.857988357543945312e-01 5.430263876914978027e-01 4.598927199840545654e-01 5.075631737709045410e-01 1.962011020456937427e-01 7.848147868422512830e-02 -3.681527526920058691e-01 4.157776358041155307e-01 1.192560840744227579e-01 6.210309558591463608e-01 -1.588878629992341862e-01
1.661967364353815794e+09 -2.429032325744628906e-01 4.842658340930938721e-01 8.541069030761718750e-01 -4.796847105026245117e-01 5.409780144691467285e-01 4.605959057807922363e-01 5.148754715919494629e-01 1.984904885942240516e-01 8.101233888839641517e-02 -3.800248933099550364e-01 4.291855772685471138e-01 1.231018382873787370e-01 6.410578788745219248e-01 -1.640116575063193805e-01
1.661967364383736610e+09 -2.452515214681625366e-01 4.896484613418579102e-01 8.528082370758056641e-01 -4.735080897808074951e-01 5.389431715011596680e-01 4.611985981464385986e-01 5.221363902091979980e-01 2.010123995312607381e-01 8.371453615675111815e-02 -3.927007676607002229e-01 4.435012248652716038e-01 1.272079467606604397e-01 6.624406073936797146e-01 -1.694823285050039707e-01
1.661967364414653301e+09 -2.476025372743606567e-01 4.948736429214477539e-01 8.514249324798583984e-01 -4.672698974609375000e-01 5.369222164154052734e-01 4.617004990577697754e-01 5.293449759483337402e-01 1.906525921513806399e-01 8.101796153480197993e-02 -3.800512688674282935e-01 4.292153648142104649e-01 1.231103821477099181e-01 6.411023713781086597e-01 -1.640230407050913553e-01
