1.661967388798455238e+09 1.378528122206244648e-16 -2.367949187755584717e-01 1.128897309303283691e+00 -6.125128269195556641e-01 6.125135421752929688e-01 3.533097505569458008e-01 3.533093035221099854e-01 0.000000000000000000e+00 0.000000000000000000e+00 0.000000000000000000e+00 0.000000000000000000e+00 0.000000000000000000e+00 0.000000000000000000e+00 0.000000000000000000e+00
1.661967390959692240e+09 1.656083878362533783e-16 -2.367949187755584717e-01 1.128897309303283691e+00 -6.125128269195556641e-01 6.125135421752929688e-01 3.533097505569458008e-01 3.533093035221099854e-01 1.284244883712642910e-17 0.000000000000000000e+00 0.000000000000000000e+00 0.000000000000000000e+00 0.000000000000000000e+00 5.136979534850571638e-17 0.000000000000000000e+00
1.661967390995597601e+09 -6.415397394448518753e-03 -2.263470739126205444e-01 1.127442598342895508e+00 6.162177324295043945e-01 -6.084872484207153320e-01 -3.551525175571441650e-01 -3.519739508628845215e-01 3.438565543173365824e-01 2.107152546672594606e-01 -5.099730224882953467e-01 1.886784575278745157e-01 1.599507241488834774e-01 3.444314613070149078e-01 -2.352138786746502397e-01
1.661967391025516033e+09 -1.296429242938756943e-02 -2.159315794706344604e-01 1.125797390937805176e+00 6.198515295982360840e-01 -6.044780611991882324e-01 -3.569684326648712158e-01 -3.506622910499572754e-01 4.148875841370469608e-01 2.528811424480600367e-01 -6.120228967199176084e-01 2.264345975820681589e-01 1.919582040798950284e-01 4.133550822787507850e-01 -2.822821463629316963e-01
1.661967391055436373e+09 -1.964637637138366699e-02 -2.055532038211822510e-01 1.123960256576538086e+00 6.234151721000671387e-01 -6.004865765571594238e-01 -3.587568104267120361e-01 -3.493750095367431641e-01 4.170882690463529330e-01 2.528650218923458315e-01 -6.119838817537933684e-01 2.264201629290636952e-01 1.919459672128256411e-01 4.133287319009827931e-01 -2.822641515649625399e-01
1.661967391086354017e+09 -2.646123245358467102e-02 -1.952166855335235596e-01 1.121930122375488281e+00 6.269101500511169434e-01 -5.965137481689453125e-01 -3.605169057846069336e-01 -3.481129407882690430e-01 4.057944109950936684e-01 2.447084002095938349e-01 -5.922432273839225436e-01 2.191165683214026105e-01 1.857544005565615330e-01 3.999960610891081791e-01 -2.731592074264347914e-01
1.661967391117271185e+09 -3.340833634138107300e-02 -1.849268078804016113e-01 1.119706034660339355e+00 6.303377151489257812e-01 -5.925602316856384277e-01 -3.622477948665618896e-01 -3.468765914440155029e-01 4.079644184120382322e-01 2.447121743605596977e-01 -5.922523615834256461e-01 2.191199477681517738e-01 1.857572654567811732e-01 4.000022302501143878e-01 -2.731634203757439816e-01
1.661967391149186373e+09 -4.048705473542213440e-02 -1.746883839368820190e-01 1.117287039756774902e+00 6.336989998817443848e-01 -5.886266231536865234e-01 -3.639488220214843750e-01 -3.456668257713317871e-01 3.973063588011770952e-01 2.370597774004532532e-01 -5.737320317991088103e-01 2.122678455930808172e-01 1.799484480687092158e-01 3.874937563304998167e-01 -2.646213242043670144e-01
1.661967391180612087e+09 -4.769664257764816284e-02 -1.645062267780303955e-01 1.114671945571899414e+00 6.369956135749816895e-01 -5.847135186195373535e-01 -3.656191825866699219e-01 -3.444841802120208740e-01 4.056322099336571729e-01 2.407521180069641664e-01 -5.826682338891296942e-01 2.155740377878813119e-01 1.827512473000604820e-01 3.935291915568271959e-01 -2.687429515484163201e-01
1.661967391212526560e+09 -5.503624677658081055e-02 -1.543851792812347412e-01 1.111860156059265137e+00 6.402286291122436523e-01 -5.808215737342834473e-01 -3.672581017017364502e-01 -3.433293998241424561e-01 4.015264710380001545e-01 2.370650902993443887e-01 -5.737448900760673265e-01 2.122726028640797291e-01 1.799524810089248583e-01 3.875024407018865524e-01 -2.646272548027773786e-01
1.661967391243444204e+09 -6.250490248203277588e-02 -1.443300843238830566e-01 1.108850717544555664e+00 6.433995366096496582e-01 -5.769512653350830078e-01 -3.688648939132690430e-01 -3.422031700611114502e-01 4.166509530015425344e-01 2.447084002095938349e-01 -5.922432273839225436e-01 2.191165683213882609e-01 1.857544005565606449e-01 3.999960610891117874e-01 -2.731592074264347914e-01
1.661967391274867296e+09 -7.010152935981750488e-02 -1.343458145856857300e-01 1.105643033981323242e+00 6.465097069740295410e-01 -5.731030106544494629e-01 -3.704386949539184570e-01 -3.411060571670532227e-01 4.120941030314934639e-01 2.407722114324947205e-01 -5.827168639940841777e-01 2.155920298242981481e-01 1.827664999117867561e-01 3.935620359179489713e-01 -2.687653811184158581e-01
1.661967391306782007e+09 -7.782493531703948975e-02 -1.244372427463531494e-01 1.102236270904541016e+00 6.495603919029235840e-01 -5.692773461341857910e-01 -3.719788491725921631e-01 -3.400386869907379150e-01 4.078617637121449424e-01 2.370633193065850575e-01 -5.737406039197093799e-01 2.122710170833919663e-01 1.799511366754336927e-01 3.874995458681709803e-01 -2.646252779071042727e-01
1.661967391338696718e+09 -8.567381650209426880e-02 -1.146092191338539124e-01 1.098630070686340332e+00 6.525530219078063965e-01 -5.654746294021606445e-01 -3.734846711158752441e-01 -3.390017747879028320e-01 4.099779862586514501e-01 2.370633193065885269e-01 -5.737406039197093799e-01 2.122710170833919663e-01 1.799511366754345532e-01 3.874995458681744775e-01 -2.646252779071042727e-01
1.661967391369613886e+09 -9.364675730466842651e-02 -1.048666387796401978e-01 1.094823598861694336e+00 6.554889082908630371e-01 -5.616952776908874512e-01 -3.749553561210632324e-01 -3.379959464073181152e-01 4.253944542376376647e-01 2.447121743605596977e-01 -5.922523615834256461e-01 2.191199477681373964e-01 1.857572654567820614e-01 4.000022302501126115e-01 -2.731634203757457580e-01
1.661967391400531292e+09 -1.017422229051589966e-01 -9.521435201168060303e-02 1.090816736221313477e+00 6.583696007728576660e-01 -5.579394102096557617e-01 -3.763901293277740479e-01 -3.370216190814971924e-01 4.275783143118582763e-01 2.447102872705237409e-01 -5.922477944484549894e-01 2.191182580317469486e-01 1.857558329956250642e-01 3.999991456458264483e-01 -2.731613138848444367e-01
1.661967391431449890e+09 -1.099585741758346558e-01 -8.565723896026611328e-02 1.086608886718750000e+00 6.611963510513305664e-01 -5.542073845863342285e-01 -3.777883946895599365e-01 -3.360795378684997559e-01 4.297516505268404452e-01 2.447008522569031064e-01 -5.922249598301406737e-01 2.191098097406110057e-01 1.857486710212168102e-01 3.999837233379621160e-01 -2.731507819176522411e-01
1.661967391462365389e+09 -1.182940378785133362e-01 -7.620014250278472900e-02 1.082199811935424805e+00 6.639703512191772461e-01 -5.504996180534362793e-01 -3.791494965553283691e-01 -3.351703286170959473e-01 4.319846327442096179e-01 2.447253848057733550e-01 -5.922843335006231502e-01 2.191317766527300093e-01 1.857672933035164342e-01 4.000238238122728052e-01 -2.731781667217683118e-01
1.661967391494280815e+09 -1.267467588186264038e-01 -6.684790551662445068e-02 1.077589273452758789e+00 6.666932702064514160e-01 -5.468161106109619141e-01 -3.804727196693420410e-01 -3.342944681644439697e-01 4.205721021681849692e-01 2.370580064870787540e-01 -5.737277458348633008e-01 2.122662598834772762e-01 1.799471037954750163e-01 3.874908616265423378e-01 -2.646193473973032506e-01
1.661967391526195526e+09 -1.353147178888320923e-01 -5.760535597801208496e-02 1.072777032852172852e+00 6.693663001060485840e-01 -5.431569814682006836e-01 -3.817573189735412598e-01 -3.334525525569915771e-01 4.227032585544789334e-01 2.370633193065876665e-01 -5.737406039197093799e-01 2.122710170833919663e-01 1.799511366754345532e-01 3.874995458681744775e-01 -2.646252779071042727e-01
1.661967391558109760e+09 -1.439958363771438599e-01 -4.847730696201324463e-02 1.067763090133666992e+00 6.719909310340881348e-01 -5.395223498344421387e-01 -3.830026686191558838e-01 -3.326450884342193604e-01 4.248299879282599334e-01 2.370668613185601403e-01 -5.737491762964657127e-01 2.122741886684540169e-01 1.799538253625010964e-01 3.875053355788492526e-01 -2.646292317279894113e-01
1.661967391590024948e+09 -1.527878940105438232e-01 -3.946853801608085632e-02 1.062547326087951660e+00 6.745684742927551270e-01 -5.359123349189758301e-01 -3.842080831527709961e-01 -3.318726718425750732e-01 4.269377563997490133e-01 2.370597774004550018e-01 -5.737320317991088103e-01 2.122678455930877839e-01 1.799484480687092158e-01 3.874937563305015931e-01 -2.646213242043661262e-01
1.661967391619944334e+09 -1.616885364055633545e-01 -3.058381192386150360e-02 1.057129979133605957e+00 6.771003603935241699e-01 -5.323268175125122070e-01 -3.853729963302612305e-01 -3.311357498168945312e-01 4.576743545394069135e-01 2.528730819132832264e-01 -6.120033886150584301e-01 2.264273800255225400e-01 1.919520854513365182e-01 4.133419066699093869e-01 -2.822731486771568599e-01
1.661967391651859045e+09 -1.706953346729278564e-01 -2.182786166667938232e-02 1.051511049270629883e+00 6.795878410339355469e-01 -5.287659168243408203e-01 -3.864967226982116699e-01 -3.304349482059478760e-01 4.311762909384241893e-01 2.370633193065876665e-01 -5.737406039197093799e-01 2.122710170833849996e-01 1.799511366754345532e-01 3.874995458681744775e-01 -2.646252779071051053e-01
1.661967391683774233e+09 -1.798057258129119873e-01 -1.320538483560085297e-02 1.045690774917602539e+00 6.820324063301086426e-01 -5.252293944358825684e-01 -3.875786066055297852e-01 -3.297707140445709229e-01 4.332827911700677381e-01 2.370597774004558622e-01 -5.737320317991088103e-01 2.122678455930877839e-01 1.799484480687101040e-01 3.874937563305033139e-01 -2.646213242043678471e-01
1.661967391715689182e+09 -1.890170425176620483e-01 -4.721045959740877151e-03 1.039669394493103027e+00 6.844353079795837402e-01 -5.217172503471374512e-01 -3.886180818080902100e-01 -3.291434645652770996e-01 4.353966045582279842e-01 2.370615483402902512e-01 -5.737363178273903186e-01 2.122694313263971400e-01 1.799497923620289319e-01 3.874966510777102524e-01 -2.646233010409677067e-01
1.661967391747604847e+09 -1.983264833688735962e-01 3.620529314503073692e-03 1.033447265625000000e+00 6.867979168891906738e-01 -5.182293653488159180e-01 -3.896145224571228027e-01 -3.285537958145141602e-01 4.374934936712844280e-01 2.370562356001609250e-01 -5.737234599346523467e-01 2.122646741975580953e-01 1.799457595423232248e-01 3.874879669658297665e-01 -2.646173706197706421e-01
1.661967391779520035e+09 -2.077311724424362183e-01 1.181475725024938583e-02 1.027024984359741211e+00 6.891214847564697266e-01 -5.147653222084045410e-01 -3.905672729015350342e-01 -3.280020952224731445e-01 4.396007656313509759e-01 2.370597774004558622e-01 -5.737320317991088103e-01 2.122678455930947505e-01 1.799484480687101040e-01 3.874937563305033139e-01 -2.646213242043678471e-01
1.661967391812432289e+09 -2.172280699014663696e-01 1.985710114240646362e-02 1.020402908325195312e+00 6.914075016975402832e-01 -5.113251209259033203e-01 -3.914759457111358643e-01 -3.274888396263122559e-01 4.283172987085604455e-01 2.298781252526717889e-01 -5.563509985272253600e-01 2.058372573004398354e-01 1.744969658614186070e-01 3.757547536286517387e-01 -2.566047035774469687e-01
1.661967391841353893e+09 -2.268141061067581177e-01 2.774306945502758026e-02 1.013581633567810059e+00 6.936571598052978516e-01 -5.079082846641540527e-01 -3.923397064208984375e-01 -3.270144462585449219e-01 4.897273037177325428e-01 2.615970844177510357e-01 -6.331172179504088726e-01 2.342390182413305877e-01 1.985743422037959394e-01 4.276020082264158639e-01 -2.920114396702973569e-01
1.661967391872272015e+09 -2.364860028028488159e-01 3.546822816133499146e-02 1.006561994552612305e+00 6.958718299865722656e-01 -5.045146346092224121e-01 -3.931581377983093262e-01 -3.265793621540069580e-01 4.602548127193651362e-01 2.447046261750449037e-01 -5.922340934661651790e-01 2.191131889788858478e-01 1.857515357447066251e-01 3.999898921183978606e-01 -2.731549946070719881e-01
1.661967391903188229e+09 -2.462404668331146240e-01 4.302819073200225830e-02 9.993445873260498047e-01 6.980527043342590332e-01 -5.011437535285949707e-01 -3.939307034015655518e-01 -3.261840343475341797e-01 4.624313933533315546e-01 2.447197230117504896e-01 -5.922706308277214671e-01 2.191267069743808860e-01 1.857629955223461526e-01 4.000145691430193051e-01 -2.731718466642372722e-01
1.661967391935103416e+09 -2.560740411281585693e-01 5.041864141821861267e-02 9.919302463531494141e-01 7.002010345458984375e-01 -4.977951645851135254e-01 -3.946568071842193604e-01 -3.258287906646728516e-01 4.500306580776703425e-01 2.370597774004567504e-01 -5.737320317991088103e-01 2.122678455930947505e-01 1.799484480687101040e-01 3.874937563305024257e-01 -2.646213242043687353e-01
1.661967391967018127e+09 -2.659831643104553223e-01 5.763531476259231567e-02 9.843199849128723145e-01 7.023181915283203125e-01 -4.944685995578765869e-01 -3.953360021114349365e-01 -3.255140483379364014e-01 4.521016276588750160e-01 2.370633193065867783e-01 -5.737406039197024965e-01 2.122710170833849996e-01 1.799511366754336927e-01 3.874995458681735894e-01 -2.646252779071024963e-01
1.661967391998933077e+09 -2.759642302989959717e-01 6.467401981353759766e-02 9.765146970748901367e-01 7.044053077697753906e-01 -4.911634325981140137e-01 -3.959676921367645264e-01 -3.252402245998382568e-01 4.541570012096871611e-01 2.370615483402919721e-01 -5.737363178273973130e-01 2.122694313263902011e-01 1.799497923620297923e-01 3.874966510777128614e-01 -2.646233010409694275e-01
1.661967392030847788e+09 -2.860134541988372803e-01 7.153062522411346436e-02 9.685155749320983887e-01 7.064636945724487305e-01 -4.878791570663452148e-01 -3.965514302253723145e-01 -3.250076174736022949e-01 4.562076517722843949e-01 2.370633193065885269e-01 -5.737406039197093799e-01 2.122710170833919663e-01 1.799511366754345532e-01 3.874995458681735894e-01 -2.646252779071059935e-01
1.661967392060766220e+09 -2.961269617080688477e-01 7.820107787847518921e-02 9.603236317634582520e-01 7.084944248199462891e-01 -4.846153557300567627e-01 -3.970867395401000977e-01 -3.248166441917419434e-01 4.888236969757360217e-01 2.528811424480600367e-01 -6.120228967199101699e-01 2.264345975820755696e-01 1.919582040798931688e-01 4.133550822787507850e-01 -2.822821463629279770e-01
1.661967392092680931e+09 -3.063008487224578857e-01 8.468140661716461182e-02 9.519401192665100098e-01 7.104987502098083496e-01 -4.813711345195770264e-01 -3.975729942321777344e-01 -3.246675729751586914e-01 4.602784427392330180e-01 2.370633193065867783e-01 -5.737406039197093799e-01 2.122710170833919663e-01 1.799511366754354413e-01 3.874995458681744775e-01 -2.646252779071059935e-01
1.661967392124595881e+09 -3.165310323238372803e-01 9.096769988536834717e-02 9.433664679527282715e-01 7.124778628349304199e-01 -4.781462252140045166e-01 -3.980099558830261230e-01 -3.245607614517211914e-01 4.622923814553430155e-01 2.370615483402928603e-01 -5.737363178273903186e-01 2.122694313263902011e-01 1.799497923620289319e-01 3.874966510777119733e-01 -2.646233010409677067e-01
1.661967392156510830e+09 -3.268133997917175293e-01 9.705614298582077026e-02 9.346039295196533203e-01 7.144327759742736816e-01 -4.749397039413452148e-01 -3.983969688415527344e-01 -3.244964480400085449e-01 4.643019938762292798e-01 2.370615483402911117e-01 -5.737363178273903186e-01 2.122694313263971400e-01 1.799497923620289319e-01 3.874966510777128614e-01 -2.646233010409677067e-01
1.661967392187935829e+09 -3.371436595916748047e-01 1.029429957270622253e-01 9.256540536880493164e-01 7.163647413253784180e-01 -4.717510342597961426e-01 -3.987337350845336914e-01 -3.244750201702117920e-01 4.735673641026024172e-01 2.407575976994955347e-01 -5.826814958400399203e-01 2.155789444090702722e-01 1.827554068507782070e-01 3.935381485661784695e-01 -2.687490683325888807e-01
1.661967392219850063e+09 -3.475174903869628906e-01 1.086246296763420105e-01 9.165183901786804199e-01 7.182746529579162598e-01 -4.685793817043304443e-01 -3.990197777748107910e-01 -3.244967758655548096e-01 4.682912200343257170e-01 2.370668613185610285e-01 -5.737491762964657127e-01 2.122741886684540169e-01 1.799538253625010964e-01 3.875053355788496967e-01 -2.646292317279876904e-01
1.661967392251765251e+09 -3.579305112361907959e-01 1.140974685549736023e-01 9.071985483169555664e-01 7.201637625694274902e-01 -4.654239714145660400e-01 -3.992546498775482178e-01 -3.245618641376495361e-01 4.702487918718680215e-01 2.370597774004550018e-01 -5.737320317991088103e-01 2.122678455930947505e-01 1.799484480687092158e-01 3.874937563305024257e-01 -2.646213242043670144e-01
1.661967392283679962e+09 -3.683781921863555908e-01 1.193580627441406250e-01 8.976962566375732422e-01 7.220330238342285156e-01 -4.622841179370880127e-01 -3.994380533695220947e-01 -3.246706426143646240e-01 4.722132253607364549e-01 2.370633193065867783e-01 -5.737406039197093799e-01 2.122710170833849996e-01 1.799511366754345532e-01 3.874995458681731453e-01 -2.646252779071059935e-01
1.661967392315593719e+09 -3.788559138774871826e-01 1.244030445814132690e-01 8.880133032798767090e-01 7.238835096359252930e-01 -4.591588377952575684e-01 -3.995694220066070557e-01 -3.248232603073120117e-01 4.741701257571149242e-01 2.370704034363789459e-01 -5.737577489293890221e-01 2.122773603483059934e-01 1.799565141299132864e-01 3.875111254625397406e-01 -2.646331856670225968e-01
1.661967392346511602e+09 -3.893590271472930908e-01 1.292291432619094849e-01 8.781515359878540039e-01 7.257161140441894531e-01 -4.560473263263702393e-01 -3.996485471725463867e-01 -3.250200450420379639e-01 4.914344580374103155e-01 2.447065131777674818e-01 -5.922386603898264212e-01 2.191148786371109880e-01 1.857529681395874155e-01 3.999929765799683512e-01 -2.731571010005087730e-01
1.661967392377428532e+09 -3.998827636241912842e-01 1.338332146406173706e-01 8.681129217147827148e-01 7.275317907333374023e-01 -4.529488086700439453e-01 -3.996751010417938232e-01 -3.252611160278320312e-01 4.934245600897710915e-01 2.447140614796969871e-01 -5.922569287888359568e-01 2.191216375306105080e-01 1.857586979400330518e-01 4.000053149019756060e-01 -2.731655268991340368e-01
1.661967392407349348e+09 -4.104222953319549561e-01 1.382121890783309937e-01 8.578995466232299805e-01 7.293315529823303223e-01 -4.498621225357055664e-01 -3.996485471725463867e-01 -3.255467414855957031e-01 5.118738669457708612e-01 2.528609920745510942e-01 -6.119741287894714388e-01 2.264165545533586288e-01 1.919429082398268760e-01 4.133221448314596258e-01 -2.822596532239414202e-01
1.661967392438266516e+09 -4.209727048873901367e-01 1.423631161451339722e-01 8.475134372711181641e-01 7.311161756515502930e-01 -4.467864632606506348e-01 -3.995686173439025879e-01 -3.258770406246185303e-01 4.973196426056588626e-01 2.447121743605579214e-01 -5.922523615834256461e-01 2.191199477681445851e-01 1.857572654567811732e-01 4.000022302501134996e-01 -2.731634203757439816e-01
1.661967392469183683e+09 -4.315289855003356934e-01 1.462831646203994751e-01 8.369567990303039551e-01 7.328866720199584961e-01 -4.437208473682403564e-01 -3.994351029396057129e-01 -3.262521624565124512e-01 4.992426689842356935e-01 2.447121743605596977e-01 -5.922523615834256461e-01 2.191199477681517738e-01 1.857572654567829495e-01 4.000022302501130556e-01 -2.731634203757457580e-01
1.661967392501097441e+09 -4.420861005783081055e-01 1.499696075916290283e-01 8.262319564819335938e-01 7.346436977386474609e-01 -4.406643211841583252e-01 -3.992476761341094971e-01 -3.266724348068237305e-01 4.854967128339305327e-01 2.370704034363771973e-01 -5.737577489293890221e-01 2.122773603482990545e-01 1.799565141299123983e-01 3.875111254625397406e-01 -2.646331856670225968e-01
1.661967392533012390e+09 -4.420861005783081055e-01 1.499696075916290283e-01 8.262319564819335938e-01 7.346436977386474609e-01 -4.406643211841583252e-01 -3.992476761341094971e-01 -3.266724348068237305e-01 0.000000000000000000e+00 0.000000000000000000e+00 0.000000000000000000e+00 0.000000000000000000e+00 0.000000000000000000e+00 0.000000000000000000e+00 0.000000000000000000e+00
1.661967392564927578e+09 -4.272247850894927979e-01 1.631278544664382935e-01 8.424175381660461426e-01 7.238940596580505371e-01 -4.403716921806335449e-01 -4.062207341194152832e-01 -3.421036303043365479e-01 8.024998978572950303e-01 -4.397753588534481506e-01 1.147815203495711894e-01 3.923145118657543340e-01 1.583706284059631653e-01 6.396940327526334791e-01 -3.298463571250014881e-01
1.661967392596841812e+09 -4.119150340557098389e-01 1.757386475801467896e-01 8.587965369224548340e-01 7.128891944885253906e-01 -4.399380683898925781e-01 -4.127371311187744141e-01 -3.576192259788513184e-01 8.060158345538654956e-01 -4.397885004022193400e-01 1.147849502983263464e-01 3.923262351699084993e-01 1.583753609024416975e-01 6.397131483537261687e-01 -3.298562137299764219e-01
1.661967392627759218e+09 -3.961734175682067871e-01 1.877847015857696533e-01 8.753573298454284668e-01 7.016333341598510742e-01 -4.393636286258697510e-01 -4.187940657138824463e-01 -3.732049763202667236e-01 8.354372346961830287e-01 -4.539680057900823407e-01 1.184858060954014081e-01 4.049754789775643071e-01 1.634816433112968592e-01 6.603385535779905391e-01 -3.404913211862315436e-01
1.661967392658677340e+09 -3.800171315670013428e-01 1.992494165897369385e-01 8.920881152153015137e-01 6.901305317878723145e-01 -4.386482536792755127e-01 -4.243891239166259766e-01 -3.888462185859680176e-01 8.386789295562330215e-01 -4.539575037541644376e-01 1.184830650604125485e-01 4.049661103283045960e-01 1.634778613485446952e-01 6.603232773930677313e-01 -3.404834443049579717e-01
1.661967392691099644e+09 -3.634640872478485107e-01 2.101170271635055542e-01 9.089770913124084473e-01 6.783852577209472656e-01 -4.377924501895904541e-01 -4.295206069946289062e-01 -4.045284986495971680e-01 8.027149090381375807e-01 -4.328968452363096131e-01 1.129862259229371391e-01 3.861783319781277313e-01 1.558935580060081538e-01 6.296885969624971269e-01 -3.246872398316551500e-01
1.661967392722016811e+09 -3.465328812599182129e-01 2.203725874423980713e-01 9.260121583938598633e-01 6.664018630981445312e-01 -4.367963075637817383e-01 -4.341869056224822998e-01 -4.202371835708618164e-01 8.447026814858804578e-01 -4.539715065767009339e-01 1.184867198019168427e-01 4.049786019569820983e-01 1.634829040044344650e-01 6.603436457967020168e-01 -3.404939468943131153e-01
1.661967392753931522e+09 -3.292426764965057373e-01 2.300020158290863037e-01 9.431812763214111328e-01 6.541847586631774902e-01 -4.356601834297180176e-01 -4.383871555328369141e-01 -4.359578192234039307e-01 8.209474081905712151e-01 -4.397819295296598874e-01 1.147832352983218923e-01 3.923203734302525558e-01 1.583729946188483784e-01 6.397035904103766102e-01 -3.298512853538561607e-01
1.661967392785356760e+09 -3.116132915019989014e-01 2.389920651912689209e-01 9.604722261428833008e-01 6.417385935783386230e-01 -4.343844354152679443e-01 -4.421207904815673828e-01 -4.516756832599639893e-01 8.362431280673870981e-01 -4.466318866740027205e-01 1.165710764757129647e-01 3.984310786784738823e-01 1.608397813445343882e-01 6.496674881632463761e-01 -3.349889843291096181e-01
1.661967392817271471e+09 -3.116132915019989014e-01 2.389920651912689209e-01 9.604722261428833008e-01 6.417385935783386230e-01 -4.343844354152679443e-01 -4.421207904815673828e-01 -4.516756832599639893e-01 0.000000000000000000e+00 0.000000000000000000e+00 0.000000000000000000e+00 0.000000000000000000e+00 0.000000000000000000e+00 0.000000000000000000e+00 0.000000000000000000e+00
1.661967392849187136e+09 -3.194378614425659180e-01 2.462154030799865723e-01 9.518495202064514160e-01 6.412314176559448242e-01 -4.318201243877410889e-01 -4.420619904994964600e-01 -4.549009203910827637e-01 4.293266886095479240e-01 1.717272631274711914e-01 -5.752865012851328119e-01 2.864556329702535598e-01 2.140910870956617973e-01 5.099687233272421905e-01 -3.305515745454984389e-01
1.661967392880613565e+09 -3.272762000560760498e-01 2.532524168491363525e-01 9.430300593376159668e-01 6.407061219215393066e-01 -4.292950332164764404e-01 -4.419075250625610352e-01 -4.581695199012756348e-01 4.371588119910853609e-01 1.744006490402680021e-01 -5.842423467365042145e-01 2.909150673074532012e-01 2.174239772021776262e-01 5.179077259997416638e-01 -3.356974780365887812e-01
1.661967392912529469e+09 -3.351252675056457520e-01 2.600993514060974121e-01 9.340157508850097656e-01 6.401641368865966797e-01 -4.268077611923217773e-01 -4.416565001010894775e-01 -4.614808261394500732e-01 4.315979022984327562e-01 1.717259802883188691e-01 -5.752822037727040039e-01 2.864534930857886019e-01 2.140894877897409343e-01 5.099649137524965292e-01 -3.305491052549870412e-01
1.661967392945441723e+09 -3.429820239543914795e-01 2.667525708675384521e-01 9.248086214065551758e-01 6.396066546440124512e-01 -4.243571758270263672e-01 -4.413086473941802979e-01 -4.648343920707702637e-01 4.196545419130721655e-01 1.665273271659456766e-01 -5.578667106721988400e-01 2.777816989650402912e-01 2.076083660497626548e-01 4.945267681281181882e-01 -3.205424065874530881e-01
1.661967392975873470e+09 -3.508433401584625244e-01 2.732085287570953369e-01 9.154107570648193359e-01 6.390351057052612305e-01 -4.219418764114379883e-01 -4.408631324768066406e-01 -4.682295322418212891e-01 4.550895765728001363e-01 1.801010525798775463e-01 -6.033387042309000803e-01 3.004238236597463474e-01 2.245306274128303914e-01 5.348358914092581351e-01 -3.466699778671171739e-01
1.661967393007787466e+09 -3.587060570716857910e-01 2.794637084007263184e-01 9.058243632316589355e-01 6.384506821632385254e-01 -4.195604622364044189e-01 -4.403195083141326904e-01 -4.716656208038330078e-01 4.351379794493330788e-01 1.717362435382221719e-01 -5.753165856700286351e-01 2.864706130566950226e-01 2.141022829061867139e-01 5.099953919442236083e-01 -3.305688606121370832e-01
1.661967393039701462e+09 -3.665669858455657959e-01 2.855146825313568115e-01 8.960517644882202148e-01 6.378546357154846191e-01 -4.172115921974182129e-01 -4.396771490573883057e-01 -4.751419723033905029e-01 4.363363118226429860e-01 1.717362435382221719e-01 -5.753165856700286351e-01 2.864706130566880282e-01 2.141022829061884625e-01 5.099953919442236083e-01 -3.305688606121370832e-01
1.661967393071616411e+09 -3.744228482246398926e-01 2.913580834865570068e-01 8.860954046249389648e-01 6.372479796409606934e-01 -4.148938953876495361e-01 -4.389357566833496094e-01 -4.786580204963684082e-01 4.375330932430280817e-01 1.717311117599286119e-01 -5.752993942076638501e-01 2.864620528154580015e-01 2.140958851567927590e-01 5.099801523929893277e-01 -3.305589826383963370e-01
1.661967393103530407e+09 -3.822703659534454346e-01 2.969906032085418701e-01 8.759576082229614258e-01 6.366319656372070312e-01 -4.126056730747222900e-01 -4.380946457386016846e-01 -4.822129905223846436e-01 4.387726973526801522e-01 1.717362435382221719e-01 -5.753165856700286351e-01 2.864706130566950226e-01 2.141022829061884625e-01 5.099953919442236083e-01 -3.305688606121370832e-01
1.661967393135445356e+09 -3.822703659534454346e-01 2.969906032085418701e-01 8.759576082229614258e-01 6.366319656372070312e-01 -4.126056730747222900e-01 -4.380946457386016846e-01 -4.822129905223846436e-01 0.000000000000000000e+00 0.000000000000000000e+00 0.000000000000000000e+00 0.000000000000000000e+00 0.000000000000000000e+00 0.000000000000000000e+00 0.000000000000000000e+00
1.661967393167359829e+09 -3.776135444641113281e-01 3.074468672275543213e-01 8.759649395942687988e-01 6.292185783386230469e-01 -4.185501337051391602e-01 -4.400579333305358887e-01 -4.850244820117950439e-01 3.586578104451133564e-01 -1.371536147041952924e-01 -3.815690665837872531e-01 5.097637790694189430e-01 4.960169572906378832e-01 2.323596479915505664e-01 -8.587347376129954302e-02
1.661967393198277235e+09 -3.728141188621520996e-01 3.178016841411590576e-01 8.758616447448730469e-01 6.217423677444458008e-01 -4.244597554206848145e-01 -4.419386386871337891e-01 -4.878120124340057373e-01 3.691601420761899677e-01 -1.415767307285726029e-01 -3.938744240215169001e-01 5.262033336864159194e-01 5.120131857304512923e-01 2.398530974691037709e-01 -8.864283816107555725e-02
1.661967393229194641e+09 -3.678738474845886230e-01 3.280524313449859619e-01 8.756471872329711914e-01 6.142045259475708008e-01 -4.303343296051025391e-01 -4.437366425991058350e-01 -4.905741214752197266e-01 3.681139587289680160e-01 -1.415767307285707988e-01 -3.938744240215241166e-01 5.262033336864087030e-01 5.120131857304512923e-01 2.398530974691055473e-01 -8.864283816107555725e-02
1.661967393261110067e+09 -3.627945482730865479e-01 3.381965756416320801e-01 8.753210902214050293e-01 6.066063642501831055e-01 -4.361734688282012939e-01 -4.454515874385833740e-01 -4.933094680309295654e-01 3.556091546154918070e-01 -1.371495163763632175e-01 -3.815576648053545794e-01 5.097485466667663889e-01 4.960021356608435572e-01 2.323527047840010795e-01 -8.587090775056434311e-02
1.661967393293025494e+09 -3.575780093669891357e-01 3.482315838336944580e-01 8.748828768730163574e-01 5.989490747451782227e-01 -4.419768750667572021e-01 -4.470835626125335693e-01 -4.960168004035949707e-01 3.546366168913989703e-01 -1.371495163763614689e-01 -3.815576648053476405e-01 5.097485466667663889e-01 4.960021356608452781e-01 2.323527047840045490e-01 -8.587090775056434311e-02
1.661967393324938536e+09 -3.522261381149291992e-01 3.581549823284149170e-01 8.743320107460021973e-01 5.912338495254516602e-01 -4.477443397045135498e-01 -4.486323595046997070e-01 -4.986948668956756592e-01 3.537123990985178157e-01 -1.371597626552195914e-01 -3.815861705291564432e-01 5.097866293803900994e-01 4.960391913962892141e-01 2.323700635809504977e-01 -8.587732306495779455e-02
1.661967393356853485e+09 -3.467409610748291016e-01 3.679643571376800537e-01 8.736681342124938965e-01 -5.834619998931884766e-01 4.534754455089569092e-01 4.500978887081146240e-01 5.013421773910522461e-01 3.527628097755912684e-01 -1.371515655096620934e-01 -3.815633656093946890e-01 5.097561627543000240e-01 4.960095463650167069e-01 2.323561763359079102e-01 -8.587219073676272130e-02
1.661967393388768196e+09 -3.411244451999664307e-01 3.776573538780212402e-01 8.728908300399780273e-01 -5.756348371505737305e-01 4.591700434684753418e-01 4.514800310134887695e-01 5.039575099945068359e-01 3.518624255251599497e-01 -1.371525900992744407e-01 -3.815662160752929521e-01 5.097599708834037457e-01 4.960132518001473811e-01 2.323579121507634848e-01 -8.587283224423872263e-02
1.661967393418688774e+09 -3.353787064552307129e-01 3.872316479682922363e-01 8.719997406005859375e-01 -5.677535533905029297e-01 4.648277759552001953e-01 4.527788758277893066e-01 5.065395832061767578e-01 3.743760323641990295e-01 -1.462934731839190816e-01 -4.069966666972549829e-01 5.437342202337392960e-01 5.290713161054354519e-01 2.478439959879258081e-01 -9.159604548522498613e-02
1.661967393450604916e+09 -3.295058310031890869e-01 3.966849744319915771e-01 8.709945678710937500e-01 -5.598195195198059082e-01 4.704484343528747559e-01 4.539943933486938477e-01 5.090870857238769531e-01 3.501163944425823016e-01 -1.371464427912156558e-01 -3.815491139186886760e-01 5.097371229621663336e-01 4.959910200197789609e-01 2.323474976506446910e-01 -8.586898334314758963e-02
1.661967393483519077e+09 -3.235080242156982422e-01 4.060151278972625732e-01 8.698749542236328125e-01 -5.518339276313781738e-01 4.760317802429199219e-01 4.551264047622680664e-01 5.115986466407775879e-01 3.387006655850108849e-01 -1.329879010133073747e-01 -3.699798169084019817e-01 4.942809209750916311e-01 4.809516260971788415e-01 2.253022782755843278e-01 -8.326527195704368223e-02
1.661967393514432192e+09 -3.173874914646148682e-01 4.152199327945709229e-01 8.686406612396240234e-01 -5.437980294227600098e-01 4.815773665904998779e-01 4.561750590801239014e-01 5.140731930732727051e-01 3.598028622835697243e-01 -1.415963852157495761e-01 -3.939291039097842506e-01 5.262763842267281778e-01 5.120842663136940809e-01 2.398863952406000977e-01 -8.865514406415131443e-02
1.661967393546346903e+09 -3.111465275287628174e-01 4.242973327636718750e-01 8.672913908958435059e-01 -5.357133746147155762e-01 4.870851635932922363e-01 4.571405053138732910e-01 5.165092349052429199e-01 3.477446133328279121e-01 -1.371525900992761615e-01 -3.815662160752964494e-01 5.097599708834106291e-01 4.960132518001473811e-01 2.323579121507617640e-01 -8.587283224423872263e-02
1.661967393578261852e+09 -3.047874569892883301e-01 4.332452416419982910e-01 8.658270835876464844e-01 -5.275812149047851562e-01 4.925549924373626709e-01 4.580228328704833984e-01 5.189055800437927246e-01 3.470039257787250753e-01 -1.371515655096620934e-01 -3.815633656093911918e-01 5.097561627543000240e-01 4.960095463650184278e-01 2.323561763359079102e-01 -8.587219073676272130e-02
1.661967393611174345e+09 -2.983126640319824219e-01 4.420616924762725830e-01 8.642474412918090820e-01 -5.194026231765747070e-01 4.979862868785858154e-01 4.588218033313751221e-01 5.212610960006713867e-01 3.358013497090780453e-01 -1.329946445774131125e-01 -3.699985778828549510e-01 4.943059850226551033e-01 4.809760142414989947e-01 2.253137029265906144e-01 -8.326949418098297806e-02
1.661967393642091274e+09 -2.917245328426361084e-01 4.507447481155395508e-01 8.625524640083312988e-01 -5.111792087554931641e-01 5.033791661262512207e-01 4.595378935337066650e-01 5.235744118690490723e-01 3.567785611620428732e-01 -1.415789142910275078e-01 -3.938804988150312880e-01 5.262114494116317820e-01 5.120210825985522796e-01 2.398567967649986588e-01 -8.864420531493190369e-02
1.661967393673008442e+09 -2.850255370140075684e-01 4.592925310134887695e-01 8.607419133186340332e-01 -5.029122233390808105e-01 5.087332725524902344e-01 4.601711630821228027e-01 5.258443355560302734e-01 3.561115517753052351e-01 -1.415778225013803182e-01 -3.938774613948511361e-01 5.262073915177315486e-01 5.120171341340551407e-01 2.398549471027849045e-01 -8.864352173273230828e-02
1.661967393703925848e+09 -2.782181799411773682e-01 4.677032232284545898e-01 8.588158488273620605e-01 -4.946030378341674805e-01 5.140484571456909180e-01 4.607217907905578613e-01 5.280695557594299316e-01 3.554771440108663860e-01 -1.415767307285716869e-01 -3.938744240215241166e-01 5.262033336864159194e-01 5.120131857304512923e-01 2.398530974691055473e-01 -8.864283816107555725e-02
1.661967393733845949e+09 -2.713049650192260742e-01 4.759750664234161377e-01 8.567742109298706055e-01 -4.862530231475830078e-01 5.193245410919189453e-01 4.611899852752685547e-01 5.302489399909973145e-01 3.667091244646416004e-01 -1.462958046654730671e-01 -4.070031530100141626e-01 5.437428857352013534e-01 5.290797479239464085e-01 2.478479458818806935e-01 -9.159750525295069778e-02
1.661967393765760183e+09 -2.642885148525238037e-01 4.841063618659973145e-01 8.546170592308044434e-01 -4.778634309768676758e-01 5.245611667633056641e-01 4.615758359432220459e-01 5.323812961578369141e-01 3.432491962173456757e-01 -1.371546393244258144e-01 -3.815719171348646577e-01 5.097675873123191925e-01 4.960206628364928760e-01 2.323613838582767044e-01 -8.587411528794540450e-02
1.661967393797674894e+09 -2.571714222431182861e-01 4.920954406261444092e-01 8.523443937301635742e-01 -4.694357812404632568e-01 5.297583937644958496e-01 4.618797302246093750e-01 5.344654321670532227e-01 3.427310474156047282e-01 -1.371525900992753011e-01 -3.815662160752964494e-01 5.097599708834106291e-01 4.960132518001473811e-01 2.323579121507600154e-01 -8.587283224423872263e-02
1.661967393834576845e+09 -2.499563395977020264e-01 4.999407827854156494e-01 8.499562740325927734e-01 -4.609713852405548096e-01 5.349157452583312988e-01 4.621018767356872559e-01 5.365000963211059570e-01 2.959981275919013610e-01 -1.186166361542919101e-01 -3.299981501494961278e-01 4.408667233227807070e-01 4.289778514127830511e-01 2.009551106778818819e-01 -7.426725583877422099e-02
