1.661967414866292000e+09 1.378528122206244648e-16 -2.367949187755584717e-01 1.128897309303283691e+00 -6.125128269195556641e-01 6.125135421752929688e-01 3.533097505569458008e-01 3.533093035221099854e-01 0.000000000000000000e+00 0.000000000000000000e+00 0.000000000000000000e+00 0.000000000000000000e+00 0.000000000000000000e+00 0.000000000000000000e+00 0.000000000000000000e+00
1.661967418172002316e+09 1.378528122206244648e-16 -2.367949187755584717e-01 1.128897309303283691e+00 -6.125128269195556641e-01 6.125135421752929688e-01 3.533097505569458008e-01 3.533093035221099854e-01 0.000000000000000000e+00 0.000000000000000000e+00 0.000000000000000000e+00 0.000000000000000000e+00 0.000000000000000000e+00 0.000000000000000000e+00 0.000000000000000000e+00
1.661967418199927568e+09 -7.838059682399034500e-04 -2.305772155523300171e-01 1.118142604827880859e+00 6.199844479560852051e-01 -6.053074002265930176e-01 -3.401382267475128174e-01 -3.654151558876037598e-01 4.457400447994932513e-01 2.943020122411533768e-01 -4.435675092365845562e-01 -3.451660690769188244e-01 -2.056857060631898104e+00 7.199438263373555413e-01 6.657438159016273449e-01
1.661967418231842995e+09 -2.090123482048511505e-03 -2.245824038982391357e-01 1.107615232467651367e+00 6.277717351913452148e-01 -5.969734191894531250e-01 -3.275121748447418213e-01 -3.771751821041107178e-01 3.817846068530176828e-01 2.575073903003029518e-01 -3.881112156036791716e-01 -3.020122526222362436e-01 -1.799701911212451266e+00 6.299340411272343898e-01 5.825102972823665848e-01
1.661967418260765076e+09 -3.934853710234165192e-03 -2.188061624765396118e-01 1.097283720970153809e+00 6.358677148818969727e-01 -5.875400304794311523e-01 -3.154462575912475586e-01 -3.885391652584075928e-01 4.141986758982624806e-01 2.841586027942877291e-01 -4.282795170504289928e-01 -3.332695796878381578e-01 -1.985965451088405942e+00 6.951302514872510496e-01 6.427982979284914133e-01
1.661967418292678833e+09 -6.330919452011585236e-03 -2.132479548454284668e-01 1.087114095687866211e+00 6.442632675170898438e-01 -5.770372748374938965e-01 -3.039519488811492920e-01 -3.994571566581726074e-01 3.708284513242002811e-01 2.575208566502029672e-01 -3.881315118810769738e-01 -3.020280463540840343e-01 -1.799796026630351653e+00 6.299669835301775489e-01 5.825407596604535998e-01
1.661967418324594021e+09 -9.288022294640541077e-03 -2.079110443592071533e-01 1.077071309089660645e+00 6.529477238655090332e-01 -5.654971003532409668e-01 -2.930375635623931885e-01 -4.098796844482421875e-01 3.681927823918860754e-01 2.575093139783467544e-01 -3.881141149419200520e-01 -3.020145087685248697e-01 -1.799715355669512906e+00 6.299387469738627621e-01 5.825146488556083302e-01
1.661967418356508732e+09 -1.281241700053215027e-02 -2.028024792671203613e-01 1.067119002342224121e+00 6.619082689285278320e-01 -5.529528260231018066e-01 -2.827079892158508301e-01 -4.197579920291900635e-01 3.675077827970028577e-01 2.575131614206593311e-01 -3.881199137483448136e-01 -3.020190211622013621e-01 -1.799742245186256806e+00 6.299481588780457830e-01 5.825233521971421302e-01
1.661967418388424158e+09 -1.690670847892761230e-02 -1.979329735040664673e-01 1.057220101356506348e+00 6.711303591728210449e-01 -5.394395589828491211e-01 -2.729651331901550293e-01 -4.290444254875183105e-01 3.686948587235464037e-01 2.575073903003038400e-01 -3.881112156036791716e-01 -3.020122526222362436e-01 -1.799701911212451266e+00 6.299340411272379425e-01 5.825102972823701375e-01
1.661967418418344021e+09 -2.156967669725418091e-02 -1.933167278766632080e-01 1.047337770462036133e+00 6.805976629257202148e-01 -5.249933600425720215e-01 -2.638075053691864014e-01 -4.376920461654663086e-01 3.964680770510092822e-01 2.746823471250952053e-01 -4.139970488740681853e-01 -3.221555479012556122e-01 -1.919736534632468405e+00 6.719487186330311834e-01 6.213619558470149240e-01
1.661967418449262142e+09 -2.679612673819065094e-02 -1.889713108539581299e-01 1.037435054779052734e+00 6.902918815612792969e-01 -5.096521377563476562e-01 -2.552306056022644043e-01 -4.456558227539062500e-01 3.884751014702383376e-01 2.658136319229600364e-01 -4.006302564339407901e-01 -3.117540574704832923e-01 -1.857753677827201022e+00 6.502533971885812170e-01 6.012999377321825989e-01
1.661967418480178833e+09 -3.257676959037780762e-02 -1.849173605442047119e-01 1.027476191520690918e+00 7.001932263374328613e-01 -4.934545159339904785e-01 -2.472265809774398804e-01 -4.528920054435729980e-01 3.948597181416317325e-01 2.658259310869532377e-01 -4.006487935465426475e-01 -3.117684822923043608e-01 -1.857839635860953464e+00 6.502834843331388726e-01 6.013277598062037876e-01
1.661967418512093782e+09 -3.889814019203186035e-02 -1.811783313751220703e-01 1.017426371574401855e+00 7.102800011634826660e-01 -4.764400422573089600e-01 -2.397846579551696777e-01 -4.593587219715118408e-01 3.900193361035464434e-01 2.575112376851320106e-01 -3.881170143234726200e-01 -3.020167649484943873e-01 -1.799728800327439870e+00 6.299434528907987829e-01 5.825190004938680666e-01
1.661967418544008493e+09 -4.574254155158996582e-02 -1.777801513671875000e-01 1.007252812385559082e+00 7.205290198326110840e-01 -4.586497247219085693e-01 -2.328910827636718750e-01 -4.650162160396575928e-01 3.986809508047316486e-01 2.575131614206601638e-01 -3.881199137483518080e-01 -3.020190211622013621e-01 -1.799742245186263911e+00 6.299481588780475594e-01 5.825233521971437956e-01
1.661967418574925423e+09 -5.308805033564567566e-02 -1.747508943080902100e-01 9.969242811203002930e-01 7.309156060218811035e-01 -4.401248395442962646e-01 -2.265290170907974243e-01 -4.698267579078674316e-01 4.214898691375388307e-01 2.658238811472485308e-01 -4.006457039086442351e-01 -3.117660780626356209e-01 -1.857825308969592415e+00 6.502784696156946875e-01 6.013231226150718145e-01
1.661967418605842352e+09 -6.090850755572319031e-02 -1.721203327178955078e-01 9.864127039909362793e-01 7.414134740829467773e-01 -4.209074079990386963e-01 -2.206789255142211914e-01 -4.737550020217895508e-01 4.322262419388719912e-01 2.658238811472485308e-01 -4.006457039086513960e-01 -3.117660780626356209e-01 -1.857825308969595968e+00 6.502784696156946875e-01 6.013231226150718145e-01
1.661967418637757778e+09 -6.917362660169601440e-02 -1.699195802211761475e-01 9.756923913955688477e-01 7.519950866699218750e-01 -4.010402858257293701e-01 -2.153185606002807617e-01 -4.767684340476989746e-01 4.297059420274937369e-01 2.575073903003038400e-01 -3.881112156036721772e-01 -3.020122526222362436e-01 -1.799701911212451266e+00 6.299340411272379425e-01 5.825102972823701375e-01
1.661967418668675900e+09 -7.784906029701232910e-02 -1.681805700063705444e-01 9.647411704063415527e-01 7.626313567161560059e-01 -3.805663585662841797e-01 -2.104229778051376343e-01 -4.788369536399841309e-01 4.553620739977080611e-01 2.658136319229600364e-01 -4.006302564339479511e-01 -3.117540574704832923e-01 -1.857753677827208127e+00 6.502533971885812170e-01 6.012999377321825989e-01
1.661967418698595285e+09 -8.689656853675842285e-02 -1.669356673955917358e-01 9.535400867462158203e-01 7.732923030853271484e-01 -3.595291376113891602e-01 -2.059649378061294556e-01 -4.799335896968841553e-01 4.830442078629408886e-01 2.746867248469567757e-01 -4.140036469097659322e-01 -3.221606822224085676e-01 -1.919767130237485908e+00 6.719594277471319099e-01 6.213718587397457638e-01
1.661967418730017900e+09 -9.627419710159301758e-02 -1.662171185016632080e-01 9.420741796493530273e-01 7.839465737342834473e-01 -3.379721343517303467e-01 -2.019148319959640503e-01 -4.800344407558441162e-01 4.719470250972434000e-01 2.615459633658803740e-01 -3.941980914015172921e-01 -3.067488100759679370e-01 -1.827927227993511261e+00 6.398135038044806544e-01 5.916459977928761882e-01
1.661967418760935068e+09 -1.059364974498748779e-01 -1.660566180944442749e-01 9.303323030471801758e-01 7.945618033409118652e-01 -3.159389495849609375e-01 -1.982409060001373291e-01 -4.791186749935150146e-01 4.918675685514417029e-01 2.658218312391619764e-01 -4.006426143184118049e-01 -3.117636738700330645e-01 -1.857810982299202829e+00 6.502734549755937454e-01 6.013184854954612968e-01
1.661967418791852236e+09 -1.158348023891448975e-01 -1.664847880601882935e-01 9.183076024055480957e-01 8.051047325134277344e-01 -2.934731841087341309e-01 -1.949093639850616455e-01 -4.771688580513000488e-01 5.039445778260958075e-01 2.658218312391610882e-01 -4.006426143184046440e-01 -3.117636738700474419e-01 -1.857810982299209934e+00 6.502734549755955218e-01 6.013184854954612968e-01
1.661967418823768377e+09 -1.259174942970275879e-01 -1.675306707620620728e-01 9.059974551200866699e-01 8.155413866043090820e-01 -2.706182599067687988e-01 -1.918848007917404175e-01 -4.741711318492889404e-01 4.996408145333625095e-01 2.575016194386136603e-01 -3.881025178488516358e-01 -3.020054843856713189e-01 -1.799661579046452076e+00 6.299199240091982732e-01 5.824972429527264239e-01
1.661967418855682850e+09 -1.361304074525833130e-01 -1.692212969064712524e-01 8.934034705162048340e-01 8.258368372917175293e-01 -2.474172711372375488e-01 -1.891299486160278320e-01 -4.701149165630340576e-01 5.108172080576129925e-01 2.575150851849302147e-01 -3.881228132165515099e-01 -3.020212774096046604e-01 -1.799755690245947948e+00 6.299528649356063159e-01 5.825277039654388478e-01
1.661967418887597322e+09 -1.464170962572097778e-01 -1.715811938047409058e-01 8.805318474769592285e-01 8.359557986259460449e-01 -2.239130288362503052e-01 -1.866062730550765991e-01 -4.649935662746429443e-01 5.215574939132274768e-01 2.575150851849293265e-01 -3.881228132165515099e-01 -3.020212774095907826e-01 -1.799755690245947948e+00 6.299528649356058718e-01 5.825277039654370714e-01
1.661967418917516708e+09 -1.567193120718002319e-01 -1.746319234371185303e-01 8.673931360244750977e-01 8.458623290061950684e-01 -2.001477479934692383e-01 -1.842739880084991455e-01 -4.588039219379425049e-01 5.672768881241940786e-01 2.746867248469577194e-01 -4.140036469097659322e-01 -3.221606822224085676e-01 -1.919767130237485908e+00 6.719594277471310217e-01 6.213718587397476512e-01
1.661967418949431896e+09 -1.669774055480957031e-01 -1.783917099237442017e-01 8.540021777153015137e-01 8.555200099945068359e-01 -1.761631071567535400e-01 -1.820922344923019409e-01 -4.515467882156372070e-01 5.415110154734296133e-01 2.575093139783467544e-01 -3.881141149419131131e-01 -3.020145087685248697e-01 -1.799715355669512906e+00 6.299387469738636502e-01 5.825146488556101065e-01
1.661967418980349302e+09 -1.771307438611984253e-01 -1.828749626874923706e-01 8.403781056404113770e-01 8.648925423622131348e-01 -1.520001739263534546e-01 -1.800194084644317627e-01 -4.432266354560852051e-01 5.683805841591824670e-01 2.658197813626901329e-01 -4.006395247758227640e-01 -3.117612697145389911e-01 -1.857796655849783374e+00 6.502684404128357132e-01 6.013138484473687928e-01
1.661967419011267185e+09 -1.871182322502136230e-01 -1.880920380353927612e-01 8.265441060066223145e-01 8.739432096481323242e-01 -1.276990771293640137e-01 -1.780132353305816650e-01 -4.338520169258117676e-01 5.770864379482455453e-01 2.658156817045894682e-01 -4.006333458335919473e-01 -3.117564615147433993e-01 -1.857768003613787577e+00 6.502584115193306147e-01 6.013045745657310537e-01
1.661967419041186333e+09 -1.968787312507629395e-01 -1.940487921237945557e-01 8.125273585319519043e-01 8.826352357864379883e-01 -1.032992303371429443e-01 -1.760311275720596313e-01 -4.234351813793182373e-01 6.046030776963940978e-01 2.746889137602165354e-01 -4.140069460064821349e-01 -3.221632494443563144e-01 -1.919782428405708341e+00 6.719647824321882679e-01 6.213768103044856606e-01
1.661967419072104692e+09 -2.063516229391098022e-01 -2.007464468479156494e-01 7.983585000038146973e-01 8.909322023391723633e-01 -7.883902639150619507e-02 -1.740302890539169312e-01 -4.119922816753387451e-01 5.922884069969112097e-01 2.658115821729432615e-01 -4.006271670819501196e-01 -3.117516534632850944e-01 -1.857739352261567722e+00 6.502483829351660694e-01 6.012953009701454965e-01
1.661967419103022814e+09 -2.063516229391098022e-01 -2.007464468479156494e-01 7.983585000038146973e-01 8.909322023391723633e-01 -7.883902639150619507e-02 -1.740302890539169312e-01 -4.119922816753387451e-01 0.000000000000000000e+00 0.000000000000000000e+00 0.000000000000000000e+00 0.000000000000000000e+00 0.000000000000000000e+00 0.000000000000000000e+00 0.000000000000000000e+00
1.661967419132941008e+09 -2.115504890680313110e-01 -1.861150264739990234e-01 8.037475943565368652e-01 8.885087370872497559e-01 -8.747196197509765625e-02 -1.842733770608901978e-01 -4.110282957553863525e-01 5.493717436134106791e-01 -1.832602755863583024e-02 -6.424720290316402460e-01 7.857092903807211259e-01 1.635285395103373896e+00 3.382704595676041537e-01 -8.133918698023523408e-01
1.661967419164855003e+09 -2.167368382215499878e-01 -1.713545173406600952e-01 8.090723752975463867e-01 8.857533335685729980e-01 -9.603203088045120239e-02 -1.946101486682891846e-01 -4.102996587753295898e-01 5.178438945680710059e-01 -1.717997485542675784e-02 -6.022938287505582577e-01 7.365734777614556528e-01 1.533019738152968880e+00 3.171160782723381755e-01 -7.625248748591186843e-01
1.661967419196769714e+09 -2.218942642211914062e-01 -1.564692556858062744e-01 8.143320679664611816e-01 8.826644420623779297e-01 -1.045257523655891418e-01 -2.050207853317260742e-01 -4.098101258277893066e-01 5.203952415686750044e-01 -1.717958982685623484e-02 -6.022803304576682670e-01 7.365569700636125372e-01 1.532985380919916985e+00 3.171089712333809429e-01 -7.625077855522036652e-01
1.661967419228190660e+09 -2.270063608884811401e-01 -1.414641886949539185e-01 8.195251226425170898e-01 8.792409300804138184e-01 -1.129598096013069153e-01 -2.154854238033294678e-01 -4.095626175403594971e-01 5.308856297604835905e-01 -1.744955872055223983e-02 -6.117448727516358042e-01 7.481316044033657908e-01 1.557075500155111314e+00 3.220921843955138475e-01 -7.744902243284117471e-01
1.661967419260107040e+09 -2.320567518472671509e-01 -1.263449192047119141e-01 8.246492743492126465e-01 8.754820823669433594e-01 -1.213410720229148865e-01 -2.259839773178100586e-01 -4.095591604709625244e-01 5.246154310320614300e-01 -1.717869149396771336e-02 -6.022488367937092191e-01 7.365184549793091229e-01 1.532905220031389071e+00 3.170923893812543359e-01 -7.624679134814255077e-01
1.661967419291024446e+09 -2.370292097330093384e-01 -1.111175864934921265e-01 8.297014832496643066e-01 8.713879585266113281e-01 -1.296765208244323730e-01 -2.364961802959442139e-01 -4.098006784915924072e-01 5.432694494998590029e-01 -1.773375304967708677e-02 -6.217081289285183443e-01 7.603161394288514563e-01 1.582434996876393551e+00 3.273379773537338222e-01 -7.871040521759149478e-01
1.661967419321942329e+09 -2.419077008962631226e-01 -9.578897058963775635e-02 8.346779942512512207e-01 8.669587969779968262e-01 -1.379733681678771973e-01 -2.470019161701202393e-01 -4.102875590324401855e-01 5.446169350984747526e-01 -1.773347954736587476e-02 -6.216985405120603048e-01 7.603044133029648322e-01 1.582410591460004845e+00 3.273329289191031499e-01 -7.870919129081654919e-01
1.661967419353366852e+09 -2.466764450073242188e-01 -8.036638051271438599e-02 8.395741581916809082e-01 8.621956706047058105e-01 -1.462388634681701660e-01 -2.574808001518249512e-01 -4.110189378261566162e-01 5.368161660518947498e-01 -1.744757286746210709e-02 -6.116752529139055650e-01 7.480464630262751990e-01 1.556898296636991086e+00 3.220555285825951741e-01 -7.744020831994288256e-01
1.661967419385281801e+09 -2.513199746608734131e-01 -6.485769897699356079e-02 8.443848490715026855e-01 8.570999503135681152e-01 -1.544803380966186523e-01 -2.679126560688018799e-01 -4.119931459426879883e-01 5.291747511642540536e-01 -1.717946148783334320e-02 -6.022758311611627891e-01 7.365514676620911194e-01 1.532973928851122380e+00 3.171066022911854243e-01 -7.625020892867789835e-01
1.661967419417196274e+09 -2.558232545852661133e-01 -4.927131533622741699e-02 8.491039872169494629e-01 8.516737222671508789e-01 -1.627052128314971924e-01 -2.782773077487945557e-01 -4.132077395915985107e-01 5.294245663711534267e-01 -1.717971816779578428e-02 -6.022848298214051876e-01 7.365624725473458589e-01 1.532996833159832040e+00 3.171113402109710377e-01 -7.625134819027299393e-01
1.661967419448622227e+09 -2.601716518402099609e-01 -3.361614421010017395e-02 8.537248969078063965e-01 8.459195494651794434e-01 -1.709209829568862915e-01 -2.885547876358032227e-01 -4.146592319011688232e-01 5.375232418024546988e-01 -1.744677865277945161e-02 -6.116474094155487373e-01 7.480124119013366046e-01 1.556827426522585212e+00 3.220408685934310067e-01 -7.743668323648968954e-01
1.661967419480537176e+09 -2.643510997295379639e-01 -1.790157519280910492e-02 8.582401871681213379e-01 8.398406505584716797e-01 -1.791350841522216797e-01 -2.987251281738281250e-01 -4.163433015346527100e-01 5.287840610627068116e-01 -1.717946148783421403e-02 -6.022758311611627891e-01 7.365514676620911194e-01 1.532973928851122380e+00 3.171066022911854243e-01 -7.625020892867789835e-01
1.661967419511455059e+09 -2.683480978012084961e-01 -2.137447707355022430e-03 8.626418709754943848e-01 8.334404230117797852e-01 -1.873550415039062500e-01 -3.087687492370605469e-01 -4.182547926902770996e-01 5.449306376105245153e-01 -1.773347954736677334e-02 -6.216985405120675212e-01 7.603044133029648322e-01 1.582410591460004845e+00 3.273329289191031499e-01 -7.870919129081618282e-01
1.661967419542880058e+09 -2.721497416496276855e-01 1.366596668958663940e-02 8.669212460517883301e-01 8.267232775688171387e-01 -1.955882906913757324e-01 -3.186662197113037109e-01 -4.203876554965972900e-01 5.348651372346496791e-01 -1.744730812119978797e-02 -6.116659714661204506e-01 7.480351123068386121e-01 1.556874672548605565e+00 3.220506417712423741e-01 -7.743903325646596114e-01
1.661967419573797226e+09 -2.757438421249389648e-01 2.949800342321395874e-02 8.710690140724182129e-01 8.196939229965209961e-01 -2.038422375917434692e-01 -3.283984065055847168e-01 -4.227348566055297852e-01 5.419752554551516832e-01 -1.773388980399592460e-02 -6.217129232476593659e-01 7.603220026274343235e-01 1.582447199866906962e+00 3.273405016294467784e-01 -7.871101219502225632e-01
1.661967419603717804e+09 -2.791189849376678467e-01 4.534763097763061523e-02 8.750752806663513184e-01 8.123576641082763672e-01 -2.121241986751556396e-01 -3.379465639591217041e-01 -4.252887070178985596e-01 5.579065466849801869e-01 -1.832456727085306214e-02 -6.424208344095706513e-01 7.856466820672783902e-01 1.635155089325093680e+00 3.382435048870113259e-01 -8.133270556353789926e-01
1.661967419634634495e+09 -2.822644710540771484e-01 6.120348349213600159e-02 8.789296746253967285e-01 8.047204017639160156e-01 -2.204413861036300659e-01 -3.472923040390014648e-01 -4.280406534671783447e-01 5.375095692900783151e-01 -1.773416331896031026e-02 -6.217225121077810668e-01 7.603337292958894933e-01 1.582471606412550136e+00 3.273455502976724274e-01 -7.871222617796745924e-01
1.661967419665551901e+09 -2.851705551147460938e-01 7.705389708280563354e-02 8.826212882995605469e-01 7.967884540557861328e-01 -2.288009375333786011e-01 -3.564175367355346680e-01 -4.309812188148498535e-01 5.347168555598820205e-01 -1.773375304967708677e-02 -6.217081289285255608e-01 7.603161394288514563e-01 1.582434996876407984e+00 3.273379773537355986e-01 -7.871040521759257169e-01
1.661967419695472956e+09 -2.878282666206359863e-01 9.288695454597473145e-02 8.861387968063354492e-01 7.885687947273254395e-01 -2.372098118066787720e-01 -3.653048872947692871e-01 -4.341003596782684326e-01 5.492917576926437118e-01 -1.832427524122184556e-02 -6.424105964641944055e-01 7.856341616018994722e-01 1.635129030661373273e+00 3.382381144663689776e-01 -8.133140940414789188e-01
1.661967419726389170e+09 -2.902295887470245361e-01 1.086904853582382202e-01 8.894703388214111328e-01 7.800689339637756348e-01 -2.456748038530349731e-01 -3.739372193813323975e-01 -4.373870491981506348e-01 5.281505065011109501e-01 -1.773443684236362256e-02 -6.217321012636766175e-01 7.603454563260779731e-01 1.582496013711063521e+00 3.273505991216310584e-01 -7.871344019835975203e-01
1.661967419757306337e+09 -2.923675179481506348e-01 1.244521588087081909e-01 8.926037549972534180e-01 7.712965607643127441e-01 -2.542025148868560791e-01 -3.822982013225555420e-01 -4.408297538757324219e-01 5.243593287290060356e-01 -1.773388980399502948e-02 -6.217129232476665823e-01 7.603220026274343235e-01 1.582447199866906962e+00 3.273405016294485548e-01 -7.871101219502261159e-01
1.661967419788223982e+09 -2.942360043525695801e-01 1.401594579219818115e-01 8.955266475677490234e-01 7.622604370117187500e-01 -2.627993226051330566e-01 -3.903717398643493652e-01 -4.444160163402557373e-01 5.202797930201736865e-01 -1.773361629746738471e-02 -6.217033346833263918e-01 7.603102763206956993e-01 1.582422794074106243e+00 3.273354531169541115e-01 -7.870979824952383241e-01
1.661967419819142580e+09 -2.958299815654754639e-01 1.557997763156890869e-01 8.982262611389160156e-01 7.529693841934204102e-01 -2.714713513851165771e-01 -3.981426060199737549e-01 -4.481327235698699951e-01 5.159171054055343708e-01 -1.773306930971897330e-02 -6.216841584419077194e-01 7.602868247923010303e-01 1.582373984746857420e+00 3.273253565591244252e-01 -7.870737047085757387e-01
1.661967419850059032e+09 -2.971455156803131104e-01 1.713604182004928589e-01 9.006896018981933594e-01 7.434329390525817871e-01 -2.802244722843170166e-01 -4.055961370468139648e-01 -4.519662261009216309e-01 5.113538130746575483e-01 -1.773430007960685034e-02 -6.217273066487508659e-01 7.603395927657660147e-01 1.582483809967688781e+00 3.273480746901833438e-01 -7.871283318348197833e-01
1.661967419881973028e+09 -2.981797158718109131e-01 1.868286132812500000e-01 9.029035568237304688e-01 7.336610555648803711e-01 -2.890643179416656494e-01 -4.127182960510253906e-01 -4.559022486209869385e-01 4.906944306695841806e-01 -1.717997485542762520e-02 -6.022938287505652522e-01 7.365734777614556528e-01 1.533019738152968880e+00 3.171160782723381755e-01 -7.625248748591256787e-01
1.661967419912890434e+09 -2.989307045936584473e-01 2.021916657686233521e-01 9.048548936843872070e-01 7.236641049385070801e-01 -2.979961633682250977e-01 -4.194957911968231201e-01 -4.599258005619049072e-01 5.014870683362330217e-01 -1.773375304967619165e-02 -6.217081289285183443e-01 7.603161394288514563e-01 1.582434996876400879e+00 3.273379773537374304e-01 -7.871040521759257169e-01
1.661967419943808079e+09 -2.993978559970855713e-01 2.174368202686309814e-01 9.065303206443786621e-01 7.134529352188110352e-01 -3.070250153541564941e-01 -4.259161353111267090e-01 -4.640215039253234863e-01 4.962879668448308967e-01 -1.773361629746738471e-02 -6.217033346833263918e-01 7.603102763206956993e-01 1.582422794074106243e+00 3.273354531169523352e-01 -7.870979824952383241e-01
1.661967419973727942e+09 -2.995814979076385498e-01 2.325514554977416992e-01 9.079166054725646973e-01 7.030388116836547852e-01 -3.161554038524627686e-01 -4.319674968719482422e-01 -4.681732356548309326e-01 5.073280851016207516e-01 -1.832500533275143242e-02 -6.424361919394984133e-01 7.856654635136236520e-01 1.635194178878033311e+00 3.382515908401295124e-01 -8.133464988008658469e-01
1.661967420004645348e+09 -2.994831502437591553e-01 2.475230246782302856e-01 9.090005159378051758e-01 6.924334764480590820e-01 -3.253917098045349121e-01 -4.376388490200042725e-01 -4.723646342754364014e-01 4.855218599734072993e-01 -1.773375304967619165e-02 -6.217081289285255608e-01 7.603161394288514563e-01 1.582434996876404432e+00 3.273379773537355986e-01 -7.871040521759257169e-01
1.661967420034565449e+09 -2.991054952144622803e-01 2.623391747474670410e-01 9.097689390182495117e-01 6.816489100456237793e-01 -3.347376883029937744e-01 -4.429199695587158203e-01 -4.765787124633789062e-01 4.960166802967405641e-01 -1.832485930979151079e-02 -6.424310726812714201e-01 7.856592029317351900e-01 1.635181148819397690e+00 3.382488954794662939e-01 -8.133400176424154804e-01
1.661967420065482378e+09 -2.984522283077239990e-01 2.769876420497894287e-01 9.102090001106262207e-01 6.706977486610412598e-01 -3.441967964172363281e-01 -4.478015899658203125e-01 -4.807980656623840332e-01 4.744853076338597653e-01 -1.773402656042305167e-02 -6.217177176407511219e-01 7.603278659164462994e-01 1.582459403045625601e+00 3.273430259440957002e-01 -7.871161918181416306e-01
1.661967420097397327e+09 -2.975282073020935059e-01 2.914564609527587891e-01 9.103081226348876953e-01 6.595926880836486816e-01 -3.537721335887908936e-01 -4.522751569747924805e-01 -4.850051105022430420e-01 4.542897081918049196e-01 -1.717946148783421403e-02 -6.022758311611557946e-01 7.365514676620911194e-01 1.532973928851129486e+00 3.171066022911837035e-01 -7.625020892867772071e-01
1.661967420129311800e+09 -2.963393926620483398e-01 3.057338595390319824e-01 9.100539088249206543e-01 6.483469605445861816e-01 -3.634662330150604248e-01 -4.563329517841339111e-01 -4.891816973686218262e-01 4.489831964762039385e-01 -1.717971816779578428e-02 -6.022848298214051876e-01 7.365624725473458589e-01 1.532996833159828709e+00 3.171113402109710377e-01 -7.625134819027299393e-01
1.661967420160229206e+09 -2.948927581310272217e-01 3.198083639144897461e-01 9.094343781471252441e-01 6.369740962982177734e-01 -3.732812702655792236e-01 -4.599683880805969238e-01 -4.933094978332519531e-01 4.580659763297616482e-01 -1.773375304967619165e-02 -6.217081289285255608e-01 7.603161394288514563e-01 1.582434996876404432e+00 3.273379773537355986e-01 -7.871040521759257169e-01
1.661967420191147089e+09 -2.931963801383972168e-01 3.336688280105590820e-01 9.084380269050598145e-01 6.254876852035522461e-01 -3.832188546657562256e-01 -4.631755650043487549e-01 -4.973699152469635010e-01 4.527925977557034076e-01 -1.773347954736677334e-02 -6.216985405120675212e-01 7.603044133029648322e-01 1.582410591459997518e+00 3.273329289191013181e-01 -7.870919129081600518e-01
1.661967420221066475e+09 -2.912593483924865723e-01 3.473044037818908691e-01 9.070537686347961426e-01 -6.139019727706909180e-01 3.932802379131317139e-01 4.659496545791625977e-01 5.013441443443298340e-01 4.626386283728102788e-01 -1.832529738565203195e-02 -6.424464307007153874e-01 7.856779849767328017e-01 1.635220239618314864e+00 3.382569816903252535e-01 -8.133594614276523638e-01
1.661967420252981901e+09 -2.890917658805847168e-01 3.607046306133270264e-01 9.052711725234985352e-01 -6.022312641143798828e-01 4.034661352634429932e-01 4.682867228984832764e-01 5.052132010459899902e-01 4.289759751042173108e-01 -1.717920481554257445e-02 -6.022668327697980883e-01 7.365404631056765572e-01 1.532951025226844122e+00 3.171018645129732860e-01 -7.624906970112524940e-01
1.661967420284895897e+09 -2.867046594619750977e-01 3.738594353199005127e-01 9.030802845954895020e-01 -5.904898047447204590e-01 4.137764573097229004e-01 4.701834619045257568e-01 5.089581608772277832e-01 4.245146130036330234e-01 -1.717997485542762520e-02 -6.022938287505652522e-01 7.365734777614556528e-01 1.533019738152965550e+00 3.171160782723381755e-01 -7.625248748591222370e-01
1.661967420315813541e+09 -2.841100394725799561e-01 3.867591619491577148e-01 9.004718065261840820e-01 -5.786925554275512695e-01 4.242110848426818848e-01 4.716381430625915527e-01 5.125595927238464355e-01 4.338668238294120516e-01 -1.773361629746648960e-02 -6.217033346833228391e-01 7.603102763206956993e-01 1.582422794074100914e+00 3.273354531169541115e-01 -7.870979824952365478e-01
1.661967420346731663e+09 -2.813207507133483887e-01 3.993946015834808350e-01 8.974372744560241699e-01 -5.668544769287109375e-01 4.347689747810363770e-01 4.726496040821075439e-01 5.159984230995178223e-01 4.298678211089498880e-01 -1.773334279937519714e-02 -6.216937464147435088e-01 7.602985503756568564e-01 1.582398389034095354e+00 3.273304047601817701e-01 -7.870858434146922322e-01
1.661967420376651525e+09 -2.783505320549011230e-01 4.117569923400878906e-01 8.939688801765441895e-01 -5.549903512001037598e-01 4.454487860202789307e-01 4.732176959514617920e-01 5.192553997039794922e-01 4.404698000167158733e-01 -1.832500533275050608e-02 -6.424361919394984133e-01 7.856654635136236520e-01 1.635194178878035087e+00 3.382515908401295124e-01 -8.133464988008695107e-01
1.661967420408565760e+09 -2.752138376235961914e-01 4.238380789756774902e-01 8.900596499443054199e-01 -5.431154370307922363e-01 4.562485516071319580e-01 4.733432233333587646e-01 5.223115086555480957e-01 4.098331215180577858e-01 -1.717984651065289706e-02 -6.022893292523749942e-01 7.365679751132929720e-01 1.533008285570838236e+00 3.171137092239548205e-01 -7.625191783383699073e-01
1.661967420438990116e+09 -2.719259560108184814e-01 4.356300532817840576e-01 8.857034444808959961e-01 -5.312447547912597656e-01 4.671654403209686279e-01 4.730277955532073975e-01 5.251476764678955078e-01 4.270835679088027526e-01 -1.802114188045403700e-02 -6.317833776227654852e-01 7.726376353761503779e-01 1.608079548385627167e+00 3.326427359300705433e-01 -7.998596664343229357e-01
1.661967420470905066e+09 -2.685028016567230225e-01 4.471256434917449951e-01 8.808950781822204590e-01 -5.193940997123718262e-01 4.781966805458068848e-01 4.722746312618255615e-01 5.277447104454040527e-01 4.048993943922026828e-01 -1.717946148783421403e-02 -6.022758311611592363e-01 7.365514676620911194e-01 1.532973928851131040e+00 3.171066022911854243e-01 -7.625020892867755418e-01
1.661967420502819777e+09 -2.649609446525573730e-01 4.583181440830230713e-01 8.756303191184997559e-01 -5.075783729553222656e-01 4.893383681774139404e-01 4.710870981216430664e-01 5.300841927528381348e-01 4.031376462339376077e-01 -1.717958982685623484e-02 -6.022803304576717087e-01 7.365569700636125372e-01 1.532985380919927421e+00 3.171089712333792221e-01 -7.625077855522002235e-01
1.661967420534734488e+09 -2.613175213336944580e-01 4.692012667655944824e-01 8.699057698249816895e-01 -4.958129227161407471e-01 5.005862712860107422e-01 4.694699347019195557e-01 5.321475267410278320e-01 4.018605235168625778e-01 -1.717958982685536748e-02 -6.022803304576717087e-01 7.365569700636125372e-01 1.532985380919927421e+00 3.171089712333827193e-01 -7.625077855522002235e-01
1.661967420566649675e+09 -2.575901448726654053e-01 4.797694385051727295e-01 8.637192249298095703e-01 -4.841131269931793213e-01 5.119354724884033203e-01 4.674288630485534668e-01 5.339165329933166504e-01 4.010787909039314481e-01 -1.717933315072967329e-02 -6.022713319318696579e-01 7.365459653427797182e-01 1.532962476953440900e+00 3.171042333843819838e-01 -7.624963931064607792e-01
1.661967420598564863e+09 -2.537969350814819336e-01 4.900174438953399658e-01 8.570694923400878906e-01 -4.724942743778228760e-01 5.233806371688842773e-01 4.649702906608581543e-01 5.353732705116271973e-01 4.008046314754454831e-01 -1.717933315072880593e-02 -6.022713319318696579e-01 7.365459653427797182e-01 1.532962476953437347e+00 3.171042333843854810e-01 -7.624963931064643319e-01
1.661967420630479336e+09 -2.499563395977020264e-01 4.999407827854156494e-01 8.499562740325927734e-01 -4.609713852405548096e-01 5.349157452583312988e-01 4.621018767356872559e-01 5.365000963211059570e-01 4.010483381822804727e-01 -1.717971816779578428e-02 -6.022848298214086293e-01 7.365624725473458589e-01 1.532996833159828709e+00 3.171113402109693169e-01 -7.625134819027299393e-01
