1.661967452578361034e+09 1.378528122206244648e-16 -2.367949187755584717e-01 1.128897309303283691e+00 -6.125128269195556641e-01 6.125135421752929688e-01 3.533097505569458008e-01 3.533093035221099854e-01 0.000000000000000000e+00 0.000000000000000000e+00 0.000000000000000000e+00 0.000000000000000000e+00 0.000000000000000000e+00 0.000000000000000000e+00 0.000000000000000000e+00
1.661967463447978497e+09 1.378528122206244648e-16 -2.367949187755584717e-01 1.128897309303283691e+00 -6.125128269195556641e-01 6.125135421752929688e-01 3.533097505569458008e-01 3.533093035221099854e-01 0.000000000000000000e+00 0.000000000000000000e+00 0.000000000000000000e+00 0.000000000000000000e+00 0.000000000000000000e+00 0.000000000000000000e+00 0.000000000000000000e+00
1.661967463481888294e+09 -7.451150566339492798e-03 -2.319512367248535156e-01 1.126372218132019043e+00 6.224709749221801758e-01 -6.044739484786987305e-01 -3.499876856803894043e-01 -3.530577421188354492e-01 2.724547207996889653e-01 2.808126462846505245e-01 -2.862493524662193534e-01 7.531315931101083272e-02 4.059321205450810294e-02 3.932680349860749602e-02 -6.081171344211774299e-01
1.661967463512313843e+09 -1.499372813850641251e-02 -2.271892875432968140e-01 1.123796939849853516e+00 6.323166489601135254e-01 -5.962712764739990234e-01 -3.466741740703582764e-01 -3.527792692184448242e-01 3.051489835001218731e-01 3.129705287489873422e-01 -3.190298313865823077e-01 8.393781264193828084e-02 4.524183368665333355e-02 4.383039954863844623e-02 -6.777570156444844285e-01
1.661967463544228554e+09 -2.262675203382968903e-02 -2.225108891725540161e-01 1.121171474456787109e+00 6.420471668243408203e-01 -5.879071950912475586e-01 -3.433694839477539062e-01 -3.524740040302276611e-01 2.923326615520183691e-01 2.983671078423223988e-01 -3.041436792362576802e-01 8.002121636401052229e-02 4.313081849759882458e-02 4.178524285073918071e-02 -6.461324054568596820e-01
1.661967463574148893e+09 -3.034920059144496918e-02 -2.179177999496459961e-01 1.118495821952819824e+00 6.516598463058471680e-01 -5.793835520744323730e-01 -3.400737345218658447e-01 -3.521420061588287354e-01 3.133340937429383022e-01 3.182550783359738844e-01 -3.244166931157850819e-01 8.535511392874864378e-02 4.600574815003449086e-02 4.457048175624484659e-02 -6.892010342599723671e-01
1.661967463604575634e+09 -3.816002234816551208e-02 -2.134118080139160156e-01 1.115770101547241211e+00 6.611520648002624512e-01 -5.707020163536071777e-01 -3.367871940135955811e-01 -3.517833948135375977e-01 3.096066487234082065e-01 3.129582668393695588e-01 -3.190173320788229905e-01 8.393452403236546788e-02 4.524006115146340240e-02 4.382868231219447935e-02 -6.777304617216535210e-01
1.661967463636491776e+09 -4.605813324451446533e-02 -2.089946717023849487e-01 1.112993955612182617e+00 6.705212593078613281e-01 -5.618643760681152344e-01 -3.335099518299102783e-01 -3.513981997966766357e-01 2.965782824304493137e-01 2.983537347479813806e-01 -3.041300472305548119e-01 8.001762973785958577e-02 4.312888533375620198e-02 4.178336999686213526e-02 -6.461034451948607371e-01
1.661967463668407917e+09 -5.404240265488624573e-02 -2.046681493520736694e-01 1.110167741775512695e+00 6.797648072242736816e-01 -5.528726577758789062e-01 -3.302423655986785889e-01 -3.509866595268249512e-01 2.979926270413856826e-01 2.983537347479813806e-01 -3.041300472305548119e-01 8.001762973784566635e-02 4.312888533375598688e-02 4.178336999686213526e-02 -6.461034451948607371e-01
1.661967463699836493e+09 -6.211167573928833008e-02 -2.004339396953582764e-01 1.107291221618652344e+00 6.888802051544189453e-01 -5.437285304069519043e-01 -3.269844949245452881e-01 -3.505488038063049316e-01 3.040527274406380487e-01 3.029822339063826808e-01 -3.088481569899129142e-01 8.125898015102533956e-02 4.379796363317361302e-02 4.243157469598885650e-02 -6.561267460757786996e-01
1.661967463731750488e+09 -7.026476413011550903e-02 -1.962937861680984497e-01 1.104364514350891113e+00 6.978650093078613281e-01 -5.344340801239013672e-01 -3.237365782260894775e-01 -3.500847518444061279e-01 3.008400188544200771e-01 2.983737948390673411e-01 -3.041504956973893892e-01 8.002300979766802103e-02 4.313178514450927842e-02 4.178617934063923872e-02 -6.461468865614441448e-01
1.661967463763665915e+09 -7.850042730569839478e-02 -1.922493875026702881e-01 1.101387500762939453e+00 7.067166566848754883e-01 -5.249912142753601074e-01 -3.204988241195678711e-01 -3.495945036411285400e-01 3.022372676136428904e-01 2.983604211453015909e-01 -3.041368630806599582e-01 8.001942301075211372e-02 4.312985189401558062e-02 4.178430640281442093e-02 -6.461179250013499020e-01
1.661967463795580864e+09 -8.681742101907730103e-02 -1.883024126291275024e-01 1.098360419273376465e+00 7.154327034950256348e-01 -5.154020190238952637e-01 -3.172713816165924072e-01 -3.490783870220184326e-01 3.036487597055280152e-01 2.983648789100131760e-01 -3.041414071504499606e-01 8.002061857065499717e-02 4.313049629159037418e-02 4.178493069676714883e-02 -6.461275785662383697e-01
1.661967463827495575e+09 -9.521443396806716919e-02 -1.844545602798461914e-01 1.095283150672912598e+00 7.240108251571655273e-01 -5.056684613227844238e-01 -3.140544295310974121e-01 -3.485362827777862549e-01 3.050561276118984311e-01 2.983671078423223988e-01 -3.041436792362576802e-01 8.002121636401052229e-02 4.313081849759882458e-02 4.178524285073918071e-02 -6.461324054568596820e-01
1.661967463859410524e+09 -1.036901399493217468e-01 -1.807074397802352905e-01 1.092155694961547852e+00 7.324485778808593750e-01 -4.957927465438842773e-01 -3.108482658863067627e-01 -3.479684889316558838e-01 3.064572178622740339e-01 2.983648789100131760e-01 -3.041414071504499606e-01 8.002061857066891659e-02 4.313049629159037418e-02 4.178493069676714883e-02 -6.461275785662383697e-01
1.661967463891325712e+09 -1.122431829571723938e-01 -1.770627200603485107e-01 1.088978052139282227e+00 7.407436370849609375e-01 -4.857769310474395752e-01 -3.076529502868652344e-01 -3.473750054836273193e-01 3.078556376524208549e-01 2.983626500110059254e-01 -3.041391350985819808e-01 8.002002078623095260e-02 4.313017409039592021e-02 4.178461854745892795e-02 -6.461227517477344806e-01
1.661967463923241615e+09 -1.208721548318862915e-01 -1.735219955444335938e-01 1.085750341415405273e+00 7.488937377929687500e-01 -4.756231307983398438e-01 -3.044686615467071533e-01 -3.467558920383453369e-01 3.092456188294548380e-01 2.983559635137882915e-01 -3.041323191466436260e-01 8.001822748655967876e-02 4.312920751569572497e-02 4.178368212751613214e-02 -6.461082717249145846e-01
1.661967463955155611e+09 -1.295756399631500244e-01 -1.700868606567382812e-01 1.082472681999206543e+00 7.568964362144470215e-01 -4.653337895870208740e-01 -3.012957274913787842e-01 -3.461114466190338135e-01 3.106576154041139071e-01 2.983737948390691175e-01 -3.041504956973963281e-01 8.002300979766802103e-02 4.313178514450927842e-02 4.178617934063923872e-02 -6.461468865614441448e-01
1.661967463985075712e+09 -1.383521556854248047e-01 -1.667588800191879272e-01 1.079144954681396484e+00 7.647497057914733887e-01 -4.549109935760498047e-01 -2.981342077255249023e-01 -3.454416692256927490e-01 3.328443790195039775e-01 3.182576143542581448e-01 -3.244192782329544111e-01 8.535579408169562121e-02 4.600611474722782201e-02 4.457083691650554763e-02 -6.892065261642407181e-01
1.661967464016989231e+09 -1.472002267837524414e-01 -1.635396182537078857e-01 1.075767278671264648e+00 7.724512219429016113e-01 -4.443569481372833252e-01 -2.949843406677246094e-01 -3.447466194629669189e-01 3.134419226647144896e-01 2.983782530034236324e-01 -3.041550401745579113e-01 8.002420546476746166e-02 4.313242959985490871e-02 4.178680369056202160e-02 -6.461565409917838787e-01
1.661967464048904657e+09 -1.561183184385299683e-01 -1.604306101799011230e-01 1.072339653968811035e+00 7.799988389015197754e-01 -4.336741864681243896e-01 -2.918462753295898438e-01 -3.440265655517578125e-01 3.148080625057580462e-01 2.983604211452989818e-01 -3.041368630806599582e-01 8.001942301075211372e-02 4.312985189401536551e-02 4.178430640281442093e-02 -6.461179250013463493e-01
1.661967464080817938e+09 -1.651048660278320312e-01 -1.574333459138870239e-01 1.068862318992614746e+00 7.873904109001159668e-01 -4.228649437427520752e-01 -2.887202203273773193e-01 -3.432815074920654297e-01 3.162087351698104065e-01 2.983804821355619530e-01 -3.041573124640756243e-01 8.002480331171611672e-02 4.313275183474986341e-02 4.178711587251741910e-02 -6.461613683151470333e-01
1.661967464111735582e+09 -1.741582751274108887e-01 -1.545493155717849731e-01 1.065335154533386230e+00 7.946239113807678223e-01 -4.119316041469573975e-01 -2.856063544750213623e-01 -3.425115644931793213e-01 3.278135423832312378e-01 3.079891813243044729e-01 -3.139520420006897683e-01 8.260182931945520002e-02 4.452174897892147154e-02 4.313277971591131243e-02 -6.669696000436098338e-01
1.661967464142651796e+09 -1.832769513130187988e-01 -1.517799943685531616e-01 1.061758279800415039e+00 8.016973137855529785e-01 -4.008766710758209229e-01 -2.825047969818115234e-01 -3.417169749736785889e-01 3.292469168971743354e-01 3.080034321655659713e-01 -3.139665687470415967e-01 8.260565135485262167e-02 4.452380902653293310e-02 4.313477549509490971e-02 -6.670004611207911438e-01
1.661967464174566746e+09 -1.924591958522796631e-01 -1.491267830133438110e-01 1.058131814002990723e+00 8.086084127426147461e-01 -3.897024691104888916e-01 -2.794157862663269043e-01 -3.408977091312408447e-01 3.203119390412377254e-01 2.983648789100131760e-01 -3.041414071504499606e-01 8.002061857065499717e-02 4.313049629159037418e-02 4.178493069676714883e-02 -6.461275785662383697e-01
1.661967464205484629e+09 -2.017033547163009644e-01 -1.465911269187927246e-01 1.054455757141113281e+00 8.153554201126098633e-01 -3.784116506576538086e-01 -2.763394713401794434e-01 -3.400540053844451904e-01 3.320513418965941876e-01 3.079868063123031297e-01 -3.139496210069899207e-01 8.260119234793845966e-02 4.452140565618626505e-02 4.313244710400255394e-02 -6.669644568083902270e-01
1.661967464236401558e+09 -2.110077142715454102e-01 -1.441743969917297363e-01 1.050730347633361816e+00 8.219363093376159668e-01 -3.670066297054290771e-01 -2.732760608196258545e-01 -3.391858339309692383e-01 3.334652626174494650e-01 3.079963065800916944e-01 -3.139593052058328726e-01 8.260374029293578169e-02 4.452277897889807268e-02 4.313377758241717513e-02 -6.669850302252187113e-01
1.661967464268316746e+09 -2.203705310821533203e-01 -1.418779641389846802e-01 1.046955466270446777e+00 8.283492326736450195e-01 -3.554900288581848145e-01 -2.702256739139556885e-01 -3.382935822010040283e-01 3.243926177197000715e-01 2.983626500110059254e-01 -3.041391350985819808e-01 8.002002078624487202e-02 4.313017409039592021e-02 4.178461854745892795e-02 -6.461227517477344806e-01
1.661967464299234390e+09 -2.297900170087814331e-01 -1.397031396627426147e-01 1.043131470680236816e+00 8.345922827720642090e-01 -3.438644111156463623e-01 -2.671885490417480469e-01 -3.373771011829376221e-01 3.362523298298472629e-01 3.079891813243053611e-01 -3.139520420006897683e-01 8.260182931944083651e-02 4.452174897892147154e-02 4.313277971591131243e-02 -6.669696000436133865e-01
1.661967464330151320e+09 -2.392643839120864868e-01 -1.376512348651885986e-01 1.039258241653442383e+00 8.406636714935302734e-01 -3.321323990821838379e-01 -2.641647756099700928e-01 -3.364366590976715088e-01 3.376515671639891969e-01 3.079963065800908062e-01 -3.139593052058328726e-01 8.260374029295014520e-02 4.452277897889807268e-02 4.313377758241717513e-02 -6.669850302252187113e-01
1.661967464361068726e+09 -2.487917989492416382e-01 -1.357235461473464966e-01 1.035335898399353027e+00 8.465616106986999512e-01 -3.202966451644897461e-01 -2.611546218395233154e-01 -3.354724049568176270e-01 3.390324365190830469e-01 3.079915563729364036e-01 -3.139544630317356311e-01 8.260246630078153796e-02 4.452209230695149816e-02 4.313311233294991887e-02 -6.669747433581532103e-01
1.661967464391985416e+09 -2.583703994750976562e-01 -1.339212954044342041e-01 1.031364679336547852e+00 8.522844314575195312e-01 -3.083598017692565918e-01 -2.581581771373748779e-01 -3.344843983650207520e-01 3.404197092622248122e-01 3.079986817386158870e-01 -3.139617263488860277e-01 8.260437730376414545e-02 4.452312232281419729e-02 4.313411021484605395e-02 -6.669901737777480522e-01
1.661967464423901558e+09 -2.679983079433441162e-01 -1.322457194328308105e-01 1.027344584465026855e+00 8.578304648399353027e-01 -2.963246405124664307e-01 -2.551756501197814941e-01 -3.334728181362152100e-01 3.310920955176918090e-01 2.983537347479813806e-01 -3.041300472305617508e-01 8.001762973784566635e-02 4.312888533375620198e-02 4.178336999686213526e-02 -6.461034451948607371e-01
1.661967464454817533e+09 -2.776736021041870117e-01 -1.306979805231094360e-01 1.023275852203369141e+00 8.631979227066040039e-01 -2.841937839984893799e-01 -2.522071599960327148e-01 -3.324377238750457764e-01 3.431719464627981386e-01 3.080058074339927510e-01 -3.139689900021314095e-01 8.260628839515628263e-02 4.452415238633602307e-02 4.313510814291691975e-02 -6.670056049113157748e-01
1.661967464485735178e+09 -2.873943448066711426e-01 -1.292792707681655884e-01 1.019158601760864258e+00 8.683853149414062500e-01 -2.719700634479522705e-01 -2.492529451847076416e-01 -3.313792943954467773e-01 3.445163798626258989e-01 3.079891813243053611e-01 -3.139520420006897683e-01 8.260182931944083651e-02 4.452174897892147154e-02 4.313277971591131243e-02 -6.669696000436098338e-01
1.661967464517650127e+09 -2.971585988998413086e-01 -1.279907077550888062e-01 1.014992833137512207e+00 8.733910322189331055e-01 -2.596563100814819336e-01 -2.463130950927734375e-01 -3.302976787090301514e-01 3.350678914231648986e-01 2.983648789100131760e-01 -3.041414071504499606e-01 8.002061857065499717e-02 4.313049629159037418e-02 4.178493069676714883e-02 -6.461275785662383697e-01
1.661967464547571659e+09 -3.069643080234527588e-01 -1.268333792686462402e-01 1.010778903961181641e+00 8.782136440277099609e-01 -2.472551912069320679e-01 -2.433878332376480103e-01 -3.291929960250854492e-01 3.587846832690589904e-01 3.182423988507830370e-01 -3.244037681479393087e-01 8.535171332660008991e-02 4.600391525170182544e-02 4.456870603984021406e-02 -6.891735760514361431e-01
1.661967464579486609e+09 -3.168095350265502930e-01 -1.258083432912826538e-01 1.006516695022583008e+00 8.828516006469726562e-01 -2.347696870565414429e-01 -2.404772788286209106e-01 -3.280653953552246094e-01 3.376814897588284459e-01 2.983648789100131760e-01 -3.041414071504499606e-01 8.002061857065499717e-02 4.313049629159058929e-02 4.178493069676714883e-02 -6.461275785662383697e-01
1.661967464610915661e+09 -3.266921937465667725e-01 -1.249166429042816162e-01 1.002206563949584961e+00 8.873035907745361328e-01 -2.222026288509368896e-01 -2.375816404819488525e-01 -3.269149661064147949e-01 3.442187924090013840e-01 3.029776371025790227e-01 -3.088434711891357987e-01 8.125774730121686218e-02 4.379729913663456958e-02 4.243093093011042483e-02 -6.561167914131501577e-01
1.661967464641832352e+09 -3.366101980209350586e-01 -1.241592690348625183e-01 9.978485107421875000e-01 8.915680050849914551e-01 -2.095568031072616577e-01 -2.347009927034378052e-01 -3.257418870925903320e-01 3.512568201667090051e-01 3.079986817386158870e-01 -3.139617263488932442e-01 8.260437730375695675e-02 4.452312232281396831e-02 4.313411021484605395e-02 -6.669901737777443884e-01
1.661967464672750235e+09 -3.465615212917327881e-01 -1.235371977090835571e-01 9.934428334236145020e-01 8.956438302993774414e-01 -1.968352496623992920e-01 -2.318355888128280640e-01 -3.245462775230407715e-01 3.525702191386522188e-01 3.079868063123040178e-01 -3.139496210069971371e-01 8.260119234792409615e-02 4.452140565618649404e-02 4.313244710400255394e-02 -6.669644568083902270e-01
1.661967464704664469e+09 -3.565440177917480469e-01 -1.230513378977775574e-01 9.889896512031555176e-01 8.995295763015747070e-01 -1.840407997369766235e-01 -2.289855480194091797e-01 -3.233282864093780518e-01 3.428417613437222955e-01 2.983715658068495924e-01 -3.041482235097300868e-01 8.002241197752378576e-02 4.313146292405817261e-02 4.178586717267512851e-02 -6.461420594544609042e-01
1.661967464736580372e+09 -3.665555417537689209e-01 -1.227026060223579407e-01 9.844890832901000977e-01 9.032239913940429688e-01 -1.711764335632324219e-01 -2.261510193347930908e-01 -3.220880627632141113e-01 3.440960818062017701e-01 2.983559635137882915e-01 -3.041323191466505649e-01 8.001822748655271211e-02 4.312920751569550293e-02 4.178368212751613214e-02 -6.461082717249145846e-01
1.661967464768494129e+09 -3.765939772129058838e-01 -1.224918439984321594e-01 9.799413681030273438e-01 9.067260622978210449e-01 -1.582451313734054565e-01 -2.233321666717529297e-01 -3.208257555961608887e-01 3.453851210533054883e-01 2.983760239045935569e-01 -3.041527679190053624e-01 8.002360762675844730e-02 4.313210736977482473e-02 4.178649151326759015e-02 -6.461517137405512479e-01
1.661967464798415184e+09 -3.866571187973022461e-01 -1.224198937416076660e-01 9.753466248512268066e-01 9.100344181060791016e-01 -1.452498435974121094e-01 -2.205291241407394409e-01 -3.195413947105407715e-01 3.697301100561382614e-01 3.182474705236200685e-01 -3.244089380114858479e-01 8.535307353493584714e-02 4.600464839350912327e-02 4.456941630942283517e-02 -6.891845590722978088e-01
1.661967464830329657e+09 -3.967427909374237061e-01 -1.224875226616859436e-01 9.707051515579223633e-01 9.131481647491455078e-01 -1.321936100721359253e-01 -2.177420556545257568e-01 -3.182352781295776367e-01 3.478873314464230315e-01 2.983693368079342600e-01 -3.041459513560267336e-01 8.002181416630468891e-02 4.313114070842138936e-02 4.178555500937514156e-02 -6.461372324195999717e-01
1.661967464860248804e+09 -3.967427909374237061e-01 -1.224875226616859436e-01 9.707051515579223633e-01 9.131481647491455078e-01 -1.321936100721359253e-01 -2.177420556545257568e-01 -3.182352781295776367e-01 0.000000000000000000e+00 0.000000000000000000e+00 0.000000000000000000e+00 0.000000000000000000e+00 0.000000000000000000e+00 0.000000000000000000e+00 0.000000000000000000e+00
1.661967464892164707e+09 -3.934152126312255859e-01 -1.152629926800727844e-01 9.693112969398498535e-01 9.097332954406738281e-01 -1.449685245752334595e-01 -2.226509600877761841e-01 -3.190548717975616455e-01 2.530160682400863781e-01 -2.010900913517797983e-01 -2.467309632757996862e-01 9.825218274954386488e-02 1.317728771027474322e-01 3.807709627028230126e-01 5.829042812390317074e-01
1.661967464922084093e+09 -3.899863362312316895e-01 -1.080540642142295837e-01 9.678888320922851562e-01 9.061219692230224609e-01 -1.577007919549942017e-01 -2.275525629520416260e-01 -3.198332786560058594e-01 2.710146224320181818e-01 -2.145088100246729523e-01 -2.631952920840133769e-01 1.048085396065669139e-01 1.405660660394712214e-01 4.061797652597705643e-01 6.218014168989286494e-01
1.661967464953000307e+09 -3.864560425281524658e-01 -1.008621975779533386e-01 9.664375782012939453e-01 9.023144841194152832e-01 -1.703869551420211792e-01 -2.324462980031967163e-01 -3.205708563327789307e-01 2.633567436248013816e-01 -2.075924261120828118e-01 -2.547091152979362727e-01 1.014292094188934956e-01 1.360338098692020492e-01 3.930833558687529816e-01 6.017527423658346475e-01
1.661967464983917236e+09 -3.828241825103759766e-01 -9.368888288736343384e-02 9.649574756622314453e-01 8.983112573623657227e-01 -1.830234825611114502e-01 -2.373315095901489258e-01 -3.212680220603942871e-01 2.644319472548234962e-01 -2.075876235111316914e-01 -2.547032226636971597e-01 1.014268628784861376e-01 1.360306627596628848e-01 3.930742619796712689e-01 6.017388209605781801e-01
1.661967465015831709e+09 -3.790906369686126709e-01 -8.653561025857925415e-02 9.634483456611633301e-01 8.941127657890319824e-01 -1.956069320440292358e-01 -2.422076314687728882e-01 -3.219250440597534180e-01 2.572157951687786825e-01 -2.010991048700964123e-01 -2.467420225678880474e-01 9.825658673505471841e-02 1.317787835958679210e-01 3.807880301079001328e-01 5.829304089232957287e-01
1.661967465047746897e+09 -3.752553462982177734e-01 -7.940389961004257202e-02 9.619100093841552734e-01 8.897196054458618164e-01 -2.081338018178939819e-01 -2.470741122961044312e-01 -3.225424587726593018e-01 2.582596227426909308e-01 -2.010945980099356212e-01 -2.467364927979112388e-01 9.825438469294316135e-02 1.317758302831220640e-01 3.807794962141116124e-01 5.829173447883864156e-01
1.661967465077667236e+09 -3.713182210922241211e-01 -7.229524850845336914e-02 9.603424072265625000e-01 8.851324915885925293e-01 -2.206006348133087158e-01 -2.519303858280181885e-01 -3.231206834316253662e-01 2.765992727503907567e-01 -2.145019728180883878e-01 -2.631869030552207445e-01 1.048051989622510033e-01 1.405615856676304676e-01 4.061668187753568193e-01 6.217815977374635539e-01
1.661967465109092712e+09 -3.672792613506317139e-01 -6.521118432283401489e-02 9.587453603744506836e-01 8.803519606590270996e-01 -2.330039292573928833e-01 -2.567758858203887939e-01 -3.236600756645202637e-01 2.644190892426306894e-01 -2.042283099569543181e-01 -2.505814548351763538e-01 9.978550955759657448e-02 1.338293289736532388e-01 3.867132869189533473e-01 5.920011046982199820e-01
1.661967465141006947e+09 -3.631384372711181641e-01 -5.815323442220687866e-02 9.571187496185302734e-01 8.753787875175476074e-01 -2.453401833772659302e-01 -2.616100609302520752e-01 -3.241609632968902588e-01 2.614218324016961970e-01 -2.011006072017063051e-01 -2.467438658796186624e-01 9.825732077102368456e-02 1.317797680628672585e-01 3.807908748241708996e-01 5.829347637650568181e-01
1.661967465171923637e+09 -3.588957488536834717e-01 -5.112294107675552368e-02 9.554623961448669434e-01 8.702139258384704590e-01 -2.576059997081756592e-01 -2.664323747158050537e-01 -3.246239125728607178e-01 2.709439411536185838e-01 -2.075892243534247505e-01 -2.547051868448179657e-01 1.014276450465533413e-01 1.360317117799957343e-01 3.930772932292744826e-01 6.017434613574269564e-01
1.661967465202350855e+09 -3.545513153076171875e-01 -4.412184283137321472e-02 9.537762999534606934e-01 8.648582100868225098e-01 -2.697978913784027100e-01 -2.712423503398895264e-01 -3.250493407249450684e-01 2.764056765773721391e-01 -2.109286487240031038e-01 -2.588025512957501384e-01 1.030592805554547409e-01 1.382200123283729432e-01 3.994006074408903983e-01 6.114235244047843132e-01
1.661967465234265804e+09 -3.501051664352416992e-01 -3.715149685740470886e-02 9.520602226257324219e-01 8.593125939369201660e-01 -2.819122970104217529e-01 -2.760393619537353516e-01 -3.254374861717224121e-01 2.645740261258851533e-01 -2.010961002742115700e-01 -2.467383360270279935e-01 9.825511869601817605e-02 1.317768147059956707e-01 3.807823408028731538e-01 5.829216994349585290e-01
1.661967465266181231e+09 -3.455573916435241699e-01 -3.021345287561416626e-02 9.503141045570373535e-01 8.535780906677246094e-01 -2.939459681510925293e-01 -2.808230519294738770e-01 -3.257891237735748291e-01 2.656232200243248132e-01 -2.010930957681062170e-01 -2.467346495963404773e-01 9.825365070084854380e-02 1.317748458749563589e-01 3.807766516678500190e-01 5.829129902068790337e-01
1.661967465296100855e+09 -3.409081399440765381e-01 -2.330927923321723938e-02 9.485378265380859375e-01 8.476558923721313477e-01 -3.058953881263732910e-01 -2.855928540229797363e-01 -3.261044323444366455e-01 2.844644794054090320e-01 -2.145071006821630266e-01 -2.631931947766784075e-01 1.048077044255152357e-01 1.405649459197332862e-01 4.061765285612899956e-01 6.217964619901070744e-01
1.661967465327527761e+09 -3.361575305461883545e-01 -1.644054241478443146e-02 9.467312693595886230e-01 8.415472507476806641e-01 -3.177570998668670654e-01 -2.903482913970947266e-01 -3.263840079307556152e-01 2.718904498023647642e-01 -2.042190137527594429e-01 -2.505700486967544771e-01 9.978096745237750864e-02 1.338232372385276536e-01 3.866956842384982052e-01 5.919741575861667826e-01
1.661967465359442711e+09 -3.313058316707611084e-01 -9.608814492821693420e-03 9.448942542076110840e-01 8.352532386779785156e-01 -3.295277953147888184e-01 -2.950888872146606445e-01 -3.266281783580780029e-01 2.687842218489309709e-01 -2.010961002742098214e-01 -2.467383360270349602e-01 9.825511869601817605e-02 1.317768147059956707e-01 3.807823408028766510e-01 5.829216994349619707e-01
1.661967465391357660e+09 -3.263531625270843506e-01 -2.815673127770423889e-03 9.430267810821533203e-01 8.287751674652099609e-01 -3.412040174007415771e-01 -2.998141944408416748e-01 -3.268375694751739502e-01 2.698360335257234399e-01 -2.010961002742098214e-01 -2.467383360270349602e-01 9.825511869601817605e-02 1.317768147059956707e-01 3.807823408028697121e-01 5.829216994349550873e-01
1.661967465422784805e+09 -3.212998211383819580e-01 3.937301691621541977e-03 9.411286711692810059e-01 8.221147656440734863e-01 -3.527824580669403076e-01 -3.045237660408020020e-01 -3.270125687122344971e-01 2.750912012772753212e-01 -2.042174644676706119e-01 -2.505681477746386498e-01 9.978021047503514429e-02 1.338222220032558307e-01 3.866927506142226467e-01 5.919696666393312601e-01
1.661967465454698801e+09 -3.161460757255554199e-01 1.064852625131607056e-02 9.391999244689941406e-01 8.152730464935302734e-01 -3.642596900463104248e-01 -3.092171549797058105e-01 -3.271535634994506836e-01 2.719436029322020998e-01 -2.011021095557664895e-01 -2.467457092189047074e-01 9.825805481796012764e-02 1.317807525445766903e-01 3.807937195829385613e-01 5.829391186718885232e-01
1.661967465485615730e+09 -3.108921647071838379e-01 1.731641404330730438e-02 9.372403025627136230e-01 8.082517981529235840e-01 -3.756324946880340576e-01 -3.138939142227172852e-01 -3.272611796855926514e-01 2.817975415300928432e-01 -2.075876235111316914e-01 -2.547032226636971597e-01 1.014268628784861376e-01 1.360306627596619966e-01 3.930742619796694926e-01 6.017388209605781801e-01
1.661967465517044544e+09 -3.055385053157806396e-01 2.393937669694423676e-02 9.352498054504394531e-01 8.010525703430175781e-01 -3.868975043296813965e-01 -3.185536861419677734e-01 -3.273358345031738281e-01 2.782703319501743655e-01 -2.042066201302210615e-01 -2.505548421273686710e-01 9.977491195527066203e-02 1.338151157876476260e-01 3.866722164905188053e-01 5.919382319192738606e-01
1.661967465548958778e+09 -3.000853657722473145e-01 3.051582723855972290e-02 9.332283139228820801e-01 7.936769723892211914e-01 -3.980514407157897949e-01 -3.231959939002990723e-01 -3.273779451847076416e-01 2.750846214747459384e-01 -2.011006072017080260e-01 -2.467438658796256290e-01 9.825732077101673179e-02 1.317797680628672585e-01 3.807908748241691788e-01 5.829347637650603708e-01
1.661967465580873489e+09 -2.945331931114196777e-01 3.704417124390602112e-02 9.311757683753967285e-01 7.861266732215881348e-01 -4.090910851955413818e-01 -3.278205096721649170e-01 -3.273881375789642334e-01 2.761242398652752894e-01 -2.010976025609293449e-01 -2.467401792836913521e-01 9.825585271005296550e-02 1.317777991435775120e-01 3.807851854341356979e-01 5.829260541465950407e-01
1.661967465610793829e+09 -2.888823747634887695e-01 4.352281615138053894e-02 9.290920495986938477e-01 7.784036993980407715e-01 -4.200132191181182861e-01 -3.324268460273742676e-01 -3.273668289184570312e-01 2.956418175816716287e-01 -2.145019728180883878e-01 -2.631869030552133060e-01 1.048051989622510033e-01 1.405615856676304676e-01 4.061668187753568193e-01 6.217815977374616665e-01
1.661967465642708778e+09 -2.831333279609680176e-01 4.995017871260643005e-02 9.269770979881286621e-01 7.705097198486328125e-01 -4.308145642280578613e-01 -3.370145559310913086e-01 -3.273144364356994629e-01 2.782062533546273975e-01 -2.010961002742115700e-01 -2.467383360270349602e-01 9.825511869601817605e-02 1.317768147059947825e-01 3.807823408028731538e-01 5.829216994349585290e-01
1.661967465674623251e+09 -2.772865891456604004e-01 5.632466077804565430e-02 9.248308539390563965e-01 7.624467015266418457e-01 -4.414920806884765625e-01 -3.415833711624145508e-01 -3.272316157817840576e-01 2.792481013537297385e-01 -2.010991048700946637e-01 -2.467420225678880474e-01 9.825658673504775176e-02 1.317787835958679210e-01 3.807880301079019092e-01 5.829304089232940633e-01
1.661967465706538677e+09 -2.713425755500793457e-01 6.264467537403106689e-02 9.226531982421875000e-01 7.542167305946350098e-01 -4.520426392555236816e-01 -3.461329042911529541e-01 -3.271187841892242432e-01 2.802773159166195849e-01 -2.010930957681062170e-01 -2.467346495963335107e-01 9.825365070084854380e-02 1.317748458749563589e-01 3.807766516678500190e-01 5.829129902068755920e-01
1.661967465737455845e+09 -2.653018832206726074e-01 6.890863925218582153e-02 9.204441308975219727e-01 7.458217144012451172e-01 -4.624629616737365723e-01 -3.506627976894378662e-01 -3.269764184951782227e-01 2.903936921157788675e-01 -2.075860226935302977e-01 -2.547012585128699547e-01 1.014260807224751648e-01 1.360296137555082330e-01 3.930712307768092773e-01 6.017341806352985989e-01
1.661967465768374443e+09 -2.591650485992431641e-01 7.511495798826217651e-02 9.182035326957702637e-01 7.372639179229736328e-01 -4.727501869201660156e-01 -3.551727533340454102e-01 -3.268050849437713623e-01 2.914450250356344641e-01 -2.075764183063648072e-01 -2.546894742440348192e-01 1.014213880397255574e-01 1.360233200703203638e-01 3.930530445413658591e-01 6.017063401864790606e-01
1.661967465800289392e+09 -2.529326677322387695e-01 8.126205950975418091e-02 9.159313440322875977e-01 7.285454273223876953e-01 -4.829010963439941406e-01 -3.596624433994293213e-01 -3.266053199768066406e-01 2.833752847294662702e-01 -2.010961002742107095e-01 -2.467383360270279935e-01 9.825511869601122328e-02 1.317768147059947825e-01 3.807823408028740420e-01 5.829216994349603054e-01
1.661967465832203865e+09 -2.466053366661071777e-01 8.734836429357528687e-02 9.136275649070739746e-01 7.196685671806335449e-01 -4.929129183292388916e-01 -3.641315698623657227e-01 -3.263775110244750977e-01 2.844055337935772476e-01 -2.010991048700955242e-01 -2.467420225678880474e-01 9.825658673505471841e-02 1.317787835958679210e-01 3.807880301079001328e-01 5.829304089232905106e-01
1.661967465862123013e+09 -2.401837259531021118e-01 9.337229281663894653e-02 9.112921357154846191e-01 7.106356024742126465e-01 -5.027824640274047852e-01 -3.685798346996307373e-01 -3.261222243309020996e-01 3.044633056123837722e-01 -2.145105193944218669e-01 -2.631973894247742751e-01 1.048093748009218951e-01 1.405671861770602105e-01 4.061830020098287086e-01 6.218063718867079537e-01
1.661967465894037724e+09 -2.336685061454772949e-01 9.933228045701980591e-02 9.089249968528747559e-01 7.014489769935607910e-01 -5.125069618225097656e-01 -3.730069994926452637e-01 -3.258399963378906250e-01 2.864453586029341858e-01 -2.010976025609293449e-01 -2.467401792836844132e-01 9.825585271005296550e-02 1.317777991435775120e-01 3.807851854341365860e-01 5.829260541465950407e-01
1.661967465924956083e+09 -2.270603775978088379e-01 1.052267700433731079e-01 9.065260887145996094e-01 6.921110749244689941e-01 -5.220835804939270020e-01 -3.774127364158630371e-01 -3.255313336849212646e-01 2.967254620048533909e-01 -2.075780189758416328e-01 -2.546914382131146848e-01 1.014221701233546796e-01 1.360243689774082998e-01 3.930560754637410503e-01 6.017109800823771115e-01
1.661967465955872774e+09 -2.203600704669952393e-01 1.110541895031929016e-01 9.040954113006591797e-01 6.826244592666625977e-01 -5.315093398094177246e-01 -3.817968070507049561e-01 -3.251968026161193848e-01 2.977867400972316059e-01 -2.075892243534256665e-01 -2.547051868448179657e-01 1.014276450465605162e-01 1.360317117799957343e-01 3.930772932292789790e-01 6.017434613574287328e-01
1.661967465985792398e+09 -2.135683745145797729e-01 1.168129891157150269e-01 9.016329050064086914e-01 6.729915142059326172e-01 -5.407815575599670410e-01 -3.861590027809143066e-01 -3.248368203639984131e-01 3.087862480681733413e-01 -2.145071006821630266e-01 -2.631931947766709690e-01 1.048077044255226603e-01 1.405649459197342022e-01 4.061765285612899956e-01 6.217964619901098500e-01
1.661967466017707348e+09 -2.066860795021057129e-01 1.225016340613365173e-01 8.991385698318481445e-01 6.632151007652282715e-01 -5.498974919319152832e-01 -3.904989361763000488e-01 -3.244519531726837158e-01 2.904856424722574437e-01 -2.010961002742107095e-01 -2.467383360270349602e-01 9.825511869601817605e-02 1.317768147059956707e-01 3.807823408028740420e-01 5.829216994349594172e-01
1.661967466049622059e+09 -1.997139900922775269e-01 1.281185895204544067e-01 8.966123461723327637e-01 6.532977223396301270e-01 -5.588544607162475586e-01 -3.948166072368621826e-01 -3.240427374839782715e-01 2.914892960039182634e-01 -2.010976025609302054e-01 -2.467401792836913521e-01 9.825585271004599885e-02 1.317777991435775120e-01 3.807851854341361419e-01 5.829260541465933754e-01
1.661967466081536531e+09 -1.926529854536056519e-01 1.336623132228851318e-01 8.940542340278625488e-01 6.432422399520874023e-01 -5.676496624946594238e-01 -3.991115391254425049e-01 -3.236096501350402832e-01 2.924877227359279908e-01 -2.010991048700946637e-01 -2.467420225678880474e-01 9.825658673505471841e-02 1.317787835958679210e-01 3.807880301079005769e-01 5.829304089232922870e-01
1.661967466113451958e+09 -1.855039298534393311e-01 1.391312927007675171e-01 8.914642333984375000e-01 6.330512166023254395e-01 -5.762807726860046387e-01 -4.033838212490081787e-01 -3.231532573699951172e-01 2.934712645204794468e-01 -2.010930957681070774e-01 -2.467346495963335107e-01 9.825365070084854380e-02 1.317748458749554985e-01 3.807766516678504631e-01 5.829129902068764801e-01
1.661967466144369364e+09 -1.782677471637725830e-01 1.445240080356597900e-01 8.888423442840576172e-01 6.227278113365173340e-01 -5.847451686859130859e-01 -4.076331257820129395e-01 -3.226739764213562012e-01 3.039636246040152145e-01 -2.075844219006155178e-01 -2.546992943923357955e-01 1.014252985785273342e-01 1.360285647675322784e-01 3.930681996206996098e-01 6.017295403815873245e-01
1.661967466175286055e+09 -1.709453761577606201e-01 1.498389840126037598e-01 8.861885666847229004e-01 6.122747063636779785e-01 -5.930401086807250977e-01 -4.118592143058776855e-01 -3.221724331378936768e-01 3.049853211826037414e-01 -2.075892243534247505e-01 -2.547051868448179657e-01 1.014276450465533413e-01 1.360317117799966502e-01 3.930772932292785349e-01 6.017434613574269564e-01
1.661967466206203222e+09 -1.635377854108810425e-01 1.550747156143188477e-01 8.835029006004333496e-01 6.016949415206909180e-01 -6.011635065078735352e-01 -4.160620570182800293e-01 -3.216491341590881348e-01 3.059899611484223070e-01 -2.075860226935294095e-01 -2.547012585128627937e-01 1.014260807224751648e-01 1.360296137555082330e-01 3.930712307768088332e-01 6.017341806352985989e-01
1.661967466237119913e+09 -1.560459733009338379e-01 1.602297276258468628e-01 8.807853460311889648e-01 -5.909914970397949219e-01 6.091126799583435059e-01 4.202413260936737061e-01 3.211044669151306152e-01 3.069989252249209488e-01 -2.075892243534256665e-01 -2.547051868448179657e-01 1.014276450465605162e-01 1.360317117799966502e-01 3.930772932292785349e-01 6.017434613574274005e-01
1.661967466269034863e+09 -1.484709829092025757e-01 1.653025597333908081e-01 8.780359029769897461e-01 -5.801674723625183105e-01 6.168854832649230957e-01 4.243969321250915527e-01 3.205390870571136475e-01 2.983638004361615081e-01 -2.010961002742098214e-01 -2.467383360270349602e-01 9.825511869601817605e-02 1.317768147059947825e-01 3.807823408028735979e-01 5.829216994349585290e-01
1.661967466299952030e+09 -1.408138424158096313e-01 1.702917516231536865e-01 8.752546310424804688e-01 -5.692259073257446289e-01 6.244795322418212891e-01 4.285288155078887939e-01 3.199534714221954346e-01 3.089860616326536302e-01 -2.075860226935294095e-01 -2.547012585128627937e-01 1.014260807224679761e-01 1.360296137555091212e-01 3.930712307768088332e-01 6.017341806352990430e-01
1.661967466330870390e+09 -1.330756694078445435e-01 1.751958727836608887e-01 8.724415302276611328e-01 -5.581699609756469727e-01 6.318928003311157227e-01 4.326367378234863281e-01 3.193480670452117920e-01 3.099611075374557601e-01 -2.075780189758411887e-01 -2.546914382131146848e-01 1.014221701233618544e-01 1.360243689774073839e-01 3.930560754637414944e-01 6.017109800823791099e-01
1.661967466361786127e+09 -1.330756694078445435e-01 1.751958727836608887e-01 8.724415302276611328e-01 -5.581699609756469727e-01 6.318928003311157227e-01 4.326367378234863281e-01 3.193480670452117920e-01 0.000000000000000000e+00 0.000000000000000000e+00 0.000000000000000000e+00 0.000000000000000000e+00 0.000000000000000000e+00 -8.977814592961734684e-16 6.733360944721301013e-16
1.661967466392703533e+09 -1.356607228517532349e-01 1.833886206150054932e-01 8.737264871597290039e-01 -5.571206212043762207e-01 6.289142966270446777e-01 4.353124797344207764e-01 3.233983516693115234e-01 2.809572168423554173e-01 6.213590018374610252e-02 -3.325996189012321858e-01 4.043452338748304009e-01 3.124672902391882889e-01 2.964343538261761113e-01 -4.094774824861717732e-01
1.661967466424618483e+09 -1.382388770580291748e-01 1.915282309055328369e-01 8.749448060989379883e-01 -5.560185313224792480e-01 6.259655952453613281e-01 4.379087984561920166e-01 3.274849653244018555e-01 2.702382851180369361e-01 6.019376164923049416e-02 -3.222037843752481034e-01 3.917068966553911569e-01 3.027007178815860344e-01 2.871689117899672850e-01 -3.966787301481334849e-01
1.661967466454539776e+09 -1.408099830150604248e-01 1.996138393878936768e-01 8.760959506034851074e-01 -5.548642873764038086e-01 6.230476498603820801e-01 4.404251277446746826e-01 3.316066563129425049e-01 2.861603744066105737e-01 6.420447276972440775e-02 -3.436722267130097874e-01 4.178063322670882984e-01 3.228696706455607135e-01 3.063029801123279272e-01 -4.231094390900269619e-01
1.661967466486453295e+09 -1.433738768100738525e-01 2.076445370912551880e-01 8.771795034408569336e-01 -5.536587834358215332e-01 6.201612949371337891e-01 4.428607523441314697e-01 3.357622325420379639e-01 2.663259007781280663e-01 6.019645981194265971e-02 -3.222182270386245162e-01 3.917244547696048240e-01 3.027142863273467044e-01 2.871817840283650836e-01 -3.966965111229262542e-01
1.661967466518368006e+09 -1.459304094314575195e-01 2.156194746494293213e-01 8.781948685646057129e-01 -5.524026751518249512e-01 6.173075437545776367e-01 4.452150166034698486e-01 3.399504721164703369e-01 2.643301781664103012e-01 6.019421132621919496e-02 -3.222061913958993440e-01 3.917098228984559616e-01 3.027029792047454260e-01 2.871710570829003606e-01 -3.966816935332384553e-01
1.661967466550282955e+09 -1.484794765710830688e-01 2.235377728939056396e-01 8.791416883468627930e-01 -5.510967373847961426e-01 6.144871711730957031e-01 4.474872350692749023e-01 3.441699743270874023e-01 2.623283347642608732e-01 6.019376164922918965e-02 -3.222037843752481034e-01 3.917068966553911569e-01 3.027007178815860344e-01 2.871689117899672850e-01 -3.966787301481334849e-01
1.661967466582198381e+09 -1.510208994150161743e-01 2.313985824584960938e-01 8.800194263458251953e-01 -5.497417449951171875e-01 6.117011904716491699e-01 4.496769905090332031e-01 3.484196066856384277e-01 2.603105696714628214e-01 6.019286231540979526e-02 -3.221989704418329881e-01 3.917010443004075304e-01 3.026961953366276714e-01 2.871646213002607695e-01 -3.966728035107482953e-01
1.661967466614111900e+09 -1.535545885562896729e-01 2.392010688781738281e-01 8.808276057243347168e-01 -5.483384728431701660e-01 6.089503765106201172e-01 4.517835974693298340e-01 3.526980876922607422e-01 2.583003071411840712e-01 6.019645981194353401e-02 -3.222182270386245162e-01 3.917244547696187018e-01 3.027142863273484252e-01 2.871817840283668599e-01 -3.966965111229262542e-01
1.661967466646027088e+09 -1.560803949832916260e-01 2.469443976879119873e-01 8.815658688545227051e-01 -5.468878149986267090e-01 6.062355041503906250e-01 4.538064599037170410e-01 3.570040762424468994e-01 2.562496597916374408e-01 6.019331197896030800e-02 -3.222013773905595957e-01 3.917039704560466573e-01 3.026984565922160586e-01 2.871667665290899563e-01 -3.966757668073037646e-01
1.661967466677942753e+09 -1.585982292890548706e-01 2.546277344226837158e-01 8.822336792945861816e-01 -5.453904867172241211e-01 6.035575866699218750e-01 4.557450413703918457e-01 3.613362908363342285e-01 2.541980148910880088e-01 6.019241265857575712e-02 -3.221965635290744423e-01 3.916981181885076380e-01 3.026939341148254248e-01 2.871624761034842210e-01 -3.966698402584660221e-01
1.661967466709857225e+09 -1.611079722642898560e-01 2.622503042221069336e-01 8.828306198120117188e-01 -5.438473224639892578e-01 6.009173393249511719e-01 4.575986862182617188e-01 3.656934797763824463e-01 2.521514384914596563e-01 6.019466100992612589e-02 -3.222085984525140945e-01 3.917127491852350762e-01 3.027052405616879605e-01 2.871732024078829659e-01 -3.966846569626178431e-01
1.661967466741771698e+09 -1.636095046997070312e-01 2.698112428188323975e-01 8.833563327789306641e-01 -5.422593951225280762e-01 5.983155369758605957e-01 4.593672454357147217e-01 3.700743615627288818e-01 2.500853701586339684e-01 6.019466100992525853e-02 -3.222085984525140945e-01 3.917127491852420151e-01 3.027052405616897368e-01 2.871732024078847423e-01 -3.966846569626196195e-01
1.661967466773687124e+09 -1.661027520895004272e-01 2.773098349571228027e-01 8.838103413581848145e-01 -5.406273603439331055e-01 5.957530140876770020e-01 4.610499441623687744e-01 3.744775056838989258e-01 2.480072410286242590e-01 6.019286231540892790e-02 -3.221989704418329881e-01 3.917010443004144693e-01 3.026961953366276714e-01 2.871646213002607695e-01 -3.966728035107482953e-01
1.661967466803606987e+09 -1.685876101255416870e-01 2.847452461719512939e-01 8.841923475265502930e-01 -5.389521718025207520e-01 5.932305455207824707e-01 4.626463651657104492e-01 3.789017498493194580e-01 2.623319345501129995e-01 6.420754247749038690e-02 -3.436886581742016333e-01 4.178263081860054684e-01 3.228851075067710741e-01 3.063176248963451753e-01 -4.231296685580813177e-01
1.661967466835034609e+09 -1.710639894008636475e-01 2.921167314052581787e-01 8.845018148422241211e-01 -5.372346639633178711e-01 5.907489061355590820e-01 4.641560316085815430e-01 3.833455741405487061e-01 2.476318945366400293e-01 6.112714693952665812e-02 -3.271999877121697931e-01 3.977808392937732807e-01 3.073944999229746844e-01 2.916218522733530216e-01 -4.028297677565038093e-01
1.661967466865952015e+09 -1.735318154096603394e-01 2.994235455989837646e-01 8.847385048866271973e-01 -5.354759097099304199e-01 5.883088111877441406e-01 4.655786752700805664e-01 3.878079056739807129e-01 2.495661956249106972e-01 6.213590018374565149e-02 -3.325996189012321858e-01 4.043452338748304009e-01 3.124672902391882889e-01 2.964343538261761113e-01 -4.094774824861717732e-01
1.661967466896869659e+09 -1.759909987449645996e-01 3.066649138927459717e-01 8.849019408226013184e-01 -5.336767435073852539e-01 5.859109759330749512e-01 4.669136404991149902e-01 3.922871053218841553e-01 2.474087137102153056e-01 6.213542102845279191e-02 -3.325970540897917882e-01 4.043421158036550889e-01 3.124648806763462017e-01 2.964320678998522696e-01 -4.094743248381321199e-01
1.661967466927298784e+09 -1.784414947032928467e-01 3.138401210308074951e-01 8.849918842315673828e-01 -5.318379998207092285e-01 5.835561752319335938e-01 4.681607484817504883e-01 3.967821002006530762e-01 2.491906179522266895e-01 6.313296451533417786e-02 -3.379366819473245687e-01 4.108335636351245768e-01 3.174812996759904804e-01 3.011910905916116987e-01 -4.160481669241261615e-01
1.661967466958216190e+09 -1.808832138776779175e-01 3.209484219551086426e-01 8.850079178810119629e-01 -5.299608111381530762e-01 5.812450647354125977e-01 4.693196117877960205e-01 4.012914001941680908e-01 2.430991687386393763e-01 6.213590018374565149e-02 -3.325996189012321858e-01 4.043452338748304009e-01 3.124672902391882889e-01 2.964343538261761113e-01 -4.094774824861717732e-01
1.661967466990130186e+09 -1.833161115646362305e-01 3.279891014099121094e-01 8.849496841430664062e-01 -5.280461311340332031e-01 5.789783000946044922e-01 4.703898429870605469e-01 4.058137834072113037e-01 2.334210774390275134e-01 6.019556039749659332e-02 -3.222134126736374560e-01 3.917186018899749822e-01 3.027097633769395002e-01 2.871774931540136966e-01 -3.966905839542128054e-01
1.661967467021558285e+09 -1.857401281595230103e-01 3.349615037441253662e-01 8.848168849945068359e-01 -5.260949134826660156e-01 5.767565369606018066e-01 4.713711142539978027e-01 4.103477895259857178e-01 2.349154404502807880e-01 6.112621949891582779e-02 -3.271950233293765553e-01 3.977748040357407810e-01 3.073898360353741754e-01 2.916174276934039300e-01 -4.028236558945166856e-01
1.661967467053472996e+09 -1.881552338600158691e-01 3.418648540973663330e-01 8.846092820167541504e-01 -5.241081118583679199e-01 5.745804905891418457e-01 4.722631871700286865e-01 4.148920774459838867e-01 2.292535902420441418e-01 6.019421132621832760e-02 -3.222061913958993440e-01 3.917098228984490227e-01 3.027029792047454260e-01 2.871710570829003606e-01 -3.966816935332384553e-01
1.661967467085386992e+09 -1.905613541603088379e-01 3.486985564231872559e-01 8.843265175819396973e-01 -5.220867991447448730e-01 5.724506974220275879e-01 4.730656743049621582e-01 4.194453954696655273e-01 2.271867971355305826e-01 6.019556039749659332e-02 -3.222134126736374560e-01 3.917186018899819766e-01 3.027097633769412210e-01 2.871774931540154174e-01 -3.966905839542145262e-01
1.661967467115816116e+09 -1.929584741592407227e-01 3.554618656635284424e-01 8.839683532714843750e-01 -5.200319886207580566e-01 5.703677535057067871e-01 4.737784862518310547e-01 4.240062534809112549e-01 2.361055259184868804e-01 6.313296451533417786e-02 -3.379366819473318406e-01 4.108335636351172493e-01 3.174812996759886485e-01 3.011910905916098669e-01 -4.160481669241243297e-01
1.661967467147730589e+09 -1.953465640544891357e-01 3.621541857719421387e-01 8.835344314575195312e-01 -5.179448127746582031e-01 5.683323144912719727e-01 4.744012653827667236e-01 4.285733699798583984e-01 2.230610891300660037e-01 6.019466100992525853e-02 -3.222085984525140945e-01 3.917127491852350762e-01 3.027052405616897368e-01 2.871732024078847423e-01 -3.966846569626196195e-01
1.661967467179644346e+09 -1.977255940437316895e-01 3.687748312950134277e-01 8.830246329307556152e-01 -5.158259868621826172e-01 5.663449764251708984e-01 4.749337136745452881e-01 4.331453144550323486e-01 2.210192307739812789e-01 6.019601010136042818e-02 -3.222158198381476213e-01 3.917215283079377164e-01 3.027120248352500043e-01 2.871796385751631542e-01 -3.966935475164303226e-01
1.661967467211066723e+09 -2.000955343246459961e-01 3.753231465816497803e-01 8.824385404586791992e-01 -5.136768817901611328e-01 5.644062161445617676e-01 4.753758609294891357e-01 4.377208054065704346e-01 2.224084394145198207e-01 6.113735064401217695e-02 -3.272546058671048641e-01 3.978472392214149611e-01 3.074458120288874885e-01 2.916705315157389067e-01 -4.028970104811206432e-01
1.661967467242986441e+09 -2.024563699960708618e-01 3.817985653877258301e-01 8.817760944366455078e-01 -5.114984512329101562e-01 5.625166296958923340e-01 4.757273793220520020e-01 4.422983825206756592e-01 2.169229495419224829e-01 6.018476952015286430e-02 -3.221556515133222054e-01 3.916483809740469724e-01 3.026554985124607633e-01 2.871260126613695007e-01 -3.966194717425123306e-01
1.661967467274896860e+09 -2.048081010580062866e-01 3.882004022598266602e-01 8.810369968414306641e-01 -5.092918276786804199e-01 5.606766939163208008e-01 4.759881794452667236e-01 4.468767344951629639e-01 2.149786762784660354e-01 6.020230666104587486e-02 -3.222495239181653592e-01 3.917625027509101243e-01 3.027436887998328219e-01 2.872096778374280124e-01 -3.967350420373223496e-01
1.661967467306811810e+09 -2.071507275104522705e-01 3.945280909538269043e-01 8.802210688591003418e-01 -5.070580244064331055e-01 5.588868856430053711e-01 4.761580824851989746e-01 4.514545202255249023e-01 2.129586310829244822e-01 6.019376164923006395e-02 -3.222037843752516006e-01 3.917068966553841625e-01 3.027007178815843136e-01 2.871689117899672850e-01 -3.966787301481334849e-01
1.661967467338726044e+09 -2.094842344522476196e-01 4.007810354232788086e-01 8.793280720710754395e-01 -5.047982335090637207e-01 5.571476221084594727e-01 4.762369990348815918e-01 4.560303092002868652e-01 2.109919902109047007e-01 6.019511070035187678e-02 -3.222110055450931876e-01 3.917156755157503722e-01 3.027075019524214095e-01 2.871753477649210962e-01 -3.966876204362779768e-01
1.661967467369643211e+09 -2.118086218833923340e-01 4.069586694240570068e-01 8.783578872680664062e-01 -5.025134682655334473e-01 5.554594397544860840e-01 4.762248098850250244e-01 4.606027305126190186e-01 2.157821035066880000e-01 6.213637934642944616e-02 -3.326021837522369906e-01 4.043483519940959114e-01 3.124696998391932601e-01 2.964366397877559733e-01 -4.094806401829101938e-01
1.661967467400560379e+09 -2.141239196062088013e-01 4.130603671073913574e-01 8.773103952407836914e-01 -5.002049207687377930e-01 5.538228154182434082e-01 4.761215746402740479e-01 4.651705026626586914e-01 2.137884076986772963e-01 6.213637934642944616e-02 -3.326021837522405988e-01 4.043483519940959114e-01 3.124696998391932601e-01 2.964366397877559733e-01 -4.094806401829119702e-01
1.661967467431478500e+09 -2.164301276206970215e-01 4.190856218338012695e-01 8.761853575706481934e-01 -4.978737235069274902e-01 5.522381067276000977e-01 4.759270846843719482e-01 4.697321057319641113e-01 2.118140665951959156e-01 6.213446274003471548e-02 -3.325919245855574191e-01 4.043358798055776693e-01 3.124600616621470150e-01 2.964274961529673735e-01 -4.094680096881500586e-01
1.661967467462394476e+09 -2.187272608280181885e-01 4.250338673591613770e-01 8.749826550483703613e-01 -4.955209195613861084e-01 5.507057309150695801e-01 4.756413996219635010e-01 4.742863476276397705e-01 2.098860462796900417e-01 6.213877527070497953e-02 -3.326150086006515738e-01 4.043639433118151327e-01 3.124817483966866871e-01 2.964480701245213456e-01 -4.094964293971594671e-01
1.661967467494309425e+09 -2.210153639316558838e-01 4.309045374393463135e-01 8.737022280693054199e-01 -4.931477606296539307e-01 5.492259860038757324e-01 4.752645492553710938e-01 4.788317084312438965e-01 2.014602530585430096e-01 6.019376164923093131e-02 -3.222037843752481034e-01 3.917068966553841625e-01 3.027007178815878108e-01 2.871689117899690058e-01 -3.966787301481334849e-01
1.661967467526224136e+09 -2.232944369316101074e-01 4.366971552371978760e-01 8.723438978195190430e-01 -4.907552599906921387e-01 5.477992892265319824e-01 4.747964143753051758e-01 4.833668470382690430e-01 1.996356812764528144e-01 6.019421132621832760e-02 -3.222061913959028412e-01 3.917098228984559616e-01 3.027029792047419288e-01 2.871710570828986397e-01 -3.966816935332384553e-01
1.661967467558138847e+09 -2.255645394325256348e-01 4.424111545085906982e-01 8.709077239036560059e-01 -4.883446991443634033e-01 5.464259982109069824e-01 4.742372035980224609e-01 4.878904819488525391e-01 1.978376959610622654e-01 6.019421132621832760e-02 -3.222061913958993440e-01 3.917098228984490227e-01 3.027029792047454260e-01 2.871710570828986397e-01 -3.966816935332384553e-01
1.661967467590055227e+09 -2.278256863355636597e-01 4.480460584163665771e-01 8.693934679031372070e-01 -4.859171807765960693e-01 5.451063513755798340e-01 4.735868871212005615e-01 4.924012124538421631e-01 1.960631891271021887e-01 6.019106372838490399e-02 -3.221893430065295161e-01 3.916893401150872145e-01 3.026871506521190414e-01 2.871560407054542519e-01 -3.966609507672488322e-01
1.661967467621970177e+09 -2.300779372453689575e-01 4.536013305187225342e-01 8.678011894226074219e-01 -4.834739267826080322e-01 5.438407063484191895e-01 4.728455841541290283e-01 4.968976378440856934e-01 1.943396761224812364e-01 6.019376164923006395e-02 -3.222037843752516006e-01 3.917068966553911569e-01 3.027007178815878108e-01 2.871689117899672850e-01 -3.966787301481334849e-01
1.661967467653884649e+09 -2.323213219642639160e-01 4.590765535831451416e-01 8.661307692527770996e-01 -4.810160398483276367e-01 5.426292419433593750e-01 4.720132648944854736e-01 5.013784766197204590e-01 1.926481364776046479e-01 6.019466100992525853e-02 -3.222085984525140945e-01 3.917127491852350762e-01 3.027052405616862396e-01 2.871732024078847423e-01 -3.966846569626196195e-01
1.661967467685798645e+09 -2.345559000968933105e-01 4.644712209701538086e-01 8.643822073936462402e-01 -4.785448312759399414e-01 5.414723753929138184e-01 4.710902571678161621e-01 5.058422684669494629e-01 1.909928847804472640e-01 6.019556039749659332e-02 -3.222134126736374560e-01 3.917186018899749822e-01 3.027097633769412210e-01 2.871774931540136966e-01 -3.966905839542145262e-01
1.661967467717713833e+09 -2.367817312479019165e-01 4.697848558425903320e-01 8.625555634498596191e-01 -4.760613739490509033e-01 5.403701663017272949e-01 4.700766503810882568e-01 5.102877020835876465e-01 1.893658574312606369e-01 6.019331197896030800e-02 -3.222013773905595957e-01 3.917039704560466573e-01 3.026984565922160586e-01 2.871667665290899563e-01 -3.966757668073002674e-01
1.661967467749627829e+09 -2.389988601207733154e-01 4.750170409679412842e-01 8.606507778167724609e-01 -4.735670685768127441e-01 5.393229722976684570e-01 4.689726531505584717e-01 5.147134065628051758e-01 1.877953108874576282e-01 6.019556039749572596e-02 -3.222134126736408977e-01 3.917186018899749822e-01 3.027097633769377794e-01 2.871774931540154174e-01 -3.966905839542145262e-01
1.661967467781543016e+09 -2.412073612213134766e-01 4.801672995090484619e-01 8.586678504943847656e-01 -4.710626006126403809e-01 5.383306741714477539e-01 4.677780866622924805e-01 5.191182494163513184e-01 1.862528540159134882e-01 6.019331197896118230e-02 -3.222013773905595957e-01 3.917039704560466573e-01 3.026984565922160586e-01 2.871667665290865146e-01 -3.966757668073037646e-01
1.661967467813458204e+09 -2.434072792530059814e-01 4.852352142333984375e-01 8.566069006919860840e-01 -4.685497879981994629e-01 5.373938083648681641e-01 4.664936363697052002e-01 5.235005617141723633e-01 1.847611441223946938e-01 6.019331197896030800e-02 -3.222013773905595957e-01 3.917039704560396629e-01 3.026984565922160586e-01 2.871667665290899563e-01 -3.966757668073037646e-01
1.661967467845372200e+09 -2.455987036228179932e-01 4.902203679084777832e-01 8.544679284095764160e-01 -4.660293757915496826e-01 5.365121960639953613e-01 4.651192128658294678e-01 5.278592705726623535e-01 1.833233683877202036e-01 6.019556039749572596e-02 -3.222134126736374560e-01 3.917186018899749822e-01 3.027097633769412210e-01 2.871774931540154174e-01 -3.966905839542145262e-01
1.661967467877286911e+09 -2.477816939353942871e-01 4.951223731040954590e-01 8.522510528564453125e-01 -4.635029137134552002e-01 5.356862545013427734e-01 4.636552631855010986e-01 5.321928262710571289e-01 1.819223820208401843e-01 6.019421132621919496e-02 -3.222061913959028412e-01 3.917098228984559616e-01 3.027029792047419288e-01 2.871710570828968634e-01 -3.966816935332384553e-01
