1.661967468014917850e+09 1.378528122206244648e-16 -2.367949187755584717e-01 1.128897309303283691e+00 -6.125128269195556641e-01 6.125135421752929688e-01 3.533097505569458008e-01 3.533093035221099854e-01 0.000000000000000000e+00 0.000000000000000000e+00 0.000000000000000000e+00 0.000000000000000000e+00 0.000000000000000000e+00 0.000000000000000000e+00 0.000000000000000000e+00
1.661967469950756311e+09 1.378528122206244648e-16 -2.367949187755584717e-01 1.128897309303283691e+00 -6.125128269195556641e-01 6.125135421752929688e-01 3.533097505569458008e-01 3.533093035221099854e-01 0.000000000000000000e+00 0.000000000000000000e+00 0.000000000000000000e+00 0.000000000000000000e+00 0.000000000000000000e+00 0.000000000000000000e+00 0.000000000000000000e+00
1.661967469976686478e+09 -4.635288845747709274e-03 -2.235866636037826538e-01 1.126999616622924805e+00 6.182982325553894043e-01 -6.086592078208923340e-01 -3.528665900230407715e-01 -3.503233194351196289e-01 5.447726319796684091e-01 1.695149241120089689e-01 -9.310813354614062565e-01 4.147010411454942203e-01 4.779044840914206671e-01 2.992418399417380859e-01 -7.170402620865991006e-01
1.661967470007604599e+09 -9.353525005280971527e-03 -2.103394418954849243e-01 1.124779939651489258e+00 6.239694952964782715e-01 -6.048057675361633301e-01 -3.524192571640014648e-01 -3.473797440528869629e-01 4.604577432515897240e-01 1.421674400948324257e-01 -7.808719537588454385e-01 3.477981996756704386e-01 4.008051649082265411e-01 2.509657870930215307e-01 -6.013616738454382604e-01
1.661967470038521051e+09 -1.415493153035640717e-02 -1.970613300800323486e-01 1.122234582901000977e+00 6.295287013053894043e-01 -6.009554862976074219e-01 -3.519656956195831299e-01 -3.444796502590179443e-01 4.640618474980308106e-01 1.421751145689386653e-01 -7.809141067411649040e-01 3.478169744969341615e-01 4.008268011482638560e-01 2.509793347128815855e-01 -6.013941365147442708e-01
1.661967470070435762e+09 -1.903960853815078735e-02 -1.837605386972427368e-01 1.119360327720642090e+00 6.349779367446899414e-01 -5.971107482910156250e-01 -3.515038192272186279e-01 -3.416238129138946533e-01 4.530185165433203154e-01 1.377280265314357044e-01 -7.564879348830649830e-01 3.369376253843030522e-01 3.882893604161010703e-01 2.431289651144705466e-01 -5.825831604981057676e-01
1.661967470101353645e+09 -2.400752902030944824e-02 -1.704453676939010620e-01 1.116153955459594727e+00 6.403195261955261230e-01 -5.932735800743103027e-01 -3.510315418243408203e-01 -3.388130068778991699e-01 4.712149369045460223e-01 1.421685363975507543e-01 -7.808779753348428221e-01 3.478008816689117100e-01 4.008082556566507915e-01 2.509677223777442290e-01 -6.013663111550554552e-01
1.661967470132778645e+09 -2.905853465199470520e-02 -1.571242213249206543e-01 1.112612605094909668e+00 6.455556154251098633e-01 -5.894460082054138184e-01 -3.505467772483825684e-01 -3.360480666160583496e-01 4.671487314879678721e-01 1.398743124857574904e-01 -7.682766714978540579e-01 3.421882959344865749e-01 3.943402711962911700e-01 2.469177675540038253e-01 -5.916618504793103028e-01
1.661967470164694309e+09 -3.419234231114387512e-02 -1.438056230545043945e-01 1.108733534812927246e+00 6.506885886192321777e-01 -5.856301188468933105e-01 -3.500473797321319580e-01 -3.333295583724975586e-01 4.634555435050820016e-01 1.377239110701755920e-01 -7.564653302116108868e-01 3.369275573263980084e-01 3.882777579132499213e-01 2.431217001600392558e-01 -5.825657522879671424e-01
1.661967470196608782e+09 -3.940852731466293335e-02 -1.304981857538223267e-01 1.104514122009277344e+00 6.557207703590393066e-01 -5.818275809288024902e-01 -3.495312929153442383e-01 -3.306581974029541016e-01 4.669673621187576118e-01 1.377290554351816854e-01 -7.564935862620151275e-01 3.369401424927931932e-01 3.882922611501566368e-01 2.431307814209207330e-01 -5.825875127131979747e-01
1.661967470229030132e+09 -4.470653459429740906e-02 -1.172105818986892700e-01 1.099951982498168945e+00 6.606545448303222656e-01 -5.780403614044189453e-01 -3.489963114261627197e-01 -3.280344307422637939e-01 4.631127228852704447e-01 1.355757887377136151e-01 -7.446665070665667852e-01 3.316723942636458089e-01 3.822216699290276187e-01 2.393296559931131773e-01 -5.734792945124568275e-01
1.661967470259950876e+09 -5.008567497134208679e-02 -1.039516106247901917e-01 1.095045089721679688e+00 6.654923558235168457e-01 -5.742697119712829590e-01 -3.484403491020202637e-01 -3.254587948322296143e-01 4.892045379873332656e-01 1.421553818807617109e-01 -7.808057225516580324e-01 3.477687004799243642e-01 4.007711698213354823e-01 2.509445009308512442e-01 -6.013106681595209446e-01
1.661967470291865587e+09 -5.554511770606040955e-02 -9.073012322187423706e-02 1.089791536331176758e+00 6.702366471290588379e-01 -5.705177187919616699e-01 -3.478612601757049561e-01 -3.229317963123321533e-01 4.774769505379320433e-01 1.377280265314348440e-01 -7.564879348830579886e-01 3.369376253842960578e-01 3.882893604160958523e-01 2.431289651144740438e-01 -5.825831604981022149e-01
1.661967470323780537e+09 -6.108389422297477722e-02 -7.755503803491592407e-02 1.084189295768737793e+00 6.748899817466735840e-01 -5.667853951454162598e-01 -3.472568392753601074e-01 -3.204536437988281250e-01 4.809898245055774790e-01 1.377269976430624543e-01 -7.564822835885514074e-01 3.369351083134137226e-01 3.882864597253797290e-01 2.431271488351575694e-01 -5.825788083480358814e-01
1.661967470354698420e+09 -6.670089066028594971e-02 -6.443534791469573975e-02 1.078237175941467285e+00 6.794546842575073242e-01 -5.630742907524108887e-01 -3.466249704360961914e-01 -3.180248141288757324e-01 5.001315604459179998e-01 1.421685363975507543e-01 -7.808779753348428221e-01 3.478008816689045490e-01 4.008082556566507915e-01 2.509677223777442290e-01 -6.013663111550554552e-01
1.661967470385615349e+09 -7.239486277103424072e-02 -5.138009786605834961e-02 1.071933746337890625e+00 6.839334368705749512e-01 -5.593855977058410645e-01 -3.459635972976684570e-01 -3.156454563140869141e-01 5.037832948562840363e-01 1.421729217775042908e-01 -7.809020625675502369e-01 3.478116100554607404e-01 4.008206191270393126e-01 2.509754638150994976e-01 -6.013848611087444507e-01
1.661967470417529106e+09 -7.816440612077713013e-02 -3.839838504791259766e-02 1.065277814865112305e+00 6.883287429809570312e-01 -5.557203888893127441e-01 -3.452703952789306641e-01 -3.133157789707183838e-01 4.915754124476884313e-01 1.377321422386584837e-01 -7.565105409055035146e-01 3.369476940439118939e-01 3.883009636123788688e-01 2.431362305031005699e-01 -5.826005697486550394e-01
1.661967470449443579e+09 -8.400798588991165161e-02 -2.549934387207031250e-02 1.058268666267395020e+00 6.926430463790893555e-01 -5.520797967910766602e-01 -3.445434570312500000e-01 -3.110359311103820801e-01 4.950938736325494749e-01 1.377290554351816854e-01 -7.564935862620081330e-01 3.369401424927862543e-01 3.882922611501584131e-01 2.431307814209242024e-01 -5.825875127132014164e-01
1.661967470479364157e+09 -8.992391824722290039e-02 -1.269215438514947891e-02 1.050905466079711914e+00 6.968790292739868164e-01 -5.484647154808044434e-01 -3.437804281711578369e-01 -3.088059127330780029e-01 5.318576134934092092e-01 1.469072610401764567e-01 -8.069059967126209765e-01 3.593936901091817626e-01 4.141678920865909941e-01 2.593329131623578476e-01 -6.214108964769907706e-01
1.661967470511279345e+09 -9.591037780046463013e-02 1.397820778947789222e-05 1.043187975883483887e+00 7.010393142700195312e-01 -5.448759198188781738e-01 -3.429792821407318115e-01 -3.066257834434509277e-01 5.021536179616454820e-01 1.377259687700607138e-01 -7.564766323784724023e-01 3.369325912801383049e-01 3.882835590779968871e-01 2.431253325829829393e-01 -5.825744562629905365e-01
1.661967470543196201e+09 -1.019653826951980591e-01 1.260982360690832138e-02 1.035115838050842285e+00 7.051262855529785156e-01 -5.413142442703247070e-01 -3.421379029750823975e-01 -3.044954836368560791e-01 5.056677485986259546e-01 1.377187670894530203e-01 -7.564370762719305752e-01 3.369149731001342407e-01 3.882632557597281986e-01 2.431126195775217824e-01 -5.825439934882342685e-01
1.661967470575109482e+09 -1.080868244171142578e-01 2.508613653481006622e-02 1.026689171791076660e+00 7.091426849365234375e-01 -5.377801656723022461e-01 -3.412541151046752930e-01 -3.024147450923919678e-01 5.092662882393151902e-01 1.377342001845134889e-01 -7.565218444233728912e-01 3.369527285993834664e-01 3.883067654705767979e-01 2.431398633602526727e-01 -5.826092747641159475e-01
1.661967470606025219e+09 -1.142724230885505676e-01 3.743366524577140808e-02 1.017908215522766113e+00 7.130910158157348633e-01 -5.342743992805480957e-01 -3.403259813785552979e-01 -3.003836572170257568e-01 5.293569475309057859e-01 1.421784038829180530e-01 -7.809321736982114404e-01 3.478250214694368347e-01 4.008360745376634560e-01 2.509851412834350759e-01 -6.014080501602254714e-01
1.661967470636942863e+09 -1.205197796225547791e-01 4.964314773678779602e-02 1.008773326873779297e+00 7.169737815856933594e-01 -5.307972431182861328e-01 -3.393512368202209473e-01 -2.984017431735992432e-01 5.329864876733995116e-01 1.421696327171758367e-01 -7.808839970037098066e-01 3.478035637034953553e-01 4.008113464527431336e-01 2.509696576923108879e-01 -6.013709485361929952e-01
1.661967470668859482e+09 -1.268263310194015503e-01 6.170533969998359680e-02 9.992854595184326172e-01 7.207936644554138184e-01 -5.273489952087402344e-01 -3.383278846740722656e-01 -2.964687943458557129e-01 5.198491234987681064e-01 1.377197958548569134e-01 -7.564427268910201008e-01 3.369174898701846055e-01 3.882661561037668019e-01 2.431144356397572925e-01 -5.825483451181477923e-01
1.661967470700773478e+09 -1.331893652677536011e-01 7.361099869012832642e-02 9.894453883171081543e-01 7.245531678199768066e-01 -5.239299535751342773e-01 -3.372538685798645020e-01 -2.945843935012817383e-01 5.234407764993943557e-01 1.377311132887918399e-01 -7.565048892732324504e-01 3.369451768225932842e-01 3.882980627482954805e-01 2.431344141152368687e-01 -5.825962173384728882e-01
1.661967470732688904e+09 -1.396060585975646973e-01 8.535090833902359009e-02 9.792543649673461914e-01 7.282547354698181152e-01 -5.205401182174682617e-01 -3.361271917819976807e-01 -2.927481830120086670e-01 5.269656988070609005e-01 1.377249399124327589e-01 -7.564709812528261912e-01 3.369300742844620333e-01 3.882806584739533773e-01 2.431235163579425484e-01 -5.825701042429680676e-01
1.661967470764602900e+09 -1.460734009742736816e-01 9.691587835550308228e-02 9.687138199806213379e-01 7.319008708000183105e-01 -5.171796679496765137e-01 -3.349457681179046631e-01 -2.909596562385559082e-01 5.305375217468785154e-01 1.377311132887927281e-01 -7.565048892732324504e-01 3.369451768226002786e-01 3.882980627482972014e-01 2.431344141152368687e-01 -5.825962173384764409e-01
1.661967470796518087e+09 -1.525882780551910400e-01 1.082967519760131836e-01 9.578253030776977539e-01 7.354941964149475098e-01 -5.138484835624694824e-01 -3.337076306343078613e-01 -2.892182171344757080e-01 5.340677753352179868e-01 1.377259687700616020e-01 -7.564766323784724023e-01 3.369325912801383049e-01 3.882835590779986634e-01 2.431253325829829393e-01 -5.825744562629887602e-01
1.661967470828432322e+09 -1.591473817825317383e-01 1.194844096899032593e-01 9.465908408164978027e-01 7.390370368957519531e-01 -5.105463862419128418e-01 -3.324107825756072998e-01 -2.875233292579650879e-01 5.376299992711894848e-01 1.377300843542998421e-01 -7.564992377253966227e-01 3.369426596388850337e-01 3.882951619275561983e-01 2.431325977545104600e-01 -5.825918649933244930e-01
1.661967470860347986e+09 -1.657473295927047729e-01 1.304697990417480469e-01 9.350125193595886230e-01 7.425317764282226562e-01 -5.072731375694274902e-01 -3.310534358024597168e-01 -2.858743369579315186e-01 5.411523433302153352e-01 1.377239110701760083e-01 -7.564653302116108868e-01 3.369275573263980084e-01 3.882777579132464241e-01 2.431217001600375072e-01 -5.825657522879671424e-01
1.661967470892262697e+09 -1.723845452070236206e-01 1.412439048290252686e-01 9.230927228927612305e-01 7.459809184074401855e-01 -5.040282011032104492e-01 -3.296334743499755859e-01 -2.842704653739929199e-01 5.447126686592467237e-01 1.377280265314339835e-01 -7.564879348830579886e-01 3.369376253842960578e-01 3.882893604160958523e-01 2.431289651144722952e-01 -5.825831604981022149e-01
1.661967470924177408e+09 -1.790553480386734009e-01 1.517977714538574219e-01 9.108340740203857422e-01 7.493867874145507812e-01 -5.008115172386169434e-01 -3.281490802764892578e-01 -2.827109992504119873e-01 5.482542665265236481e-01 1.377280265314357044e-01 -7.564879348830649830e-01 3.369376253842960578e-01 3.882893604160992940e-01 2.431289651144722952e-01 -5.825831604981057676e-01
1.661967470954095840e+09 -1.857558935880661011e-01 1.621225476264953613e-01 8.982393741607666016e-01 7.527516484260559082e-01 -4.976221024990081787e-01 -3.265983760356903076e-01 -2.811950445175170898e-01 5.886123921865056285e-01 1.469177973136499005e-01 -8.069638684759941061e-01 3.594194660318748014e-01 4.141975964466326210e-01 2.593515126684280414e-01 -6.214554644248123649e-01
1.661967470986011028e+09 -1.924822330474853516e-01 1.722094267606735229e-01 8.853117227554321289e-01 7.560778260231018066e-01 -4.944596886634826660e-01 -3.249795436859130859e-01 -2.797218263149261475e-01 5.553228090679115381e-01 1.377259687700616020e-01 -7.564766323784724023e-01 3.369325912801383049e-01 3.882835590779986634e-01 2.431253325829846879e-01 -5.825744562629869838e-01
1.661967471017925739e+09 -1.992302685976028442e-01 1.820497214794158936e-01 8.720545172691345215e-01 7.593675851821899414e-01 -4.913232624530792236e-01 -3.232907354831695557e-01 -2.782902121543884277e-01 5.588627614603374205e-01 1.377280265314348440e-01 -7.564879348830649830e-01 3.369376253842960578e-01 3.882893604160992940e-01 2.431289651144722952e-01 -5.825831604981092093e-01
1.661967471049840212e+09 -2.059957832098007202e-01 1.916348040103912354e-01 8.584712743759155273e-01 7.626230120658874512e-01 -4.882123172283172607e-01 -3.215302824974060059e-01 -2.768993973731994629e-01 5.623953503731914383e-01 1.377290554351808249e-01 -7.564935862620151275e-01 3.369401424927862543e-01 3.882922611501549159e-01 2.431307814209224816e-01 -5.825875127131979747e-01
1.661967471081754208e+09 -2.127743959426879883e-01 2.009561508893966675e-01 8.445658087730407715e-01 7.658462524414062500e-01 -4.851257503032684326e-01 -3.196963369846343994e-01 -2.755482494831085205e-01 5.659266916814515991e-01 1.377311132887931444e-01 -7.565048892732324504e-01 3.369451768225932842e-01 3.882980627482989777e-01 2.431344141152360083e-01 -5.825962173384764409e-01
1.661967471113669395e+09 -2.195616513490676880e-01 2.100053876638412476e-01 8.303421735763549805e-01 7.690393924713134766e-01 -4.820626974105834961e-01 -3.177872598171234131e-01 -2.742356657981872559e-01 5.694235133264901050e-01 1.377259687700616020e-01 -7.564766323784655189e-01 3.369325912801383049e-01 3.882835590779951662e-01 2.431253325829820788e-01 -5.825744562629869838e-01
1.661967471145094395e+09 -2.263529598712921143e-01 2.187742143869400024e-01 8.158046603202819824e-01 7.722045183181762695e-01 -4.790221154689788818e-01 -3.158014416694641113e-01 -2.729605138301849365e-01 5.818722575716671619e-01 1.398743124857583786e-01 -7.682766714978610523e-01 3.421882959344936803e-01 3.943402711962964990e-01 2.469177675540056016e-01 -5.916618504793138555e-01
1.661967471177009344e+09 -2.331435680389404297e-01 2.272544652223587036e-01 8.009577393531799316e-01 7.753435373306274414e-01 -4.760028421878814697e-01 -3.137371540069580078e-01 -2.717216312885284424e-01 5.764455355886648480e-01 1.377269976430624543e-01 -7.564822835885514074e-01 3.369351083134137226e-01 3.882864597253779526e-01 2.431271488351593180e-01 -5.825788083480358814e-01
1.661967471208923817e+09 -2.399286776781082153e-01 2.354381084442138672e-01 7.858062386512756348e-01 7.784584164619445801e-01 -4.730037450790405273e-01 -3.115929365158081055e-01 -2.705177068710327148e-01 5.799517652928645184e-01 1.377290554351808249e-01 -7.564935862620151275e-01 3.369401424927862543e-01 3.882922611501566368e-01 2.431307814209224816e-01 -5.825875127132014164e-01
1.661967471239840269e+09 -2.467033118009567261e-01 2.433172613382339478e-01 7.703550457954406738e-01 7.815508842468261719e-01 -4.700235724449157715e-01 -3.093672096729278564e-01 -2.693474590778350830e-01 6.022784681933668338e-01 1.421751145689386653e-01 -7.809141067411576875e-01 3.478169744969413224e-01 4.008268011482638560e-01 2.509793347128798091e-01 -6.013941365147407181e-01
1.661967471270758390e+09 -2.534624338150024414e-01 2.508841454982757568e-01 7.546094655990600586e-01 7.846228480339050293e-01 -4.670608341693878174e-01 -3.070583641529083252e-01 -2.682095468044281006e-01 6.058401024487037878e-01 1.421674400948324257e-01 -7.808719537588454385e-01 3.477981996756775995e-01 4.008051649082265411e-01 2.509657870930233070e-01 -6.013616738454382604e-01
1.661967471302673340e+09 -2.602008879184722900e-01 2.581311762332916260e-01 7.385749220848083496e-01 7.876759171485900879e-01 -4.641143381595611572e-01 -3.046651184558868408e-01 -2.671026289463043213e-01 5.903914789235823468e-01 1.377269976430624543e-01 -7.564822835885514074e-01 3.369351083134137226e-01 3.882864597253779526e-01 2.431271488351593180e-01 -5.825788083480358814e-01
1.661967471334589720e+09 -2.669133841991424561e-01 2.650509178638458252e-01 7.222570776939392090e-01 7.907117009162902832e-01 -4.611824452877044678e-01 -3.021859228610992432e-01 -2.660251557826995850e-01 5.938299257235789552e-01 1.377208246356299015e-01 -7.564483775945309851e-01 3.369200066778360037e-01 3.882690564911354114e-01 2.431162517291286240e-01 -5.825526968130754213e-01
1.661967471366502285e+09 -2.735945582389831543e-01 2.716360986232757568e-01 7.056618332862854004e-01 7.937319278717041016e-01 -4.582637250423431396e-01 -2.996194958686828613e-01 -2.649756968021392822e-01 5.973565520104715532e-01 1.377372872186086450e-01 -7.565388003335580258e-01 3.369602807146892531e-01 3.883154685829677821e-01 2.431453128495361382e-01 -5.826223327750740255e-01
1.661967471398416758e+09 -2.802389562129974365e-01 2.778795957565307617e-01 6.887952685356140137e-01 7.967380285263061523e-01 -4.553565084934234619e-01 -2.969645261764526367e-01 -2.639527320861816406e-01 6.007671211612150008e-01 1.377290554351808249e-01 -7.564935862620115747e-01 3.369401424927862543e-01 3.882922611501566368e-01 2.431307814209215934e-01 -5.825875127132014164e-01
1.661967471428336859e+09 -2.868410348892211914e-01 2.837744951248168945e-01 6.716637611389160156e-01 7.997313141822814941e-01 -4.524592161178588867e-01 -2.942197620868682861e-01 -2.629547715187072754e-01 6.444759549514520458e-01 1.469096023036797483e-01 -8.069188563871346753e-01 3.593994177724980643e-01 4.141744926872903965e-01 2.593370461553800577e-01 -6.214207999129555127e-01
1.661967471458256960e+09 -2.933951914310455322e-01 2.893140316009521484e-01 6.542739272117614746e-01 8.027132153511047363e-01 -4.495700895786285400e-01 -2.913839519023895264e-01 -2.619800865650177002e-01 6.481262303871377917e-01 1.469096023036788046e-01 -8.069188563871310116e-01 3.593994177724980643e-01 4.141744926872903965e-01 2.593370461553800577e-01 -6.214207999129517379e-01
1.661967471490171671e+09 -2.998956441879272461e-01 2.944916784763336182e-01 6.366325020790100098e-01 8.056850433349609375e-01 -4.466874599456787109e-01 -2.884559333324432373e-01 -2.610270678997039795e-01 6.110306464170365270e-01 1.377280265314357044e-01 -7.564879348830649830e-01 3.369376253842960578e-01 3.882893604160975731e-01 2.431289651144722952e-01 -5.825831604981057676e-01
1.661967471522086859e+09 -2.998956441879272461e-01 2.944916784763336182e-01 6.366325020790100098e-01 8.056850433349609375e-01 -4.466874599456787109e-01 -2.884559333324432373e-01 -2.610270678997039795e-01 0.000000000000000000e+00 0.000000000000000000e+00 0.000000000000000000e+00 0.000000000000000000e+00 0.000000000000000000e+00 -8.696666852948171349e-16 0.000000000000000000e+00
1.661967471554001093e+09 -2.989442050457000732e-01 3.075958192348480225e-01 6.448618173599243164e-01 7.938169836997985840e-01 -4.533893764019012451e-01 -2.964679002761840820e-01 -2.764045000076293945e-01 4.857730915564098528e-01 -5.572425091924378474e-03 -1.681527342697978766e-01 4.919526355097869064e-01 1.771653694923462918e-01 9.951747283110805586e-01 3.671359665571194975e-01
1.661967471585915804e+09 -2.978468537330627441e-01 3.203889131546020508e-01 6.533158421516418457e-01 7.815286517143249512e-01 -4.598739743232727051e-01 -3.045170605182647705e-01 -2.915446162223815918e-01 4.816990965079205878e-01 -5.572341834415160851e-03 -1.681502219026306533e-01 4.919452852537585796e-01 1.771627224675553225e-01 9.951598594222632599e-01 3.671304811848416505e-01
1.661967471617830992e+09 -2.966054677963256836e-01 3.328613042831420898e-01 6.619829535484313965e-01 7.688276767730712891e-01 -4.661344587802886963e-01 -3.125963509082794189e-01 -3.064410090446472168e-01 4.774773546626055465e-01 -5.572258579394673804e-03 -1.681477096105437330e-01 4.919379352173740561e-01 1.771600755218545320e-01 9.951449909777613234e-01 3.671249959764750215e-01
1.661967471649255753e+09 -2.952223122119903564e-01 3.450038433074951172e-01 6.708510518074035645e-01 7.557221651077270508e-01 -4.721641540527343750e-01 -3.206987977027893066e-01 -3.210878074169158936e-01 4.804996766964024779e-01 -5.659221410074075261e-03 -1.707718880458753974e-01 4.996153096170027896e-01 1.799249044384276519e-01 1.010675610047146566e+00 3.728544911907962778e-01
1.661967471681169748e+09 -2.936997115612030029e-01 3.568078875541687012e-01 6.799078583717346191e-01 7.422200441360473633e-01 -4.779565930366516113e-01 -3.288172185420989990e-01 -3.354790210723876953e-01 4.686319851224043931e-01 -5.572466721611969709e-03 -1.681539904815333164e-01 4.919563107201644914e-01 1.771666930344060475e-01 9.951821629221081489e-01 3.671387093047274175e-01
1.661967471713084936e+09 -2.920404374599456787e-01 3.682653009891510010e-01 6.891408562660217285e-01 7.283298373222351074e-01 -4.835055768489837646e-01 -3.369444012641906738e-01 -3.496090769767761230e-01 4.639764421370149439e-01 -5.572258579393804707e-03 -1.681477096105402635e-01 4.919379352173740561e-01 1.771600755218580014e-01 9.951449909777578817e-01 3.671249959764750215e-01
1.661967471744508505e+09 -2.902473211288452148e-01 3.793684542179107666e-01 6.985372304916381836e-01 7.140601277351379395e-01 -4.888050258159637451e-01 -3.450730144977569580e-01 -3.634725511074066162e-01 4.663893429462493412e-01 -5.659436099809786631e-03 -1.707783664938285761e-01 4.996342631568213566e-01 1.799317301176516781e-01 1.010713951307013581e+00 3.728686358983527849e-01
1.661967471776423454e+09 -2.883235514163970947e-01 3.901103138923645020e-01 7.080839872360229492e-01 6.994198560714721680e-01 -4.938491582870483398e-01 -3.531958460807800293e-01 -3.770644068717956543e-01 4.543098525860339021e-01 -5.572300206593507575e-03 -1.681489657472049759e-01 4.919416102081123343e-01 1.771613989848197512e-01 9.951524251444772151e-01 3.671277385601698917e-01
1.661967471808337450e+09 -2.862724661827087402e-01 4.004843533039093018e-01 7.177678942680358887e-01 6.844180226325988770e-01 -4.986323118209838867e-01 -3.613053560256958008e-01 -3.903795778751373291e-01 4.492999726730345644e-01 -5.572466721611969709e-03 -1.681539904815333164e-01 4.919563107201644914e-01 1.771666930344060475e-01 9.951821629221063725e-01 3.671387093047274175e-01
1.661967471839760303e+09 -2.840977311134338379e-01 4.104845523834228516e-01 7.275756001472473145e-01 6.690639257431030273e-01 -5.031490325927734375e-01 -3.693942427635192871e-01 -4.034133851528167725e-01 4.510979782983642883e-01 -5.659564921468723982e-03 -1.707822537985397293e-01 4.996456359709937067e-01 1.799358257737805611e-01 1.010736957459311469e+00 3.728771232380319600e-01
1.661967471871676445e+09 -2.818031609058380127e-01 4.201055467128753662e-01 7.374936342239379883e-01 6.533670425415039062e-01 -5.073942542076110840e-01 -3.774549365043640137e-01 -4.161615073680877686e-01 4.388687675489943985e-01 -5.572092076814228433e-03 -1.681426852515695292e-01 4.919232358034760222e-01 1.771547818677370600e-01 9.951152554215737522e-01 3.671140260514462184e-01
1.661967471903589964e+09 -2.793928086757659912e-01 4.293425083160400391e-01 7.475084066390991211e-01 6.373370885848999023e-01 -5.113629102706909180e-01 -3.854798376560211182e-01 -4.286195039749145508e-01 4.335376475089500192e-01 -5.572549982854057248e-03 -1.681565029613134032e-01 4.919636613056525554e-01 1.771693401778528243e-01 9.951970324774150889e-01 3.671441949228859691e-01
1.661967471933510303e+09 -2.768709063529968262e-01 4.381911456584930420e-01 7.576062083244323730e-01 6.209838986396789551e-01 -5.150502920150756836e-01 -3.934615850448608398e-01 -4.407836198806762695e-01 4.565803294424746750e-01 -5.943772086177245839e-03 -1.793584501684221677e-01 5.247364108854460918e-01 1.889716883501889044e-01 1.061493276881665615e+00 3.916019459851221018e-01
1.661967471964935064e+09 -2.742419838905334473e-01 4.466478228569030762e-01 7.677733302116394043e-01 6.043174862861633301e-01 -5.184519290924072266e-01 -4.013925790786743164e-01 -4.526500999927520752e-01 4.290632947496636485e-01 -5.659221410074075261e-03 -1.707718880458753974e-01 4.996153096170027896e-01 1.799249044384240992e-01 1.010675610047150119e+00 3.728544911907962778e-01
1.661967471996850729e+09 -2.715106606483459473e-01 4.547093808650970459e-01 7.779958844184875488e-01 5.873481631278991699e-01 -5.215634107589721680e-01 -4.092650711536407471e-01 -4.642152786254882812e-01 4.167932968793169324e-01 -5.572175326860197286e-03 -1.681451973935233213e-01 4.919305854006164602e-01 1.771574286552542454e-01 9.951301229775341151e-01 3.671195109320123384e-01
1.661967472028765202e+09 -2.686818242073059082e-01 4.623733758926391602e-01 7.882602810859680176e-01 5.700862407684326172e-01 -5.243809223175048828e-01 -4.170716702938079834e-01 -4.754761457443237305e-01 4.110540635385602770e-01 -5.572383462859650111e-03 -1.681514780768316453e-01 4.919489603543210077e-01 1.771640459700617176e-01 9.951672938111343347e-01 3.671332238504911860e-01
1.661967472060679436e+09 -2.657605409622192383e-01 4.696378409862518311e-01 7.985525727272033691e-01 5.525422692298889160e-01 -5.269005298614501953e-01 -4.248046278953552246e-01 -4.864296019077301025e-01 4.052122414644290238e-01 -5.572425091924378474e-03 -1.681527342697944072e-01 4.919526355097799675e-01 1.771653694923497613e-01 9.951747283110788933e-01 3.671359665571194975e-01
1.661967472092594147e+09 -2.627520561218261719e-01 4.765014350414276123e-01 8.088591098785400391e-01 5.347269773483276367e-01 -5.291188955307006836e-01 -4.324566423892974854e-01 -4.970730841159820557e-01 3.992836440984515733e-01 -5.572341834415160851e-03 -1.681502219026341505e-01 4.919452852537655185e-01 1.771627224675518530e-01 9.951598594222667016e-01 3.671304811848416505e-01
1.661967472124509096e+09 -2.596617341041564941e-01 4.829633831977844238e-01 8.191662430763244629e-01 -5.166511535644531250e-01 5.310322642326354980e-01 4.400197267532348633e-01 5.074039101600646973e-01 3.932842722996330309e-01 -5.572300206593507575e-03 -1.681489657472049759e-01 4.919416102081123343e-01 1.771613989848197512e-01 9.951524251444754388e-01 3.671277385601698917e-01
1.661967472156422377e+09 -2.564951479434967041e-01 4.890235960483551025e-01 8.294604420661926270e-01 -4.983260929584503174e-01 5.326383709907531738e-01 4.474868774414062500e-01 5.174198746681213379e-01 3.872417447093213227e-01 -5.572591614407712210e-03 -1.681577592293589107e-01 4.919673366807794657e-01 1.771706637792407335e-01 9.952044674217012110e-01 3.671469377934383771e-01
1.661967472187340260e+09 -2.532580792903900146e-01 4.946823716163635254e-01 8.397281765937805176e-01 -4.797622263431549072e-01 5.339335203170776367e-01 4.548498988151550293e-01 5.271192789077758789e-01 3.933811770479499481e-01 -5.752000539445966364e-03 -1.735715783117246502e-01 5.078061666427726717e-01 1.828746522529241803e-01 1.027244957026693717e+00 3.789671898410914563e-01
1.661967472218257904e+09 -2.499563395977020264e-01 4.999407827854156494e-01 8.499562740325927734e-01 -4.609713852405548096e-01 5.349157452583312988e-01 4.621018767356872559e-01 5.365000963211059570e-01 3.870027735813537095e-01 -5.752044895470422199e-03 -1.735729167930304684e-01 5.078100825434465060e-01 1.828760624740240481e-01 1.027252878531937696e+00 3.789701122118084853e-01
