1.661967481880608082e+09 1.378528122206244648e-16 -2.367949187755584717e-01 1.128897309303283691e+00 -6.125128269195556641e-01 6.125135421752929688e-01 3.533097505569458008e-01 3.533093035221099854e-01 0.000000000000000000e+00 0.000000000000000000e+00 0.000000000000000000e+00 0.000000000000000000e+00 0.000000000000000000e+00 0.000000000000000000e+00 0.000000000000000000e+00
1.661967484078758240e+09 1.378528122206244648e-16 -2.367949187755584717e-01 1.128897309303283691e+00 -6.125128269195556641e-01 6.125135421752929688e-01 3.533097505569458008e-01 3.533093035221099854e-01 0.000000000000000000e+00 0.000000000000000000e+00 0.000000000000000000e+00 0.000000000000000000e+00 0.000000000000000000e+00 0.000000000000000000e+00 0.000000000000000000e+00
1.661967484110673189e+09 -6.187248509377241135e-03 -2.263687103986740112e-01 1.127954244613647461e+00 6.168590784072875977e-01 -6.092013120651245117e-01 -3.543417155742645264e-01 -3.504292368888854980e-01 3.810276587197154452e-01 2.163175981916472534e-01 -5.894365700146027010e-01 2.752876434040597564e-01 2.684015132197486997e-01 2.195479368054148450e-01 -3.322355838025164432e-01
1.661967484141590595e+09 -1.249809563159942627e-02 -2.159440517425537109e-01 1.126812815666198730e+00 6.211379170417785645e-01 -6.058923602104187012e-01 -3.553518354892730713e-01 -3.475733101367950439e-01 3.958744166680704391e-01 2.232970381141766991e-01 -6.084546118334235310e-01 2.841697389183045486e-01 2.770614292519800181e-01 2.266316028957268414e-01 -3.429550921396134489e-01
1.661967484173505545e+09 -1.893288455903530121e-02 -2.055257558822631836e-01 1.125471234321594238e+00 6.253504157066345215e-01 -6.025878190994262695e-01 -3.563394248485565186e-01 -3.447419404983520508e-01 3.859812752334413899e-01 2.163175981916490020e-01 -5.894365700146027010e-01 2.752876434040597564e-01 2.684015132197486997e-01 2.195479368054148450e-01 -3.322355838025146668e-01
1.661967484201429844e+09 -2.549185231328010559e-02 -1.951186656951904297e-01 1.123927712440490723e+00 6.294975280761718750e-01 -5.992885828018188477e-01 -3.573038280010223389e-01 -3.419356644153594971e-01 4.439855544206418037e-01 2.472314576260178920e-01 -6.736727090214805758e-01 3.146288878675481127e-01 3.067586636365958186e-01 2.509234426091342951e-01 -3.797152351236618983e-01
1.661967484232347488e+09 -3.217513114213943481e-02 -1.847276836633682251e-01 1.122180700302124023e+00 6.335803866386413574e-01 -5.959956049919128418e-01 -3.582443594932556152e-01 -3.391549885272979736e-01 4.035757298708450569e-01 2.232953161795531438e-01 -6.084499197915199664e-01 2.841675475694333541e-01 2.770592927181848575e-01 2.266298552469164784e-01 -3.429524474728840033e-01
1.661967484263265133e+09 -3.898273408412933350e-02 -1.743577271699905396e-01 1.120228648185729980e+00 6.376000642776489258e-01 -5.927097201347351074e-01 -3.591603636741638184e-01 -3.364003896713256836e-01 4.061585746718670564e-01 2.232953161795531438e-01 -6.084499197915056445e-01 2.841675475694477315e-01 2.770592927181848575e-01 2.266298552469128980e-01 -3.429524474728822270e-01
1.661967484293184519e+09 -4.591457545757293701e-02 -1.640137583017349243e-01 1.118070125579833984e+00 6.415574550628662109e-01 -5.894319415092468262e-01 -3.600511252880096436e-01 -3.336723148822784424e-01 4.223862363889432370e-01 2.307455515657066414e-01 -6.287508163830453078e-01 2.936487814561270504e-01 2.863033600904349996e-01 2.341913473373360144e-01 -3.543950361650510250e-01
1.661967484323104858e+09 -5.297044664621353149e-02 -1.537007838487625122e-01 1.115703701972961426e+00 6.454538106918334961e-01 -5.861630439758300781e-01 -3.609160184860229492e-01 -3.309712707996368408e-01 4.250557095221266235e-01 2.307381968327988642e-01 -6.287307757179473322e-01 2.936394217595041933e-01 2.862942345201722194e-01 2.341838827738924600e-01 -3.543837402556966332e-01
1.661967484355019569e+09 -6.015003472566604614e-02 -1.434238702058792114e-01 1.113128066062927246e+00 6.492902040481567383e-01 -5.829037427902221680e-01 -3.617542386054992676e-01 -3.282976448535919189e-01 4.010142947945956604e-01 2.163192141904384524e-01 -5.894409733955162656e-01 2.752896999380758936e-01 2.684035183109874656e-01 2.195495769364233796e-01 -3.322380657656405778e-01
1.661967484386936426e+09 -6.745290011167526245e-02 -1.331880539655685425e-01 1.110341906547546387e+00 6.530677080154418945e-01 -5.796549320220947266e-01 -3.625652492046356201e-01 -3.256518840789794922e-01 4.035145281152732188e-01 2.163046710704651099e-01 -5.894013453355498866e-01 2.752711922380150500e-01 2.683854735682570936e-01 2.195348166394731904e-01 -3.322157294324201149e-01
1.661967484432813168e+09 -7.487850636243820190e-02 -1.229984313249588013e-01 1.107344150543212891e+00 6.567875146865844727e-01 -5.764172673225402832e-01 -3.633483052253723145e-01 -3.230344951152801514e-01 2.824901839112066160e-01 1.504850822495054641e-01 -4.100517547394664231e-01 1.915086151392466352e-01 1.867181594582116577e-01 1.527323232324391267e-01 -2.311254358068411674e-01
1.661967484464726210e+09 -8.242618292570114136e-02 -1.128601282835006714e-01 1.104133605957031250e+00 6.604507565498352051e-01 -5.731914043426513672e-01 -3.641027510166168213e-01 -3.204458355903625488e-01 4.086327275194426845e-01 2.163305268580613949e-01 -5.894717989041994288e-01 2.753040965365800008e-01 2.684175547885293001e-01 2.195610585396639280e-01 -3.322554405458872928e-01
1.661967484497639656e+09 -9.009515494108200073e-02 -1.027782708406448364e-01 1.100709319114685059e+00 6.640585064888000488e-01 -5.699781775474548340e-01 -3.648279905319213867e-01 -3.178863525390625000e-01 3.986772222835890944e-01 2.097551594834594357e-01 -5.715548008223442222e-01 2.669362272360532029e-01 2.602590019566152768e-01 2.128874991395058036e-01 -3.221565348781131877e-01
1.661967484528063536e+09 -9.788451343774795532e-02 -9.275801479816436768e-02 1.097070336341857910e+00 6.676119565963745117e-01 -5.667780637741088867e-01 -3.655232489109039307e-01 -3.153564333915710449e-01 4.339715880428740569e-01 2.269192913518240373e-01 -6.183247682237238418e-01 2.887794496674156441e-01 2.815558312718642320e-01 2.303079483782974335e-01 -3.485184001143248333e-01
1.661967484559978008e+09 -1.057932525873184204e-01 -8.280452340841293335e-02 1.093215703964233398e+00 6.711123585700988770e-01 -5.635915994644165039e-01 -3.661879003047943115e-01 -3.128564953804016113e-01 4.162536254525328605e-01 2.163208302133735883e-01 -5.894453768422210915e-01 2.752917565028189517e-01 2.684055234321844341e-01 2.195512170919355632e-01 -3.322405477658445516e-01
1.661967484591892958e+09 -1.138202250003814697e-01 -7.292295992374420166e-02 1.089144706726074219e+00 6.745606064796447754e-01 -5.604194998741149902e-01 -3.668213784694671631e-01 -3.103868663311004639e-01 4.188013577486327521e-01 2.163175981916472534e-01 -5.894365700146027010e-01 2.752876434040527620e-01 2.684015132197486997e-01 2.195479368054148450e-01 -3.322355838025164432e-01
1.661967484623809576e+09 -1.219641938805580139e-01 -6.311851739883422852e-02 1.084856629371643066e+00 6.779582500457763672e-01 -5.572621822357177734e-01 -3.674228787422180176e-01 -3.079479336738586426e-01 4.213365100118883766e-01 2.163062868761183311e-01 -5.894057481901788798e-01 2.752732485262341378e-01 2.683874784198539976e-01 2.195364565744586938e-01 -3.322182110989082560e-01
1.661967484654726744e+09 -1.302237659692764282e-01 -5.339637398719787598e-02 1.080350875854492188e+00 6.813062429428100586e-01 -5.541200637817382812e-01 -3.679918050765991211e-01 -3.055400848388671875e-01 4.375988493718598327e-01 2.232987600753577606e-01 -6.084593039477215193e-01 2.841719303009873632e-01 2.770635658187234340e-01 2.266333505714966667e-01 -3.429577368471317111e-01
1.661967484701600075e+09 -1.385974436998367310e-01 -4.376170039176940918e-02 1.075626850128173828e+00 6.846057772636413574e-01 -5.509938001632690430e-01 -3.685275912284851074e-01 -3.031636774539947510e-01 2.903803073209552665e-01 1.472855682907625585e-01 -4.013335064354901505e-01 1.874368860469168840e-01 1.827482818556823707e-01 1.494850299271602567e-01 -2.262114001627072990e-01
1.661967484732517481e+09 -1.470836400985717773e-01 -3.421968221664428711e-02 1.070684194564819336e+00 6.878581643104553223e-01 -5.478835105895996094e-01 -3.690294325351715088e-01 -3.008190393447875977e-01 4.428864118223612700e-01 2.232970381141758109e-01 -6.084546118334307474e-01 2.841697389183117095e-01 2.770614292519772981e-01 2.266316028957286455e-01 -3.429550921396116170e-01
1.661967484764432192e+09 -1.556805819272994995e-01 -2.477548457682132721e-02 1.065522313117980957e+00 6.910644173622131348e-01 -5.447897911071777344e-01 -3.694968223571777344e-01 -2.985064983367919922e-01 4.316130777272254582e-01 2.163192141904384524e-01 -5.894409733955162656e-01 2.752896999380758936e-01 2.684035183109882983e-01 2.195495769364233796e-01 -3.322380657656405778e-01
1.661967484795348883e+09 -1.643864214420318604e-01 -1.543426141142845154e-02 1.060141086578369141e+00 6.942258477210998535e-01 -5.417129397392272949e-01 -3.699290454387664795e-01 -2.962263822555541992e-01 4.481942798767593050e-01 2.233022040773947892e-01 -6.084686883933849710e-01 2.841763131677121912e-01 2.770678390510725175e-01 2.266368460038974963e-01 -3.429630263845385718e-01
1.661967484826266527e+09 -1.731992065906524658e-01 -6.201156880706548691e-03 1.054540276527404785e+00 6.973436474800109863e-01 -5.386531949043273926e-01 -3.703255355358123779e-01 -2.939790189266204834e-01 4.508298353117589086e-01 2.232953161795540320e-01 -6.084499197915128610e-01 2.841675475694405151e-01 2.770592927181858012e-01 2.266298552469146743e-01 -3.429524474728822270e-01
1.661967484858183146e+09 -1.821168065071105957e-01 2.918705809861421585e-03 1.048719644546508789e+00 7.004189491271972656e-01 -5.356107354164123535e-01 -3.706856071949005127e-01 -2.917646765708923340e-01 4.392861767649225424e-01 2.163062868761165825e-01 -5.894057481901858742e-01 2.752732485262341378e-01 2.683874784198522212e-01 2.195364565744586938e-01 -3.322182110989065351e-01
1.661967484890097618e+09 -1.911370158195495605e-01 1.192022580653429031e-02 1.042679309844970703e+00 7.034530043601989746e-01 -5.325860381126403809e-01 -3.710086047649383545e-01 -2.895836532115936279e-01 4.418804694199756078e-01 2.163208302133744765e-01 -5.894453768422279749e-01 2.752917565028189517e-01 2.684055234321844341e-01 2.195512170919373118e-01 -3.322405477658480488e-01
1.661967484935974360e+09 -2.002574950456619263e-01 2.079832740128040314e-02 1.036419153213500977e+00 7.064468860626220703e-01 -5.295790433883666992e-01 -3.712939918041229248e-01 -2.874362170696258545e-01 3.091820637861587562e-01 1.504850822495060747e-01 -4.100517547394712525e-01 1.915086151392514924e-01 1.867181594582134896e-01 1.527323232324403479e-01 -2.311254358068423886e-01
1.661967484966891289e+09 -2.094758003950119019e-01 2.954796515405178070e-02 1.029939413070678711e+00 7.094019651412963867e-01 -5.265900492668151855e-01 -3.715410828590393066e-01 -2.853227257728576660e-01 4.614318464836601463e-01 2.233004820630969112e-01 -6.084639961343722980e-01 2.841741217174467704e-01 2.770657024184221551e-01 2.266350982742194042e-01 -3.429603815954397894e-01
1.661967484998805523e+09 -2.187893390655517578e-01 3.816412389278411865e-02 1.023240327835083008e+00 7.123192548751831055e-01 -5.236191153526306152e-01 -3.717492818832397461e-01 -2.832433581352233887e-01 4.495721303620205389e-01 2.163224462604557974e-01 -5.894497803547257275e-01 2.752938130982895415e-01 2.684075285833403823e-01 2.195528572719571136e-01 -3.322430298031395224e-01
1.661967485030229092e+09 -2.281954139471054077e-01 4.664182662963867188e-02 1.016322016716003418e+00 7.151999473571777344e-01 -5.206663608551025391e-01 -3.719180226325988770e-01 -2.811983525753021240e-01 4.591916143418305896e-01 2.197002277050993380e-01 -5.986537837536018980e-01 2.795924069325486094e-01 2.725985960630417093e-01 2.229810801874782533e-01 -3.374308610272280240e-01
1.661967485060148001e+09 -2.376912236213684082e-01 5.497613549232482910e-02 1.009185075759887695e+00 7.180453538894653320e-01 -5.177318453788757324e-01 -3.720466494560241699e-01 -2.791880071163177490e-01 4.850085936519968888e-01 2.307492291079862867e-01 -6.287608371946773467e-01 2.936534615281810034e-01 2.863079230937276010e-01 2.341950797975073661e-01 -3.544006843897726799e-01
1.661967485092062712e+09 -2.472738325595855713e-01 6.316215544939041138e-02 1.001829743385314941e+00 7.208565473556518555e-01 -5.148155093193054199e-01 -3.721345663070678711e-01 -2.772124707698822021e-01 4.572312498867568409e-01 2.163192141904384524e-01 -5.894409733955231490e-01 2.752896999380689547e-01 2.684035183109891864e-01 2.195495769364216587e-01 -3.322380657656405778e-01
1.661967485123486280e+09 -2.569402158260345459e-01 7.119504362344741821e-02 9.942567944526672363e-01 7.236345410346984863e-01 -5.119174122810363770e-01 -3.721812963485717773e-01 -2.752720117568969727e-01 4.669629863738200548e-01 2.197002277050993380e-01 -5.986537837535947926e-01 2.795924069325557149e-01 2.725985960630390448e-01 2.229810801874782533e-01 -3.374308610272280240e-01
1.661967485156402111e+09 -2.666871845722198486e-01 7.906999439001083374e-02 9.864667654037475586e-01 7.263807058334350586e-01 -5.090374350547790527e-01 -3.721860647201538086e-01 -2.733668684959411621e-01 4.482571138448848691e-01 2.097399663298451511e-01 -5.715134015074989637e-01 2.669168922975677649e-01 2.602401506682578414e-01 2.128720791017582048e-01 -3.221332001781024856e-01
1.661967485186320543e+09 -2.765114605426788330e-01 8.678227663040161133e-02 9.784603714942932129e-01 7.290960550308227539e-01 -5.061756372451782227e-01 -3.721484243869781494e-01 -2.714972198009490967e-01 4.958716214699547264e-01 2.307529067674915224e-01 -6.287708583257533013e-01 2.936581417494235069e-01 2.863124862424714090e-01 2.341988123766557683e-01 -3.544063327945398134e-01
1.661967485217235565e+09 -2.864097058773040771e-01 9.432718902826309204e-02 9.702385067939758301e-01 7.317817211151123047e-01 -5.033317804336547852e-01 -3.720677495002746582e-01 -2.696632444858551025e-01 4.824979490339117993e-01 2.233142589211748186e-01 -6.085015362329952993e-01 2.841916542660109513e-01 2.770827964023888090e-01 2.266490808664456125e-01 -3.429815410504478135e-01
1.661967485247666836e+09 -2.963783740997314453e-01 1.017001196742057800e-01 9.618020653724670410e-01 7.344388961791992188e-01 -5.005056858062744141e-01 -3.719435036182403564e-01 -2.678650617599487305e-01 4.928132345762377686e-01 2.268641784698303687e-01 -6.181745929795500194e-01 2.887093125378798475e-01 2.814874485741629684e-01 2.302520124783343225e-01 -3.484337539242909898e-01
1.661967485279581547e+09 -3.064138889312744141e-01 1.088965013623237610e-01 9.531520009040832520e-01 7.370686531066894531e-01 -4.976971447467803955e-01 -3.717750012874603271e-01 -2.661028504371643066e-01 4.724228032569628977e-01 2.163192141904375920e-01 -5.894409733955162656e-01 2.752896999380689547e-01 2.684035183109874656e-01 2.195495769364233796e-01 -3.322380657656405778e-01
1.661967485309501171e+09 -3.165125250816345215e-01 1.159118413925170898e-01 9.442894458770751953e-01 7.396720051765441895e-01 -4.949060380458831787e-01 -3.715618550777435303e-01 -2.643768191337585449e-01 5.065990533276777397e-01 2.307437128385242953e-01 -6.287458060969925988e-01 2.936464414760370234e-01 2.863010786433300980e-01 2.341894811518615005e-01 -3.543922121202022213e-01
1.661967485340928793e+09 -3.266704678535461426e-01 1.227417215704917908e-01 9.352155327796936035e-01 7.422500848770141602e-01 -4.921320974826812744e-01 -3.713034987449645996e-01 -2.626871764659881592e-01 4.848291146024187315e-01 2.196718936975680381e-01 -5.985765773665293610e-01 2.795563488298922761e-01 2.725634399289091347e-01 2.229523230593125349e-01 -3.373873436915469926e-01
1.661967485372843504e+09 -3.368837535381317139e-01 1.293817907571792603e-01 9.259315729141235352e-01 7.448039650917053223e-01 -4.893749952316284180e-01 -3.709993064403533936e-01 -2.610338926315307617e-01 4.799181727596235070e-01 2.163192141904367316e-01 -5.894409733955162656e-01 2.752896999380689547e-01 2.684035183109874656e-01 2.195495769364233796e-01 -3.322380657656388570e-01
1.661967485404757738e+09 -3.471484184265136719e-01 1.358277797698974609e-01 9.164388179779052734e-01 7.473347187042236328e-01 -4.866344332695007324e-01 -3.706487417221069336e-01 -2.594171762466430664e-01 4.824074866676896778e-01 2.163224462604575460e-01 -5.894497803547326109e-01 2.752938130982895415e-01 2.684075285833403823e-01 2.195528572719562532e-01 -3.322430298031395224e-01
1.661967485436671972e+09 -3.574602603912353516e-01 1.420755088329315186e-01 9.067388176918029785e-01 7.498433589935302734e-01 -4.839100539684295654e-01 -3.702513277530670166e-01 -2.578370869159698486e-01 4.848757199624592062e-01 2.163224462604557974e-01 -5.894497803547396053e-01 2.752938130982826026e-01 2.684075285833403823e-01 2.195528572719562532e-01 -3.322430298031378015e-01
1.661967485468586445e+09 -3.678150773048400879e-01 1.481208652257919312e-01 8.968330621719360352e-01 7.523307800292968750e-01 -4.812014997005462646e-01 -3.698065280914306641e-01 -2.562938332557678223e-01 4.873304893302281005e-01 2.163208302133744765e-01 -5.894453768422210915e-01 2.752917565028119573e-01 2.684055234321844341e-01 2.195512170919364237e-01 -3.322405477658480488e-01
1.661967485500500917e+09 -3.782085478305816650e-01 1.539598256349563599e-01 8.867231607437133789e-01 7.547982335090637207e-01 -4.785083830356597900e-01 -3.693138360977172852e-01 -2.547874748706817627e-01 4.897774280020842919e-01 2.163208302133744765e-01 -5.894453768422349693e-01 2.752917565028189517e-01 2.684055234321862105e-01 2.195512170919364237e-01 -3.322405477658462725e-01
1.661967485531419277e+09 -3.886362314224243164e-01 1.595884859561920166e-01 8.764107823371887207e-01 7.572464942932128906e-01 -4.758302569389343262e-01 -3.687726557254791260e-01 -2.533180415630340576e-01 5.080705932484878007e-01 2.232901505350212701e-01 -6.084358440999360074e-01 2.841609737256028945e-01 2.770528833145085024e-01 2.266246124621919822e-01 -3.429445137174192970e-01
1.661967485562337875e+09 -3.990936279296875000e-01 1.650030016899108887e-01 8.658977746963500977e-01 7.596765160560607910e-01 -4.731666743755340576e-01 -3.681826591491699219e-01 -2.518855631351470947e-01 5.105661328757946649e-01 2.232884287066215223e-01 -6.084311523474638106e-01 2.841587825119130661e-01 2.770507469125150779e-01 2.266228649211881330e-01 -3.429418692138339608e-01
1.661967485594253540e+09 -4.095760881900787354e-01 1.701996326446533203e-01 8.551859855651855469e-01 7.620894312858581543e-01 -4.705170989036560059e-01 -3.675431907176971436e-01 -2.504902482032775879e-01 4.970233292480188969e-01 2.163127503401369445e-01 -5.894233602665676086e-01 2.752814739863586047e-01 2.683954981257770100e-01 2.195430165594149108e-01 -3.322281381356350649e-01
1.661967485626166582e+09 -4.200789332389831543e-01 1.751747578382492065e-01 8.442773818969726562e-01 7.644859552383422852e-01 -4.678810834884643555e-01 -3.668538928031921387e-01 -2.491320371627807617e-01 4.994583851296325872e-01 2.163305268580613949e-01 -5.894717989041994288e-01 2.753040965365800008e-01 2.684175547885275792e-01 2.195610585396630399e-01 -3.322554405458855720e-01
1.661967485658082008e+09 -4.305973947048187256e-01 1.799248307943344116e-01 8.331739902496337891e-01 7.668671011924743652e-01 -4.652579724788665771e-01 -3.661141693592071533e-01 -2.478110045194625854e-01 5.018011272028919389e-01 2.163143662664970268e-01 -5.894277634501229324e-01 2.752835304281983086e-01 2.683975031271432776e-01 2.195446566169107216e-01 -3.322306199875144639e-01
1.661967485689996243e+09 -4.305973947048187256e-01 1.799248307943344116e-01 8.331739902496337891e-01 7.668671011924743652e-01 -4.652579724788665771e-01 -3.661141693592071533e-01 -2.478110045194625854e-01 0.000000000000000000e+00 0.000000000000000000e+00 0.000000000000000000e+00 0.000000000000000000e+00 0.000000000000000000e+00 8.696926730336238249e-16 0.000000000000000000e+00
1.661967485734875679e+09 -4.231828153133392334e-01 1.922478526830673218e-01 8.332682847976684570e-01 7.585214376449584961e-01 -4.707177281379699707e-01 -3.711469471454620361e-01 -2.555777132511138916e-01 3.204584323510256683e-01 -1.692852218576568479e-01 -2.395193010472556616e-01 2.362133552988907592e-01 1.616716819627102009e-01 4.666711219431048385e-01 2.691965825627658584e-02
1.661967485764795303e+09 -4.155123531818389893e-01 2.044392079114913940e-01 8.333212137222290039e-01 7.500422596931457520e-01 -4.760980308055877686e-01 -3.760324418544769287e-01 -2.633758485317230225e-01 4.814147073138031474e-01 -2.539278327864833984e-01 -3.592789515708834647e-01 3.543200329483361388e-01 2.425075229440653013e-01 7.000066829146572855e-01 4.037948738441487356e-02
1.661967485795713186e+09 -4.075883328914642334e-01 2.164927870035171509e-01 8.333312869071960449e-01 7.414314150810241699e-01 -4.813967049121856689e-01 -3.807694911956787109e-01 -2.712034285068511963e-01 4.665566074204758329e-01 -2.457291588618155109e-01 -3.476787621012909502e-01 3.428799541541236451e-01 2.346775813300275570e-01 6.774052749660754991e-01 3.907573802115216210e-02
1.661967485826631069e+09 -3.994132578372955322e-01 2.284025251865386963e-01 8.332968354225158691e-01 7.326908707618713379e-01 -4.866113066673278809e-01 -3.853567540645599365e-01 -2.790586054325103760e-01 4.672242348939846246e-01 -2.457291588618173150e-01 -3.476787621012909502e-01 3.428799541541236451e-01 2.346775813300275570e-01 6.774052749660790518e-01 3.907573802115216210e-02
1.661967485857547045e+09 -3.909897804260253906e-01 2.401624023914337158e-01 8.332163095474243164e-01 7.238225936889648438e-01 -4.917396903038024902e-01 -3.897930979728698730e-01 -2.869394719600677490e-01 4.679033758366756834e-01 -2.457443190230784724e-01 -3.477002120021694398e-01 3.429011079944829787e-01 2.346920596686741245e-01 6.774470672110661784e-01 3.907814878303546291e-02
1.661967485888464928e+09 -3.823207914829254150e-01 2.517665028572082520e-01 8.330882191658020020e-01 7.148285508155822754e-01 -4.967796802520751953e-01 -3.940775394439697266e-01 -2.948441803455352783e-01 4.685076851852889024e-01 -2.457291588618155109e-01 -3.476787621012909502e-01 3.428799541541236451e-01 2.346775813300275570e-01 6.774052749660790518e-01 3.907573802115216210e-02
1.661967485919382095e+09 -3.734093010425567627e-01 2.632089257240295410e-01 8.329108953475952148e-01 7.057108879089355469e-01 -5.017288923263549805e-01 -3.982087969779968262e-01 -3.027707636356353760e-01 4.691346541901268430e-01 -2.457348437030859589e-01 -3.476868055039738503e-01 3.428878865383925834e-01 2.346830104976760922e-01 6.774209464536704584e-01 3.907664202200092363e-02
1.661967485950299025e+09 -3.642585873603820801e-01 2.744839191436767578e-01 8.326829075813293457e-01 6.964716315269470215e-01 -5.065852999687194824e-01 -4.021858274936676025e-01 -3.107172548770904541e-01 4.697376155104380224e-01 -2.457367387086301092e-01 -3.476894867209046613e-01 3.428905307480439313e-01 2.346848202760489221e-01 6.774261704440035503e-01 3.907694336491221443e-02
1.661967485982214928e+09 -3.548719882965087891e-01 2.855857610702514648e-01 8.324026465415954590e-01 6.871129870414733887e-01 -5.113467574119567871e-01 -4.060077369213104248e-01 -3.186817467212677002e-01 4.556003585262988764e-01 -2.380451319765555518e-01 -3.368067395550241594e-01 3.321579918182691604e-01 2.273391406961987327e-01 6.562226022659108926e-01 3.785382759380712808e-02
1.661967486014128447e+09 -3.452531397342681885e-01 2.965088784694671631e-01 8.320686221122741699e-01 6.776369214057922363e-01 -5.160111188888549805e-01 -4.096734225749969482e-01 -3.266622722148895264e-01 4.561842521526173755e-01 -2.380629157823120068e-01 -3.368319016139352806e-01 3.321828065799006247e-01 2.273561246819068571e-01 6.562716271512153421e-01 3.785665556643376395e-02
1.661967486046043158e+09 -3.354057371616363525e-01 3.072477579116821289e-01 8.316793441772460938e-01 6.680459976196289062e-01 -5.205764770507812500e-01 -4.131821393966674805e-01 -3.346569240093231201e-01 4.567029097328088594e-01 -2.380540235472984878e-01 -3.368193201145473492e-01 3.321703987356386945e-01 2.273476323718559844e-01 6.562471137929640763e-01 3.785524152730458669e-02
1.661967486077957869e+09 -3.253337144851684570e-01 3.177969455718994141e-01 8.312333226203918457e-01 6.583422422409057617e-01 -5.250405669212341309e-01 -4.165328145027160645e-01 -3.426635563373565674e-01 4.572223442748569733e-01 -2.380540235473002364e-01 -3.368193201145473492e-01 3.321703987356386945e-01 2.273476323718559844e-01 6.562471137929623000e-01 3.785524152730458669e-02
1.661967486108875275e+09 -3.150411248207092285e-01 3.281511962413787842e-01 8.307291269302368164e-01 6.485280394554138184e-01 -5.294014215469360352e-01 -4.197245538234710693e-01 -3.506803214550018311e-01 4.724940205136960447e-01 -2.457329487267710666e-01 -3.476841243283952387e-01 3.428852423695227247e-01 2.346812007472153239e-01 6.774157225439064733e-01 3.907634068373722069e-02
1.661967486139792919e+09 -3.045322299003601074e-01 3.383052945137023926e-01 8.301652669906616211e-01 6.386056542396545410e-01 -5.336572527885437012e-01 -4.227568209171295166e-01 -3.587052226066589355e-01 4.729975728897125586e-01 -2.457310537796811578e-01 -3.476814431941679384e-01 3.428825982414334117e-01 2.346793910246660342e-01 6.774104987147082646e-01 3.907603935012100155e-02
1.661967486170714617e+09 -2.938114106655120850e-01 3.482541739940643311e-01 8.295403122901916504e-01 6.285775303840637207e-01 -5.378059148788452148e-01 -4.256285429000854492e-01 -3.667361438274383545e-01 4.734287004106681462e-01 -2.456988441500558285e-01 -3.476358702381225907e-01 3.428376543024218015e-01 2.346486300111541856e-01 6.773217059433761511e-01 3.907091738960632304e-02
1.661967486201628685e+09 -2.828831970691680908e-01 3.579928874969482422e-01 8.288528919219970703e-01 6.184460520744323730e-01 -5.418456196784973145e-01 -4.283391833305358887e-01 -3.747711777687072754e-01 4.740250184249341081e-01 -2.457594810550541853e-01 -3.477216645498971137e-01 3.429222644451586088e-01 2.347065397939014364e-01 6.774888646130828862e-01 3.908055984239907493e-02
1.661967486234055758e+09 -2.717523574829101562e-01 3.675165772438049316e-01 8.281016349792480469e-01 6.082137227058410645e-01 -5.457744002342224121e-01 -4.308878481388092041e-01 -3.828081190586090088e-01 4.523490412196743971e-01 -2.342926688089868315e-01 -3.314974317179988916e-01 3.269219652725378622e-01 2.237554431640306485e-01 6.458781305084658753e-01 3.725711262376012883e-02
1.661967486264971972e+09 -2.604236602783203125e-01 3.768205642700195312e-01 8.272851705551147461e-01 5.978828668594360352e-01 -5.495905280113220215e-01 -4.332740902900695801e-01 -3.908450603485107422e-01 4.749064046225985325e-01 -2.457424239006222866e-01 -3.476975306198200610e-01 3.428984636216962922e-01 2.346902497786464425e-01 6.774418428984373408e-01 3.907784742153272428e-02
1.661967486296885967e+09 -2.489021569490432739e-01 3.859003186225891113e-01 8.264021873474121094e-01 5.874562263488769531e-01 -5.532921552658081055e-01 -4.354972541332244873e-01 -3.988799154758453369e-01 4.604814612717672007e-01 -2.380593588085904433e-01 -3.368268689013930728e-01 3.321778433309621192e-01 2.273527276817547405e-01 6.562618215881587114e-01 3.785608993810552630e-02
1.661967486328800201e+09 -2.371929436922073364e-01 3.947513699531555176e-01 8.254513144493103027e-01 5.769361257553100586e-01 -5.568775534629821777e-01 -4.375567436218261719e-01 -4.069106578826904297e-01 4.608875429891893805e-01 -2.380575803615883335e-01 -3.368243526015128886e-01 3.321753617621105992e-01 2.273510292197451210e-01 6.562569189165089467e-01 3.785580713027978522e-02
1.661967486358720541e+09 -2.253012806177139282e-01 4.033694565296173096e-01 8.244313597679138184e-01 5.663253664970397949e-01 -5.603449344635009766e-01 -4.394519329071044922e-01 -4.149351418018341064e-01 4.920240809638243840e-01 -2.539217625566077552e-01 -3.592703628872330190e-01 3.543115628092959879e-01 2.425017257205198951e-01 6.999899490204872787e-01 4.037852209924691627e-02
1.661967486389638662e+09 -2.132325768470764160e-01 4.117504358291625977e-01 8.233410120010375977e-01 -5.556263327598571777e-01 5.636926889419555664e-01 4.411825239658355713e-01 4.229514598846435547e-01 4.765408039785620220e-01 -2.457272639731762076e-01 -3.476760810497633303e-01 3.428773101075925367e-01 2.346757716632992263e-01 6.774000512980099531e-01 3.907543669683059828e-02
1.661967486419559479e+09 -2.009923458099365234e-01 4.198903441429138184e-01 8.221791386604309082e-01 -5.448418259620666504e-01 5.669191479682922363e-01 4.427479803562164307e-01 4.309573471546173096e-01 4.928191831382481292e-01 -2.539177158979217808e-01 -3.592646373262572967e-01 3.543059162749117585e-01 2.424978610588033323e-01 6.999787935355121782e-01 4.037787860144060464e-02
1.661967486450474739e+09 -1.885862350463867188e-01 4.277853369712829590e-01 8.209444880485534668e-01 -5.339745283126831055e-01 5.700228214263916016e-01 4.441479146480560303e-01 4.389508664608001709e-01 4.773346761215880307e-01 -2.457500045658257415e-01 -3.477082563973633578e-01 3.429090413575639484e-01 2.346974895062516886e-01 6.774627406324318368e-01 3.907905289543289057e-02
1.661967486481392384e+09 -1.760199815034866333e-01 4.354317486286163330e-01 8.196359276771545410e-01 -5.230271220207214355e-01 5.730019211769104004e-01 4.453819692134857178e-01 4.469298720359802246e-01 4.776525973775390677e-01 -2.457310537796811578e-01 -3.476814431941679384e-01 3.428825982414334117e-01 2.346793910246660342e-01 6.774104987147100410e-01 3.907603935012100155e-02
1.661967486512310266e+09 -1.632994562387466431e-01 4.428260624408721924e-01 8.182523250579833984e-01 -5.120022892951965332e-01 5.758550763130187988e-01 4.464499354362487793e-01 4.548923671245574951e-01 4.779897165075737697e-01 -2.457291588618164269e-01 -3.476787621012909502e-01 3.428799541541236451e-01 2.346775813300275570e-01 6.774052749660772754e-01 3.907573802115216210e-02
1.661967486544225454e+09 -1.504306346178054810e-01 4.499649703502655029e-01 8.167926669120788574e-01 -5.009028911590576172e-01 5.785808563232421875e-01 4.473513066768646240e-01 4.628361463546752930e-01 4.633702598074152523e-01 -2.380504668392934009e-01 -3.368142877779602418e-01 3.321654358574696042e-01 2.273442356254698482e-01 6.562373089624102818e-01 3.785467594123045898e-02
1.661967486576139450e+09 -1.374195814132690430e-01 4.568452239036560059e-01 8.152557611465454102e-01 -4.897316694259643555e-01 5.811777114868164062e-01 4.480861425399780273e-01 4.707591831684112549e-01 4.636907731167622115e-01 -2.380593588085904433e-01 -3.368268689013896311e-01 3.321778433309621192e-01 2.273527276817547405e-01 6.562618215881587114e-01 3.785608993810552630e-02
1.661967486609051704e+09 -1.242724806070327759e-01 4.634639024734497070e-01 8.136407732963562012e-01 -4.784914255142211914e-01 5.836443901062011719e-01 4.486540555953979492e-01 4.786594212055206299e-01 4.499076863190154540e-01 -2.308388020634108695e-01 -3.266106037968568576e-01 3.221025873978775045e-01 2.204569127908249659e-01 6.363568040068814380e-01 3.670788031964439951e-02
1.661967486639969349e+09 -1.109955608844757080e-01 4.698180854320526123e-01 8.119465708732604980e-01 -4.671850204467773438e-01 5.859794020652770996e-01 4.490548968315124512e-01 4.865347146987915039e-01 4.792180640207872599e-01 -2.457310537796811578e-01 -3.476814431941679384e-01 3.428825982414334117e-01 2.346793910246660342e-01 6.774104987147100410e-01 3.907603935012100155e-02
1.661967486670886755e+09 -1.109955608844757080e-01 4.698180854320526123e-01 8.119465708732604980e-01 -4.671850204467773438e-01 5.859794020652770996e-01 4.490548968315124512e-01 4.865347146987915039e-01 0.000000000000000000e+00 0.000000000000000000e+00 0.000000000000000000e+00 0.000000000000000000e+00 0.000000000000000000e+00 0.000000000000000000e+00 0.000000000000000000e+00
1.661967486701803684e+09 -1.261757910251617432e-01 4.742827713489532471e-01 8.163213729858398438e-01 -4.669713973999023438e-01 5.798333883285522461e-01 4.509627819061279297e-01 4.923043549060821533e-01 5.309974805450744517e-01 3.633670879973985302e-01 -2.041636850596004193e-01 4.448445866103545310e-01 3.385347513703574340e-01 3.855532179287621819e-01 -6.108413828914065480e-01
1.661967486733225107e+09 -1.414317786693572998e-01 4.784688353538513184e-01 8.206627368927001953e-01 -4.666282534599304199e-01 5.737972259521484375e-01 4.527553319931030273e-01 4.980235099792480469e-01 5.220879794001214158e-01 3.575329661058999076e-01 -2.008856891601339956e-01 4.377022844405054625e-01 3.330993306367706075e-01 3.793628816452734309e-01 -6.010338818769315195e-01
1.661967486765140057e+09 -1.567588746547698975e-01 4.823757708072662354e-01 8.249686360359191895e-01 -4.661597907543182373e-01 5.678747296333312988e-01 4.544329941272735596e-01 5.036904811859130859e-01 5.136410206961982139e-01 3.520041471082884232e-01 -1.977792326376142940e-01 4.309337429773998918e-01 3.279483485402850951e-01 3.734964891560085820e-01 -5.917396129301525365e-01
1.661967486797055483e+09 -1.721524149179458618e-01 4.860031902790069580e-01 8.292372822761535645e-01 -4.655703604221343994e-01 5.620693564414978027e-01 4.559959173202514648e-01 5.093035101890563965e-01 5.132660511239938161e-01 3.519988879381352187e-01 -1.977762776876599293e-01 4.309273045479232733e-01 3.279434487793537745e-01 3.734909088763287976e-01 -5.917307719567219682e-01
1.661967486828562498e+09 -1.876077950000762939e-01 4.893507957458496094e-01 8.334667086601257324e-01 -4.648645818233489990e-01 5.563846230506896973e-01 4.574443995952606201e-01 5.148608684539794922e-01 5.195536287564790356e-01 3.565616885059607610e-01 -2.003399611055897422e-01 4.365132180756543523e-01 3.321944296931600427e-01 3.783323006803818722e-01 -5.994011072753926417e-01
1.661967486860403299e+09 -2.031204253435134888e-01 4.924183785915374756e-01 8.376551270484924316e-01 -4.640469253063201904e-01 5.508237481117248535e-01 4.587788283824920654e-01 5.203609466552734375e-01 5.137533841487680331e-01 3.528238647402665573e-01 -1.982398042688372775e-01 4.319372652092748344e-01 3.287120470531683658e-01 3.743662563452789249e-01 -5.931176063380207975e-01
1.661967486892315626e+09 -2.186857312917709351e-01 4.952058792114257812e-01 8.418007493019104004e-01 -4.631223678588867188e-01 5.453901886940002441e-01 4.599997103214263916e-01 5.258018374443054199e-01 5.122574381822480039e-01 3.520330753534747781e-01 -1.977954864408194569e-01 4.309691577788399286e-01 3.279752998427426514e-01 3.735271836751024588e-01 -5.917882430066727650e-01
1.661967486923232555e+09 -2.342991977930068970e-01 4.977133274078369141e-01 8.459016680717468262e-01 -4.620955884456634521e-01 5.400865674018859863e-01 4.611072540283203125e-01 5.311821103096008301e-01 5.284037205155571737e-01 3.633670879973989742e-01 -2.041636850595968389e-01 4.448445866103616919e-01 3.385347513703538258e-01 3.855532179287603500e-01 -6.108413828914029953e-01
1.661967486954655647e+09 -2.499563395977020264e-01 4.999407827854156494e-01 8.499562740325927734e-01 -4.609713852405548096e-01 5.349157452583312988e-01 4.621018767356872559e-01 5.365000963211059570e-01 5.195631871125401258e-01 3.575139769652240229e-01 -2.008750198038186108e-01 4.376790373806713763e-01 3.330816392050797714e-01 3.793427330832976896e-01 -6.010019600179300481e-01
