1.661967493844352961e+09 1.378528122206244648e-16 -2.367949187755584717e-01 1.128897309303283691e+00 -6.125128269195556641e-01 6.125135421752929688e-01 3.533097505569458008e-01 3.533093035221099854e-01 0.000000000000000000e+00 0.000000000000000000e+00 0.000000000000000000e+00 0.000000000000000000e+00 0.000000000000000000e+00 0.000000000000000000e+00 0.000000000000000000e+00
1.661967495569768906e+09 1.517306000284389216e-16 -2.367949187755584717e-01 1.128897309303283691e+00 -6.125128269195556641e-01 6.125135421752929688e-01 3.533097505569458008e-01 3.533093035221099854e-01 8.043154954956302021e-18 0.000000000000000000e+00 0.000000000000000000e+00 0.000000000000000000e+00 0.000000000000000000e+00 -6.434523963965041617e-17 0.000000000000000000e+00
1.661967495596207142e+09 -4.001751542091369629e-03 -2.224522083997726440e-01 1.128053784370422363e+00 6.163249015808105469e-01 -6.087396144866943359e-01 -3.542245924472808838e-01 -3.522849380970001221e-01 5.641217979019310658e-01 1.535465400389085522e-01 -9.511291983692834462e-01 4.329154030830494326e-01 3.274079790504410559e-01 5.108159076843055146e-01 -5.084025248416932374e-01
1.661967495627124548e+09 -8.079566992819309235e-03 -2.080491483211517334e-01 1.126847982406616211e+00 6.200363039970397949e-01 -6.050068736076354980e-01 -3.551067113876342773e-01 -3.513131141662597656e-01 4.857354064751256972e-01 1.313014322116841937e-01 -8.133340284489141148e-01 3.701966350847198384e-01 2.799746354164840967e-01 4.368112772744039418e-01 -4.347475341016131534e-01
1.661967495658041239e+09 -1.223370898514986038e-02 -1.935951113700866699e-01 1.125275850296020508e+00 6.236494779586791992e-01 -6.013166904449462891e-01 -3.559539616107940674e-01 -3.503945767879486084e-01 4.890918161033583900e-01 1.313044698622281292e-01 -8.133528448815479095e-01 3.702051995610481372e-01 2.799811126124235328e-01 4.368213828763872764e-01 -4.347575919590307980e-01
1.661967495689464808e+09 -1.646431535482406616e-02 -1.790996193885803223e-01 1.123333811759948730e+00 6.271669268608093262e-01 -5.976700782775878906e-01 -3.567641675472259521e-01 -3.495302796363830566e-01 4.844966155206609226e-01 1.291864630114914203e-01 -8.002330562000605774e-01 3.642336043086445430e-01 2.754648770630000465e-01 4.297752352284757715e-01 -4.277447342920704942e-01
1.661967495720381260e+09 -2.077138610184192657e-02 -1.645722985267639160e-01 1.121018409729003906e+00 6.305911540985107422e-01 -5.940681099891662598e-01 -3.575352132320404053e-01 -3.487210869789123535e-01 4.957956232788715556e-01 1.313054824436442891e-01 -8.133591172192348173e-01 3.702080544745579571e-01 2.799832717443369590e-01 4.368247515142908988e-01 -4.347609446815864365e-01
1.661967495751298666e+09 -2.515479177236557007e-02 -1.500229090452194214e-01 1.118326425552368164e+00 6.339247226715087891e-01 -5.905118584632873535e-01 -3.582648634910583496e-01 -3.479676842689514160e-01 4.991354032814248609e-01 1.313014322116832777e-01 -8.133340284489141148e-01 3.701966350847054610e-01 2.799746354164823203e-01 4.368112772743985572e-01 -4.347475341016131534e-01
1.661967495782721758e+09 -2.961426600813865662e-02 -1.354612857103347778e-01 1.115254998207092285e+00 6.371700763702392578e-01 -5.870020389556884766e-01 -3.589510917663574219e-01 -3.472706973552703857e-01 4.944074863116899587e-01 1.291884233821042061e-01 -8.002451995263193396e-01 3.642391314578461992e-01 2.754690571700909030e-01 4.297817569546779626e-01 -4.277512252059618159e-01
1.661967495813639402e+09 -3.414940461516380310e-02 -1.208973899483680725e-01 1.111801385879516602e+00 6.403298974037170410e-01 -5.835396051406860352e-01 -3.595916330814361572e-01 -3.466309309005737305e-01 5.058521322184750257e-01 1.313004196927356204e-01 -8.133277564981568064e-01 3.701937803473168143e-01 2.799724764177686787e-01 4.368079088443116431e-01 -4.347441815858888448e-01
1.661967495844556093e+09 -3.875966742634773254e-02 -1.063412874937057495e-01 1.107963204383850098e+00 6.434068083763122559e-01 -5.801250934600830078e-01 -3.601843118667602539e-01 -3.460489213466644287e-01 5.092320397297567247e-01 1.313044698622281292e-01 -8.133528448815479095e-01 3.702051995610481372e-01 2.799811126124235328e-01 4.368213828763908846e-01 -4.347575919590307980e-01
1.661967495875979662e+09 -4.344436526298522949e-02 -9.180310368537902832e-02 1.103738069534301758e+00 6.464033722877502441e-01 -5.767590999603271484e-01 -3.607270717620849609e-01 -3.455251455307006836e-01 5.043326580120424119e-01 1.291864630114914203e-01 -8.002330562000746772e-01 3.642336043086516484e-01 2.754648770630000465e-01 4.297752352284722743e-01 -4.277447342920704942e-01
1.661967495907894850e+09 -4.820267111063003540e-02 -7.729306071996688843e-02 1.099124073982238770e+00 6.493220925331115723e-01 -5.734421610832214355e-01 -3.612177073955535889e-01 -3.450602293014526367e-01 4.998300999132196942e-01 1.271964846253198778e-01 -7.879063274653665960e-01 3.586229777523072260e-01 2.712216371853339858e-01 4.231550104070772589e-01 -4.211557871516553586e-01
1.661967495937814474e+09 -5.303362011909484863e-02 -6.282144039869308472e-02 1.094119548797607422e+00 6.521658301353454590e-01 -5.701748132705688477e-01 -3.616541028022766113e-01 -3.446545004844665527e-01 5.366544062310030228e-01 1.356801694523520896e-01 -8.404576929777907157e-01 3.825422261807946422e-01 2.893114365609234517e-01 4.513783827105542490e-01 -4.492458163045879860e-01
1.661967495968732119e+09 -5.793609097599983215e-02 -4.839859902858734131e-02 1.088723063468933105e+00 6.549371480941772461e-01 -5.669571757316589355e-01 -3.620341122150421143e-01 -3.443083167076110840e-01 5.227079348046984597e-01 1.313004196927356204e-01 -8.133277564981711283e-01 3.701937803473168143e-01 2.799724764177686787e-01 4.368079088443116431e-01 -4.347441815858906211e-01
1.661967495999649763e+09 -6.290882825851440430e-02 -3.403494134545326233e-02 1.082933306694030762e+00 6.576386094093322754e-01 -5.637895464897155762e-01 -3.623556792736053467e-01 -3.440220952033996582e-01 5.260887628077919320e-01 1.313004196927356204e-01 -8.133277564981711283e-01 3.701937803473168143e-01 2.799724764177686787e-01 4.368079088443116431e-01 -4.347441815858906211e-01
1.661967496031564713e+09 -6.795042753219604492e-02 -1.974092796444892883e-02 1.076749563217163086e+00 6.602728962898254395e-01 -5.606721043586730957e-01 -3.626166582107543945e-01 -3.437960743904113770e-01 5.129241669855781893e-01 1.271974348384850850e-01 -7.879122134689564572e-01 3.586256568222281893e-01 2.712236633291487120e-01 4.231581715593967785e-01 -4.211589333689042536e-01
1.661967496063479900e+09 -7.305932790040969849e-02 -5.527049768716096878e-03 1.070170998573303223e+00 6.628426909446716309e-01 -5.576047897338867188e-01 -3.628148734569549561e-01 -3.436304330825805664e-01 5.161996255700115332e-01 1.271964846253207382e-01 -7.879063274653735904e-01 3.586229777523072260e-01 2.712216371853357066e-01 4.231550104070807561e-01 -4.211557871516571350e-01
1.661967496093399048e+09 -7.823383808135986328e-02 8.596163243055343628e-03 1.063197255134582520e+00 6.653505563735961914e-01 -5.545876026153564453e-01 -3.629483878612518311e-01 -3.435254096984863281e-01 5.541373936092778285e-01 1.356823318584315097e-01 -8.404710877932093371e-01 3.825483229570506571e-01 2.893160474691481854e-01 4.513855765647691309e-01 -4.492529761709726510e-01
1.661967496125313282e+09 -8.347210288047790527e-02 2.261815965175628662e-02 1.055828332901000977e+00 6.677992343902587891e-01 -5.516204237937927246e-01 -3.630150556564331055e-01 -3.434810936450958252e-01 5.227770371664801630e-01 1.272002855631682028e-01 -7.879298720074245921e-01 3.586336942721343179e-01 2.712297419422328715e-01 4.231676552997403751e-01 -4.211683723027023207e-01
1.661967496157228947e+09 -8.877212554216384888e-02 3.652837127447128296e-02 1.048064231872558594e+00 6.701911687850952148e-01 -5.487029552459716797e-01 -3.630128502845764160e-01 -3.434974849224090576e-01 5.260379319104412366e-01 1.271945842415777850e-01 -7.878945557219932949e-01 3.586176197325665060e-01 2.712175849885212764e-01 4.231486882441331532e-01 -4.211494948581778752e-01
1.661967496189143181e+09 -9.413176029920578003e-02 5.031622201204299927e-02 1.039905428886413574e+00 6.725291609764099121e-01 -5.458349585533142090e-01 -3.629397451877593994e-01 -3.435746431350708008e-01 5.293463881842548346e-01 1.272002855631673424e-01 -7.879298720074175977e-01 3.586336942721343179e-01 2.712297419422328715e-01 4.231676552997385987e-01 -4.211683723027005444e-01
1.661967496221058130e+09 -9.954871982336044312e-02 6.397113949060440063e-02 1.031352639198303223e+00 6.748156547546386719e-01 -5.430158376693725586e-01 -3.627937436103820801e-01 -3.437125384807586670e-01 5.326200543408714516e-01 1.271974348384863895e-01 -7.879122134689703350e-01 3.586256568222281893e-01 2.712236633291496002e-01 4.231581715593984994e-01 -4.211589333689059744e-01
1.661967496251976013e+09 -1.050205752253532410e-01 7.748255878686904907e-02 1.022406935691833496e+00 6.770532727241516113e-01 -5.402453541755676270e-01 -3.625727891921997070e-01 -3.439110219478607178e-01 5.531869698130726931e-01 1.312994071894028336e-01 -8.133214846441514378e-01 3.701909256539559490e-01 2.799703174523508475e-01 4.368045404661732301e-01 -4.347408291218711196e-01
1.661967496282892466e+09 -1.105447262525558472e-01 9.083993732929229736e-02 1.013069391250610352e+00 6.792446374893188477e-01 -5.375226140022277832e-01 -3.622749447822570801e-01 -3.441699445247650146e-01 5.566065090186015363e-01 1.313054824436434009e-01 -8.133591172192277119e-01 3.702080544745579571e-01 2.799832717443379027e-01 4.368247515142908988e-01 -4.347609446815864365e-01
1.661967496314808607e+09 -1.161184459924697876e-01 1.040327474474906921e-01 1.003341674804687500e+00 6.813921332359313965e-01 -5.348472595214843750e-01 -3.618983626365661621e-01 -3.444891571998596191e-01 5.424573944452106833e-01 1.271926839146199362e-01 -7.878827843303739531e-01 3.586122618729198352e-01 2.712135329127872141e-01 4.231423662700940502e-01 -4.211432027527128308e-01
1.661967496346721888e+09 -1.217388659715652466e-01 1.170505136251449585e-01 9.932255744934082031e-01 6.834982633590698242e-01 -5.322182178497314453e-01 -3.614410161972045898e-01 -3.448683321475982666e-01 5.457916934885223004e-01 1.272040867281857002e-01 -7.879534179566530794e-01 3.586444114324514043e-01 2.712378471835238947e-01 4.231803009481423516e-01 -4.211809582059210522e-01
1.661967496378636360e+09 -1.274029612541198730e-01 1.298827826976776123e-01 9.827232360839843750e-01 6.855656504631042480e-01 -5.296348929405212402e-01 -3.609010279178619385e-01 -3.453072011470794678e-01 5.490547059607283620e-01 1.271993353074098165e-01 -7.879239857399868985e-01 3.586310150821407916e-01 2.712277157075983491e-01 4.231644940057272541e-01 -4.211652259444275126e-01
1.661967496408556223e+09 -1.331075876951217651e-01 1.425191760063171387e-01 9.718369841575622559e-01 6.875966191291809082e-01 -5.270961523056030273e-01 -3.602765798568725586e-01 -3.458053469657897949e-01 5.891598859054002491e-01 1.356790882751597871e-01 -8.404509957301914413e-01 3.825391778655331532e-01 2.893091311619246375e-01 4.513747858694339699e-01 -4.492422364569746973e-01
1.661967496440471888e+09 -1.388494223356246948e-01 1.549493670463562012e-01 9.605695605278015137e-01 6.895936131477355957e-01 -5.246009826660156250e-01 -3.595657348632812500e-01 -3.463624119758605957e-01 5.555974828962970680e-01 1.271945842415773686e-01 -7.878945557220002893e-01 3.586176197325665060e-01 2.712175849885212764e-01 4.231486882441314323e-01 -4.211494948581778752e-01
1.661967496472387075e+09 -1.446250379085540771e-01 1.671631038188934326e-01 9.489238858222961426e-01 6.915589570999145508e-01 -5.221484303474426270e-01 -3.587667942047119141e-01 -3.469778597354888916e-01 5.588842395912786420e-01 1.271964846253198778e-01 -7.879063274653735904e-01 3.586229777523072260e-01 2.712216371853357066e-01 4.231550104070824769e-01 -4.211557871516571350e-01
1.661967496530231714e+09 -1.504308581352233887e-01 1.791501939296722412e-01 9.369031190872192383e-01 6.934950351715087891e-01 -5.197371244430541992e-01 -3.578779101371765137e-01 -3.476512432098388672e-01 3.101666902178407681e-01 7.017935942475236888e-02 -4.347192574630444062e-01 1.978665599744466042e-01 1.496437642586418704e-01 2.334714489572596030e-01 -2.323683979741605898e-01
1.661967496567132711e+09 -1.562631577253341675e-01 1.909005492925643921e-01 9.245108962059020996e-01 6.954040527343750000e-01 -5.173659920692443848e-01 -3.568974435329437256e-01 -3.483819365501403809e-01 4.890350025628509290e-01 1.100105691195844976e-01 -6.814498352899641676e-01 3.101683037711718827e-01 2.345760321300955631e-01 3.659812113346735396e-01 -3.642521093962510226e-01
1.661967496598050117e+09 -1.621181070804595947e-01 2.024041861295700073e-01 9.117509722709655762e-01 6.972882151603698730e-01 -5.150335431098937988e-01 -3.558235168457031250e-01 -3.491694033145904541e-01 5.870544155528473196e-01 1.313014322116832777e-01 -8.133340284489141148e-01 3.701966350847054610e-01 2.799746354164840967e-01 4.368112772744012218e-01 -4.347475341016131534e-01
1.661967496629965067e+09 -1.679917275905609131e-01 2.136511951684951782e-01 8.986274003982543945e-01 6.991499066352844238e-01 -5.127383470535278320e-01 -3.546545207500457764e-01 -3.500128388404846191e-01 5.719698992013079186e-01 1.271974348384868336e-01 -7.879122134689633405e-01 3.586256568222281893e-01 2.712236633291504329e-01 4.231581715593993875e-01 -4.211589333689077508e-01
1.661967496660882711e+09 -1.738799214363098145e-01 2.246318161487579346e-01 8.851445913314819336e-01 7.009910941123962402e-01 -5.104790329933166504e-01 -3.533888757228851318e-01 -3.509116470813751221e-01 5.937840505363330967e-01 1.313004196927356204e-01 -8.133277564981711283e-01 3.701937803473168143e-01 2.799724764177686787e-01 4.368079088443116431e-01 -4.347441815858888448e-01
1.661967496691799879e+09 -1.797784566879272461e-01 2.353363782167434692e-01 8.713071346282958984e-01 7.028139829635620117e-01 -5.082538723945617676e-01 -3.520249128341674805e-01 -3.518649637699127197e-01 5.971528368483270954e-01 1.313024447462488864e-01 -8.133403004963826177e-01 3.701994898661301048e-01 2.799767944484978788e-01 4.368146457564431873e-01 -4.347508866690453222e-01
1.661967496722717524e+09 -1.856829673051834106e-01 2.457553446292877197e-01 8.571199178695678711e-01 7.046205401420593262e-01 -5.060613155364990234e-01 -3.505610823631286621e-01 -3.528721034526824951e-01 6.004975434043287041e-01 1.313004196927356204e-01 -8.133277564981711283e-01 3.701937803473168143e-01 2.799724764177686787e-01 4.368079088443125313e-01 -4.347441815858906211e-01
1.661967496753634453e+09 -1.915890127420425415e-01 2.558793723583221436e-01 8.425882458686828613e-01 7.064128518104553223e-01 -5.038996934890747070e-01 -3.489958643913269043e-01 -3.539320528507232666e-01 6.038571301484839671e-01 1.313034572964300872e-01 -8.133465726405930685e-01 3.702023446915773119e-01 2.799789535138107466e-01 4.368180142904378727e-01 -4.347542392881829643e-01
1.661967496785066605e+09 -1.974919885396957397e-01 2.656991481781005859e-01 8.277174830436706543e-01 7.081927061080932617e-01 -5.017671585083007812e-01 -3.473276793956756592e-01 -3.550440371036529541e-01 5.972438231292280797e-01 1.291511865113821045e-01 -8.000145393304477492e-01 3.641341442995794098e-01 2.753896568228966779e-01 4.296578779932094250e-01 -4.276279315186680696e-01
1.661967496817981243e+09 -2.033872008323669434e-01 2.752056419849395752e-01 8.125133514404296875e-01 7.099620103836059570e-01 -4.996619224548339844e-01 -3.455553054809570312e-01 -3.562070429325103760e-01 5.734747400551238883e-01 1.233341723160109038e-01 -7.639816072491187882e-01 3.477334162565393627e-01 2.629860112485216672e-01 4.103059382785912979e-01 -4.083674212967053352e-01
1.661967496849896669e+09 -2.092698663473129272e-01 2.843899428844451904e-01 7.969819903373718262e-01 7.117226719856262207e-01 -4.975819885730743408e-01 -3.436771035194396973e-01 -3.574200570583343506e-01 5.946471437867265619e-01 1.271955344263497323e-01 -7.879004415497106173e-01 3.586202987224203498e-01 2.712196110717911557e-01 4.231518493019922333e-01 -4.211526409814130290e-01
1.661967496880812407e+09 -2.151350528001785278e-01 2.932432293891906738e-01 7.811295390129089355e-01 7.134763598442077637e-01 -4.955253899097442627e-01 -3.416917324066162109e-01 -3.586820065975189209e-01 6.171910001481295538e-01 1.313085202815970354e-01 -8.133779348127542219e-01 3.702166194792885778e-01 2.799897493398890158e-01 4.368348577397442867e-01 -4.347710031595194979e-01
1.661967496911727190e+09 -2.209777384996414185e-01 3.017570078372955322e-01 7.649626135826110840e-01 7.152247428894042969e-01 -4.934902191162109375e-01 -3.395980298519134521e-01 -3.599918782711029053e-01 6.205150469308523542e-01 1.313125709508618510e-01 -8.134030262919262899e-01 3.702280401021106893e-01 2.799983866002144772e-01 4.368483334344591684e-01 -4.347844151874458718e-01
1.661967496942643881e+09 -2.267928570508956909e-01 3.099228441715240479e-01 7.484879493713378906e-01 7.169694304466247559e-01 -4.914742708206176758e-01 -3.373946547508239746e-01 -3.613485991954803467e-01 6.237729487556359365e-01 1.313044698622281292e-01 -8.133528448815479095e-01 3.702051995610481372e-01 2.799811126124235328e-01 4.368213828763872764e-01 -4.347575919590271898e-01
1.661967496974558353e+09 -2.325751781463623047e-01 3.177325427532196045e-01 7.317126393318176270e-01 7.187119722366333008e-01 -4.894753992557525635e-01 -3.350803256034851074e-01 -3.627508282661437988e-01 6.074527099174091838e-01 1.271993353074098165e-01 -7.879239857399868985e-01 3.586310150821407916e-01 2.712277157075983491e-01 4.231644940057276982e-01 -4.211652259444292890e-01
1.661967497006473541e+09 -2.383194267749786377e-01 3.251781463623046875e-01 7.146440148353576660e-01 7.204537987709045410e-01 -4.874914586544036865e-01 -3.326539099216461182e-01 -3.641974925994873047e-01 6.106096914559415723e-01 1.271964846253198778e-01 -7.879063274653701487e-01 3.586229777523072260e-01 2.712216371853339858e-01 4.231550104070803120e-01 -4.211557871516553586e-01
1.661967497038388729e+09 -2.440202236175537109e-01 3.322518765926361084e-01 6.972895860671997070e-01 7.221964001655578613e-01 -4.855201244354248047e-01 -3.301142454147338867e-01 -3.656871616840362549e-01 6.137702286795271300e-01 1.271964846253198778e-01 -7.879063274653701487e-01 3.586229777523142204e-01 2.712216371853357066e-01 4.231550104070807561e-01 -4.211557871516588558e-01
1.661967497069305420e+09 -2.496721297502517700e-01 3.389461338520050049e-01 6.796572208404541016e-01 7.239410281181335449e-01 -4.835592210292816162e-01 -3.274603486061096191e-01 -3.672188222408294678e-01 6.368410523339032014e-01 1.313044698622281292e-01 -8.133528448815442458e-01 3.702051995610481372e-01 2.799811126124235328e-01 4.368213828763872764e-01 -4.347575919590271898e-01
1.661967497099225283e+09 -2.552696168422698975e-01 3.452536463737487793e-01 6.617549657821655273e-01 7.256889939308166504e-01 -4.816062152385711670e-01 -3.246909976005554199e-01 -3.687908053398132324e-01 6.614024499150829017e-01 1.356790882751593430e-01 -8.404509957301951051e-01 3.825391778655405917e-01 2.893091311619246375e-01 4.513747858694321380e-01 -4.492422364569765292e-01
1.661967497130142689e+09 -2.608070969581604004e-01 3.511672616004943848e-01 6.435911059379577637e-01 7.274414300918579102e-01 -4.796588420867919922e-01 -3.218053877353668213e-01 -3.704020082950592041e-01 6.432848420627957919e-01 1.313014322116841937e-01 -8.133340284489105620e-01 3.701966350847054610e-01 2.799746354164840967e-01 4.368112772744021099e-01 -4.347475341016131534e-01
1.661967497162057161e+09 -2.608070969581604004e-01 3.511672616004943848e-01 6.435911059379577637e-01 7.274414300918579102e-01 -4.796588420867919922e-01 -3.218053877353668213e-01 -3.704020082950592041e-01 0.000000000000000000e+00 0.000000000000000000e+00 0.000000000000000000e+00 0.000000000000000000e+00 0.000000000000000000e+00 0.000000000000000000e+00 0.000000000000000000e+00
1.661967497193971634e+09 -2.617144286632537842e-01 3.637762665748596191e-01 6.559473872184753418e-01 7.131630778312683105e-01 -4.839099049568176270e-01 -3.326560556888580322e-01 -3.828440904617309570e-01 5.538969349034420508e-01 2.458524062986949810e-02 -1.349526839543378487e-01 6.100015231822991657e-01 6.021107336266728893e-01 8.170017841993436614e-01 1.045242956505813663e-02
1.661967497225886345e+09 -2.623888552188873291e-01 3.759633302688598633e-01 6.684673428535461426e-01 6.985183954238891602e-01 -4.880435764789581299e-01 -3.432552218437194824e-01 -3.950461149215698242e-01 5.478695476215175164e-01 2.458505696603604379e-02 -1.349516757914550613e-01 6.099969661710695767e-01 6.021062355635201646e-01 8.169956807944133148e-01 1.045235148027130745e-02
1.661967497257801294e+09 -2.628334760665893555e-01 3.877215087413787842e-01 6.811313033103942871e-01 6.835169196128845215e-01 -4.920620322227478027e-01 -3.535967767238616943e-01 -4.069997668266296387e-01 5.416474875475797424e-01 2.458487330494842429e-02 -1.349506676436281749e-01 6.099924092279258581e-01 6.021017375675723482e-01 8.169895774806698041e-01 1.045227339665113185e-02
1.661967497289225578e+09 -2.630518376827239990e-01 3.990447223186492920e-01 6.939194798469543457e-01 6.681689620018005371e-01 -4.959675073623657227e-01 -3.636747300624847412e-01 -4.186970293521881104e-01 5.435975380227596743e-01 2.496874673166544698e-02 -1.370578159939013219e-01 6.195169600969582246e-01 6.115030818155338110e-01 8.297462260429575576e-01 1.061547741059852383e-02
1.661967497320142508e+09 -2.630480229854583740e-01 4.099276661872863770e-01 7.068121433258056641e-01 6.524847149848937988e-01 -4.997621476650238037e-01 -3.734832108020782471e-01 -4.301300048828125000e-01 5.457155146353276365e-01 2.537849026777393158e-02 -1.393069698973873893e-01 6.296833922626590141e-01 6.215380041837887948e-01 8.433625743677669595e-01 1.078968011682013804e-02
1.661967497351061106e+09 -2.628265321254730225e-01 4.203660190105438232e-01 7.197894454002380371e-01 6.364748477935791016e-01 -5.034483075141906738e-01 -3.830164968967437744e-01 -4.412912130355834961e-01 5.387012976497951300e-01 2.537712038273392742e-02 -1.392994503589100597e-01 6.296494030910949613e-01 6.215044546855601482e-01 8.433170511801170166e-01 1.078909770939002512e-02
1.661967497380980968e+09 -2.623923420906066895e-01 4.303562343120574951e-01 7.328316569328308105e-01 6.201501488685607910e-01 -5.070284605026245117e-01 -3.922691941261291504e-01 -4.521734118461608887e-01 5.492833411574018498e-01 2.622421749000808378e-02 -1.439493144752592713e-01 6.506673192262467653e-01 6.422504896092435800e-01 8.714672677451327232e-01 1.114924154454126695e-02
1.661967497412406206e+09 -2.617509663105010986e-01 4.398956596851348877e-01 7.459190487861633301e-01 6.035218238830566406e-01 -5.105050802230834961e-01 -4.012359380722045898e-01 -4.627695977687835693e-01 5.157564975737067847e-01 2.496798899507386704e-02 -1.370536566452746075e-01 6.194981593667967523e-01 6.114845242857572805e-01 8.297210454007767355e-01 1.061515525843936304e-02
1.661967497444319725e+09 -2.609082758426666260e-01 4.489825069904327393e-01 7.590321302413940430e-01 5.866011977195739746e-01 -5.138807892799377441e-01 -4.099116027355194092e-01 -4.730729758739471436e-01 5.006041227136432958e-01 2.458597531264204716e-02 -1.349567167565214332e-01 6.100197519081048680e-01 6.021287265513638465e-01 8.170261987310144525e-01 1.045274191587252689e-02
1.661967497474239826e+09 -2.598706185817718506e-01 4.576157927513122559e-01 7.721515297889709473e-01 5.693998336791992188e-01 -5.171582102775573730e-01 -4.182912707328796387e-01 -4.830772578716278076e-01 5.260479920785111618e-01 2.622400852210930028e-02 -1.439481674139298228e-01 6.506621343782122979e-01 6.422453718307872261e-01 8.714603234508417895e-01 1.114915270171575740e-02
1.661967497505664587e+09 -2.586447596549987793e-01 4.657953977584838867e-01 7.852582335472106934e-01 5.519295334815979004e-01 -5.203400254249572754e-01 -4.263701736927032471e-01 -4.927762746810913086e-01 4.931844947204214180e-01 2.496836785762073657e-02 -1.370557362880328867e-01 6.195075595892369780e-01 6.114938029098502259e-01 8.297336355308215783e-01 1.061531633207478571e-02
1.661967497537578821e+09 -2.572378516197204590e-01 4.735220372676849365e-01 7.983334064483642578e-01 -5.342023968696594238e-01 5.234292149543762207e-01 4.341438710689544678e-01 5.021641850471496582e-01 4.779233276424403321e-01 2.458542429644537328e-02 -1.349536921322872784e-01 6.100060802616228406e-01 6.021152317570321877e-01 8.170078876954696145e-01 1.045250765100816902e-02
1.661967497568495989e+09 -2.556574642658233643e-01 4.807972013950347900e-01 8.113586306571960449e-01 -5.162305235862731934e-01 5.264284610748291016e-01 4.416079223155975342e-01 5.112355947494506836e-01 4.852558513419178987e-01 2.537829456085706828e-02 -1.393058956279047411e-01 6.296785364420508513e-01 6.215332111765693446e-01 8.433560707543411583e-01 1.078959691191212766e-02
1.661967497599921227e+09 -2.539115250110626221e-01 4.876232147216796875e-01 8.243158459663391113e-01 -4.980262219905853271e-01 5.293405055999755859e-01 4.487580358982086182e-01 5.199853181838989258e-01 4.693352738087401277e-01 2.496798899507386704e-02 -1.370536566452746075e-01 6.194981593667967523e-01 6.114845242857572805e-01 8.297210454007767355e-01 1.061515525843936304e-02
1.661967497631836414e+09 -2.520082890987396240e-01 4.940031468868255615e-01 8.371874690055847168e-01 -4.796023070812225342e-01 5.321686267852783203e-01 4.555906057357788086e-01 5.284082889556884766e-01 4.540638397761359024e-01 2.458468964660310424e-02 -1.349496595108707064e-01 6.099878523528662333e-01 6.020972396388281078e-01 8.169834742581161269e-01 1.045219531419758555e-02
1.661967497662753582e+09 -2.499563395977020264e-01 4.999407827854156494e-01 8.499562740325927734e-01 -4.609713852405548096e-01 5.349157452583312988e-01 4.621018767356872559e-01 5.365000963211059570e-01 4.602796970461279780e-01 2.537829456085706828e-02 -1.393058956279011606e-01 6.296785364420508513e-01 6.215332111765693446e-01 8.433560707543411583e-01 1.078959691191212766e-02
