1.661967318030264378e+09 1.378528122206244648e-16 -2.367949187755584717e-01 1.128897309303283691e+00 -6.125128269195556641e-01 6.125135421752929688e-01 3.533097505569458008e-01 3.533093035221099854e-01 0.000000000000000000e+00 0.000000000000000000e+00 0.000000000000000000e+00 0.000000000000000000e+00 0.000000000000000000e+00 0.000000000000000000e+00 0.000000000000000000e+00
1.661967322020682096e+09 1.378528122206244648e-16 -2.367949187755584717e-01 1.128897309303283691e+00 -6.125128269195556641e-01 6.125135421752929688e-01 3.533097505569458008e-01 3.533093035221099854e-01 0.000000000000000000e+00 0.000000000000000000e+00 0.000000000000000000e+00 0.000000000000000000e+00 0.000000000000000000e+00 0.000000000000000000e+00 0.000000000000000000e+00
1.661967322050601482e+09 -8.776348084211349487e-03 -2.246752530336380005e-01 1.129311561584472656e+00 -6.123880147933959961e-01 6.155706048011779785e-01 3.564637899398803711e-01 3.449452817440032959e-01 5.003236049075961978e-01 3.545111796805485715e-01 -7.516614362549998152e-01 4.701841011887099575e-01 1.846289476593276080e-01 2.375638730679097751e-03 4.208858038683980229e-01
1.661967322082516432e+09 -1.781180687248706818e-02 -2.125515341758728027e-01 1.129437208175659180e+00 -6.122280955314636230e-01 6.186268329620361328e-01 3.594544231891632080e-01 3.365562856197357178e-01 4.737855529865874771e-01 3.323444651488612900e-01 -7.046618902972061615e-01 4.407846425939913049e-01 1.730845524141967906e-01 2.227095867737317013e-03 3.945688468878100208e-01
1.661967322131386518e+09 -2.710832655429840088e-02 -2.004345506429672241e-01 1.129271149635314941e+00 -6.120328307151794434e-01 6.216821074485778809e-01 3.622812926769256592e-01 3.281452655792236328e-01 3.125289066294850704e-01 2.170398605168006034e-01 -4.601843401036032621e-01 2.878574713248009953e-01 1.130340687237368219e-01 1.454420419715726038e-03 2.576759250509773613e-01
1.661967322161305666e+09 -3.666751459240913391e-02 -1.883352845907211304e-01 1.128810286521911621e+00 -6.118024587631225586e-01 6.247360706329345703e-01 3.649446368217468262e-01 3.197155296802520752e-01 5.156125599795690073e-01 3.545140046959275870e-01 -7.516674260664290008e-01 4.701878479741355421e-01 1.846304189235540294e-01 2.375657661579812403e-03 4.208891578073881146e-01
1.661967322191225529e+09 -4.649062454700469971e-02 -1.762647926807403564e-01 1.128051757812500000e+00 -6.115368008613586426e-01 6.277886033058166504e-01 3.674442470073699951e-01 3.112699091434478760e-01 5.207556653199769681e-01 3.545055297848622722e-01 -7.516494569185079300e-01 4.701766077970277458e-01 1.846260052012198283e-01 2.375600869779071096e-03 4.208790961507744011e-01
1.661967322222142935e+09 -5.657856166362762451e-02 -1.642342209815979004e-01 1.126993060111999512e+00 -6.112358570098876953e-01 6.308394670486450195e-01 3.697801530361175537e-01 3.028116226196289062e-01 5.089692425017635635e-01 3.430674865187482991e-01 -7.273976518355311782e-01 4.550064625359490633e-01 1.786690875846655979e-01 2.298952628080929220e-03 4.072995243046117486e-01
1.661967322253061295e+09 -6.693186610937118530e-02 -1.522548347711563110e-01 1.125631570816040039e+00 -6.108998656272888184e-01 6.338883638381958008e-01 3.719525635242462158e-01 2.943437397480010986e-01 5.139933069702676827e-01 3.430569046297585745e-01 -7.273752153135405463e-01 4.549924278982528936e-01 1.786635765510506124e-01 2.298881717072282210e-03 4.072869611835918113e-01
1.661967322283977985e+09 -7.755072414875030518e-02 -1.403379589319229126e-01 1.123964905738830566e+00 -6.105285882949829102e-01 6.369352340698242188e-01 3.739614486694335938e-01 2.858692109584808350e-01 5.190840043861892905e-01 3.430754233639104478e-01 -7.274144801353799039e-01 4.550169890824169450e-01 1.786732210829988787e-01 2.299005814204736417e-03 4.073089471540103368e-01
1.661967322315892696e+09 -8.843494951725006104e-02 -1.284949630498886108e-01 1.121990919113159180e+00 -6.101222038269042969e-01 6.399796605110168457e-01 3.758071660995483398e-01 2.773911356925964355e-01 5.077765017007862536e-01 3.323469479253826631e-01 -7.046671544679230514e-01 4.407879354719358433e-01 1.730858454408835956e-01 2.227112505241675162e-03 3.945717945110481240e-01
1.661967322346810341e+09 -9.958399087190628052e-02 -1.167372688651084900e-01 1.119707584381103516e+00 -6.096805930137634277e-01 6.430217027664184570e-01 3.774898946285247803e-01 2.689125835895538330e-01 5.292549398674318839e-01 3.430648409852998793e-01 -7.273920425752652408e-01 4.550029537953494962e-01 1.786677097943882575e-01 2.298934899918649456e-03 4.072963834516967752e-01
1.661967322377728224e+09 -1.109969317913055420e-01 -1.050763502717018127e-01 1.117112874984741211e+00 -6.092040538787841797e-01 6.460608839988708496e-01 3.790101408958435059e-01 2.604366838932037354e-01 5.343718142433585561e-01 3.430621954926527661e-01 -7.273864334015164301e-01 4.549994451088641978e-01 1.786663320253606135e-01 2.298917172026195520e-03 4.072932426472222756e-01
1.661967322409641981e+09 -1.226724833250045776e-01 -9.352370351552963257e-02 1.114205121994018555e+00 -6.086922287940979004e-01 6.490971446037292480e-01 3.803678750991821289e-01 2.519662380218505859e-01 5.226724893150599405e-01 3.323568794024321371e-01 -7.046882119372772646e-01 4.408011074757520742e-01 1.730910177408319095e-01 2.227179057731073965e-03 3.945835854444281199e-01
1.661967322441556931e+09 -1.346089839935302734e-01 -8.209082484245300293e-02 1.110982894897460938e+00 -6.081454157829284668e-01 6.521302461624145508e-01 3.815639317035675049e-01 2.435044199228286743e-01 5.276411634546068763e-01 3.323444651488612900e-01 -7.046618902972131560e-01 4.407846425939773716e-01 1.730845524141963465e-01 2.227095867740795567e-03 3.945688468878100208e-01
1.661967322472474575e+09 -1.468043923377990723e-01 -7.078919559717178345e-02 1.107444763183593750e+00 -6.075635552406311035e-01 6.551598310470581055e-01 3.825985491275787354e-01 2.350541651248931885e-01 5.498223282959556757e-01 3.430648409852998793e-01 -7.273920425752652408e-01 4.550029537953567127e-01 1.786677097943882575e-01 2.298934899915058578e-03 4.072963834516958870e-01
1.661967322503391981e+09 -1.592562943696975708e-01 -5.963030830025672913e-02 1.103589415550231934e+00 -6.069466471672058105e-01 6.581858992576599121e-01 3.834723830223083496e-01 2.266185879707336426e-01 5.549976913930956268e-01 3.430674865187491873e-01 -7.273976518355311782e-01 4.550064625359419024e-01 1.786690875846664861e-01 2.298952628080929220e-03 4.072995243046126368e-01
1.661967322533311844e+09 -1.719619184732437134e-01 -4.862561076879501343e-02 1.099415898323059082e+00 -6.062948107719421387e-01 6.612081527709960938e-01 3.841860294342041016e-01 2.182005792856216431e-01 5.788527384951619448e-01 3.545055297848622722e-01 -7.516494569185153685e-01 4.701766077970351843e-01 1.846260052012203001e-01 2.375600869782782103e-03 4.208790961507744011e-01
1.661967322564737082e+09 -1.849181056022644043e-01 -3.778650984168052673e-02 1.094923377037048340e+00 -6.056080460548400879e-01 6.642263531684875488e-01 3.847400844097137451e-01 2.098030447959899902e-01 5.562237462843723224e-01 3.375235188517432539e-01 -7.156429119627580882e-01 4.476535619676679234e-01 1.757817966474973237e-01 2.261801573142435337e-03 4.007175674527842513e-01
1.661967322596651316e+09 -1.981213241815567017e-01 -2.712436020374298096e-02 1.090110898017883301e+00 -6.048864126205444336e-01 6.672403216361999512e-01 3.851352632045745850e-01 2.014290094375610352e-01 5.527285523787845989e-01 3.323519135897123888e-01 -7.046776830452812224e-01 4.407945213754376756e-01 1.730884315522175643e-01 2.227145780989187203e-03 3.945776898896527496e-01
1.661967322628566027e+09 -2.115676850080490112e-01 -1.665044575929641724e-02 1.084978222846984863e+00 -6.041299104690551758e-01 6.702497601509094238e-01 3.853723704814910889e-01 1.930814832448959351e-01 5.577469612205097071e-01 3.323469479253834957e-01 -7.046671544679230514e-01 4.407879354719358433e-01 1.730858454408840397e-01 2.227112505241675162e-03 3.945717945110498448e-01
1.661967322660481453e+09 -2.252529114484786987e-01 -6.375974044203758240e-03 1.079524755477905273e+00 -6.033384799957275391e-01 6.732546091079711914e-01 3.854521811008453369e-01 1.847632378339767456e-01 5.627624820540739758e-01 3.323394997071014711e-01 -7.046513621917576131e-01 4.407780569856744046e-01 1.730819664187769336e-01 2.227062593481282920e-03 3.945629517734502434e-01
1.661967322691398144e+09 -2.391723692417144775e-01 3.687945660203695297e-03 1.073750376701354980e+00 -6.025124192237854004e-01 6.762545108795166016e-01 3.853756189346313477e-01 1.764773130416870117e-01 5.861294164217770719e-01 3.430754233639104478e-01 -7.274144801353799039e-01 4.550169890824169450e-01 1.786732210829984346e-01 2.299005814208327295e-03 4.073089471540085049e-01
1.661967322721318722e+09 -2.533210515975952148e-01 1.353030838072299957e-02 1.067655086517333984e+00 -6.016515493392944336e-01 6.792493462562561035e-01 3.851434588432312012e-01 1.682264506816864014e-01 6.109978225111104555e-01 3.544970552789867280e-01 -7.516314886297192910e-01 4.701653681573383370e-01 1.846215916899083542e-01 2.375544080700983489e-03 4.208690349752114424e-01
1.661967322752234697e+09 -2.676936388015747070e-01 2.314022742211818695e-02 1.061238884925842285e+00 -6.007561087608337402e-01 6.822388172149658203e-01 3.847569823265075684e-01 1.600136309862136841e-01 5.965043626280529532e-01 3.430833605763188299e-01 -7.274313092139043091e-01 4.550275161159653137e-01 1.786773547725921396e-01 2.299059002793106890e-03 4.073183704394148785e-01
1.661967322783152580e+09 -2.822843492031097412e-01 3.250695019960403442e-02 1.054502248764038086e+00 -5.998259782791137695e-01 6.852228045463562012e-01 3.842169046401977539e-01 1.518416255712509155e-01 6.016340927977983366e-01 3.430621954926537098e-01 -7.273864334015164301e-01 4.549994451088714142e-01 1.786663320253601417e-01 2.298917172029786397e-03 4.072932426472222756e-01
1.661967322814069986e+09 -2.970871329307556152e-01 4.161987081170082092e-02 1.047445535659790039e+00 -5.988612771034240723e-01 6.882010698318481445e-01 3.835244774818420410e-01 1.437132656574249268e-01 6.068014986239824715e-01 3.430674865187482991e-01 -7.273976518355240728e-01 4.550064625359419024e-01 1.786690875846655979e-01 2.298952628080929220e-03 4.072995243046117486e-01
1.661967322844987392e+09 -3.120955824851989746e-01 5.046853050589561462e-02 1.040069580078125000e+00 -5.978620648384094238e-01 6.911733150482177734e-01 3.826807439327239990e-01 1.356313675642013550e-01 6.119450332983410457e-01 3.430674865187482991e-01 -7.273976518355311782e-01 4.550064625359419024e-01 1.786690875846664861e-01 2.298952628077338342e-03 4.072995243046117486e-01
1.661967322874907732e+09 -3.273029327392578125e-01 5.904265120625495911e-02 1.032374978065490723e+00 -5.968283414840698242e-01 6.941394805908203125e-01 3.816869258880615234e-01 1.275986880064010620e-01 6.376403482922904375e-01 3.544998800692594765e-01 -7.516374779638650416e-01 4.701691146441956404e-01 1.846230628368993043e-01 2.375563010093235949e-03 4.208723886469511455e-01
1.661967322906822920e+09 -3.427020311355590820e-01 6.733212620019912720e-02 1.024362802505493164e+00 -5.957602858543395996e-01 6.970992088317871094e-01 3.805442452430725098e-01 1.196179613471031189e-01 6.027378267358364239e-01 3.323419824094345221e-01 -7.046566262051608964e-01 4.407813497652308676e-01 1.730832594068278940e-01 2.227079230488493173e-03 3.945658993086098576e-01
1.661967322937740564e+09 -3.582855165004730225e-01 7.532706111669540405e-02 1.016034245491027832e+00 -5.946577787399291992e-01 7.000524401664733887e-01 3.792539536952972412e-01 1.116918846964836121e-01 6.272807079301134792e-01 3.430648409852998793e-01 -7.273920425752724572e-01 4.550029537953494962e-01 1.786677097943882575e-01 2.298934899915058578e-03 4.072963834516967752e-01
1.661967322967659712e+09 -3.740455210208892822e-01 8.301773667335510254e-02 1.007390618324279785e+00 -5.935211181640625000e-01 7.029988169670104980e-01 3.778175115585327148e-01 1.038231998682022095e-01 6.534567923432204051e-01 3.545140046959257552e-01 -7.516674260664216733e-01 4.701878479741281036e-01 1.846304189235540294e-01 2.375657661579812403e-03 4.208891578073881146e-01
1.661967322998577356e+09 -3.899740278720855713e-01 9.039466828107833862e-02 9.984335303306579590e-01 -5.923501849174499512e-01 7.059382200241088867e-01 3.762362599372863770e-01 9.601453691720962524e-02 6.374030427500630980e-01 3.430648409853017111e-01 -7.273920425752652408e-01 4.550029537953494962e-01 1.786677097943882575e-01 2.298934899918649456e-03 4.072963834516967752e-01
1.661967323030491590e+09 -4.060626029968261719e-01 9.744860976934432983e-02 9.891645312309265137e-01 -5.911450982093811035e-01 7.088704109191894531e-01 3.745115101337432861e-01 8.826856315135955811e-02 6.223678632471623118e-01 3.323519135897123888e-01 -7.046776830452881057e-01 4.407945213754376756e-01 1.730884315522179806e-01 2.227145780985708649e-03 3.945776898896527496e-01
1.661967323061914682e+09 -4.223025143146514893e-01 1.041705310344696045e-01 9.795854687690734863e-01 -5.899060368537902832e-01 7.117951512336730957e-01 3.726448714733123779e-01 8.058785647153854370e-02 6.370132982611345085e-01 3.375465670897260795e-01 -7.156917805814598799e-01 4.476841305806866234e-01 1.757938001389753868e-01 2.261956023245046375e-03 4.007449309795985681e-01
1.661967323092831373e+09 -4.223025143146514893e-01 1.041705310344696045e-01 9.795854687690734863e-01 -5.899060368537902832e-01 7.117951512336730957e-01 3.726448714733123779e-01 8.058785647153854370e-02 0.000000000000000000e+00 0.000000000000000000e+00 0.000000000000000000e+00 0.000000000000000000e+00 0.000000000000000000e+00 0.000000000000000000e+00 0.000000000000000000e+00
1.661967323122750998e+09 -4.049834311008453369e-01 1.116284281015396118e-01 9.592471718788146973e-01 -5.915247797966003418e-01 7.130416035652160645e-01 3.659718930721282959e-01 8.794695138931274414e-02 9.269757115342530662e-01 -4.971719602613562938e-01 -4.218144340283698779e-01 -4.750073317430824060e-01 -2.376845098391932309e-01 5.843778899859866094e-01 -4.729727947529147603e-01
1.661967323154174566e+09 -3.874153494834899902e-01 1.183339431881904602e-01 9.389979839324951172e-01 -5.932308435440063477e-01 7.141646146774291992e-01 3.591782748699188232e-01 9.506326913833618164e-02 8.793996330274579387e-01 -4.733771140904258212e-01 -4.016262287943028753e-01 -4.522732934377994285e-01 -2.263088354229146615e-01 5.564093336124540379e-01 -4.503361301906851910e-01
1.661967323184094429e+09 -3.696262240409851074e-01 1.242835745215415955e-01 9.188500642776489258e-01 -5.950222015380859375e-01 7.151660919189453125e-01 3.522728085517883301e-01 1.019309833645820618e-01 9.200570769875822119e-01 -4.971679985108183319e-01 -4.218110727697092499e-01 -4.750035466129741701e-01 -2.376826158330755667e-01 5.843732333287248171e-01 -4.729690258351683108e-01
1.661967323216008902e+09 -3.516439199447631836e-01 1.294749528169631958e-01 8.988154530525207520e-01 -5.968969464302062988e-01 7.160478234291076660e-01 3.452645540237426758e-01 1.085445433855056763e-01 8.590815774569157126e-01 -4.660956950008451338e-01 -3.954484715640202985e-01 -4.453164903002629349e-01 -2.228277852721149421e-01 5.478507247934126800e-01 -4.434091242212517825e-01
1.661967323247923613e+09 -3.334963619709014893e-01 1.339067816734313965e-01 8.789061307907104492e-01 -5.988529324531555176e-01 7.168118953704833984e-01 3.381627798080444336e-01 1.148989051580429077e-01 8.554428156122247939e-01 -4.660922130368884697e-01 -3.954455173695516912e-01 -4.453131635671813693e-01 -2.228261206390261262e-01 5.478466320791997024e-01 -4.434058117371323937e-01
1.661967323279346704e+09 -3.152113258838653564e-01 1.375788897275924683e-01 8.591338396072387695e-01 -6.008881330490112305e-01 7.174603343009948730e-01 3.309769332408905029e-01 1.209893077611923218e-01 8.649795381360018132e-01 -4.733842974636802148e-01 -4.016323233667363768e-01 -4.522801565661236367e-01 -2.263122695999950917e-01 5.564177769778102522e-01 -4.503429639230699943e-01
1.661967323309266806e+09 -2.968164980411529541e-01 1.404921859502792358e-01 8.395100235939025879e-01 -6.030004024505615234e-01 7.179950475692749023e-01 3.237167596817016602e-01 1.268114894628524780e-01 9.042280777997218078e-01 -4.971640368234188645e-01 -4.218077115646096664e-01 -4.749997615431970077e-01 -2.376807218571417857e-01 5.843685767456725522e-01 -4.729652569774853155e-01
1.661967323341181278e+09 -2.783393859863281250e-01 1.426486670970916748e-01 8.200460672378540039e-01 -6.051871776580810547e-01 7.184184789657592773e-01 3.163919746875762939e-01 1.323614716529846191e-01 8.436285753515890828e-01 -4.660956950008451338e-01 -3.954484715640202985e-01 -4.453164903002629349e-01 -2.228277852721149421e-01 5.478507247934126800e-01 -4.434091242212517825e-01
1.661967323372603416e+09 -2.598073184490203857e-01 1.440513879060745239e-01 8.007532358169555664e-01 -6.074460744857788086e-01 7.187328934669494629e-01 3.090124726295471191e-01 1.376356780529022217e-01 8.525327622468868993e-01 -4.733986648642436457e-01 -4.016445130665143304e-01 -4.522938834476751269e-01 -2.263191382668418294e-01 5.564346644773029427e-01 -4.503566320100518827e-01
1.661967323403521538e+09 -2.412472814321517944e-01 1.447044461965560913e-01 7.816424369812011719e-01 -6.097746491432189941e-01 7.189406752586364746e-01 3.015883564949035645e-01 1.426310539245605469e-01 8.618943346677176987e-01 -4.811158516125703666e-01 -4.081919876240678868e-01 -4.596670271059682400e-01 -2.300085171864592604e-01 5.655054763272782115e-01 -4.576981952431565803e-01
1.661967323434438229e+09 -2.226860672235488892e-01 1.446129828691482544e-01 7.627243995666503906e-01 -6.121702790260314941e-01 7.190442681312561035e-01 2.941298782825469971e-01 1.473448723554611206e-01 8.572454275710468252e-01 -4.811381127837355831e-01 -4.082108746170328706e-01 -4.596882958426667387e-01 -2.300191596522059290e-01 5.655316421959811768e-01 -4.577193728822473440e-01
1.661967323466353178e+09 -2.041501253843307495e-01 1.437831670045852661e-01 7.440098524093627930e-01 -6.146302819252014160e-01 7.190461754798889160e-01 2.866471409797668457e-01 1.517748087644577026e-01 8.257398009399526950e-01 -4.660887311249589104e-01 -3.954425632192213880e-01 -4.453098368838040444e-01 -2.228244560308087763e-01 5.478425394261318138e-01 -4.434024993025061367e-01
1.661967323498268127e+09 -1.856655031442642212e-01 1.422221511602401733e-01 7.255090475082397461e-01 -6.171519756317138672e-01 7.189489603042602539e-01 2.791506350040435791e-01 1.559190750122070312e-01 8.209066706375632849e-01 -4.660887311249589104e-01 -3.954425632192213880e-01 -4.453098368838040444e-01 -2.228244560308087763e-01 5.478425394261318138e-01 -4.434024993025044159e-01
1.661967323529185772e+09 -1.672578454017639160e-01 1.399381011724472046e-01 7.072322368621826172e-01 -6.197324395179748535e-01 7.187553644180297852e-01 2.716507017612457275e-01 1.597761809825897217e-01 8.422492846103577513e-01 -4.811232717740721032e-01 -4.081982830941958129e-01 -4.596741164661852230e-01 -2.300120645656170970e-01 5.655141980144776648e-01 -4.577052542384418277e-01
1.661967323560102463e+09 -1.489523649215698242e-01 1.369400918483734131e-01 6.891893744468688965e-01 -6.223686337471008301e-01 7.184681296348571777e-01 2.641576230525970459e-01 1.633450537919998169e-01 8.369940287293317072e-01 -4.811381127837355831e-01 -4.082108746170328706e-01 -4.596882958426667387e-01 -2.300191596522054849e-01 5.655316421959811768e-01 -4.577193728822473440e-01
1.661967323592016935e+09 -1.307738125324249268e-01 1.332381665706634521e-01 6.713901758193969727e-01 -6.250576972961425781e-01 7.180899977684020996e-01 2.566819787025451660e-01 1.666251718997955322e-01 8.055731932178742394e-01 -4.660956950008446897e-01 -3.954484715640202985e-01 -4.453164903002629349e-01 -2.228277852721153862e-01 5.478507247934126800e-01 -4.434091242212526707e-01
1.661967323623931646e+09 -1.307738125324249268e-01 1.332381665706634521e-01 6.713901758193969727e-01 -6.250576972961425781e-01 7.180899977684020996e-01 2.566819787025451660e-01 1.666251718997955322e-01 0.000000000000000000e+00 0.000000000000000000e+00 0.000000000000000000e+00 0.000000000000000000e+00 4.348398394850396483e-16 -1.739359357940158593e-15 -1.739359357940158593e-15
1.661967323655846357e+09 -1.346743404865264893e-01 1.435523033142089844e-01 6.747500896453857422e-01 -6.251566410064697266e-01 7.134225368499755859e-01 2.657040357589721680e-01 1.720722466707229614e-01 3.611988332463354490e-01 6.359403891297563116e-02 -2.282871288933479292e-01 4.063622176717178180e-01 4.240233384765358937e-01 5.095468443256925273e-01 -5.386955206002295160e-01
1.661967323687762022e+09 -1.385204941034317017e-01 1.537776738405227661e-01 6.781700849533081055e-01 -6.250911355018615723e-01 7.087314724922180176e-01 2.745732665061950684e-01 1.776800602674484253e-01 3.586826944974008113e-01 6.359213865483563655e-02 -2.282803074289026513e-01 4.063500751324937710e-01 4.240106682040660213e-01 5.095316185190731373e-01 -5.386794237998734358e-01
1.661967323718678951e+09 -1.423110514879226685e-01 1.639116555452346802e-01 6.816475391387939453e-01 -6.248614192008972168e-01 7.040209174156188965e-01 2.832855582237243652e-01 1.834447532892227173e-01 3.675913719777662569e-01 6.564640870553968555e-02 -2.356546371595344136e-01 4.194767415271800637e-01 4.377078395100759134e-01 5.259914446226119367e-01 -5.560808358399593754e-01
1.661967323749596834e+09 -1.460448801517486572e-01 1.739516705274581909e-01 6.851798295974731445e-01 -6.244676113128662109e-01 6.992950439453125000e-01 2.918365597724914551e-01 1.893622577190399170e-01 3.648116686391758567e-01 6.564438381612225371e-02 -2.356473682991352125e-01 4.194638026013166598e-01 4.376943382387980530e-01 5.259752202086475092e-01 -5.560636833068288709e-01
1.661967323781511068e+09 -1.497208774089813232e-01 1.838951855897903442e-01 6.887640953063964844e-01 -6.239097118377685547e-01 6.945581436157226562e-01 3.002220988273620605e-01 1.954285055398941040e-01 3.506514773085427916e-01 6.359498908463384614e-02 -2.282905397784484591e-01 4.063682892134730662e-01 4.240296738967310741e-01 5.095544575702366519e-01 -5.387035693611642584e-01
1.661967323813426018e+09 -1.533380448818206787e-01 1.937397718429565430e-01 6.923975348472595215e-01 -6.231882572174072266e-01 6.898144483566284180e-01 3.084380626678466797e-01 2.016393095254898071e-01 3.477876232663150158e-01 6.359356383779338207e-02 -2.282854234890119016e-01 4.063591819688792683e-01 4.240201708374290446e-01 5.095430377887266715e-01 -5.386914963099468379e-01
1.661967323844343185e+09 -1.568954139947891235e-01 2.034830003976821899e-01 6.960772871971130371e-01 -6.223036050796508789e-01 6.850681304931640625e-01 3.164805471897125244e-01 2.079903781414031982e-01 3.559745142029458465e-01 6.564590247147397695e-02 -2.356528199023922854e-01 4.194735067208746893e-01 4.377044641141698555e-01 5.259873884252845855e-01 -5.560765476074734925e-01
1.661967323875260353e+09 -1.603920906782150269e-01 2.131225615739822388e-01 6.998004317283630371e-01 -6.212564110755920410e-01 6.803233623504638672e-01 3.243456780910491943e-01 2.144773602485656738e-01 3.528510919403242130e-01 6.564590247147532309e-02 -2.356528199023994741e-01 4.194735067208746893e-01 4.377044641141663028e-01 5.259873884252845855e-01 -5.560765476074698288e-01
1.661967323906177521e+09 -1.638272702693939209e-01 2.226561754941940308e-01 7.035639882087707520e-01 -6.200473308563232422e-01 6.755844354629516602e-01 3.320296108722686768e-01 2.210959047079086304e-01 3.496417015548299867e-01 6.564590247147353286e-02 -2.356528199023922854e-01 4.194735067208746893e-01 4.377044641141698555e-01 5.259873884252845855e-01 -5.560765476074734925e-01
1.661967323936098099e+09 -1.672001779079437256e-01 2.320816218852996826e-01 7.073648571968078613e-01 -6.186770796775817871e-01 6.708555817604064941e-01 3.395287692546844482e-01 2.278414070606231689e-01 3.578821706345932663e-01 6.783242532742810027e-02 -2.435019050301488186e-01 4.334452608651761518e-01 4.522834519703344269e-01 5.435068893146969282e-01 -5.745982532315510039e-01
1.661967323967015743e+09 -1.705101430416107178e-01 2.413967847824096680e-01 7.111999392509460449e-01 -6.171468496322631836e-01 6.661408543586730957e-01 3.468396365642547607e-01 2.347093373537063599e-01 3.429622044522629976e-01 6.564489002676565654e-02 -2.356491854721897705e-01 4.194670372579477058e-01 4.376977134785285384e-01 5.259792762183002068e-01 -5.560679713409043545e-01
1.661967323998929977e+09 -1.737565249204635620e-01 2.505995631217956543e-01 7.150661945343017578e-01 -6.154574155807495117e-01 6.614446043968200684e-01 3.539585769176483154e-01 2.416950911283493042e-01 3.288994310836755863e-01 6.359498908463297184e-02 -2.282905397784484591e-01 4.063682892134661273e-01 4.240296738967345158e-01 5.095544575702400936e-01 -5.387035693611642584e-01
1.661967324029847383e+09 -1.769387871026992798e-01 2.596879899501800537e-01 7.189604043960571289e-01 -6.136101484298706055e-01 6.567708849906921387e-01 3.608825802803039551e-01 2.487939447164535522e-01 3.359617939494283778e-01 6.564539624521723016e-02 -2.356510026732776264e-01 4.194702719644738398e-01 4.377010887703223774e-01 5.259833322905156372e-01 -5.560722594411211528e-01
1.661967324060764313e+09 -1.800564378499984741e-01 2.686600983142852783e-01 7.228794097900390625e-01 -6.116062998771667480e-01 6.521238088607788086e-01 3.676082193851470947e-01 2.560011446475982666e-01 3.323444777409524931e-01 6.564640870553924146e-02 -2.356546371595415745e-01 4.194767415271729027e-01 4.377078395100759134e-01 5.259914446226119367e-01 -5.560808358399593754e-01
1.661967324092679262e+09 -1.831090748310089111e-01 2.775140702724456787e-01 7.268199324607849121e-01 -6.094471812248229980e-01 6.475074887275695801e-01 3.741324543952941895e-01 2.633117735385894775e-01 3.183669739142606092e-01 6.359356383779381228e-02 -2.282854234890119016e-01 4.063591819688792683e-01 4.240201708374273237e-01 5.095430377887266715e-01 -5.386914963099503906e-01
1.661967324123596907e+09 -1.860963553190231323e-01 2.862480878829956055e-01 7.307786941528320312e-01 -6.071344614028930664e-01 6.429260373115539551e-01 3.804522752761840820e-01 2.707210481166839600e-01 3.248578341803105007e-01 6.564489002676565654e-02 -2.356491854721897705e-01 4.194670372579477058e-01 4.376977134785321466e-01 5.259792762183037595e-01 -5.560679713409080183e-01
1.661967324154513836e+09 -1.890180110931396484e-01 2.948604226112365723e-01 7.347524166107177734e-01 -6.046696305274963379e-01 6.383835673332214355e-01 3.865649402141571045e-01 2.782240211963653564e-01 3.210104959571117855e-01 6.564640870553924146e-02 -2.356546371595415745e-01 4.194767415271800637e-01 4.377078395100740815e-01 5.259914446226119367e-01 -5.560808358399593754e-01
1.661967324186429024e+09 -1.918738335371017456e-01 3.033494651317596436e-01 7.387377619743347168e-01 -6.020545959472656250e-01 6.338839530944824219e-01 3.924675285816192627e-01 2.858156859874725342e-01 3.071638014675883155e-01 6.359308876971085656e-02 -2.282837181101698421e-01 4.063561463113963823e-01 4.240170032456491711e-01 5.095392313086367642e-01 -5.386874720798006111e-01
1.661967324218343496e+09 -1.946637332439422607e-01 3.117136359214782715e-01 7.427314519882202148e-01 -5.992911458015441895e-01 6.294312477111816406e-01 3.981575667858123779e-01 2.934910058975219727e-01 3.032945691435243729e-01 6.359451399525471726e-02 -2.282888343231506689e-01 4.063652534199130861e-01 4.240265061629706622e-01 5.095506509195304456e-01 -5.386995449506325473e-01
1.661967324250257969e+09 -1.973876059055328369e-01 3.199514746665954590e-01 7.467300295829772949e-01 -5.963812470436096191e-01 6.250293254852294922e-01 4.036325216293334961e-01 3.012448549270629883e-01 2.993481462618159950e-01 6.359451399525559157e-02 -2.282888343231506689e-01 4.063652534199130861e-01 4.240265061629672205e-01 5.095506509195252276e-01 -5.386995449506273292e-01
1.661967324281679630e+09 -2.000455111265182495e-01 3.280615210533142090e-01 7.507302761077880859e-01 -5.933271050453186035e-01 6.206821799278259277e-01 4.088899791240692139e-01 3.090721964836120605e-01 2.999669330818248714e-01 6.459191793804569537e-02 -2.318692718348879800e-01 4.127386067252651336e-01 4.306768551085732866e-01 5.175423438557497091e-01 -5.471484034504863203e-01
1.661967324312597275e+09 -2.026375085115432739e-01 3.360424637794494629e-01 7.547286748886108398e-01 -5.901307463645935059e-01 6.163935065269470215e-01 4.139277040958404541e-01 3.169678151607513428e-01 3.006444642304876291e-01 6.564489002676565654e-02 -2.356491854721933510e-01 4.194670372579549222e-01 4.376977134785321466e-01 5.259792762183037595e-01 -5.560679713409097946e-01
1.661967324342517853e+09 -2.051637917757034302e-01 3.438930213451385498e-01 7.587218284606933594e-01 -5.867947340011596680e-01 6.121671795845031738e-01 4.187434911727905273e-01 3.249264657497406006e-01 3.062405598139269491e-01 6.783242532742810027e-02 -2.435019050301450994e-01 4.334452608651761518e-01 4.522834519703344269e-01 5.435068893146969282e-01 -5.745982532315492275e-01
1.661967324373435736e+09 -2.076245695352554321e-01 3.516120612621307373e-01 7.627065181732177734e-01 -5.833212733268737793e-01 6.080069541931152344e-01 4.233354926109313965e-01 3.329429626464843750e-01 2.920207401231835753e-01 6.564438381612135165e-02 -2.356473682991280238e-01 4.194638026013166598e-01 4.376943382387944448e-01 5.259752202086439565e-01 -5.560636833068270946e-01
1.661967324405349731e+09 -2.100201398134231567e-01 3.591984212398529053e-01 7.666791677474975586e-01 -5.797129273414611816e-01 6.039164662361145020e-01 4.277016222476959229e-01 3.410120308399200439e-01 2.786342255795392076e-01 6.359546418111057531e-02 -2.282922452592210660e-01 4.063713250523778853e-01 4.240328416778285092e-01 5.095582642778277993e-01 -5.387075938318259816e-01
1.661967324436266899e+09 -2.123509049415588379e-01 3.666511178016662598e-01 7.706364989280700684e-01 -5.759724974632263184e-01 5.998992919921875000e-01 4.318402111530303955e-01 3.491283357143402100e-01 2.831493980745472538e-01 6.564590247147442104e-02 -2.356528199023922854e-01 4.194735067208818502e-01 4.377044641141698555e-01 5.259873884252845855e-01 -5.560765476074717162e-01
1.661967324467184067e+09 -2.146172970533370972e-01 3.739691674709320068e-01 7.745750546455383301e-01 -5.721025466918945312e-01 5.959590077400207520e-01 4.357497692108154297e-01 3.572865724563598633e-01 2.786184525520148947e-01 6.564590247147442104e-02 -2.356528199023994741e-01 4.194735067208746893e-01 4.377044641141680792e-01 5.259873884252828091e-01 -5.560765476074717162e-01
1.661967324497103930e+09 -2.168198376893997192e-01 3.811517059803009033e-01 7.784915566444396973e-01 -5.681060552597045898e-01 5.920991301536560059e-01 4.394286274909973145e-01 3.654814064502716064e-01 2.831647595268288464e-01 6.783404691011385435e-02 -2.435077261174936059e-01 4.334556226844217819e-01 4.522942641300239375e-01 5.435198822359571524e-01 -5.746119894141208384e-01
1.661967324529019117e+09 -2.189591228961944580e-01 3.881979584693908691e-01 7.823826074600219727e-01 -5.639859437942504883e-01 5.883229374885559082e-01 4.428754448890686035e-01 3.737075626850128174e-01 2.609621131915514924e-01 6.359308876970998226e-02 -2.282837181101663726e-01 4.063561463113963823e-01 4.240170032456474503e-01 5.095392313086402059e-01 -5.386874720798022764e-01
1.661967324559936523e+09 -2.210358083248138428e-01 3.951071798801422119e-01 7.862448692321777344e-01 -5.597453117370605469e-01 5.846339464187622070e-01 4.460889995098114014e-01 3.819595277309417725e-01 2.646838635137406248e-01 6.564539624521542605e-02 -2.356510026732812346e-01 4.194702719644666788e-01 4.377010887703205455e-01 5.259833322905138608e-01 -5.560722594411211528e-01
1.661967324590855360e+09 -2.230506092309951782e-01 4.018787443637847900e-01 7.900750041007995605e-01 -5.553870797157287598e-01 5.810353159904479980e-01 4.490680992603302002e-01 3.902319371700286865e-01 2.599186528541605479e-01 6.564235905161754092e-02 -2.356400998871331642e-01 4.194508644736483771e-01 4.376808378003986255e-01 5.259589967955491385e-01 -5.560465318318245087e-01
1.661967324623766422e+09 -2.250043302774429321e-01 4.085121154785156250e-01 7.938697338104248047e-01 -5.509147644042968750e-01 5.775302648544311523e-01 4.518118798732757568e-01 3.985194563865661621e-01 2.396725291598813257e-01 6.166878960939239929e-02 -2.213759522574278993e-01 3.940599863628115873e-01 4.111864334606079585e-01 4.941207961622220424e-01 -5.223870238667803756e-01
1.661967324653686047e+09 -2.268978208303451538e-01 4.150067567825317383e-01 7.976258397102355957e-01 -5.463315248489379883e-01 5.741218924522399902e-01 4.543194174766540527e-01 4.068166613578796387e-01 2.586205396580845695e-01 6.783458745490483777e-02 -2.435096665417962047e-01 4.334590767342705320e-01 4.522978682981312892e-01 5.435242133477607984e-01 -5.746165682875920000e-01
1.661967324684603214e+09 -2.287320494651794434e-01 4.213622510433197021e-01 8.013399839401245117e-01 -5.416409373283386230e-01 5.708131790161132812e-01 4.565900266170501709e-01 4.151181876659393311e-01 2.453741929527853138e-01 6.564590247147442104e-02 -2.356528199023958936e-01 4.194735067208746893e-01 4.377044641141698555e-01 5.259873884252845855e-01 -5.560765476074717162e-01
1.661967324716517925e+09 -2.305079698562622070e-01 4.275783002376556396e-01 8.050090670585632324e-01 -5.368463993072509766e-01 5.676071047782897949e-01 4.586229622364044189e-01 4.234184622764587402e-01 2.329143139598400247e-01 6.359403891297563116e-02 -2.282871288933444598e-01 4.063622176717178180e-01 4.240233384765323965e-01 5.095468443256890856e-01 -5.386955206002260743e-01
1.661967324748432398e+09 -2.322266697883605957e-01 4.336546361446380615e-01 8.086298704147338867e-01 -5.319514870643615723e-01 5.645065903663635254e-01 4.604177474975585938e-01 4.317122399806976318e-01 2.280829986963246736e-01 6.359451399525471726e-02 -2.282888343231541384e-01 4.063652534199200250e-01 4.240265061629741594e-01 5.095506509195287803e-01 -5.386995449506308820e-01
1.661967324779854298e+09 -2.338892668485641479e-01 4.395910501480102539e-01 8.121992945671081543e-01 -5.269599556922912598e-01 5.615142583847045898e-01 4.619742631912231445e-01 4.399940371513366699e-01 2.267089117646022833e-01 6.459142783676612154e-02 -2.318675124905199003e-01 4.127354750065340694e-01 4.306735872805735332e-01 5.175384169222717601e-01 -5.471442518764008112e-01
1.661967324810772181e+09 -2.354969531297683716e-01 4.453874230384826660e-01 8.157142996788024902e-01 -5.218756198883056641e-01 5.586328506469726562e-01 4.632921218872070312e-01 4.482585191726684570e-01 2.253359792734676570e-01 6.564438381612225371e-02 -2.356473682991316321e-01 4.194638026013166598e-01 4.376943382387980530e-01 5.259752202086457329e-01 -5.560636833068288709e-01
1.661967324841689348e+09 -2.370509654283523560e-01 4.510437250137329102e-01 8.191717267036437988e-01 -5.167022943496704102e-01 5.558648109436035156e-01 4.643711745738983154e-01 4.565002918243408203e-01 2.202336918049101755e-01 6.564590247147442104e-02 -2.356528199023958936e-01 4.194735067208746893e-01 4.377044641141698555e-01 5.259873884252845855e-01 -5.560765476074717162e-01
1.661967324873114586e+09 -2.385526299476623535e-01 4.565599560737609863e-01 8.225687146186828613e-01 -5.114438533782958984e-01 5.532127022743225098e-01 4.652116596698760986e-01 4.647139906883239746e-01 2.116153377458495910e-01 6.458456719970044613e-02 -2.318428844724717830e-01 4.126916359338741458e-01 4.306278428950558457e-01 5.174834461101246452e-01 -5.470861364536518945e-01
1.661967324904031277e+09 -2.400033175945281982e-01 4.619362354278564453e-01 8.259022831916809082e-01 -5.061042308807373047e-01 5.506789684295654297e-01 4.658134579658508301e-01 4.728942215442657471e-01 2.099225960652890965e-01 6.564691494741274613e-02 -2.356564544447081744e-01 4.194799763833624850e-01 4.377112149580416611e-01 5.259955008824973577e-01 -5.560851241385803556e-01
1.661967324934948683e+09 -2.414044588804244995e-01 4.671726822853088379e-01 8.291695713996887207e-01 -5.006877779960632324e-01 5.482656955718994141e-01 4.661771357059478760e-01 4.810357391834259033e-01 2.047130922327614622e-01 6.564539624521632810e-02 -2.356510026732776264e-01 4.194702719644738398e-01 4.377010887703223774e-01 5.259833322905138608e-01 -5.560722594411247055e-01
1.661967324966372013e+09 -2.427575141191482544e-01 4.722695946693420410e-01 8.323677778244018555e-01 -4.951983690261840820e-01 5.459751486778259277e-01 4.663029015064239502e-01 4.891332089900970459e-01 1.962707026031135504e-01 6.458848738526784539e-02 -2.318569569849777967e-01 4.127166856921232196e-01 4.306539813539452255e-01 5.175148565727903938e-01 -5.471193437548559357e-01
1.661967324997290134e+09 -2.440640479326248169e-01 4.772271811962127686e-01 8.354941010475158691e-01 -4.896402955055236816e-01 5.438094139099121094e-01 4.661914706230163574e-01 4.971813857555389404e-01 1.942188074329901371e-01 6.564387761328591142e-02 -2.356455511540953840e-01 4.194605679945723753e-01 4.376909630511188198e-01 5.259711642615435556e-01 -5.560593953388823785e-01
1.661967325028207779e+09 -2.453256547451019287e-01 4.820458889007568359e-01 8.385459184646606445e-01 -4.840178787708282471e-01 5.417702794075012207e-01 4.658432602882385254e-01 5.051749944686889648e-01 1.889431317312645076e-01 6.564489002676565654e-02 -2.356491854721933510e-01 4.194670372579477058e-01 4.376977134785321466e-01 5.259792762183019832e-01 -5.560679713409115710e-01
1.661967325059630632e+09 -2.465439587831497192e-01 4.867260754108428955e-01 8.415205478668212891e-01 -4.783352613449096680e-01 5.398597121238708496e-01 4.652593135833740234e-01 5.131087899208068848e-01 1.806885148079821757e-01 6.458946750602000131e-02 -2.318604753800396767e-01 4.127229486068434428e-01 4.306605164644801698e-01 5.175227097842682866e-01 -5.471276462100522764e-01
1.661967325090548038e+09 -2.477206736803054810e-01 4.912682473659515381e-01 8.444154858589172363e-01 -4.725970625877380371e-01 5.380793809890747070e-01 4.644403457641601562e-01 5.209776759147644043e-01 1.783240057192582717e-01 6.564539624521542605e-02 -2.356510026732812346e-01 4.194702719644738398e-01 4.377010887703223774e-01 5.259833322905156372e-01 -5.560722594411211528e-01
1.661967325121465445e+09 -2.488575428724288940e-01 4.956729412078857422e-01 8.472281694412231445e-01 -4.668076038360595703e-01 5.364308953285217285e-01 4.633875191211700439e-01 5.287764668464660645e-01 1.729887407505626418e-01 6.564539624521632810e-02 -2.356510026732812346e-01 4.194702719644666788e-01 4.377010887703187691e-01 5.259833322905120845e-01 -5.560722594411247055e-01
