1.661967325242651939e+09 1.378528122206244648e-16 -2.367949187755584717e-01 1.128897309303283691e+00 -6.125128269195556641e-01 6.125135421752929688e-01 3.533097505569458008e-01 3.533093035221099854e-01 0.000000000000000000e+00 0.000000000000000000e+00 0.000000000000000000e+00 0.000000000000000000e+00 0.000000000000000000e+00 0.000000000000000000e+00 0.000000000000000000e+00
1.661967336700212240e+09 1.378528122206244648e-16 -2.367949187755584717e-01 1.128897309303283691e+00 -6.125128269195556641e-01 6.125135421752929688e-01 3.533097505569458008e-01 3.533093035221099854e-01 0.000000000000000000e+00 0.000000000000000000e+00 0.000000000000000000e+00 0.000000000000000000e+00 0.000000000000000000e+00 0.000000000000000000e+00 0.000000000000000000e+00
1.661967336728642225e+09 -7.110109087079763412e-03 -2.270794659852981567e-01 1.127069354057312012e+00 6.163603663444519043e-01 -6.091702580451965332e-01 -3.555389940738677979e-01 -3.501478135585784912e-01 4.283237123200779872e-01 2.798664250262206665e-01 -6.137971203668900477e-01 2.244802080666210564e-01 3.434210263666984120e-01 3.360212980757547041e-01 -3.345931880212795195e-01
1.661967336759561300e+09 -1.434238627552986145e-02 -2.174106687307357788e-01 1.125074744224548340e+00 6.201213002204895020e-01 -6.058537364006042480e-01 -3.577280938625335693e-01 -3.470179140567779541e-01 3.958091575917182525e-01 2.573362325793963068e-01 -5.643843791140873423e-01 2.064087931487011418e-01 3.157744738600780088e-01 3.089704486887029922e-01 -3.076573063169662503e-01
1.661967336790477991e+09 -2.169627696275711060e-02 -2.077924311161041260e-01 1.122912168502807617e+00 6.237971186637878418e-01 -6.025652885437011719e-01 -3.598761260509490967e-01 -3.439206480979919434e-01 3.978130293764869929e-01 2.573560774390136752e-01 -5.644279024402062417e-01 2.064247106644058194e-01 3.157988252700663634e-01 3.089942753963441091e-01 -3.076810317597162836e-01
1.661967336822393179e+09 -2.917114272713661194e-02 -1.982286721467971802e-01 1.120580434799194336e+00 6.273897886276245117e-01 -5.993060469627380371e-01 -3.619819581508636475e-01 -3.408568203449249268e-01 3.872846506421586676e-01 2.493044477583364060e-01 -5.467692386265803339e-01 1.999665172393671198e-01 3.059187586325495811e-01 2.993270955741399453e-01 -2.980549380138459714e-01
1.661967336853815556e+09 -3.676625341176986694e-02 -1.887233257293701172e-01 1.118078351020812988e+00 6.309010386466979980e-01 -5.960772633552551270e-01 -3.640446066856384277e-01 -3.378274440765380859e-01 3.953126871141492971e-01 2.532144010457654804e-01 -5.553444654275916381e-01 2.031026816699886828e-01 3.107166195081041415e-01 3.040215764463410908e-01 -3.027294670693839174e-01
1.661967336884733200e+09 -4.448079317808151245e-02 -1.792803704738616943e-01 1.115404605865478516e+00 6.343327760696411133e-01 -5.928798317909240723e-01 -3.660629391670227051e-01 -3.348333537578582764e-01 4.037592987648239151e-01 2.573481391278892860e-01 -5.644104923042487787e-01 2.064183433635180809e-01 3.157890842553891519e-01 3.089847442723152038e-01 -3.076715411435186898e-01
1.661967336915650845e+09 -5.231385678052902222e-02 -1.699038296937942505e-01 1.112558245658874512e+00 6.376867294311523438e-01 -5.897149443626403809e-01 -3.680361509323120117e-01 -3.318754136562347412e-01 4.057568353416978191e-01 2.573481391278892860e-01 -5.644104923042487787e-01 2.064183433635324305e-01 3.157890842553891519e-01 3.089847442723170357e-01 -3.076715411435205216e-01
1.661967336945571184e+09 -6.026444956660270691e-02 -1.605976969003677368e-01 1.109537959098815918e+00 6.409648656845092773e-01 -5.865835547447204590e-01 -3.699629604816436768e-01 -3.289546072483062744e-01 4.213544430854446188e-01 2.659260686547404995e-01 -5.832234258020742024e-01 2.132986806701156202e-01 3.263149676725812798e-01 3.192838253934063286e-01 -3.179268505710125536e-01
1.661967336977485895e+09 -6.833148002624511719e-02 -1.513660401105880737e-01 1.106342911720275879e+00 6.441690921783447266e-01 -5.834864974021911621e-01 -3.718425929546356201e-01 -3.260717391967773438e-01 3.969707442079403181e-01 2.493081726118812624e-01 -5.467774078965295104e-01 1.999695049357250731e-01 3.059233293595574055e-01 2.993315678152213000e-01 -2.980593912476426910e-01
1.661967337009399891e+09 -7.651376724243164062e-02 -1.422129124402999878e-01 1.102972149848937988e+00 6.473011970520019531e-01 -5.804247260093688965e-01 -3.736739456653594971e-01 -3.232277035713195801e-01 3.989321886312600651e-01 2.493137601009036419e-01 -5.467896622592116618e-01 1.999739866476624994e-01 3.059301857061684227e-01 2.993382764274227226e-01 -2.980660713478521795e-01
1.661967337040317297e+09 -8.481004089117050171e-02 -1.331423819065093994e-01 1.099424481391906738e+00 6.503632664680480957e-01 -5.773988366127014160e-01 -3.754560053348541260e-01 -3.204232156276702881e-01 4.138149814738856236e-01 2.573501236597579012e-01 -5.644148447375358923e-01 2.064199351519248604e-01 3.157915194527180502e-01 3.089871269981977475e-01 -3.076739137426777182e-01
1.661967337071235180e+09 -9.321891516447067261e-02 -1.241585314273834229e-01 1.095699310302734375e+00 6.533570289611816406e-01 -5.744097232818603516e-01 -3.771878778934478760e-01 -3.176592290401458740e-01 4.158349089769357576e-01 2.573461546266275213e-01 -5.644061399380878585e-01 2.064167515996896962e-01 3.157866490956175443e-01 3.089823615831824855e-01 -3.076691685809533894e-01
1.661967337102153063e+09 -1.017389446496963501e-01 -1.152654737234115601e-01 1.091795802116394043e+00 6.562845706939697266e-01 -5.714579820632934570e-01 -3.788684904575347900e-01 -3.149364888668060303e-01 4.178665572288658980e-01 2.573461546266292976e-01 -5.644061399380807531e-01 2.064167515996896962e-01 3.157866490956175443e-01 3.089823615831824855e-01 -3.076691685809533894e-01
1.661967337133072376e+09 -1.103685423731803894e-01 -1.064673140645027161e-01 1.087713003158569336e+00 6.591478586196899414e-01 -5.685442090034484863e-01 -3.804969787597656250e-01 -3.122557699680328369e-01 4.198850739513339536e-01 2.573342482617606009e-01 -5.643800271506370647e-01 2.064072015321445075e-01 3.157720389256302163e-01 3.089680662200371963e-01 -3.076549339739326205e-01
1.661967337163988590e+09 -1.191060692071914673e-01 -9.776815026998519897e-02 1.083450317382812500e+00 6.619486808776855469e-01 -5.656690001487731934e-01 -3.820723593235015869e-01 -3.096179068088531494e-01 4.219695547425075799e-01 2.573600467782283796e-01 -5.644366079109628398e-01 2.064278944621519007e-01 3.158036960027635343e-01 3.089990411788612334e-01 -3.076857772873806129e-01
1.661967337194906473e+09 -1.279497593641281128e-01 -8.917210996150970459e-02 1.079007148742675781e+00 6.646891832351684570e-01 -5.628327131271362305e-01 -3.835937082767486572e-01 -3.070235848426818848e-01 4.239924131762405901e-01 2.573461546266292976e-01 -5.644061399380807531e-01 2.064167515996825075e-01 3.157866490956157679e-01 3.089823615831824855e-01 -3.076691685809533894e-01
1.661967337225822449e+09 -1.368977427482604980e-01 -8.068330585956573486e-02 1.074382781982421875e+00 6.673712730407714844e-01 -5.600358843803405762e-01 -3.850601315498352051e-01 -3.044736683368682861e-01 4.260695651708601983e-01 2.573620314937528630e-01 -5.644409607470545209e-01 2.064294863978542727e-01 3.158061314254581586e-01 3.090014241252517779e-01 -3.076881501061105029e-01
1.661967337256739616e+09 -1.459480673074722290e-01 -7.230585068464279175e-02 1.069576740264892578e+00 6.699969172477722168e-01 -5.572786927223205566e-01 -3.864705860614776611e-01 -3.019687533378601074e-01 4.281073488392252990e-01 2.573521082222358647e-01 -5.644191972379579703e-01 2.064215269648675133e-01 3.157939546876105674e-01 3.089895097608310603e-01 -3.076762863784312518e-01
1.661967337288653851e+09 -1.550986915826797485e-01 -6.404384225606918335e-02 1.064588665962219238e+00 6.725679636001586914e-01 -5.545616745948791504e-01 -3.878243267536163330e-01 -2.995096445083618164e-01 4.167249732760479608e-01 2.493118975767346368e-01 -5.467855774106239464e-01 1.999724927213626380e-01 3.059279002231495848e-01 2.993360401899440304e-01 -2.980638446145127962e-01
1.661967337319571972e+09 -1.643474400043487549e-01 -5.590138584375381470e-02 1.059417963027954102e+00 6.750865578651428223e-01 -5.518848299980163574e-01 -3.891202509403228760e-01 -2.970970273017883301e-01 4.322125459581445117e-01 2.573441701559709416e-01 -5.644017876390302613e-01 2.064151598603960469e-01 3.157842139733987863e-01 3.089799789307934308e-01 -3.076667960549754888e-01
1.661967337350488424e+09 -1.736920773983001709e-01 -4.788256809115409851e-02 1.054064512252807617e+00 6.775546073913574219e-01 -5.492485165596008301e-01 -3.903577029705047607e-01 -2.947315275669097900e-01 4.342980511737610794e-01 2.573580620933167418e-01 -5.644322551420211109e-01 2.064263025510025829e-01 3.158012606176332504e-01 3.089966582692273978e-01 -3.076834045052512789e-01
1.661967337381406307e+09 -1.831302195787429810e-01 -3.999146074056625366e-02 1.048527836799621582e+00 6.799740195274353027e-01 -5.466527342796325684e-01 -3.915358483791351318e-01 -2.924140095710754395e-01 4.363443728633229490e-01 2.573461546266284095e-01 -5.644061399380807531e-01 2.064167515996825075e-01 3.157866490956175443e-01 3.089823615831824855e-01 -3.076691685809533894e-01
1.661967337412323952e+09 -1.926594078540802002e-01 -3.223212063312530518e-02 1.042807698249816895e+00 6.823467612266540527e-01 -5.440974831581115723e-01 -3.926534652709960938e-01 -2.901448309421539307e-01 4.384165253411468899e-01 2.573481391278901742e-01 -5.644104923042487787e-01 2.064183433635324305e-01 3.157890842553909283e-01 3.089847442723170357e-01 -3.076715411435196335e-01
1.661967337444238424e+09 -2.022770941257476807e-01 -2.460858412086963654e-02 1.036904096603393555e+00 6.846748590469360352e-01 -5.415828824043273926e-01 -3.937100172042846680e-01 -2.879248857498168945e-01 4.267268759224695507e-01 2.493100350803928722e-01 -5.467814926230614159e-01 1.999709988173836717e-01 3.059256147742783205e-01 2.993338039858753907e-01 -2.980616179144414679e-01
1.661967337476153135e+09 -2.119806259870529175e-01 -1.712486520409584045e-02 1.030816912651062012e+00 6.869601607322692871e-01 -5.391087532043457031e-01 -3.947046399116516113e-01 -2.857546508312225342e-01 4.287294675325168947e-01 2.493081726118830110e-01 -5.467774078965365048e-01 1.999695049357250731e-01 3.059233293595591263e-01 2.993315678152213000e-01 -2.980593912476426910e-01
1.661967337507071018e+09 -2.217672169208526611e-01 -9.784950874745845795e-03 1.024546146392822266e+00 6.892046332359313965e-01 -5.366750955581665039e-01 -3.956364095211029053e-01 -2.836347818374633789e-01 4.446225913517767303e-01 2.573461546266284095e-01 -5.644061399380807531e-01 2.064167515996896962e-01 3.157866490956157679e-01 3.089823615831824855e-01 -3.076691685809533894e-01
1.661967337537988424e+09 -2.316340208053588867e-01 -2.592799719423055649e-03 1.018091678619384766e+00 6.914101243019104004e-01 -5.342815518379211426e-01 -3.965045809745788574e-01 -2.815658748149871826e-01 4.467031246513803455e-01 2.573501236597587893e-01 -5.644148447375431088e-01 2.064199351519248604e-01 3.157915194527216585e-01 3.089871269981995794e-01 -3.076739137426786064e-01
1.661967337567908287e+09 -2.415780574083328247e-01 4.447661805897951126e-03 1.011453866958618164e+00 6.935786604881286621e-01 -5.319278836250305176e-01 -3.973083198070526123e-01 -2.795484364032745361e-01 4.637350018545824959e-01 2.659303067567627687e-01 -5.832327207177396833e-01 2.133020800418840845e-01 3.263201682011773741e-01 3.192889138656779813e-01 -3.179319174169830120e-01
1.661967337598825455e+09 -2.515962719917297363e-01 1.133254263550043106e-02 1.004632830619812012e+00 6.957119703292846680e-01 -5.296140909194946289e-01 -3.980470299720764160e-01 -2.775832116603851318e-01 4.508463832186370701e-01 2.573521082222349765e-01 -5.644191972379651867e-01 2.064215269648603246e-01 3.157939546876087911e-01 3.089895097608310603e-01 -3.076762863784312518e-01
1.661967337629742146e+09 -2.616854906082153320e-01 1.805799081921577454e-02 9.976287484169006348e-01 6.978120207786560059e-01 -5.273393988609313965e-01 -3.987196087837219238e-01 -2.756704688072204590e-01 4.529235713659429674e-01 2.573560774390127870e-01 -5.644279024401990252e-01 2.064247106644058194e-01 3.157988252700663634e-01 3.089942753963423328e-01 -3.076810317597145072e-01
1.661967337659662485e+09 -2.718424797058105469e-01 2.462019398808479309e-02 9.904420375823974609e-01 6.998806595802307129e-01 -5.251035690307617188e-01 -3.993255198001861572e-01 -2.738109529018402100e-01 4.701427781581927756e-01 2.659260686547395558e-01 -5.832234258020667639e-01 2.132986806701156202e-01 3.263149676725812798e-01 3.192838253934063286e-01 -3.179268505710143855e-01
1.661967337691577673e+09 -2.820638418197631836e-01 3.101538680493831635e-02 9.830731153488159180e-01 7.019196748733520508e-01 -5.229061245918273926e-01 -3.998640477657318115e-01 -2.720049917697906494e-01 4.427568172346920683e-01 2.493044477583364060e-01 -5.467692386265734505e-01 1.999665172393671198e-01 3.059187586325478603e-01 2.993270955741399453e-01 -2.980549380138459714e-01
1.661967337722494125e+09 -2.923461496829986572e-01 3.723984956741333008e-02 9.755224585533142090e-01 7.039308547973632812e-01 -5.207465291023254395e-01 -4.003343284130096436e-01 -2.702532112598419189e-01 4.591226292585730007e-01 2.573580620933149099e-01 -5.644322551420138945e-01 2.064263025510025829e-01 3.158012606176350268e-01 3.089966582692273978e-01 -3.076834045052495026e-01
1.661967337753412247e+09 -3.026857972145080566e-01 4.328991845250129700e-02 9.677906036376953125e-01 7.059159874916076660e-01 -5.186241269111633301e-01 -4.007357358932495117e-01 -2.685560584068298340e-01 4.611565224429676757e-01 2.573441701559736061e-01 -5.644017876390373667e-01 2.064151598603888582e-01 3.157842139734005626e-01 3.089799789307952071e-01 -3.076667960549790415e-01
1.661967337785326958e+09 -3.130791783332824707e-01 4.916197806596755981e-02 9.598782062530517578e-01 7.078769207000732422e-01 -5.165384411811828613e-01 -4.010675847530364990e-01 -2.669139504432678223e-01 4.487474138457834272e-01 2.493081726118830110e-01 -5.467774078965365048e-01 1.999695049357250731e-01 3.059233293595556846e-01 2.993315678152195791e-01 -2.980593912476409701e-01
1.661967337816243649e+09 -3.235225379467010498e-01 5.485247075557708740e-02 9.517859816551208496e-01 7.098153233528137207e-01 -5.144886970520019531e-01 -4.013292491436004639e-01 -2.653273046016693115e-01 4.652841629156804215e-01 2.573560774390118988e-01 -5.644279024401990252e-01 2.064247106644058194e-01 3.157988252700663634e-01 3.089942753963449973e-01 -3.076810317597162836e-01
1.661967337847161531e+09 -3.340120017528533936e-01 6.035790592432022095e-02 9.435147047042846680e-01 7.117328047752380371e-01 -5.124740004539489746e-01 -4.015198349952697754e-01 -2.637965679168701172e-01 4.673113096499270092e-01 2.573461546266275213e-01 -5.644061399380878585e-01 2.064167515996896962e-01 3.157866490956175443e-01 3.089823615831815973e-01 -3.076691685809515575e-01
1.661967337879076004e+09 -3.445436656475067139e-01 6.567485630512237549e-02 9.350652098655700684e-01 7.136311531066894531e-01 -5.104937553405761719e-01 -4.016389250755310059e-01 -2.623221874237060547e-01 4.546956021529618974e-01 2.493100350803954812e-01 -5.467814926230614159e-01 1.999709988173836717e-01 3.059256147742800414e-01 2.993338039858771116e-01 -2.980616179144431888e-01
1.661967337910991192e+09 -3.551134765148162842e-01 7.079994678497314453e-02 9.264384508132934570e-01 7.155119776725769043e-01 -5.085470080375671387e-01 -4.016857743263244629e-01 -2.609044611454010010e-01 4.566552611080868518e-01 2.493044477583364060e-01 -5.467692386265734505e-01 1.999665172393671198e-01 3.059187586325495811e-01 2.993270955741399453e-01 -2.980549380138459714e-01
1.661967337941907883e+09 -3.657173514366149902e-01 7.572989165782928467e-02 9.176355004310607910e-01 7.173768281936645508e-01 -5.066328048706054688e-01 -4.016597867012023926e-01 -2.595438063144683838e-01 4.734299308950842278e-01 2.573560774390118988e-01 -5.644279024401990252e-01 2.064247106644058194e-01 3.157988252700663634e-01 3.089942753963432209e-01 -3.076810317597162836e-01
1.661967337972825289e+09 -3.763510584831237793e-01 8.046147972345352173e-02 9.086573719978332520e-01 7.192274928092956543e-01 -5.047503709793090820e-01 -4.015603959560394287e-01 -2.582405805587768555e-01 4.754388089754189028e-01 2.573501236597597330e-01 -5.644148447375431088e-01 2.064199351519176717e-01 3.157915194527198821e-01 3.089871269981986912e-01 -3.076739137426777182e-01
1.661967338003742933e+09 -3.870103359222412109e-01 8.499155193567276001e-02 8.995053172111511230e-01 7.210651636123657227e-01 -5.028986334800720215e-01 -4.013870060443878174e-01 -2.569950819015502930e-01 4.774457876476322360e-01 2.573481391278892860e-01 -5.644104923042487787e-01 2.064183433635324305e-01 3.157890842553891519e-01 3.089847442723170357e-01 -3.076715411435205216e-01
1.661967338034660339e+09 -3.976907432079315186e-01 8.931706100702285767e-02 8.901804685592651367e-01 7.228916287422180176e-01 -5.010764002799987793e-01 -4.011389017105102539e-01 -2.558076977729797363e-01 4.794524169854770257e-01 2.573501236597597330e-01 -5.644148447375431088e-01 2.064199351519248604e-01 3.157915194527216585e-01 3.089871269981995794e-01 -3.076739137426794946e-01
1.661967338066575289e+09 -4.083878993988037109e-01 9.343501925468444824e-02 8.806843161582946777e-01 7.247083187103271484e-01 -4.992828667163848877e-01 -4.008157849311828613e-01 -2.546786069869995117e-01 4.663962891938967514e-01 2.493063101711956997e-01 -5.467733232310408864e-01 1.999680110763863983e-01 3.059210439789808444e-01 2.993293316779754298e-01 -2.980571646141088049e-01
1.661967338097492933e+09 -4.190971851348876953e-01 9.734253585338592529e-02 8.710181713104248047e-01 7.265166044235229492e-01 -4.975166618824005127e-01 -4.004168808460235596e-01 -2.536081075668334961e-01 4.834229413563512212e-01 2.573481391278892860e-01 -5.644104923042559951e-01 2.064183433635324305e-01 3.157890842553891519e-01 3.089847442723165361e-01 -3.076715411435205216e-01
1.661967338128410816e+09 -4.298140406608581543e-01 1.010368093848228455e-01 8.611835241317749023e-01 7.283179163932800293e-01 -4.957767426967620850e-01 -3.999418616294860840e-01 -2.525964975357055664e-01 4.853920974698247015e-01 2.573461546266292976e-01 -5.644061399380807531e-01 2.064167515996825075e-01 3.157866490956175443e-01 3.089823615831820414e-01 -3.076691685809533894e-01
1.661967338160324335e+09 -4.405337274074554443e-01 1.045151203870773315e-01 8.511819243431091309e-01 7.301135063171386719e-01 -4.940617978572845459e-01 -3.993901014328002930e-01 -2.516440749168395996e-01 4.721486186787818840e-01 2.493174852327251778e-01 -5.467978321394820762e-01 1.999769745672269339e-01 3.059347567746468766e-01 2.993427490026182580e-01 -2.980705249143434932e-01
1.661967338192238569e+09 -4.512515068054199219e-01 1.077748611569404602e-01 8.410151004791259766e-01 7.319048643112182617e-01 -4.923706948757171631e-01 -3.987611532211303711e-01 -2.507509887218475342e-01 4.740252548023641821e-01 2.493118975767354972e-01 -5.467855774106169520e-01 1.999724927213626380e-01 3.059279002231513056e-01 2.993360401899440304e-01 -2.980638446145110199e-01
1.661967338224153280e+09 -4.619624912738800049e-01 1.108135059475898743e-01 8.306847810745239258e-01 7.336930632591247559e-01 -4.907019138336181641e-01 -3.980544805526733398e-01 -2.499174326658248901e-01 4.758920543901741240e-01 2.493081726118812624e-01 -5.467774078965365048e-01 1.999695049357250731e-01 3.059233293595574055e-01 2.993315678152208559e-01 -2.980593912476426910e-01
1.661967338255576611e+09 -4.619624912738800049e-01 1.108135059475898743e-01 8.306847810745239258e-01 7.336930632591247559e-01 -4.907019138336181641e-01 -3.980544805526733398e-01 -2.499174326658248901e-01 0.000000000000000000e+00 0.000000000000000000e+00 0.000000000000000000e+00 0.000000000000000000e+00 0.000000000000000000e+00 0.000000000000000000e+00 0.000000000000000000e+00
1.661967338287491083e+09 -4.409427344799041748e-01 1.255501508712768555e-01 8.342708945274353027e-01 7.217752933502197266e-01 -5.041477084159851074e-01 -4.009225666522979736e-01 -2.532522082328796387e-01 8.121783841463333653e-01 -6.387836828781681131e-01 -1.339197333171361637e-01 2.998953175029500651e-01 1.162918427271903699e-01 1.478049148687987924e-01 4.803764805666435045e-01
1.661967338317411423e+09 -4.194947481155395508e-01 1.398563385009765625e-01 8.378636837005615234e-01 7.095922231674194336e-01 -5.173143148422241211e-01 -4.037651419639587402e-01 -2.565903067588806152e-01 8.699962461227679356e-01 -6.813573848072747019e-01 -1.428452255635565549e-01 3.198827627047085009e-01 1.240424700236581190e-01 1.576558277176182965e-01 5.123926476128158880e-01
1.661967338348837852e+09 -3.976280093193054199e-01 1.537201851606369019e-01 8.414628505706787109e-01 6.971500515937805176e-01 -5.301964282989501953e-01 -4.065822958946228027e-01 -2.599315345287322998e-01 8.317930302583875779e-01 -6.487037978817478123e-01 -1.359994657701766863e-01 3.045525999577230469e-01 1.180978194369175505e-01 1.501002799397821719e-01 4.878365802216059754e-01
1.661967338380752325e+09 -3.753523528575897217e-01 1.671300083398818970e-01 8.450680971145629883e-01 6.844555735588073730e-01 -5.427886247634887695e-01 -4.093739390373229980e-01 -2.632756531238555908e-01 8.224890848537708132e-01 -6.387836828781698895e-01 -1.339197333171361637e-01 2.998953175029500651e-01 1.162918427271903699e-01 1.478049148687987924e-01 4.803764805666435045e-01
1.661967338412666798e+09 -3.526779115200042725e-01 1.800743937492370605e-01 8.486791253089904785e-01 6.715154051780700684e-01 -5.550857186317443848e-01 -4.121400117874145508e-01 -2.666224241256713867e-01 8.258846508124259023e-01 -6.387836828781681131e-01 -1.339197333171361637e-01 2.998953175029500651e-01 1.162918427271903699e-01 1.478049148687987924e-01 4.803764805666435045e-01
1.661967338444581747e+09 -3.296151161193847656e-01 1.925421208143234253e-01 8.522956371307373047e-01 6.583363413810729980e-01 -5.670827031135559082e-01 -4.148804843425750732e-01 -2.699715793132781982e-01 8.292468683803758678e-01 -6.387741388932469677e-01 -1.339177324396092217e-01 2.998908368055474560e-01 1.162901052257115653e-01 1.478027065345582924e-01 4.803693033233734644e-01
1.661967338475499868e+09 -3.061748147010803223e-01 2.045222669839859009e-01 8.559173941612243652e-01 6.449252963066101074e-01 -5.787747502326965332e-01 -4.175952374935150146e-01 -2.733229994773864746e-01 8.594419554697493302e-01 -6.593687924613582663e-01 -1.382353607503042925e-01 3.095595874894225830e-01 1.200394029581951238e-01 1.525679989159667294e-01 4.958568423208692955e-01
1.661967338505419016e+09 -2.823679745197296143e-01 2.160041332244873047e-01 8.595440983772277832e-01 6.312893033027648926e-01 -5.901569724082946777e-01 -4.202842116355895996e-01 -2.766762971878051758e-01 8.916924620516369915e-01 -6.813845326829941484e-01 -1.428509170619055579e-01 3.198955080534496287e-01 1.240474123485473673e-01 1.576621093268191776e-01 5.124130632892687220e-01
1.661967338536336184e+09 -2.582060098648071289e-01 2.269773185253143311e-01 8.631754517555236816e-01 6.174353361129760742e-01 -6.012250185012817383e-01 -4.229474961757659912e-01 -2.800313830375671387e-01 8.663241028671921917e-01 -6.593891314228448319e-01 -1.382396247732697592e-01 3.095691361981198764e-01 1.200431057066746604e-01 1.525727050450548794e-01 4.958721375749585714e-01
1.661967338567254066e+09 -2.337005436420440674e-01 2.374316900968551636e-01 8.668112158775329590e-01 -6.033707261085510254e-01 6.119742989540100098e-01 4.255848526954650879e-01 2.833879590034484863e-01 8.696982031536547586e-01 -6.593738770840994468e-01 -1.382364267313792305e-01 3.095619746113664750e-01 1.200403286239037082e-01 1.525691754210206641e-01 4.958606660459313198e-01
1.661967338598171234e+09 -2.088634818792343140e-01 2.473573684692382812e-01 8.704509735107421875e-01 -5.891027450561523438e-01 6.224007606506347656e-01 4.281963706016540527e-01 2.867457270622253418e-01 8.730894881844821764e-01 -6.593891314228448319e-01 -1.382396247732697592e-01 3.095691361981198764e-01 1.200431057066746604e-01 1.525727050450548794e-01 4.958721375749585714e-01
1.661967338629088402e+09 -1.837070435285568237e-01 2.567447721958160400e-01 8.740946054458618164e-01 -5.746387243270874023e-01 6.325002312660217285e-01 4.307819604873657227e-01 2.901045978069305420e-01 8.764376631817785146e-01 -6.593891314228457201e-01 -1.382396247732697592e-01 3.095691361981198764e-01 1.200431057066782548e-01 1.525727050450548794e-01 4.958721375749585714e-01
1.661967338660006046e+09 -1.582436561584472656e-01 2.655846774578094482e-01 8.777416944503784180e-01 -5.599861741065979004e-01 6.422688364982604980e-01 4.333415925502777100e-01 2.934642732143402100e-01 8.797501676628347589e-01 -6.593789617852594542e-01 -1.382374927289018174e-01 3.095643617701336336e-01 1.200412543038814894e-01 1.525703519442198064e-01 4.958644898299660042e-01
1.661967338691921234e+09 -1.582436561584472656e-01 2.655846774578094482e-01 8.777416944503784180e-01 -5.599861741065979004e-01 6.422688364982604980e-01 4.333415925502777100e-01 2.934642732143402100e-01 0.000000000000000000e+00 0.000000000000000000e+00 0.000000000000000000e+00 0.000000000000000000e+00 0.000000000000000000e+00 -2.174166713237042837e-16 0.000000000000000000e+00
1.661967338722837925e+09 -1.609767675399780273e-01 2.743138372898101807e-01 8.782483339309692383e-01 -5.582425594329833984e-01 6.384615898132324219e-01 4.363169670104980469e-01 3.005988001823425293e-01 2.963140111868847182e-01 8.240356241895888112e-02 -3.714443543257852087e-01 4.139939731297633263e-01 1.949715409661440801e-01 5.227634634995859120e-01 -3.676633073183585010e-01
1.661967338753755569e+09 -1.637099683284759521e-01 2.829436063766479492e-01 8.786812424659729004e-01 -5.564167499542236328e-01 6.346819996833801270e-01 4.391669332981109619e-01 3.077524602413177490e-01 2.931206341718096131e-01 8.240102062891262180e-02 -3.714328968895407868e-01 4.139812032235988815e-01 1.949655269455402573e-01 5.227473385296296238e-01 -3.676519665109043156e-01
1.661967338784673452e+09 -1.664430052042007446e-01 2.914726734161376953e-01 8.790398240089416504e-01 -5.545096397399902344e-01 6.309314370155334473e-01 4.418910145759582520e-01 3.149236738681793213e-01 2.899108203270946427e-01 8.240038520590173277e-02 -3.714300326409200603e-01 4.139780108701475170e-01 1.949640234983631426e-01 5.227433074425720250e-01 -3.676491314183547021e-01
1.661967338815589905e+09 -1.691755652427673340e-01 2.998997569084167480e-01 8.793233036994934082e-01 -5.525221824645996094e-01 6.272111535072326660e-01 4.444886445999145508e-01 3.221106529235839844e-01 2.866944752696479193e-01 8.240419789097291892e-02 -3.714472187952918003e-01 4.139971657294033713e-01 1.949730445292680026e-01 5.227674948975119529e-01 -3.676661426295436685e-01
1.661967338846506834e+09 -1.719074100255966187e-01 3.082236051559448242e-01 8.795309066772460938e-01 -5.504553318023681641e-01 6.235222816467285156e-01 4.469593167304992676e-01 3.293117284774780273e-01 2.834412930653199547e-01 8.240292695674672485e-02 -3.714414899004578330e-01 4.139907805793632267e-01 1.949700374262134939e-01 5.227594321638350250e-01 -3.676604720509027979e-01
1.661967338877424240e+09 -1.746382713317871094e-01 3.164429664611816406e-01 8.796620368957519531e-01 -5.483101010322570801e-01 6.198660731315612793e-01 4.493025541305541992e-01 3.365252912044525146e-01 2.801703894390457639e-01 8.240165606172360213e-02 -3.714357611823366767e-01 4.139843956262857505e-01 1.949670304159085155e-01 5.227513696788582687e-01 -3.676548016471776203e-01
1.661967338909338951e+09 -1.773679107427597046e-01 3.245566189289093018e-01 8.797158598899841309e-01 -5.460873842239379883e-01 6.162437796592712402e-01 4.515178799629211426e-01 3.437494337558746338e-01 2.682360696908547282e-01 7.982668125740423337e-02 -3.598287404963603775e-01 4.010477698463309482e-01 1.888744927778557292e-01 5.064158775276039748e-01 -3.561659324159630602e-01
1.661967338939260721e+09 -1.800960898399353027e-01 3.325634300708770752e-01 8.796918392181396484e-01 -5.437883734703063965e-01 6.126563549041748047e-01 4.536050558090209961e-01 3.509826362133026123e-01 2.826996788808355809e-01 8.514354111215155507e-02 -3.837951506588866968e-01 4.277595753948488788e-01 2.014544872410878595e-01 5.401457308375654520e-01 -3.798883810742608724e-01
1.661967338971175432e+09 -1.828225851058959961e-01 3.404621779918670654e-01 8.795892596244812012e-01 -5.414140224456787109e-01 6.091051101684570312e-01 4.555634260177612305e-01 3.582230508327484131e-01 2.618449202546607180e-01 7.982668125740423337e-02 -3.598287404963603775e-01 4.010477698463239538e-01 1.888744927778557292e-01 5.064158775276057511e-01 -3.561659324159630602e-01
1.661967339002091885e+09 -1.855471730232238770e-01 3.482517302036285400e-01 8.794074654579162598e-01 -5.389654040336608887e-01 6.055910587310791016e-01 4.573928117752075195e-01 3.654689788818359375e-01 2.669874588333483456e-01 8.240419789097291892e-02 -3.714472187952918003e-01 4.139971657294105878e-01 1.949730445292715830e-01 5.227674948975137292e-01 -3.676661426295454449e-01
1.661967339033010006e+09 -1.882696300745010376e-01 3.559310436248779297e-01 8.791458606719970703e-01 -5.364435911178588867e-01 6.021153330802917480e-01 4.590927660465240479e-01 3.727186918258666992e-01 2.636581135214833838e-01 8.239974979268981092e-02 -3.714271684364733872e-01 4.139748185659304358e-01 1.949625200743658748e-01 5.227392764176806983e-01 -3.676462963695295016e-01
1.661967339062929869e+09 -1.909897923469543457e-01 3.634989559650421143e-01 8.788038492202758789e-01 -5.338496565818786621e-01 5.986790657043457031e-01 4.606630206108093262e-01 3.799704313278198242e-01 2.690251553768829296e-01 8.514896889162050508e-02 -3.838196170530775997e-01 4.277868444584871366e-01 2.014673296777012845e-01 5.401801643585323331e-01 -3.799125984174481219e-01
1.661967339094844818e+09 -1.937074363231658936e-01 3.709544539451599121e-01 8.783808350563049316e-01 -5.311848521232604980e-01 5.952830910682678223e-01 4.621033072471618652e-01 3.872225582599639893e-01 2.489940729330791247e-01 7.982608491731073286e-02 -3.598260524188663378e-01 4.010447738447264210e-01 1.888730818030960046e-01 5.064120943803296360e-01 -3.561632717012484517e-01
1.661967339126760244e+09 -1.964223831892013550e-01 3.782964646816253662e-01 8.778762221336364746e-01 -5.284501910209655762e-01 5.919286012649536133e-01 4.634133279323577881e-01 3.944732546806335449e-01 2.457792710119325874e-01 7.982489226385283687e-02 -3.598206763843770917e-01 4.010387819758249872e-01 1.888702599168087526e-01 5.064045282553454319e-01 -3.561579503910793365e-01
1.661967339178619862e+09 -1.991344839334487915e-01 3.855240345001220703e-01 8.772894740104675293e-01 -5.256466865539550781e-01 5.886167287826538086e-01 4.645927250385284424e-01 4.017206430435180664e-01 1.492863539718896071e-01 4.912580536108374779e-02 -2.214407061712611591e-01 2.468071373083688957e-01 1.162344647644703438e-01 3.116512855014370031e-01 -2.191865927094720778e-01
1.661967339203552485e+09 -2.018435597419738770e-01 3.926361203193664551e-01 8.766201138496398926e-01 -5.227758884429931641e-01 5.853481292724609375e-01 4.656416177749633789e-01 4.089632630348205566e-01 3.064240044387483430e-01 1.021812053848064200e-01 -4.605945513061617813e-01 5.133564855044602249e-01 2.417665752162923010e-01 6.482316936729171086e-01 -4.559060168606341445e-01
1.661967339235467196e+09 -2.045494467020034790e-01 3.996317684650421143e-01 8.758674860000610352e-01 -5.198385715484619141e-01 5.821239948272705078e-01 4.665594995021820068e-01 4.161991477012634277e-01 2.362043257463439516e-01 7.982668125740423337e-02 -3.598287404963534386e-01 4.010477698463239538e-01 1.888744927778557292e-01 5.064158775276057511e-01 -3.561659324159648365e-01
1.661967339267381907e+09 -2.072520107030868530e-01 4.065100848674774170e-01 8.750312924385070801e-01 -5.168362855911254883e-01 5.789452195167541504e-01 4.673464596271514893e-01 4.234266281127929688e-01 2.330385810486917120e-01 7.982668125740423337e-02 -3.598287404963534386e-01 4.010477698463309482e-01 1.888744927778591987e-01 5.064158775276057511e-01 -3.561659324159630602e-01
1.661967339298299313e+09 -2.099511176347732544e-01 4.132701456546783447e-01 8.741109371185302734e-01 -5.137699246406555176e-01 5.758126378059387207e-01 4.680021703243255615e-01 4.306439459323883057e-01 2.373076714260885234e-01 8.240165606172270008e-02 -3.714357611823366767e-01 4.139843956262857505e-01 1.949670304159085155e-01 5.227513696788564923e-01 -3.676548016471757885e-01
1.661967339329218388e+09 -2.126466333866119385e-01 4.199110865592956543e-01 8.731059432029724121e-01 -5.106408596038818359e-01 5.727272033691406250e-01 4.685267210006713867e-01 4.378493726253509521e-01 2.340709977548314780e-01 8.239720823784069115e-02 -3.714157120604073548e-01 4.139620498413754124e-01 1.949565066102508237e-01 5.227231529398022047e-01 -3.676349566114636147e-01
1.661967339361132145e+09 -2.153384536504745483e-01 4.264319837093353271e-01 8.720160126686096191e-01 -5.074505209922790527e-01 5.696896910667419434e-01 4.689199626445770264e-01 4.450412094593048096e-01 2.236760526420031314e-01 7.982906670688001693e-02 -3.598394932079388986e-01 4.010597543003595611e-01 1.888801368877318365e-01 5.064310106819664981e-01 -3.561765756723687115e-01
1.661967339393047571e+09 -2.180264592170715332e-01 4.328320622444152832e-01 8.708406090736389160e-01 -5.041998624801635742e-01 5.667011141777038574e-01 4.691818058490753174e-01 4.522176086902618408e-01 2.205971219712659082e-01 7.982489226385283687e-02 -3.598206763843805889e-01 4.010387819758249872e-01 1.888702599168087526e-01 5.064045282553454319e-01 -3.561579503910793365e-01
1.661967339422967434e+09 -2.207105308771133423e-01 4.391105175018310547e-01 8.695794343948364258e-01 -5.008903741836547852e-01 5.637620687484741211e-01 4.693123996257781982e-01 4.593768417835235596e-01 2.320737906931454597e-01 8.514896889162050508e-02 -3.838196170530775997e-01 4.277868444584945751e-01 2.014673296777012845e-01 5.401801643585305568e-01 -3.799125984174462900e-01
1.661967339452887535e+09 -2.233906090259552002e-01 4.452665746212005615e-01 8.682320713996887207e-01 -4.975231587886810303e-01 5.608735084533691406e-01 4.693115055561065674e-01 4.665172398090362549e-01 2.288765759942494871e-01 8.514829038134198724e-02 -3.838165585832141180e-01 4.277834356354003331e-01 2.014657242835814210e-01 5.401758599283257301e-01 -3.799095710806975057e-01
1.661967339484802008e+09 -2.260665893554687500e-01 4.512994289398193359e-01 8.667981624603271484e-01 -4.940995872020721436e-01 5.580361485481262207e-01 4.691793620586395264e-01 4.736369252204895020e-01 2.116183379693663824e-01 7.982727760640771775e-02 -3.598314286140033014e-01 4.010507658926850127e-01 1.888759037737039181e-01 5.064196607314044307e-01 -3.561685931704299812e-01
1.661967339516716242e+09 -2.287383973598480225e-01 4.572083950042724609e-01 8.652775287628173828e-01 -4.906211197376251221e-01 5.552505850791931152e-01 4.689160883426666260e-01 4.807343482971191406e-01 2.087105744779143013e-01 7.982787396432138027e-02 -3.598341167718169253e-01 4.010537619838175916e-01 1.888773147906271377e-01 5.064234439917323360e-01 -3.561712539646569309e-01
1.661967339546637535e+09 -2.314059734344482422e-01 4.629927575588226318e-01 8.636696934700012207e-01 -4.870888292789459229e-01 5.525177717208862305e-01 4.685215353965759277e-01 4.878075718879699707e-01 2.195634714615169736e-01 8.514489799214440546e-02 -3.838012669650106568e-01 4.277663923348382080e-01 2.014576976967447364e-01 5.401543388062478579e-01 -3.798944351206069436e-01
1.661967339577553034e+09 -2.340692430734634399e-01 4.686518609523773193e-01 8.619745373725891113e-01 -4.835040867328643799e-01 5.498382449150085449e-01 4.679960012435913086e-01 4.948549270629882812e-01 2.096076252268541940e-01 8.240673987704179304e-02 -3.714586771151305866e-01 4.140099366203867093e-01 1.949790590136714907e-01 5.227836211110234999e-01 -3.676774843115978575e-01
1.661967339608471155e+09 -2.367281764745712280e-01 4.741850197315216064e-01 8.601917028427124023e-01 -4.798683822154998779e-01 5.472126603126525879e-01 4.673396050930023193e-01 5.018748044967651367e-01 2.067563159808663009e-01 8.239974979269071298e-02 -3.714271684364733872e-01 4.139748185659232749e-01 1.949625200743694831e-01 5.227392764176843620e-01 -3.676462963695330544e-01
1.661967339638391018e+09 -2.393827140331268311e-01 4.795916080474853516e-01 8.583210110664367676e-01 -4.761829674243927002e-01 5.446417927742004395e-01 4.665525853633880615e-01 5.088652968406677246e-01 2.107937866879965316e-01 8.514896889161957527e-02 -3.838196170530813189e-01 4.277868444584945751e-01 2.014673296777012845e-01 5.401801643585305568e-01 -3.799125984174499537e-01
1.661967339669309616e+09 -2.420328259468078613e-01 4.848710596561431885e-01 8.563622832298278809e-01 -4.724491238594055176e-01 5.421259999275207520e-01 4.656349718570709229e-01 5.158248543739318848e-01 2.012875643163230532e-01 8.239847899566733747e-02 -3.714214401600983151e-01 4.139684341051946825e-01 1.949595132959374977e-01 5.227312145544105171e-01 -3.676406264030519511e-01
1.661967339700225830e+09 -2.446784824132919312e-01 4.900227487087249756e-01 8.543153405189514160e-01 -4.686684012413024902e-01 5.396660566329956055e-01 4.645871520042419434e-01 5.227516293525695801e-01 1.986796963622670664e-01 8.240483337278774190e-02 -3.714500833089786069e-01 4.140003583782846386e-01 1.949745481155821525e-01 5.227715263576200311e-01 -3.676689779844611872e-01
1.661967339732140064e+09 -2.473196536302566528e-01 4.950461685657501221e-01 8.521800637245178223e-01 -4.648419618606567383e-01 5.372623205184936523e-01 4.634093046188354492e-01 5.296440124511718750e-01 1.900036877154217818e-01 7.982787396432138027e-02 -3.598341167718169253e-01 4.010537619838106527e-01 1.888773147906306349e-01 5.064234439917323360e-01 -3.561712539646534892e-01
